1096522560,67100098
1096522560,67100299
1096522560,67100702
1096522560,67100903
1096522560,67100904
1096522560,67100905
1096522560,67100906
1096522560,67100907
1096522560,67100908
1096522560,67100909
1096522560,67100910
1096522560,67100911
1096522560,67100912
1096522560,67100913
1096522560,67100914
1096522560,67100916
1096522560,67100917
1096522560,67100918
1096522560,67100919
1096522560,67100920
1096522560,67100921
1096522560,67100922
1096522560,67100926
1096522560,67100927
1096522560,67100928
1096522560,67100929
1096522560,67100930
1096522560,67100931
1096522560,67100932
1096522560,67100933
1096522560,67100934
1096522560,67100935
1096522560,67100964
1096522560,67100965
1096522560,67100966
1096522560,67100967
1096522560,67100968
1096522560,67100969
1096522560,67100970
1096522560,67100971
1096522560,67100972
1096522560,67100973
1096522560,67100974
1096522560,67100975
1096522560,67100976
1096522560,67100977
1096522560,67100978
1096522560,67100979
1096522560,67100980
1096522560,67100981
1096522560,67100982
1096522560,67101282
1096522560,67108593
33992199360,67100113
33992199360,67100314
33992199360,67100546
33992199360,67100717
33992199360,67106797
33992199360,67106798
33992199360,67106799
33992199360,67106800
33992199360,67106801
33992199360,67108608
66887876160,131243
66887876160,131245
66887876160,67100099
66887876160,67100100
66887876160,67100101
66887876160,67100102
66887876160,67100103
66887876160,67100104
66887876160,67100105
66887876160,67100106
66887876160,67100114
66887876160,67100115
66887876160,67100116
66887876160,67100117
66887876160,67100118
66887876160,67100119
66887876160,67100120
66887876160,67100121
66887876160,67100122
66887876160,67100123
66887876160,67100124
66887876160,67100125
66887876160,67100126
66887876160,67100127
66887876160,67100128
66887876160,67100129
66887876160,67100130
66887876160,67100131
66887876160,67100132
66887876160,67100133
66887876160,67100134
66887876160,67100135
66887876160,67100136
66887876160,67100137
66887876160,67100139
66887876160,67100140
66887876160,67100142
66887876160,67100159
66887876160,67100160
66887876160,67100161
66887876160,67100162
66887876160,67100163
66887876160,67100164
66887876160,67100165
66887876160,67100166
66887876160,67100167
66887876160,67100168
66887876160,67100169
66887876160,67100170
66887876160,67100171
66887876160,67100172
66887876160,67100173
66887876160,67100174
66887876160,67100175
66887876160,67100176
66887876160,67100177
66887876160,67100178
66887876160,67100179
66887876160,67100180
66887876160,67100181
66887876160,67100182
66887876160,67100184
66887876160,67100185
66887876160,67100186
66887876160,67100187
66887876160,67100189
66887876160,67100191
66887876160,67100192
66887876160,67100193
66887876160,67100194
66887876160,67100196
66887876160,67100197
66887876160,67100198
66887876160,67100203
66887876160,67100212
66887876160,67100215
66887876160,67100220
66887876160,67100223
66887876160,67100225
66887876160,67100226
66887876160,67100300
66887876160,67100301
66887876160,67100303
66887876160,67100731
66887876160,67101896
66887876160,67103659
66887876160,67103677
66887876160,67103907
66887876160,67106266
66887876160,67108594
66887876160,67108595
66887876160,67108597
99783552960,131248
99783552960,131250
99783552960,131251
99783552960,131252
99783552960,131253
99783552960,131254
99783552960,131255
99783552960,131256
99783552960,131260
99783552960,67100316
99783552960,67100317
99783552960,67100318
99783552960,67100320
99783552960,67100324
99783552960,67100328
99783552960,67100330
99783552960,67100340
99783552960,67100341
99783552960,67100372
99783552960,67100529
99783552960,67101455
99783552960,67101495
99783552960,67101498
99783552960,67101503
99783552960,67101504
99783552960,67101508
99783552960,67101514
99783552960,67101516
99783552960,67101525
99783552960,67101531
99783552960,67101532
99783552960,67101542
99783552960,67101543
99783552960,67101547
99783552960,67101549
99783552960,67101560
99783552960,67101575
99783552960,67101605
99783552960,67101626
99783552960,67101643
99783552960,67101645
99783552960,67101668
99783552960,67101688
99783552960,67101747
99783552960,67101785
99783552960,67101790
99783552960,67101791
99783552960,67101821
99783552960,67101850
99783552960,67101870
99783552960,67101927
99783552960,67101928
99783552960,67101930
99783552960,67101938
99783552960,67101943
99783552960,67101949
99783552960,67101950
99783552960,67101967
99783552960,67101978
99783552960,67101981
99783552960,67101987
99783552960,67101988
99783552960,67101991
99783552960,67102003
99783552960,67102007
99783552960,67102015
99783552960,67102017
99783552960,67102021
99783552960,67102022
99783552960,67102025
99783552960,67102029
99783552960,67102032
99783552960,67102034
99783552960,67102040
99783552960,67102042
99783552960,67102049
99783552960,67102052
99783552960,67102053
99783552960,67102054
99783552960,67102055
99783552960,67102056
99783552960,67102058
99783552960,67102063
99783552960,67102067
99783552960,67102068
99783552960,67102073
99783552960,67102078
99783552960,67102081
99783552960,67102084
99783552960,67102087
99783552960,67102088
99783552960,67102103
99783552960,67102109
99783552960,67102111
99783552960,67102115
99783552960,67102116
99783552960,67102119
99783552960,67102125
99783552960,67102127
99783552960,67102130
99783552960,67102132
99783552960,67102133
99783552960,67102135
99783552960,67102140
99783552960,67102144
99783552960,67102149
99783552960,67102152
99783552960,67102153
99783552960,67102155
99783552960,67102156
99783552960,67102160
99783552960,67102163
99783552960,67102164
99783552960,67102165
99783552960,67102172
99783552960,67102173
99783552960,67102175
99783552960,67102178
99783552960,67102179
99783552960,67102190
99783552960,67102192
99783552960,67102193
99783552960,67102202
99783552960,67102249
99783552960,67102277
99783552960,67102281
99783552960,67102283
99783552960,67102292
99783552960,67102293
99783552960,67102297
99783552960,67102318
99783552960,67102326
99783552960,67102328
99783552960,67102330
99783552960,67102339
99783552960,67102343
99783552960,67102345
99783552960,67102359
99783552960,67102378
99783552960,67102383
99783552960,67102396
99783552960,67102398
99783552960,67102402
99783552960,67102414
99783552960,67102415
99783552960,67102428
99783552960,67102436
99783552960,67102437
99783552960,67102438
99783552960,67102444
99783552960,67102448
99783552960,67102454
99783552960,67102464
99783552960,67102466
99783552960,67102468
99783552960,67102473
99783552960,67102474
99783552960,67102477
99783552960,67102478
99783552960,67102481
99783552960,67102491
99783552960,67102492
99783552960,67102497
99783552960,67102499
99783552960,67102503
99783552960,67102504
99783552960,67102512
99783552960,67102515
99783552960,67102520
99783552960,67102530
99783552960,67102534
99783552960,67102536
99783552960,67102542
99783552960,67102543
99783552960,67102550
99783552960,67102551
99783552960,67102553
99783552960,67102561
99783552960,67102565
99783552960,67102566
99783552960,67102567
99783552960,67102568
99783552960,67102571
99783552960,67102572
99783552960,67102574
99783552960,67102582
99783552960,67102583
99783552960,67102586
99783552960,67102589
99783552960,67102593
99783552960,67102601
99783552960,67102620
99783552960,67102626
99783552960,67102627
99783552960,67102628
99783552960,67102630
99783552960,67102631
99783552960,67102632
99783552960,67102633
99783552960,67102634
99783552960,67102636
99783552960,67102638
99783552960,67102640
99783552960,67102642
99783552960,67102643
99783552960,67102644
99783552960,67102645
99783552960,67102646
99783552960,67102649
99783552960,67102652
99783552960,67102657
99783552960,67102658
99783552960,67102659
99783552960,67102661
99783552960,67102663
99783552960,67102665
99783552960,67102672
99783552960,67102681
99783552960,67102689
99783552960,67102690
99783552960,67102694
99783552960,67102695
99783552960,67102700
99783552960,67102702
99783552960,67102704
99783552960,67102707
99783552960,67102711
99783552960,67102714
99783552960,67102716
99783552960,67102717
99783552960,67102718
99783552960,67102719
99783552960,67102720
99783552960,67102722
99783552960,67102723
99783552960,67102724
99783552960,67102726
99783552960,67102732
99783552960,67102733
99783552960,67102736
99783552960,67102737
99783552960,67102739
99783552960,67102742
99783552960,67102752
99783552960,67102753
99783552960,67102756
99783552960,67102759
99783552960,67102764
99783552960,67102778
99783552960,67102784
99783552960,67102785
99783552960,67102786
99783552960,67102787
99783552960,67102788
99783552960,67102789
99783552960,67102790
99783552960,67102791
99783552960,67102798
99783552960,67102807
99783552960,67102809
99783552960,67102814
99783552960,67102822
99783552960,67102837
99783552960,67102847
99783552960,67102849
99783552960,67102852
99783552960,67102853
99783552960,67102855
99783552960,67102860
99783552960,67102863
99783552960,67102865
99783552960,67102875
99783552960,67102877
99783552960,67102883
99783552960,67102884
99783552960,67102889
99783552960,67102894
99783552960,67102902
99783552960,67102908
99783552960,67102912
99783552960,67102913
99783552960,67102914
99783552960,67102916
99783552960,67102918
99783552960,67102921
99783552960,67102922
99783552960,67102925
99783552960,67102928
99783552960,67102930
99783552960,67102931
99783552960,67102934
99783552960,67102935
99783552960,67102937
99783552960,67102941
99783552960,67102944
99783552960,67102949
99783552960,67102950
99783552960,67102953
99783552960,67102958
99783552960,67102959
99783552960,67102966
99783552960,67102974
99783552960,67102977
99783552960,67102979
99783552960,67102984
99783552960,67102985
99783552960,67103001
99783552960,67103002
99783552960,67103007
99783552960,67103012
99783552960,67103014
99783552960,67103018
99783552960,67103019
99783552960,67103020
99783552960,67103022
99783552960,67103035
99783552960,67103036
99783552960,67103041
99783552960,67103047
99783552960,67103048
99783552960,67103050
99783552960,67103053
99783552960,67103061
99783552960,67103064
99783552960,67103069
99783552960,67103070
99783552960,67103072
99783552960,67103076
99783552960,67103081
99783552960,67103084
99783552960,67103090
99783552960,67103092
99783552960,67103101
99783552960,67103110
99783552960,67103114
99783552960,67103119
99783552960,67103120
99783552960,67103160
99783552960,67103165
99783552960,67103187
99783552960,67103200
99783552960,67103240
99783552960,67103632
99783552960,67103642
99783552960,67103647
99783552960,67103660
99783552960,67103668
99783552960,67103670
99783552960,67103676
99783552960,67103698
99783552960,67103701
99783552960,67103710
99783552960,67103711
99783552960,67103729
99783552960,67103739
99783552960,67103743
99783552960,67103750
99783552960,67103756
99783552960,67103759
99783552960,67103761
99783552960,67103767
99783552960,67103788
99783552960,67103789
99783552960,67103790
99783552960,67103791
99783552960,67103794
99783552960,67103801
99783552960,67103806
99783552960,67103807
99783552960,67103811
99783552960,67103812
99783552960,67103826
99783552960,67103830
99783552960,67103836
99783552960,67103838
99783552960,67103841
99783552960,67103843
99783552960,67103849
99783552960,67103853
99783552960,67103864
99783552960,67103865
99783552960,67103871
99783552960,67103872
99783552960,67103876
99783552960,67103885
99783552960,67103890
99783552960,67103892
99783552960,67103898
99783552960,67103900
99783552960,67103910
99783552960,67103912
99783552960,67103914
99783552960,67103918
99783552960,67103921
99783552960,67103927
99783552960,67103931
99783552960,67103932
99783552960,67103935
99783552960,67103936
99783552960,67103958
99783552960,67103962
99783552960,67103963
99783552960,67103964
99783552960,67103966
99783552960,67103971
99783552960,67103973
99783552960,67103974
99783552960,67103975
99783552960,67103979
99783552960,67103982
99783552960,67103985
99783552960,67103986
99783552960,67103988
99783552960,67103996
99783552960,67104000
99783552960,67104002
99783552960,67104006
99783552960,67104020
99783552960,67104042
99783552960,67104058
99783552960,67104062
99783552960,67104075
99783552960,67104076
99783552960,67104098
99783552960,67104101
99783552960,67104110
99783552960,67104116
99783552960,67104136
99783552960,67104138
99783552960,67104588
99783552960,67104616
99783552960,67104624
99783552960,67104630
99783552960,67104641
99783552960,67104652
99783552960,67104682
99783552960,67104700
99783552960,67104701
99783552960,67104705
99783552960,67104714
99783552960,67104717
99783552960,67104718
99783552960,67104719
99783552960,67104721
99783552960,67104722
99783552960,67104723
99783552960,67104728
99783552960,67104731
99783552960,67104735
99783552960,67104736
99783552960,67104738
99783552960,67104740
99783552960,67104745
99783552960,67104746
99783552960,67104747
99783552960,67104751
99783552960,67104752
99783552960,67104755
99783552960,67104758
99783552960,67104760
99783552960,67104764
99783552960,67104770
99783552960,67104771
99783552960,67104773
99783552960,67104776
99783552960,67104777
99783552960,67104779
99783552960,67104780
99783552960,67104789
99783552960,67104790
99783552960,67105468
99783552960,67105519
99783552960,67105577
99783552960,67105673
99783552960,67105804
99783552960,67105822
99783552960,67105823
99783552960,67105824
99783552960,67105825
99783552960,67105929
99783552960,67105967
99783552960,67106149
99783552960,67106183
99783552960,67106913
99783552960,67106937
99783552960,67107244
99783552960,67107354
99783552960,67107385
99783552960,67107386
99783552960,67107387
99783552960,67107639
99783552960,67107640
99783552960,67107662
99783552960,67107663
99783552960,67107664
99783552960,67108143
99783552960,67108144
99783552960,67108159
99783552960,67108361
99783552960,67108379
99783552960,67108610
99783552960,67108611
99783552960,67108612
99783552960,67108614
99783552960,67108619
99783552960,67108622
99783552960,67108624
99783552960,67108634
99783552960,67108635
99783552960,67108666
132679229760,131246
132679229760,131247
132679229760,131249
132679229760,67100245
132679229760,67100259
132679229760,67100292
132679229760,67100294
132679229760,67100325
132679229760,67100362
132679229760,67100363
132679229760,67100364
132679229760,67100365
132679229760,67100723
132679229760,67101395
132679229760,67101502
132679229760,67101513
132679229760,67101517
132679229760,67101530
132679229760,67101546
132679229760,67101557
132679229760,67101588
132679229760,67101616
132679229760,67101617
132679229760,67101638
132679229760,67101640
132679229760,67101693
132679229760,67101699
132679229760,67101721
132679229760,67101746
132679229760,67101750
132679229760,67101754
132679229760,67101756
132679229760,67101774
132679229760,67101783
132679229760,67101917
132679229760,67101935
132679229760,67101942
132679229760,67101959
132679229760,67102028
132679229760,67102041
132679229760,67102060
132679229760,67102066
132679229760,67102083
132679229760,67102095
132679229760,67102098
132679229760,67102099
132679229760,67102104
132679229760,67102107
132679229760,67102112
132679229760,67102123
132679229760,67102126
132679229760,67102131
132679229760,67102142
132679229760,67102143
132679229760,67102146
132679229760,67102148
132679229760,67102150
132679229760,67102154
132679229760,67102158
132679229760,67102161
132679229760,67102166
132679229760,67102171
132679229760,67102174
132679229760,67102177
132679229760,67102180
132679229760,67102181
132679229760,67102182
132679229760,67102183
132679229760,67102191
132679229760,67102196
132679229760,67102226
132679229760,67102239
132679229760,67102247
132679229760,67102248
132679229760,67102253
132679229760,67102284
132679229760,67102294
132679229760,67102298
132679229760,67102305
132679229760,67102308
132679229760,67102310
132679229760,67102311
132679229760,67102312
132679229760,67102313
132679229760,67102322
132679229760,67102327
132679229760,67102329
132679229760,67102332
132679229760,67102347
132679229760,67102351
132679229760,67102362
132679229760,67102373
132679229760,67102374
132679229760,67102379
132679229760,67102381
132679229760,67102382
132679229760,67102384
132679229760,67102385
132679229760,67102387
132679229760,67102391
132679229760,67102392
132679229760,67102393
132679229760,67102395
132679229760,67102397
132679229760,67102405
132679229760,67102406
132679229760,67102410
132679229760,67102411
132679229760,67102412
132679229760,67102413
132679229760,67102433
132679229760,67102435
132679229760,67102439
132679229760,67102442
132679229760,67102445
132679229760,67102458
132679229760,67102463
132679229760,67102467
132679229760,67102469
132679229760,67102470
132679229760,67102472
132679229760,67102475
132679229760,67102476
132679229760,67102480
132679229760,67102482
132679229760,67102483
132679229760,67102490
132679229760,67102507
132679229760,67102519
132679229760,67102528
132679229760,67102532
132679229760,67102538
132679229760,67102545
132679229760,67102547
132679229760,67102548
132679229760,67102549
132679229760,67102552
132679229760,67102554
132679229760,67102555
132679229760,67102556
132679229760,67102570
132679229760,67102573
132679229760,67102575
132679229760,67102576
132679229760,67102577
132679229760,67102578
132679229760,67102584
132679229760,67102587
132679229760,67102591
132679229760,67102592
132679229760,67102595
132679229760,67102597
132679229760,67102598
132679229760,67102600
132679229760,67102602
132679229760,67102608
132679229760,67102609
132679229760,67102610
132679229760,67102615
132679229760,67102616
132679229760,67102637
132679229760,67102647
132679229760,67102648
132679229760,67102650
132679229760,67102651
132679229760,67102653
132679229760,67102655
132679229760,67102656
132679229760,67102662
132679229760,67102664
132679229760,67102670
132679229760,67102673
132679229760,67102674
132679229760,67102683
132679229760,67102684
132679229760,67102692
132679229760,67102693
132679229760,67102696
132679229760,67102697
132679229760,67102701
132679229760,67102725
132679229760,67102727
132679229760,67102740
132679229760,67102743
132679229760,67102755
132679229760,67102757
132679229760,67102760
132679229760,67102761
132679229760,67102762
132679229760,67102763
132679229760,67102774
132679229760,67102776
132679229760,67102777
132679229760,67102783
132679229760,67102793
132679229760,67102799
132679229760,67102801
132679229760,67102803
132679229760,67102806
132679229760,67102810
132679229760,67102815
132679229760,67102816
132679229760,67102817
132679229760,67102819
132679229760,67102824
132679229760,67102825
132679229760,67102827
132679229760,67102828
132679229760,67102829
132679229760,67102844
132679229760,67102846
132679229760,67102848
132679229760,67102854
132679229760,67102856
132679229760,67102857
132679229760,67102861
132679229760,67102862
132679229760,67102864
132679229760,67102874
132679229760,67102885
132679229760,67102890
132679229760,67102891
132679229760,67102892
132679229760,67102893
132679229760,67102896
132679229760,67102898
132679229760,67102899
132679229760,67102905
132679229760,67102910
132679229760,67102919
132679229760,67102920
132679229760,67102924
132679229760,67102927
132679229760,67102936
132679229760,67102938
132679229760,67102945
132679229760,67102948
132679229760,67102954
132679229760,67102955
132679229760,67102961
132679229760,67102963
132679229760,67102964
132679229760,67102965
132679229760,67102970
132679229760,67102971
132679229760,67102975
132679229760,67102980
132679229760,67102981
132679229760,67102982
132679229760,67102986
132679229760,67102987
132679229760,67102988
132679229760,67102993
132679229760,67102994
132679229760,67102995
132679229760,67102996
132679229760,67102998
132679229760,67103003
132679229760,67103009
132679229760,67103010
132679229760,67103011
132679229760,67103024
132679229760,67103025
132679229760,67103031
132679229760,67103032
132679229760,67103033
132679229760,67103037
132679229760,67103039
132679229760,67103040
132679229760,67103046
132679229760,67103051
132679229760,67103052
132679229760,67103054
132679229760,67103057
132679229760,67103060
132679229760,67103066
132679229760,67103068
132679229760,67103071
132679229760,67103073
132679229760,67103074
132679229760,67103077
132679229760,67103079
132679229760,67103082
132679229760,67103083
132679229760,67103085
132679229760,67103086
132679229760,67103089
132679229760,67103091
132679229760,67103093
132679229760,67103095
132679229760,67103103
132679229760,67103105
132679229760,67103106
132679229760,67103108
132679229760,67103111
132679229760,67103113
132679229760,67103121
132679229760,67103122
132679229760,67103123
132679229760,67103124
132679229760,67103125
132679229760,67103131
132679229760,67103136
132679229760,67103138
132679229760,67103142
132679229760,67103145
132679229760,67103148
132679229760,67103149
132679229760,67103153
132679229760,67103154
132679229760,67103159
132679229760,67103162
132679229760,67103166
132679229760,67103173
132679229760,67103174
132679229760,67103188
132679229760,67103623
132679229760,67103624
132679229760,67103634
132679229760,67103653
132679229760,67103656
132679229760,67103657
132679229760,67103672
132679229760,67103673
132679229760,67103674
132679229760,67103675
132679229760,67103678
132679229760,67103680
132679229760,67103681
132679229760,67103682
132679229760,67103683
132679229760,67103684
132679229760,67103685
132679229760,67103692
132679229760,67103693
132679229760,67103696
132679229760,67103709
132679229760,67103717
132679229760,67103718
132679229760,67103722
132679229760,67103725
132679229760,67103726
132679229760,67103738
132679229760,67103744
132679229760,67103753
132679229760,67103758
132679229760,67103769
132679229760,67103770
132679229760,67103773
132679229760,67103778
132679229760,67103782
132679229760,67103792
132679229760,67103813
132679229760,67103814
132679229760,67103818
132679229760,67103828
132679229760,67103834
132679229760,67103835
132679229760,67103837
132679229760,67103845
132679229760,67103856
132679229760,67103866
132679229760,67103875
132679229760,67103882
132679229760,67103886
132679229760,67103889
132679229760,67103901
132679229760,67103902
132679229760,67103905
132679229760,67103909
132679229760,67103915
132679229760,67103923
132679229760,67103925
132679229760,67103929
132679229760,67103946
132679229760,67103949
132679229760,67103951
132679229760,67103954
132679229760,67103987
132679229760,67103994
132679229760,67103995
132679229760,67103998
132679229760,67104005
132679229760,67104007
132679229760,67104022
132679229760,67104027
132679229760,67104030
132679229760,67104033
132679229760,67104038
132679229760,67104046
132679229760,67104051
132679229760,67104059
132679229760,67104060
132679229760,67104061
132679229760,67104066
132679229760,67104072
132679229760,67104078
132679229760,67104080
132679229760,67104089
132679229760,67104094
132679229760,67104108
132679229760,67104113
132679229760,67104115
132679229760,67104118
132679229760,67104144
132679229760,67104150
132679229760,67104185
132679229760,67104191
132679229760,67104566
132679229760,67104571
132679229760,67104575
132679229760,67104590
132679229760,67104609
132679229760,67104619
132679229760,67104625
132679229760,67104640
132679229760,67104644
132679229760,67104647
132679229760,67104650
132679229760,67104657
132679229760,67104664
132679229760,67104665
132679229760,67104678
132679229760,67104679
132679229760,67104680
132679229760,67104681
132679229760,67104686
132679229760,67104690
132679229760,67104716
132679229760,67104726
132679229760,67104765
132679229760,67104772
132679229760,67104781
132679229760,67104792
132679229760,67104803
132679229760,67104841
132679229760,67104847
132679229760,67104870
132679229760,67104901
132679229760,67104914
132679229760,67104916
132679229760,67104924
132679229760,67104943
132679229760,67104971
132679229760,67104972
132679229760,67104974
132679229760,67104978
132679229760,67105414
132679229760,67105428
132679229760,67105429
132679229760,67105433
132679229760,67105441
132679229760,67105450
132679229760,67105453
132679229760,67105454
132679229760,67105455
132679229760,67105473
132679229760,67105482
132679229760,67105485
132679229760,67105487
132679229760,67105493
132679229760,67105500
132679229760,67105521
132679229760,67105533
132679229760,67105537
132679229760,67105540
132679229760,67105552
132679229760,67105555
132679229760,67105556
132679229760,67105587
132679229760,67105607
132679229760,67105626
132679229760,67105645
132679229760,67105671
132679229760,67105675
132679229760,67105708
132679229760,67106115
132679229760,67106130
132679229760,67106141
132679229760,67106142
132679229760,67106236
132679229760,67106244
132679229760,67106311
132679229760,67106318
132679229760,67106319
132679229760,67106805
132679229760,67106809
132679229760,67107245
132679229760,67107259
132679229760,67107261
132679229760,67108066
132679229760,67108074
132679229760,67108087
132679229760,67108093
132679229760,67108095
132679229760,67108096
132679229760,67108618
132679229760,67108656
132679229760,67108657
132679229760,67108658
132679229760,67108659
165574906560,131244
165574906560,131257
165574906560,131259
165574906560,67100366
165574906560,67100367
165574906560,67100368
165574906560,67100521
165574906560,67100706
165574906560,67101283
165574906560,67101403
165574906560,67101431
165574906560,67101432
165574906560,67101446
165574906560,67101460
165574906560,67101463
165574906560,67101480
165574906560,67101481
165574906560,67101490
165574906560,67101492
165574906560,67101505
165574906560,67101515
165574906560,67101528
165574906560,67101535
165574906560,67101545
165574906560,67101550
165574906560,67101553
165574906560,67101613
165574906560,67101653
165574906560,67101662
165574906560,67101669
165574906560,67101689
165574906560,67101702
165574906560,67101715
165574906560,67101719
165574906560,67101723
165574906560,67101727
165574906560,67101728
165574906560,67101739
165574906560,67101763
165574906560,67101781
165574906560,67101789
165574906560,67101808
165574906560,67101810
165574906560,67101812
165574906560,67101823
165574906560,67101827
165574906560,67101828
165574906560,67101834
165574906560,67101855
165574906560,67101860
165574906560,67101862
165574906560,67101884
165574906560,67101889
165574906560,67101897
165574906560,67101906
165574906560,67101911
165574906560,67101920
165574906560,67101921
165574906560,67101924
165574906560,67101931
165574906560,67101945
165574906560,67101946
165574906560,67101947
165574906560,67101948
165574906560,67101960
165574906560,67101961
165574906560,67101970
165574906560,67101974
165574906560,67101986
165574906560,67101994
165574906560,67102005
165574906560,67102014
165574906560,67102016
165574906560,67102018
165574906560,67102026
165574906560,67102043
165574906560,67102045
165574906560,67102047
165574906560,67102057
165574906560,67102071
165574906560,67102075
165574906560,67102079
165574906560,67102085
165574906560,67102089
165574906560,67102094
165574906560,67102096
165574906560,67102097
165574906560,67102102
165574906560,67102105
165574906560,67102106
165574906560,67102113
165574906560,67102117
165574906560,67102121
165574906560,67102124
165574906560,67102136
165574906560,67102137
165574906560,67102138
165574906560,67102162
165574906560,67102167
165574906560,67102187
165574906560,67102244
165574906560,67102276
165574906560,67102278
165574906560,67102301
165574906560,67102303
165574906560,67102304
165574906560,67102315
165574906560,67102319
165574906560,67102331
165574906560,67102333
165574906560,67102336
165574906560,67102341
165574906560,67102349
165574906560,67102350
165574906560,67102376
165574906560,67102400
165574906560,67102421
165574906560,67102422
165574906560,67102432
165574906560,67102443
165574906560,67102455
165574906560,67102456
165574906560,67102461
165574906560,67102462
165574906560,67102486
165574906560,67102496
165574906560,67102508
165574906560,67102510
165574906560,67102513
165574906560,67102518
165574906560,67102521
165574906560,67102533
165574906560,67102537
165574906560,67102544
165574906560,67102564
165574906560,67102569
165574906560,67102607
165574906560,67102619
165574906560,67102666
165574906560,67102678
165574906560,67102680
165574906560,67102685
165574906560,67102686
165574906560,67102688
165574906560,67102710
165574906560,67102712
165574906560,67102766
165574906560,67102772
165574906560,67102773
165574906560,67102780
165574906560,67102796
165574906560,67102804
165574906560,67102808
165574906560,67102820
165574906560,67102832
165574906560,67102833
165574906560,67102838
165574906560,67102845
165574906560,67102858
165574906560,67102866
165574906560,67102867
165574906560,67102879
165574906560,67102906
165574906560,67102940
165574906560,67102943
165574906560,67102946
165574906560,67102960
165574906560,67102967
165574906560,67103030
165574906560,67103049
165574906560,67103098
165574906560,67103112
165574906560,67103152
165574906560,67103219
165574906560,67103658
165574906560,67103666
165574906560,67103707
165574906560,67103714
165574906560,67103762
165574906560,67103764
165574906560,67103804
165574906560,67103831
165574906560,67103854
165574906560,67103863
165574906560,67103913
165574906560,67103924
165574906560,67104001
165574906560,67104024
165574906560,67104112
165574906560,67104146
165574906560,67104654
165574906560,67104670
165574906560,67104709
165574906560,67105406
165574906560,67105421
165574906560,67105474
165574906560,67105477
165574906560,67105484
165574906560,67105492
165574906560,67105568
165574906560,67105602
165574906560,67105611
165574906560,67106110
165574906560,67106112
165574906560,67106133
165574906560,67106135
165574906560,67106155
165574906560,67106162
165574906560,67106166
165574906560,67106887
165574906560,67106889
165574906560,67107174
165574906560,67107175
165574906560,67107176
165574906560,67107178
165574906560,67107182
165574906560,67107188
165574906560,67107230
165574906560,67107255
165574906560,67107336
165574906560,67108061
165574906560,67108062
165574906560,67108077
165574906560,67108116
165574906560,67108615
165574906560,67108620
165574906560,67108660
165574906560,67108662
