1379256614,67104543
1379256614,67104544
1379256614,67104545
1379256614,67104546
1379256614,67104547
1379256614,67104548
1379256614,67104549
1379256614,67104550
1379256614,67104551
1379256614,67104552
1379256614,67104553
1379256614,67104554
1379256614,67104555
1379256614,67104556
1379256614,67104557
1379256614,67104558
1379256614,67104562
1379256614,67104563
1379256614,67104565
1379256614,67104566
1379256614,67104567
1379256614,67104568
1379256614,67104570
1379256614,67104571
1379256614,67104572
1379256614,67104575
1379256614,67104576
1379256614,67104577
1379256614,67104578
1379256614,67104580
1379256614,67104582
1379256614,67104583
1379256614,67104584
1379256614,67104587
1379256614,67104589
1379256614,67104590
1379256614,67104591
1379256614,67104594
1379256614,67104595
1379256614,67104596
1379256614,67104597
1379256614,67104598
1379256614,67104600
1379256614,67104601
1379256614,67104603
1379256614,67104604
1379256614,67104606
1379256614,67104609
1379256614,67104610
1379256614,67104612
1379256614,67104613
1379256614,67104614
1379256614,67104615
1379256614,67104616
1379256614,67104619
1379256614,67104620
1379256614,67104622
1379256614,67104623
1379256614,67104624
1379256614,67104625
1379256614,67104626
1379256614,67104627
1379256614,67104628
1379256614,67104629
1379256614,67104630
1379256614,67104631
1379256614,67104632
1379256614,67104633
1379256614,67104636
1379256614,67104637
1379256614,67104640
1379256614,67104642
1379256614,67104643
1379256614,67104644
1379256614,67104646
1379256614,67104647
1379256614,67104649
1379256614,67104650
1379256614,67104651
1379256614,67104654
1379256614,67104655
1379256614,67104656
1379256614,67104657
1379256614,67104658
1379256614,67104659
1379256614,67104660
1379256614,67104661
1379256614,67104662
1379256614,67104663
1379256614,67104664
1379256614,67104665
1379256614,67104666
1379256614,67104667
1379256614,67104668
1379256614,67104669
1379256614,67104902
42756955034,67104029
42756955034,67104030
42756955034,67104031
42756955034,67104032
42756955034,67104033
42756955034,67104034
42756955034,67104035
42756955034,67104036
42756955034,67104037
42756955034,67104038
42756955034,67104039
42756955034,67104040
42756955034,67104041
42756955034,67104042
42756955034,67104043
42756955034,67104044
42756955034,67104045
42756955034,67104046
42756955034,67104049
42756955034,67104051
42756955034,67104054
42756955034,67104055
42756955034,67104056
42756955034,67104057
42756955034,67104058
42756955034,67104059
42756955034,67104060
42756955034,67104061
42756955034,67104063
42756955034,67104065
42756955034,67104066
42756955034,67104068
42756955034,67104069
42756955034,67104070
42756955034,67104071
42756955034,67104072
42756955034,67104073
42756955034,67104076
42756955034,67104077
42756955034,67104078
42756955034,67104079
42756955034,67104080
42756955034,67104083
42756955034,67104084
42756955034,67104086
42756955034,67104087
42756955034,67104089
42756955034,67104090
42756955034,67104092
42756955034,67104093
42756955034,67104094
42756955034,67104096
42756955034,67104098
42756955034,67104099
42756955034,67104100
42756955034,67104102
42756955034,67104104
42756955034,67104105
42756955034,67104107
42756955034,67104109
42756955034,67104110
42756955034,67104113
42756955034,67104114
42756955034,67104116
42756955034,67104118
42756955034,67104119
42756955034,67104121
42756955034,67104123
42756955034,67104124
42756955034,67104125
42756955034,67104126
42756955034,67104129
42756955034,67104132
42756955034,67104134
42756955034,67104137
42756955034,67104139
42756955034,67104141
42756955034,67104142
42756955034,67104147
42756955034,67104148
42756955034,67104149
42756955034,67104151
42756955034,67104153
42756955034,67104154
42756955034,67104158
42756955034,67104159
42756955034,67104161
42756955034,67104162
42756955034,67107061
42756955034,67108666
42756955034,67108667
42756955034,67108668
42756955034,67108670
42756955034,67108671
