902036450,67099226
902036450,67099589
902036450,67099955
902036450,67100316
902036450,67100678
902036450,67100679
902036450,67100680
902036450,67100681
902036450,67100682
902036450,67100683
902036450,67100684
902036450,67100685
902036450,67100686
902036450,67100687
902036450,67100688
902036450,67100689
902036450,67100690
902036450,67100691
902036450,67100692
902036450,67100693
902036450,67100694
902036450,67100695
902036450,67100696
902036450,67100697
902036450,67100698
902036450,67100699
902036450,67100700
902036450,67100701
902036450,67100702
902036450,67100703
902036450,67100704
902036450,67100705
902036450,67100706
902036450,67100707
902036450,67100708
902036450,67100709
902036450,67100710
902036450,67100711
902036450,67100712
902036450,67100713
902036450,67100714
902036450,67100715
902036450,67100716
902036450,67100717
902036450,67100718
902036450,67100719
902036450,67100720
902036450,67100721
902036450,67100722
902036450,67100723
902036450,67100724
902036450,67100725
902036450,67100726
902036450,67100727
902036450,67100728
902036450,67100729
902036450,67100730
902036450,67100731
902036450,67100732
902036450,67100733
902036450,67100734
902036450,67100735
902036450,67100736
902036450,67100737
902036450,67100738
902036450,67100739
902036450,67100740
902036450,67100741
902036450,67100742
902036450,67100743
902036450,67100744
902036450,67100745
902036450,67100746
902036450,67100747
902036450,67100748
902036450,67100749
902036450,67100750
902036450,67100751
902036450,67100752
902036450,67100753
902036450,67100754
902036450,67100755
902036450,67100756
902036450,67100757
902036450,67100758
902036450,67100759
902036450,67100760
902036450,67100761
902036450,67100762
902036450,67100763
902036450,67100764
902036450,67100765
902036450,67100766
902036450,67100767
902036450,67100768
902036450,67100769
902036450,67100770
902036450,67100771
902036450,67100772
902036450,67100773
902036450,67100774
902036450,67100775
902036450,67100776
902036450,67100777
902036450,67100778
902036450,67100779
902036450,67100781
902036450,67100782
902036450,67100783
902036450,67100784
902036450,67100785
902036450,67100786
902036450,67100787
902036450,67100788
902036450,67100790
902036450,67100791
902036450,67100792
902036450,67100794
902036450,67100795
902036450,67100796
902036450,67100797
902036450,67100798
902036450,67100799
902036450,67100800
902036450,67100801
902036450,67100802
902036450,67100803
902036450,67100804
902036450,67100805
902036450,67100806
902036450,67100807
902036450,67100808
902036450,67100809
902036450,67100810
902036450,67100811
902036450,67100812
902036450,67100813
902036450,67100814
902036450,67100815
902036450,67100816
902036450,67100817
902036450,67100818
902036450,67100819
902036450,67100820
902036450,67100821
902036450,67100822
902036450,67100823
902036450,67100824
902036450,67100825
902036450,67100826
902036450,67100827
902036450,67100828
902036450,67100829
902036450,67100830
902036450,67100831
902036450,67100832
902036450,67100833
902036450,67100834
902036450,67100835
902036450,67100836
902036450,67100837
902036450,67100838
902036450,67100839
902036450,67100840
902036450,67100841
902036450,67100842
902036450,67100843
902036450,67100844
902036450,67100845
902036450,67100846
902036450,67100847
902036450,67100848
902036450,67100849
902036450,67100850
902036450,67100851
902036450,67100852
902036450,67100853
902036450,67100854
902036450,67100855
902036450,67100856
902036450,67100857
902036450,67100858
902036450,67100859
902036450,67100860
902036450,67100861
902036450,67100862
902036450,67100863
902036450,67100864
902036450,67100865
902036450,67100866
902036450,67100867
902036450,67100868
902036450,67100869
902036450,67100870
902036450,67100871
902036450,67100872
902036450,67100873
902036450,67100874
902036450,67100875
902036450,67100876
902036450,67100877
902036450,67100878
902036450,67100879
902036450,67100880
902036450,67100881
902036450,67100882
902036450,67100883
902036450,67100884
902036450,67100885
902036450,67100886
902036450,67100887
902036450,67100888
902036450,67100889
902036450,67100890
902036450,67100891
902036450,67100892
902036450,67100893
902036450,67100894
902036450,67100895
902036450,67100896
902036450,67100897
902036450,67100898
902036450,67100899
902036450,67100900
902036450,67100901
902036450,67100902
902036450,67100903
902036450,67100904
902036450,67100905
902036450,67100906
902036450,67100907
902036450,67100908
902036450,67100909
902036450,67100910
902036450,67100911
902036450,67100912
902036450,67100913
902036450,67100914
902036450,67100915
902036450,67100916
902036450,67100917
902036450,67100918
902036450,67100919
902036450,67100920
902036450,67100921
902036450,67100922
902036450,67100923
902036450,67100924
902036450,67100925
902036450,67100926
902036450,67100927
902036450,67100928
902036450,67100929
902036450,67100930
902036450,67100931
902036450,67100932
902036450,67100933
902036450,67100934
902036450,67100935
902036450,67100936
902036450,67100937
902036450,67100938
902036450,67100939
902036450,67100940
902036450,67100941
902036450,67100942
902036450,67100943
902036450,67100944
902036450,67100945
902036450,67100946
902036450,67100947
902036450,67100948
902036450,67100949
902036450,67100950
902036450,67100951
902036450,67100952
902036450,67100953
902036450,67100954
902036450,67100955
902036450,67100956
902036450,67100957
902036450,67100958
902036450,67100959
902036450,67100960
902036450,67100961
902036450,67100962
902036450,67100963
902036450,67100964
902036450,67100965
902036450,67100966
902036450,67100967
902036450,67100968
902036450,67100969
902036450,67100970
902036450,67100971
902036450,67100972
902036450,67100973
902036450,67100974
902036450,67100975
902036450,67100976
902036450,67100977
902036450,67100978
902036450,67100979
902036450,67100980
902036450,67100981
902036450,67100982
902036450,67100983
902036450,67100984
902036450,67100985
902036450,67100986
902036450,67100987
902036450,67100988
902036450,67100989
902036450,67100990
902036450,67100991
902036450,67100992
902036450,67100993
902036450,67100994
902036450,67100995
902036450,67100997
902036450,67100998
902036450,67100999
902036450,67101000
902036450,67101001
902036450,67101002
902036450,67101003
902036450,67101004
902036450,67101005
902036450,67101006
902036450,67101007
902036450,67101008
902036450,67101009
902036450,67101010
902036450,67101011
902036450,67101012
902036450,67101013
902036450,67101014
902036450,67101015
902036450,67101016
902036450,67101017
902036450,67101018
902036450,67101019
902036450,67101020
902036450,67101021
902036450,67101022
902036450,67101023
902036450,67101024
902036450,67101025
902036450,67101026
902036450,67101027
902036450,67101028
902036450,67101029
902036450,67101030
902036450,67101033
902036450,67101034
902036450,67101035
902036450,67101036
902036450,67101037
902036450,67101038
902036450,67101039
902036450,67101040
902036450,67101198
902036450,67101199
902036450,67108431
27963129950,67099232
27963129950,67099595
27963129950,67100015
27963129950,67100322
27963129950,67105795
27963129950,67105796
27963129950,67105797
27963129950,67105798
27963129950,67105799
27963129950,67108438
55024223450,67099227
55024223450,67099228
55024223450,67099233
55024223450,67099234
55024223450,67099235
55024223450,67099236
55024223450,67099237
55024223450,67099238
55024223450,67099239
55024223450,67099240
55024223450,67099241
55024223450,67099242
55024223450,67099243
55024223450,67099244
55024223450,67099245
55024223450,67099246
55024223450,67099247
55024223450,67099248
55024223450,67099249
55024223450,67099250
55024223450,67099251
55024223450,67099252
55024223450,67099253
55024223450,67099254
55024223450,67099255
55024223450,67099256
55024223450,67099257
55024223450,67099258
55024223450,67099259
55024223450,67099260
55024223450,67099261
55024223450,67099262
55024223450,67099263
55024223450,67099264
55024223450,67099265
55024223450,67099266
55024223450,67099267
55024223450,67099268
55024223450,67099269
55024223450,67099270
55024223450,67099271
55024223450,67099272
55024223450,67099273
55024223450,67099274
55024223450,67099275
55024223450,67099276
55024223450,67099277
55024223450,67099278
55024223450,67099279
55024223450,67099280
55024223450,67099281
55024223450,67099282
55024223450,67099283
55024223450,67099284
55024223450,67099285
55024223450,67099286
55024223450,67099287
55024223450,67099288
55024223450,67099289
55024223450,67099290
55024223450,67099291
55024223450,67099292
55024223450,67099293
55024223450,67099294
55024223450,67099295
55024223450,67099296
55024223450,67099297
55024223450,67099298
55024223450,67099299
55024223450,67099300
55024223450,67099301
55024223450,67099302
55024223450,67099303
55024223450,67099304
55024223450,67099305
55024223450,67099306
55024223450,67099307
55024223450,67099308
55024223450,67099309
55024223450,67099310
55024223450,67099311
55024223450,67099312
55024223450,67099313
55024223450,67099314
55024223450,67099315
55024223450,67099316
55024223450,67099317
55024223450,67099318
55024223450,67099319
55024223450,67099320
55024223450,67099321
55024223450,67099322
55024223450,67099323
55024223450,67099324
55024223450,67099325
55024223450,67099326
55024223450,67099327
55024223450,67099328
55024223450,67099329
55024223450,67099330
55024223450,67099331
55024223450,67099332
55024223450,67099333
55024223450,67099334
55024223450,67099335
55024223450,67099336
55024223450,67099338
55024223450,67099339
55024223450,67099340
55024223450,67099341
55024223450,67099342
55024223450,67099343
55024223450,67099344
55024223450,67099345
55024223450,67099346
55024223450,67099347
55024223450,67099348
55024223450,67099349
55024223450,67099350
55024223450,67099351
55024223450,67099352
55024223450,67099353
55024223450,67099354
55024223450,67099355
55024223450,67099356
55024223450,67099357
55024223450,67099358
55024223450,67099359
55024223450,67099360
55024223450,67099361
55024223450,67099362
55024223450,67099363
55024223450,67099364
55024223450,67099365
55024223450,67099366
55024223450,67099367
55024223450,67099368
55024223450,67099369
55024223450,67099370
55024223450,67099371
55024223450,67099372
55024223450,67099373
55024223450,67099374
55024223450,67099375
55024223450,67099376
55024223450,67099377
55024223450,67099378
55024223450,67099379
55024223450,67099380
55024223450,67099381
55024223450,67099382
55024223450,67099383
55024223450,67099384
55024223450,67099385
55024223450,67099386
55024223450,67099387
55024223450,67099388
55024223450,67099389
55024223450,67099390
55024223450,67099391
55024223450,67099392
55024223450,67099393
55024223450,67099394
55024223450,67099395
55024223450,67099396
55024223450,67099397
55024223450,67099398
55024223450,67099399
55024223450,67099400
55024223450,67099401
55024223450,67099402
55024223450,67099403
55024223450,67099404
55024223450,67099405
55024223450,67099406
55024223450,67099407
55024223450,67099408
55024223450,67099409
55024223450,67099410
55024223450,67099411
55024223450,67099412
55024223450,67099413
55024223450,67099414
55024223450,67099415
55024223450,67099416
55024223450,67099417
55024223450,67099418
55024223450,67099419
55024223450,67099420
55024223450,67099421
55024223450,67099422
55024223450,67099423
55024223450,67099424
55024223450,67099425
55024223450,67099426
55024223450,67099427
55024223450,67099428
55024223450,67099429
55024223450,67099430
55024223450,67099431
55024223450,67099432
55024223450,67099433
55024223450,67099434
55024223450,67099435
55024223450,67099436
55024223450,67099437
55024223450,67099438
55024223450,67099439
55024223450,67099440
55024223450,67099441
55024223450,67099442
55024223450,67099443
55024223450,67099444
55024223450,67099445
55024223450,67099446
55024223450,67099447
55024223450,67099448
55024223450,67099449
55024223450,67099450
55024223450,67099451
55024223450,67099452
55024223450,67099453
55024223450,67099454
55024223450,67099455
55024223450,67099456
55024223450,67099457
55024223450,67099458
55024223450,67099459
55024223450,67099460
55024223450,67099461
55024223450,67099462
55024223450,67099463
55024223450,67099464
55024223450,67099465
55024223450,67099466
55024223450,67099467
55024223450,67099468
55024223450,67099469
55024223450,67099470
55024223450,67099471
55024223450,67099472
55024223450,67099473
55024223450,67099474
55024223450,67099475
55024223450,67099476
55024223450,67099477
55024223450,67099478
55024223450,67099479
55024223450,67099480
55024223450,67099481
55024223450,67099482
55024223450,67099483
55024223450,67099484
55024223450,67099485
55024223450,67099486
55024223450,67099487
55024223450,67099488
55024223450,67099489
55024223450,67099490
55024223450,67099491
55024223450,67099492
55024223450,67099493
55024223450,67099494
55024223450,67099495
55024223450,67099496
55024223450,67099497
55024223450,67099498
55024223450,67099499
55024223450,67099500
55024223450,67099501
55024223450,67099502
55024223450,67099503
55024223450,67099504
55024223450,67099505
55024223450,67099506
55024223450,67099507
55024223450,67099508
55024223450,67099509
55024223450,67099510
55024223450,67099511
55024223450,67099512
55024223450,67099513
55024223450,67099514
55024223450,67099515
55024223450,67099516
55024223450,67099517
55024223450,67099518
55024223450,67099519
55024223450,67099520
55024223450,67099521
55024223450,67099522
55024223450,67099523
55024223450,67099524
55024223450,67099525
55024223450,67099526
55024223450,67099527
55024223450,67099528
55024223450,67099529
55024223450,67099530
55024223450,67099531
55024223450,67099532
55024223450,67099533
55024223450,67099534
55024223450,67099535
55024223450,67099536
55024223450,67099537
55024223450,67099538
55024223450,67099539
55024223450,67099540
55024223450,67099541
55024223450,67099542
55024223450,67099543
55024223450,67099544
55024223450,67099545
55024223450,67099546
55024223450,67099547
55024223450,67099548
55024223450,67099549
55024223450,67099550
55024223450,67099551
55024223450,67099552
55024223450,67099553
55024223450,67099554
55024223450,67099555
55024223450,67099556
55024223450,67099557
55024223450,67099558
55024223450,67099559
55024223450,67099560
55024223450,67099561
55024223450,67099562
55024223450,67099563
55024223450,67099564
55024223450,67099565
55024223450,67099566
55024223450,67099567
55024223450,67099568
55024223450,67099569
55024223450,67099570
55024223450,67099571
55024223450,67099572
55024223450,67099573
55024223450,67099574
55024223450,67099575
55024223450,67099576
55024223450,67099577
55024223450,67099578
55024223450,67099579
55024223450,67099580
55024223450,67099581
55024223450,67099582
55024223450,67099583
55024223450,67099584
55024223450,67099585
55024223450,67099586
55024223450,67099587
55024223450,67099965
55024223450,67100363
55024223450,67101388
55024223450,67101389
55024223450,67101390
55024223450,67101391
55024223450,67101394
82085316950,131241
82085316950,131242
82085316950,131244
82085316950,131245
82085316950,131259
82085316950,131260
82085316950,67099602
82085316950,67099612
82085316950,67099633
82085316950,67099635
82085316950,67099636
82085316950,67099637
82085316950,67099643
82085316950,67099645
82085316950,67099646
82085316950,67099658
82085316950,67099659
82085316950,67099660
82085316950,67099661
82085316950,67099662
82085316950,67099663
82085316950,67099664
82085316950,67099665
82085316950,67099666
82085316950,67099667
82085316950,67099668
82085316950,67099670
82085316950,67099671
82085316950,67099673
82085316950,67099674
82085316950,67099675
82085316950,67099676
82085316950,67099677
82085316950,67099678
82085316950,67099680
82085316950,67099682
82085316950,67099687
82085316950,67099689
82085316950,67099691
82085316950,67099692
82085316950,67099693
82085316950,67099694
82085316950,67099698
82085316950,67099703
82085316950,67099706
82085316950,67099712
82085316950,67099715
82085316950,67099718
82085316950,67099721
82085316950,67099723
82085316950,67099725
82085316950,67099729
82085316950,67099730
82085316950,67099731
82085316950,67099732
82085316950,67099735
82085316950,67099737
82085316950,67099740
82085316950,67099741
82085316950,67099742
82085316950,67099743
82085316950,67099744
82085316950,67099746
82085316950,67099748
82085316950,67099750
82085316950,67099752
82085316950,67099754
82085316950,67099755
82085316950,67099759
82085316950,67099761
82085316950,67099765
82085316950,67099767
82085316950,67099768
82085316950,67099772
82085316950,67099773
82085316950,67099776
82085316950,67099777
82085316950,67099778
82085316950,67099779
82085316950,67099780
82085316950,67099783
82085316950,67099784
82085316950,67099785
82085316950,67099787
82085316950,67099788
82085316950,67099789
82085316950,67099791
82085316950,67099792
82085316950,67099794
82085316950,67099795
82085316950,67099797
82085316950,67099798
82085316950,67099802
82085316950,67099807
82085316950,67099810
82085316950,67099818
82085316950,67099822
82085316950,67099823
82085316950,67099826
82085316950,67099828
82085316950,67099829
82085316950,67099831
82085316950,67099836
82085316950,67099839
82085316950,67099841
82085316950,67099842
82085316950,67099845
82085316950,67099850
82085316950,67099851
82085316950,67099854
82085316950,67099855
82085316950,67099859
82085316950,67099860
82085316950,67099863
82085316950,67099864
82085316950,67099869
82085316950,67099870
82085316950,67099871
82085316950,67099872
82085316950,67099876
82085316950,67099879
82085316950,67099881
82085316950,67099883
82085316950,67099886
82085316950,67099888
82085316950,67099889
82085316950,67099890
82085316950,67099891
82085316950,67099892
82085316950,67099893
82085316950,67099894
82085316950,67099895
82085316950,67099897
82085316950,67099899
82085316950,67099903
82085316950,67099905
82085316950,67099907
82085316950,67099908
82085316950,67099913
82085316950,67099918
82085316950,67099920
82085316950,67099923
82085316950,67099924
82085316950,67099927
82085316950,67099928
82085316950,67099929
82085316950,67099930
82085316950,67099931
82085316950,67099932
82085316950,67099934
82085316950,67099935
82085316950,67099938
82085316950,67099939
82085316950,67099941
82085316950,67099942
82085316950,67099944
82085316950,67099945
82085316950,67099946
82085316950,67099947
82085316950,67099948
82085316950,67099949
82085316950,67099950
82085316950,67100064
82085316950,67101857
82085316950,67106227
82085316950,67106918
82085316950,67107507
82085316950,67107880
82085316950,67107881
82085316950,67107883
82085316950,67107884
82085316950,67107885
82085316950,67107886
82085316950,67107887
82085316950,67107888
82085316950,67107889
82085316950,67107890
82085316950,67107891
82085316950,67107892
82085316950,67107893
82085316950,67107894
82085316950,67107895
82085316950,67107896
82085316950,67107897
82085316950,67107910
82085316950,67107911
82085316950,67107915
82085316950,67107939
82085316950,67107940
82085316950,67107945
82085316950,67107956
82085316950,67107963
82085316950,67107978
82085316950,67107985
82085316950,67107994
82085316950,67107997
82085316950,67108007
82085316950,67108054
82085316950,67108077
82085316950,67108085
82085316950,67108086
82085316950,67108094
82085316950,67108100
82085316950,67108119
82085316950,67108122
82085316950,67108128
82085316950,67108129
82085316950,67108134
82085316950,67108145
82085316950,67108186
82085316950,67108204
82085316950,67108213
82085316950,67108214
82085316950,67108241
82085316950,67108261
82085316950,67108270
82085316950,67108281
82085316950,67108283
82085316950,67108299
82085316950,67108302
82085316950,67108317
82085316950,67108318
82085316950,67108338
82085316950,67108395
82085316950,67108401
82085316950,67108409
82085316950,67108418
82085316950,67108433
82085316950,67108445
82085316950,67108455
82085316950,67108476
82085316950,67108477
82085316950,67108479
82085316950,67108482
82085316950,67108485
82085316950,67108487
82085316950,67108488
82085316950,67108496
82085316950,67108500
82085316950,67108501
82085316950,67108502
82085316950,67108503
82085316950,67108504
82085316950,67108505
82085316950,67108506
82085316950,67108507
82085316950,67108508
82085316950,67108509
82085316950,67108510
82085316950,67108511
82085316950,67108513
82085316950,67108514
82085316950,67108516
82085316950,67108517
82085316950,67108518
82085316950,67108519
82085316950,67108523
82085316950,67108525
82085316950,67108528
82085316950,67108529
82085316950,67108534
82085316950,67108535
82085316950,67108537
82085316950,67108540
82085316950,67108546
82085316950,67108549
82085316950,67108554
82085316950,67108558
82085316950,67108560
82085316950,67108561
82085316950,67108563
82085316950,67108566
82085316950,67108568
82085316950,67108571
82085316950,67108572
82085316950,67108573
82085316950,67108574
82085316950,67108575
82085316950,67108578
82085316950,67108579
82085316950,67108580
82085316950,67108583
82085316950,67108584
82085316950,67108585
82085316950,67108586
82085316950,67108587
82085316950,67108588
82085316950,67108593
82085316950,67108595
82085316950,67108597
82085316950,67108598
82085316950,67108600
82085316950,67108602
82085316950,67108606
82085316950,67108610
82085316950,67108614
82085316950,67108615
82085316950,67108616
82085316950,67108619
82085316950,67108620
82085316950,67108621
82085316950,67108622
82085316950,67108626
82085316950,67108627
82085316950,67108630
82085316950,67108632
82085316950,67108634
82085316950,67108635
82085316950,67108636
82085316950,67108637
82085316950,67108638
82085316950,67108640
82085316950,67108641
82085316950,67108643
82085316950,67108645
82085316950,67108646
82085316950,67108650
82085316950,67108652
82085316950,67108653
82085316950,67108661
82085316950,67108663
82085316950,67108665
82085316950,67108666
82085316950,67108669
82085316950,67108670
82085316950,67108671
82085316950,67108672
82085316950,67108674
82085316950,67108678
82085316950,67108679
82085316950,67108681
82085316950,67108684
82085316950,67108685
82085316950,67108688
82085316950,67108692
82085316950,67108697
82085316950,67108701
82085316950,67108702
82085316950,67108706
82085316950,67108707
82085316950,67108711
82085316950,67108713
82085316950,67108714
82085316950,67108715
82085316950,67108720
82085316950,67108721
82085316950,67108722
82085316950,67108724
82085316950,67108725
82085316950,67108729
82085316950,67108731
82085316950,67108732
82085316950,67108734
82085316950,67108736
82085316950,67108737
82085316950,67108739
82085316950,67108740
82085316950,67108741
82085316950,67108744
82085316950,67108746
82085316950,67108747
82085316950,67108750
82085316950,67108752
82085316950,67108756
82085316950,67108762
82085316950,67108765
82085316950,67108766
82085316950,67108768
82085316950,67108770
82085316950,67108772
82085316950,67108773
82085316950,67108774
82085316950,67108776
82085316950,67108777
82085316950,67108778
82085316950,67108780
82085316950,67108781
82085316950,67108782
82085316950,67108783
82085316950,67108784
82085316950,67108785
82085316950,67108787
82085316950,67108788
82085316950,67108789
82085316950,67108790
82085316950,67108791
82085316950,67108792
82085316950,67108793
109146410450,131243
109146410450,131254
109146410450,131258
109146410450,67099597
109146410450,67099599
109146410450,67099600
109146410450,67099601
109146410450,67099603
109146410450,67099604
109146410450,67099605
109146410450,67099606
109146410450,67099611
109146410450,67099620
109146410450,67099621
109146410450,67099622
109146410450,67099623
109146410450,67099624
109146410450,67099628
109146410450,67099631
109146410450,67099639
109146410450,67099644
109146410450,67099649
109146410450,67099656
109146410450,67099669
109146410450,67099672
109146410450,67099684
109146410450,67099688
109146410450,67099695
109146410450,67099696
109146410450,67099697
109146410450,67099699
109146410450,67099701
109146410450,67099707
109146410450,67099709
109146410450,67099714
109146410450,67099728
109146410450,67099736
109146410450,67099747
109146410450,67099763
109146410450,67099771
109146410450,67099774
109146410450,67099799
109146410450,67099804
109146410450,67099805
109146410450,67099806
109146410450,67099808
109146410450,67099812
109146410450,67099816
109146410450,67099820
109146410450,67099821
109146410450,67099824
109146410450,67099825
109146410450,67099832
109146410450,67099837
109146410450,67099838
109146410450,67099844
109146410450,67099849
109146410450,67099853
109146410450,67099868
109146410450,67099873
109146410450,67099874
109146410450,67099875
109146410450,67099877
109146410450,67099882
109146410450,67099884
109146410450,67099901
109146410450,67099909
109146410450,67099910
109146410450,67099916
109146410450,67099926
109146410450,67102197
109146410450,67102199
109146410450,67102200
109146410450,67102206
109146410450,67102228
109146410450,67102235
109146410450,67102236
109146410450,67102244
109146410450,67102245
109146410450,67102252
109146410450,67102264
109146410450,67102265
109146410450,67102287
109146410450,67102292
109146410450,67102293
109146410450,67102294
109146410450,67102306
109146410450,67102309
109146410450,67102314
109146410450,67102317
109146410450,67102319
109146410450,67104387
109146410450,67105803
109146410450,67105804
109146410450,67105805
109146410450,67105807
109146410450,67105812
109146410450,67105813
109146410450,67105818
109146410450,67105844
109146410450,67105845
109146410450,67105859
109146410450,67105941
109146410450,67106013
109146410450,67106059
109146410450,67106064
109146410450,67106312
109146410450,67106400
109146410450,67106452
109146410450,67106453
109146410450,67106455
109146410450,67106456
109146410450,67106457
109146410450,67106458
109146410450,67106459
109146410450,67106460
109146410450,67106461
109146410450,67106462
109146410450,67106463
109146410450,67106464
109146410450,67106465
109146410450,67106466
109146410450,67106467
109146410450,67106468
109146410450,67106469
109146410450,67106470
109146410450,67106471
109146410450,67106472
109146410450,67106473
109146410450,67106474
109146410450,67106866
109146410450,67107128
109146410450,67107496
109146410450,67107643
109146410450,67107787
109146410450,67107789
109146410450,67107829
109146410450,67107906
109146410450,67107917
109146410450,67107918
109146410450,67107927
109146410450,67107934
109146410450,67107935
109146410450,67107936
109146410450,67107937
109146410450,67107953
109146410450,67107968
109146410450,67108021
109146410450,67108053
109146410450,67108067
109146410450,67108078
109146410450,67108083
109146410450,67108089
109146410450,67108092
109146410450,67108114
109146410450,67108146
109146410450,67108153
109146410450,67108158
109146410450,67108160
109146410450,67108162
109146410450,67108174
109146410450,67108181
109146410450,67108182
109146410450,67108191
109146410450,67108205
109146410450,67108215
109146410450,67108232
109146410450,67108254
109146410450,67108269
109146410450,67108278
109146410450,67108290
109146410450,67108319
109146410450,67108321
109146410450,67108324
109146410450,67108343
109146410450,67108387
109146410450,67108393
109146410450,67108399
109146410450,67108419
109146410450,67108423
109146410450,67108429
109146410450,67108432
109146410450,67108439
109146410450,67108442
109146410450,67108444
109146410450,67108446
109146410450,67108447
109146410450,67108448
109146410450,67108449
109146410450,67108452
109146410450,67108454
109146410450,67108458
109146410450,67108460
109146410450,67108464
109146410450,67108465
109146410450,67108466
109146410450,67108468
109146410450,67108473
109146410450,67108497
109146410450,67108512
109146410450,67108521
109146410450,67108527
109146410450,67108531
109146410450,67108532
109146410450,67108538
109146410450,67108541
109146410450,67108550
109146410450,67108552
109146410450,67108608
109146410450,67108609
109146410450,67108617
109146410450,67108628
109146410450,67108631
109146410450,67108644
109146410450,67108647
109146410450,67108649
109146410450,67108651
109146410450,67108655
109146410450,67108659
109146410450,67108664
109146410450,67108667
109146410450,67108668
109146410450,67108675
109146410450,67108680
109146410450,67108686
109146410450,67108696
109146410450,67108699
109146410450,67108700
109146410450,67108717
109146410450,67108718
109146410450,67108719
109146410450,67108723
109146410450,67108726
109146410450,67108748
109146410450,67108759
109146410450,67108775
136207503950,131253
136207503950,67101230
136207503950,67101244
136207503950,67101267
136207503950,67101278
136207503950,67101280
136207503950,67101296
136207503950,67101300
136207503950,67101301
136207503950,67101308
136207503950,67101312
136207503950,67101313
136207503950,67101318
136207503950,67101323
136207503950,67101343
136207503950,67101353
136207503950,67101362
136207503950,67101363
136207503950,67101364
136207503950,67101393
136207503950,67101398
136207503950,67101402
136207503950,67101403
136207503950,67101404
136207503950,67101409
136207503950,67101419
136207503950,67101424
136207503950,67101428
136207503950,67101436
136207503950,67101447
136207503950,67101451
136207503950,67101460
136207503950,67101466
136207503950,67101469
136207503950,67101471
136207503950,67101472
136207503950,67101489
136207503950,67101492
136207503950,67101496
136207503950,67101498
136207503950,67101531
136207503950,67101536
136207503950,67101541
136207503950,67101557
136207503950,67101558
136207503950,67101562
136207503950,67101574
136207503950,67101581
136207503950,67101587
136207503950,67101588
136207503950,67101590
136207503950,67101624
136207503950,67101627
136207503950,67101628
136207503950,67101631
136207503950,67101634
136207503950,67101636
136207503950,67101645
136207503950,67101646
136207503950,67101647
136207503950,67101654
136207503950,67101659
136207503950,67101661
136207503950,67101676
136207503950,67101698
136207503950,67101703
136207503950,67101713
136207503950,67101718
136207503950,67101719
136207503950,67101731
136207503950,67101750
136207503950,67101756
136207503950,67101760
136207503950,67101766
136207503950,67101770
136207503950,67101771
136207503950,67101780
136207503950,67101781
136207503950,67101798
136207503950,67101800
136207503950,67101804
136207503950,67101848
136207503950,67101893
136207503950,67101894
136207503950,67101897
136207503950,67101903
136207503950,67101906
136207503950,67101910
136207503950,67101911
136207503950,67101914
136207503950,67101916
136207503950,67101918
136207503950,67101919
136207503950,67101932
136207503950,67101943
136207503950,67101960
136207503950,67101974
136207503950,67101976
136207503950,67101977
136207503950,67101978
136207503950,67101980
136207503950,67102001
136207503950,67102024
136207503950,67102025
136207503950,67102029
136207503950,67102039
136207503950,67102057
136207503950,67102059
136207503950,67102061
136207503950,67102062
136207503950,67102095
136207503950,67102111
136207503950,67102113
136207503950,67102126
136207503950,67102127
136207503950,67102132
136207503950,67102135
136207503950,67102136
136207503950,67102137
136207503950,67102139
136207503950,67102140
136207503950,67102153
136207503950,67102155
136207503950,67102156
136207503950,67102163
136207503950,67102164
136207503950,67102173
136207503950,67102205
136207503950,67102213
136207503950,67102215
136207503950,67102216
136207503950,67102229
136207503950,67102239
136207503950,67102246
136207503950,67102247
136207503950,67102253
136207503950,67102255
136207503950,67102256
136207503950,67102257
136207503950,67102258
136207503950,67102260
136207503950,67102271
136207503950,67102276
136207503950,67102277
136207503950,67102289
136207503950,67102298
136207503950,67102299
136207503950,67102302
136207503950,67102329
136207503950,67102334
136207503950,67102335
136207503950,67102336
136207503950,67102337
136207503950,67102338
136207503950,67102345
136207503950,67102346
136207503950,67102348
136207503950,67102349
136207503950,67102352
136207503950,67102355
136207503950,67102360
136207503950,67102367
136207503950,67102376
136207503950,67102378
136207503950,67102379
136207503950,67102382
136207503950,67102383
136207503950,67102389
136207503950,67102390
136207503950,67102396
136207503950,67102400
136207503950,67102402
136207503950,67102416
136207503950,67102426
136207503950,67102434
136207503950,67102448
136207503950,67102457
136207503950,67102458
136207503950,67102473
136207503950,67102482
136207503950,67102516
136207503950,67102539
136207503950,67102561
136207503950,67102571
136207503950,67102582
136207503950,67102596
136207503950,67102598
136207503950,67102616
136207503950,67102617
136207503950,67102624
136207503950,67102625
136207503950,67102637
136207503950,67102652
136207503950,67102656
136207503950,67102659
136207503950,67102661
136207503950,67102669
136207503950,67102670
136207503950,67102672
136207503950,67102674
136207503950,67102675
136207503950,67102676
136207503950,67102679
136207503950,67102690
136207503950,67102705
136207503950,67102707
136207503950,67102716
136207503950,67102717
136207503950,67102720
136207503950,67102726
136207503950,67102727
136207503950,67102731
136207503950,67102748
136207503950,67102755
136207503950,67102757
136207503950,67102761
136207503950,67102762
136207503950,67102765
136207503950,67102767
136207503950,67102768
136207503950,67102775
136207503950,67102780
136207503950,67102789
136207503950,67102790
136207503950,67102792
136207503950,67102793
136207503950,67102811
136207503950,67102824
136207503950,67102825
136207503950,67102826
136207503950,67102827
136207503950,67102833
136207503950,67102836
136207503950,67102837
136207503950,67102838
136207503950,67102861
136207503950,67102865
136207503950,67102867
136207503950,67102871
136207503950,67102872
136207503950,67102878
136207503950,67102879
136207503950,67102890
136207503950,67102894
136207503950,67102897
136207503950,67102906
136207503950,67102909
136207503950,67102912
136207503950,67102916
136207503950,67102926
136207503950,67102927
136207503950,67102930
136207503950,67102933
136207503950,67102935
136207503950,67102939
136207503950,67102940
136207503950,67102942
136207503950,67102944
136207503950,67102946
136207503950,67102967
136207503950,67102969
136207503950,67102978
136207503950,67102981
136207503950,67102988
136207503950,67102990
136207503950,67102991
136207503950,67102992
136207503950,67103000
136207503950,67103002
136207503950,67103003
136207503950,67103006
136207503950,67103007
136207503950,67103008
136207503950,67103017
136207503950,67103025
136207503950,67103026
136207503950,67103030
136207503950,67103033
136207503950,67103042
136207503950,67103044
136207503950,67103046
136207503950,67103049
136207503950,67103052
136207503950,67103055
136207503950,67103057
136207503950,67103058
136207503950,67103064
136207503950,67103065
136207503950,67103066
136207503950,67103067
136207503950,67103069
136207503950,67103077
136207503950,67103078
136207503950,67103080
136207503950,67103083
136207503950,67103087
136207503950,67103096
136207503950,67103107
136207503950,67103110
136207503950,67103112
136207503950,67103119
136207503950,67103138
136207503950,67103142
136207503950,67103159
136207503950,67103160
136207503950,67103162
136207503950,67103166
136207503950,67103167
136207503950,67103169
136207503950,67103171
136207503950,67103174
136207503950,67103201
136207503950,67103203
136207503950,67103205
136207503950,67103224
136207503950,67103235
136207503950,67103244
136207503950,67103247
136207503950,67103255
136207503950,67103259
136207503950,67103261
136207503950,67103275
136207503950,67103277
136207503950,67103280
136207503950,67103281
136207503950,67103282
136207503950,67103283
136207503950,67103297
136207503950,67103302
136207503950,67103306
136207503950,67103308
136207503950,67103310
136207503950,67103317
136207503950,67103341
136207503950,67103352
136207503950,67103355
136207503950,67103361
136207503950,67103363
136207503950,67103364
136207503950,67103371
136207503950,67103375
136207503950,67103395
136207503950,67103396
136207503950,67103402
136207503950,67103407
136207503950,67103408
136207503950,67103409
136207503950,67103410
136207503950,67103413
136207503950,67103435
136207503950,67103450
136207503950,67103461
136207503950,67103468
136207503950,67103471
136207503950,67103479
136207503950,67103486
136207503950,67103505
136207503950,67103510
136207503950,67103511
136207503950,67103540
136207503950,67103551
136207503950,67103554
136207503950,67103560
136207503950,67103561
136207503950,67103564
136207503950,67103565
136207503950,67103571
136207503950,67103579
136207503950,67103580
136207503950,67103582
136207503950,67103586
136207503950,67103598
136207503950,67103599
136207503950,67103604
136207503950,67103610
136207503950,67103618
136207503950,67103620
136207503950,67103623
136207503950,67103642
136207503950,67103643
136207503950,67103644
136207503950,67103645
136207503950,67103646
136207503950,67103649
136207503950,67103650
136207503950,67103660
136207503950,67103663
136207503950,67103664
136207503950,67103668
136207503950,67103671
136207503950,67103672
136207503950,67103674
136207503950,67103684
136207503950,67103687
136207503950,67103688
136207503950,67103695
136207503950,67103702
136207503950,67103704
136207503950,67103714
136207503950,67103717
136207503950,67103719
136207503950,67103720
136207503950,67103735
136207503950,67103753
136207503950,67103758
136207503950,67103765
136207503950,67103766
136207503950,67103768
136207503950,67103769
136207503950,67103773
136207503950,67103775
136207503950,67103787
136207503950,67103796
136207503950,67103797
136207503950,67103798
136207503950,67103802
136207503950,67103807
136207503950,67103818
136207503950,67103819
136207503950,67103827
136207503950,67103832
136207503950,67103834
136207503950,67103836
136207503950,67103843
136207503950,67103858
136207503950,67103880
136207503950,67103887
136207503950,67103889
136207503950,67103890
136207503950,67103891
136207503950,67103892
136207503950,67103899
136207503950,67103901
136207503950,67103902
136207503950,67103908
136207503950,67103911
136207503950,67103914
136207503950,67103915
136207503950,67103918
136207503950,67103922
136207503950,67103928
136207503950,67103932
136207503950,67103933
136207503950,67103957
136207503950,67103962
136207503950,67103963
136207503950,67103964
136207503950,67103965
136207503950,67103968
136207503950,67103973
136207503950,67103977
136207503950,67103983
136207503950,67103984
136207503950,67103986
136207503950,67103991
136207503950,67104020
136207503950,67104021
136207503950,67104029
136207503950,67104052
136207503950,67104054
136207503950,67104055
136207503950,67104062
136207503950,67104071
136207503950,67104086
136207503950,67104119
136207503950,67104120
136207503950,67104131
136207503950,67104138
136207503950,67104171
136207503950,67104192
136207503950,67104195
136207503950,67104223
136207503950,67104225
136207503950,67104235
136207503950,67104258
136207503950,67104263
136207503950,67104264
136207503950,67104267
136207503950,67104269
136207503950,67104270
136207503950,67104271
136207503950,67104273
136207503950,67104279
136207503950,67104280
136207503950,67104282
136207503950,67104287
136207503950,67104300
136207503950,67104306
136207503950,67104307
136207503950,67104308
136207503950,67104309
136207503950,67104310
136207503950,67104311
136207503950,67104316
136207503950,67104320
136207503950,67104324
136207503950,67104325
136207503950,67104326
136207503950,67104327
136207503950,67104328
136207503950,67104329
136207503950,67104332
136207503950,67104337
136207503950,67104340
136207503950,67104341
136207503950,67104342
136207503950,67104357
136207503950,67104359
136207503950,67104402
136207503950,67105170
136207503950,67105171
163268597450,131246
163268597450,131247
163268597450,131248
163268597450,131252
163268597450,67099638
163268597450,67099640
163268597450,67099724
163268597450,67099813
163268597450,67099815
163268597450,67099835
163268597450,67099847
163268597450,67099904
163268597450,67099937
163268597450,67099943
163268597450,67099951
163268597450,67100026
163268597450,67100392
163268597450,67101356
163268597450,67101359
163268597450,67101367
163268597450,67101395
163268597450,67101397
163268597450,67101406
163268597450,67101407
163268597450,67101413
163268597450,67101414
163268597450,67101418
163268597450,67101421
163268597450,67101429
163268597450,67101430
163268597450,67101435
163268597450,67101437
163268597450,67101441
163268597450,67101442
163268597450,67101443
163268597450,67101446
163268597450,67101449
163268597450,67101456
163268597450,67101457
163268597450,67101458
163268597450,67101459
163268597450,67101464
163268597450,67101465
163268597450,67101468
163268597450,67101473
163268597450,67101477
163268597450,67101486
163268597450,67101487
163268597450,67101508
163268597450,67101518
163268597450,67101519
163268597450,67101523
163268597450,67101526
163268597450,67101527
163268597450,67101528
163268597450,67101535
163268597450,67101540
163268597450,67101575
163268597450,67101584
163268597450,67101586
163268597450,67101591
163268597450,67101593
163268597450,67101595
163268597450,67101596
163268597450,67101601
163268597450,67101606
163268597450,67101607
163268597450,67101622
163268597450,67101626
163268597450,67101640
163268597450,67101643
163268597450,67101648
163268597450,67101653
163268597450,67101655
163268597450,67101663
163268597450,67101666
163268597450,67101667
163268597450,67101668
163268597450,67101683
163268597450,67101697
163268597450,67101699
163268597450,67101705
163268597450,67101709
163268597450,67101712
163268597450,67101724
163268597450,67101728
163268597450,67101734
163268597450,67101738
163268597450,67101739
163268597450,67101740
163268597450,67101741
163268597450,67101744
163268597450,67101745
163268597450,67101747
163268597450,67101749
163268597450,67101752
163268597450,67101753
163268597450,67101762
163268597450,67101765
163268597450,67101767
163268597450,67101776
163268597450,67101792
163268597450,67101806
163268597450,67101814
163268597450,67101843
163268597450,67101845
163268597450,67101849
163268597450,67101882
163268597450,67101884
163268597450,67101896
163268597450,67101898
163268597450,67101900
163268597450,67101901
163268597450,67101902
163268597450,67101915
163268597450,67101917
163268597450,67101930
163268597450,67101931
163268597450,67101933
163268597450,67101935
163268597450,67101936
163268597450,67101940
163268597450,67101983
163268597450,67102018
163268597450,67102037
163268597450,67102040
163268597450,67102041
163268597450,67102085
163268597450,67102096
163268597450,67102145
163268597450,67102148
163268597450,67102149
163268597450,67102150
163268597450,67102152
163268597450,67102166
163268597450,67102170
163268597450,67102172
163268597450,67102174
163268597450,67102211
163268597450,67102214
163268597450,67102221
163268597450,67102224
163268597450,67102259
163268597450,67102270
163268597450,67102279
163268597450,67102280
163268597450,67102281
163268597450,67102282
163268597450,67102285
163268597450,67102286
163268597450,67102295
163268597450,67102322
163268597450,67102323
163268597450,67102326
163268597450,67102330
163268597450,67102331
163268597450,67102332
163268597450,67102344
163268597450,67102347
163268597450,67102354
163268597450,67102358
163268597450,67102371
163268597450,67102377
163268597450,67102393
163268597450,67102394
163268597450,67102395
163268597450,67102414
163268597450,67102419
163268597450,67102427
163268597450,67102428
163268597450,67102433
163268597450,67102450
163268597450,67102455
163268597450,67102474
163268597450,67102645
163268597450,67102742
163268597450,67102794
163268597450,67102795
163268597450,67102847
163268597450,67102848
163268597450,67102873
163268597450,67102887
163268597450,67102903
163268597450,67103063
163268597450,67103206
163268597450,67103875
163268597450,67103958
163268597450,67104491
163268597450,67104504
163268597450,67104507
163268597450,67104510
163268597450,67104511
163268597450,67104521
163268597450,67104523
163268597450,67104525
163268597450,67104526
163268597450,67104528
163268597450,67104530
163268597450,67104533
163268597450,67104534
163268597450,67104539
163268597450,67104540
163268597450,67104541
163268597450,67104543
163268597450,67104544
163268597450,67104545
163268597450,67104546
163268597450,67104547
163268597450,67104548
163268597450,67104550
163268597450,67104551
163268597450,67104554
163268597450,67104557
163268597450,67104558
163268597450,67104563
163268597450,67104571
163268597450,67104572
163268597450,67104573
163268597450,67104576
163268597450,67104577
163268597450,67104578
163268597450,67104579
163268597450,67104580
163268597450,67104581
163268597450,67104582
163268597450,67104583
163268597450,67104585
163268597450,67104590
163268597450,67104591
163268597450,67104594
163268597450,67104597
163268597450,67104601
163268597450,67104605
163268597450,67104608
163268597450,67104610
163268597450,67104611
163268597450,67104612
163268597450,67104613
163268597450,67104615
163268597450,67104616
163268597450,67104617
163268597450,67104619
163268597450,67104623
163268597450,67104633
163268597450,67104642
163268597450,67104645
163268597450,67104646
163268597450,67104648
163268597450,67104656
163268597450,67104659
163268597450,67104661
163268597450,67104664
163268597450,67104666
163268597450,67104667
163268597450,67104668
163268597450,67104669
163268597450,67104672
163268597450,67104673
163268597450,67104674
163268597450,67104675
163268597450,67104676
163268597450,67104679
163268597450,67104680
163268597450,67104681
163268597450,67104682
163268597450,67104687
163268597450,67104691
163268597450,67104697
163268597450,67104730
163268597450,67104731
163268597450,67104732
163268597450,67104733
163268597450,67104734
163268597450,67104741
163268597450,67104742
163268597450,67104743
163268597450,67104744
163268597450,67104747
163268597450,67104757
163268597450,67104760
163268597450,67104763
163268597450,67104764
163268597450,67104766
163268597450,67104767
163268597450,67104769
163268597450,67104770
163268597450,67104773
163268597450,67104775
163268597450,67104780
163268597450,67104781
163268597450,67104783
163268597450,67104784
163268597450,67104785
163268597450,67104787
163268597450,67104789
163268597450,67104792
163268597450,67104793
163268597450,67104802
163268597450,67104803
163268597450,67104807
163268597450,67104812
163268597450,67104813
163268597450,67104814
163268597450,67104830
163268597450,67104831
163268597450,67104833
163268597450,67104834
163268597450,67104835
163268597450,67104839
163268597450,67104841
163268597450,67104842
163268597450,67104843
163268597450,67104844
163268597450,67104845
163268597450,67104846
163268597450,67104847
163268597450,67104850
163268597450,67104854
163268597450,67104857
163268597450,67104861
163268597450,67104862
163268597450,67104864
163268597450,67104866
163268597450,67104869
163268597450,67104874
163268597450,67104876
163268597450,67104881
163268597450,67104882
163268597450,67104886
163268597450,67104890
163268597450,67104891
163268597450,67104892
163268597450,67104894
163268597450,67104896
163268597450,67104897
163268597450,67104898
163268597450,67104905
163268597450,67104906
163268597450,67104907
163268597450,67104910
163268597450,67104911
163268597450,67104913
163268597450,67104915
163268597450,67104919
163268597450,67104924
163268597450,67104925
163268597450,67104928
163268597450,67104931
163268597450,67104942
163268597450,67104943
163268597450,67104946
163268597450,67104947
163268597450,67104948
163268597450,67104949
163268597450,67104950
163268597450,67104951
163268597450,67104953
163268597450,67104954
163268597450,67104955
163268597450,67104958
163268597450,67104960
163268597450,67104963
163268597450,67104964
163268597450,67104965
163268597450,67104970
163268597450,67104972
163268597450,67104973
163268597450,67104978
163268597450,67104979
163268597450,67104980
163268597450,67104981
163268597450,67104982
163268597450,67104984
163268597450,67104986
163268597450,67104987
163268597450,67105023
163268597450,67105043
163268597450,67105067
163268597450,67105068
163268597450,67105074
163268597450,67105075
163268597450,67105078
163268597450,67105083
163268597450,67105085
163268597450,67105086
163268597450,67105087
163268597450,67105089
163268597450,67105091
163268597450,67105093
163268597450,67105099
163268597450,67105105
163268597450,67105109
163268597450,67105115
163268597450,67105116
163268597450,67105117
163268597450,67105118
163268597450,67105120
163268597450,67105121
163268597450,67105123
163268597450,67105124
163268597450,67105125
163268597450,67105126
163268597450,67105128
163268597450,67105130
163268597450,67105133
163268597450,67105134
163268597450,67105135
163268597450,67105138
163268597450,67105139
163268597450,67105140
163268597450,67105142
163268597450,67105146
163268597450,67105147
163268597450,67105150
163268597450,67105152
163268597450,67105155
163268597450,67105158
163268597450,67105161
163268597450,67105162
163268597450,67105163
163268597450,67105164
163268597450,67105169
163268597450,67105172
163268597450,67105174
163268597450,67105175
163268597450,67105176
163268597450,67105193
163268597450,67105196
163268597450,67105198
163268597450,67105210
163268597450,67105211
163268597450,67105212
163268597450,67105214
163268597450,67105215
163268597450,67105216
163268597450,67105230
163268597450,67105233
163268597450,67105236
163268597450,67105240
163268597450,67105242
163268597450,67105245
163268597450,67105248
163268597450,67105254
163268597450,67105261
163268597450,67105262
163268597450,67105263
163268597450,67105264
163268597450,67105266
163268597450,67105267
163268597450,67105269
163268597450,67105270
163268597450,67105271
163268597450,67105272
163268597450,67105273
163268597450,67105274
163268597450,67105275
163268597450,67105276
163268597450,67105277
163268597450,67105278
163268597450,67105279
163268597450,67105280
163268597450,67105282
163268597450,67105285
163268597450,67105286
163268597450,67105287
163268597450,67105296
163268597450,67105906
163268597450,67105985
163268597450,67107286
163268597450,67107386
163268597450,67107478
163268597450,67107774
163268597450,67107810
163268597450,67107876
163268597450,67107955
163268597450,67108037
163268597450,67108041
163268597450,67108106
163268597450,67108138
163268597450,67108184
163268597450,67108236
163268597450,67108323
163268597450,67108328
163268597450,67108352
163268597450,67108360
163268597450,67108383
163268597450,67108394
163268597450,67108416
163268597450,67108421
163268597450,67108425
163268597450,67108426
163268597450,67108427
163268597450,67108480
163268597450,67108483
163268597450,67108544
163268597450,67108656
163268597450,67108658
163268597450,67108662
163268597450,67108727
163268597450,67108742
163268597450,67108779
163268597450,67108786
190329690950,131249
190329690950,131250
190329690950,131251
190329690950,131255
190329690950,67101203
190329690950,67101205
190329690950,67101212
190329690950,67101219
190329690950,67101248
190329690950,67101250
190329690950,67101261
190329690950,67101263
190329690950,67101266
190329690950,67101275
190329690950,67101277
190329690950,67101288
190329690950,67101290
190329690950,67101293
190329690950,67101299
190329690950,67101307
190329690950,67101310
190329690950,67101311
190329690950,67101315
190329690950,67101319
190329690950,67101320
190329690950,67101322
190329690950,67101324
190329690950,67101330
190329690950,67101331
190329690950,67101344
190329690950,67101346
190329690950,67101405
190329690950,67101412
190329690950,67101422
190329690950,67101426
190329690950,67101431
190329690950,67101438
190329690950,67101440
190329690950,67101444
190329690950,67101448
190329690950,67101450
190329690950,67101463
190329690950,67101467
190329690950,67101470
190329690950,67101478
190329690950,67101479
190329690950,67101485
190329690950,67101499
190329690950,67101503
190329690950,67101505
190329690950,67101506
190329690950,67101513
190329690950,67101514
190329690950,67101515
190329690950,67101517
190329690950,67101521
190329690950,67101533
190329690950,67101534
190329690950,67101538
190329690950,67101539
190329690950,67101542
190329690950,67101544
190329690950,67101550
190329690950,67101551
190329690950,67101560
190329690950,67101561
190329690950,67101564
190329690950,67101565
190329690950,67101573
190329690950,67101577
190329690950,67101579
190329690950,67101597
190329690950,67101598
190329690950,67101603
190329690950,67101623
190329690950,67101629
190329690950,67101630
190329690950,67101633
190329690950,67101635
190329690950,67101642
190329690950,67101656
190329690950,67101657
190329690950,67101660
190329690950,67101665
190329690950,67101670
190329690950,67101671
190329690950,67101675
190329690950,67101684
190329690950,67101694
190329690950,67101704
190329690950,67101711
190329690950,67101716
190329690950,67101722
190329690950,67101723
190329690950,67101733
190329690950,67101736
190329690950,67101737
190329690950,67101746
190329690950,67101754
190329690950,67101775
190329690950,67101788
190329690950,67101801
190329690950,67101805
190329690950,67101809
190329690950,67101813
190329690950,67101815
190329690950,67101834
190329690950,67101841
190329690950,67101842
190329690950,67101851
190329690950,67101873
190329690950,67101883
190329690950,67101895
190329690950,67101904
190329690950,67101912
190329690950,67101926
190329690950,67101927
190329690950,67101928
190329690950,67101938
190329690950,67101949
190329690950,67101955
190329690950,67101959
190329690950,67101961
190329690950,67101966
190329690950,67101967
190329690950,67101968
190329690950,67101969
190329690950,67101973
190329690950,67101979
190329690950,67101981
190329690950,67101995
190329690950,67101998
190329690950,67102000
190329690950,67102005
190329690950,67102034
190329690950,67102036
190329690950,67102042
190329690950,67102051
190329690950,67102055
190329690950,67102056
190329690950,67102060
190329690950,67102064
190329690950,67102075
190329690950,67102084
190329690950,67102088
190329690950,67102093
190329690950,67102094
190329690950,67102099
190329690950,67102101
190329690950,67102105
190329690950,67102106
190329690950,67102107
190329690950,67102114
190329690950,67102120
190329690950,67102130
190329690950,67102133
190329690950,67102134
190329690950,67102138
190329690950,67102141
190329690950,67102157
190329690950,67102159
190329690950,67102161
190329690950,67102178
190329690950,67102186
190329690950,67102201
190329690950,67102207
190329690950,67102208
190329690950,67102210
190329690950,67102220
190329690950,67102242
190329690950,67102243
190329690950,67102263
190329690950,67102273
190329690950,67102275
190329690950,67102278
190329690950,67102283
190329690950,67102284
190329690950,67102290
190329690950,67102291
190329690950,67102300
190329690950,67102303
190329690950,67102311
190329690950,67102320
190329690950,67102327
190329690950,67102342
190329690950,67102343
190329690950,67102351
190329690950,67102363
190329690950,67102369
190329690950,67102370
190329690950,67102373
190329690950,67102381
190329690950,67102386
190329690950,67102397
190329690950,67102399
190329690950,67102408
190329690950,67102410
190329690950,67102413
190329690950,67102418
190329690950,67102429
190329690950,67102430
190329690950,67102431
190329690950,67102432
190329690950,67102443
190329690950,67102444
190329690950,67102449
190329690950,67102454
190329690950,67102456
190329690950,67102470
190329690950,67102512
190329690950,67102560
190329690950,67102562
190329690950,67102576
190329690950,67102590
190329690950,67102601
190329690950,67102629
190329690950,67102638
190329690950,67102658
190329690950,67102663
190329690950,67102665
190329690950,67102668
190329690950,67102671
190329690950,67102694
190329690950,67102699
190329690950,67102712
190329690950,67102719
190329690950,67102721
190329690950,67102723
190329690950,67102724
190329690950,67102729
190329690950,67102743
190329690950,67102746
190329690950,67102747
190329690950,67102752
190329690950,67102766
190329690950,67102774
190329690950,67102777
190329690950,67102788
190329690950,67102791
190329690950,67102804
190329690950,67102818
190329690950,67102831
190329690950,67102832
190329690950,67102835
190329690950,67102844
190329690950,67102851
190329690950,67102858
190329690950,67102896
190329690950,67102920
190329690950,67102922
190329690950,67102938
190329690950,67102943
190329690950,67102952
190329690950,67102954
190329690950,67102958
190329690950,67102968
190329690950,67102971
190329690950,67102979
190329690950,67102984
190329690950,67102989
190329690950,67102996
190329690950,67103038
190329690950,67103041
190329690950,67103043
190329690950,67103075
190329690950,67103111
190329690950,67103113
190329690950,67103114
190329690950,67103126
190329690950,67103135
190329690950,67103158
190329690950,67103161
190329690950,67103165
190329690950,67103170
190329690950,67103178
190329690950,67103187
190329690950,67103190
190329690950,67103192
190329690950,67103196
190329690950,67103198
190329690950,67103199
190329690950,67103204
190329690950,67103210
190329690950,67103211
190329690950,67103212
190329690950,67103213
190329690950,67103221
190329690950,67103222
190329690950,67103223
190329690950,67103231
190329690950,67103236
190329690950,67103248
190329690950,67103251
190329690950,67103257
190329690950,67103273
190329690950,67103284
190329690950,67103286
190329690950,67103293
190329690950,67103303
190329690950,67103314
190329690950,67103320
190329690950,67103322
190329690950,67103336
190329690950,67103337
190329690950,67103338
190329690950,67103356
190329690950,67103362
190329690950,67103367
190329690950,67103373
190329690950,67103374
190329690950,67103411
190329690950,67103412
190329690950,67103422
190329690950,67103445
190329690950,67103449
190329690950,67103457
190329690950,67103462
190329690950,67103476
190329690950,67103482
190329690950,67103523
190329690950,67103524
190329690950,67103538
190329690950,67103542
190329690950,67103556
190329690950,67103557
190329690950,67103568
190329690950,67103578
190329690950,67103590
190329690950,67103621
190329690950,67103636
190329690950,67103640
190329690950,67103641
190329690950,67103655
190329690950,67103661
190329690950,67103666
190329690950,67103669
190329690950,67103677
190329690950,67103678
190329690950,67103690
190329690950,67103691
190329690950,67103693
190329690950,67103706
190329690950,67103729
190329690950,67103731
190329690950,67103733
190329690950,67103741
190329690950,67103742
190329690950,67103767
190329690950,67103770
190329690950,67103794
190329690950,67103795
190329690950,67103799
190329690950,67103803
190329690950,67103804
190329690950,67103813
190329690950,67103847
190329690950,67103850
190329690950,67103857
190329690950,67103869
190329690950,67103871
190329690950,67103876
190329690950,67103877
190329690950,67103912
190329690950,67103924
190329690950,67103931
190329690950,67103941
190329690950,67103943
190329690950,67103953
190329690950,67103974
190329690950,67103978
190329690950,67103979
190329690950,67104001
190329690950,67104005
190329690950,67104014
190329690950,67104015
190329690950,67104018
190329690950,67104026
190329690950,67104064
190329690950,67104078
190329690950,67104123
190329690950,67104127
190329690950,67104134
190329690950,67104136
190329690950,67104139
190329690950,67104143
190329690950,67104164
190329690950,67104190
190329690950,67104191
190329690950,67104194
190329690950,67104196
190329690950,67104211
190329690950,67104212
190329690950,67104220
190329690950,67104222
190329690950,67104232
190329690950,67104233
190329690950,67104248
190329690950,67104260
190329690950,67104266
190329690950,67104268
190329690950,67104275
190329690950,67104278
190329690950,67104281
190329690950,67104301
190329690950,67104305
190329690950,67104315
190329690950,67104317
190329690950,67104318
190329690950,67104322
190329690950,67104339
190329690950,67104345
190329690950,67104347
190329690950,67104348
190329690950,67104354
190329690950,67104375
190329690950,67104409
190329690950,67104420
190329690950,67104428
190329690950,67104434
190329690950,67104435
190329690950,67105159
190329690950,67105168
190329690950,67105207
190329690950,67105221
190329690950,67105232
190329690950,67105244
190329690950,67105300
190329690950,67105304
190329690950,67105310
190329690950,67105814
190329690950,67105821
190329690950,67105822
190329690950,67105823
190329690950,67105824
190329690950,67105825
190329690950,67105826
190329690950,67105828
190329690950,67105830
190329690950,67105831
190329690950,67105843
190329690950,67105851
190329690950,67105870
190329690950,67105874
190329690950,67105875
190329690950,67105883
190329690950,67105885
190329690950,67105886
190329690950,67105899
190329690950,67105900
190329690950,67105903
190329690950,67105908
190329690950,67105912
190329690950,67105914
190329690950,67105916
190329690950,67105919
190329690950,67105923
190329690950,67105925
190329690950,67105932
190329690950,67105937
190329690950,67105938
190329690950,67105942
190329690950,67105944
190329690950,67105951
190329690950,67105952
190329690950,67105953
190329690950,67105958
190329690950,67105959
190329690950,67105960
190329690950,67105962
190329690950,67105963
190329690950,67105976
190329690950,67105977
190329690950,67105978
190329690950,67105979
190329690950,67105981
190329690950,67105984
190329690950,67105995
190329690950,67106002
190329690950,67106004
190329690950,67106007
190329690950,67106010
190329690950,67106012
190329690950,67106014
190329690950,67106015
190329690950,67106017
190329690950,67106018
190329690950,67106024
190329690950,67106029
190329690950,67106031
190329690950,67106039
190329690950,67106042
190329690950,67106046
190329690950,67106051
190329690950,67106054
190329690950,67106055
190329690950,67106056
190329690950,67106057
190329690950,67106065
190329690950,67106086
190329690950,67106087
190329690950,67106088
190329690950,67106095
217390784450,67101783
217390784450,67101784
217390784450,67101785
217390784450,67101786
217390784450,67101838
217390784450,67101844
217390784450,67101877
217390784450,67101880
217390784450,67101886
217390784450,67101923
217390784450,67102077
217390784450,67102078
217390784450,67102362
217390784450,67102461
217390784450,67102462
217390784450,67102463
217390784450,67102465
217390784450,67102467
217390784450,67102468
217390784450,67102469
217390784450,67102471
217390784450,67102472
217390784450,67102475
217390784450,67102476
217390784450,67102477
217390784450,67102479
217390784450,67102480
217390784450,67102481
217390784450,67102490
217390784450,67102525
217390784450,67102538
217390784450,67102540
217390784450,67102558
217390784450,67102565
217390784450,67102566
217390784450,67102570
217390784450,67102572
217390784450,67102575
217390784450,67102706
217390784450,67102714
217390784450,67102715
217390784450,67102725
217390784450,67102732
217390784450,67102736
217390784450,67102737
217390784450,67102738
217390784450,67102745
217390784450,67102749
217390784450,67102750
217390784450,67102754
217390784450,67102760
217390784450,67102770
217390784450,67102772
217390784450,67102776
217390784450,67102778
217390784450,67102779
217390784450,67102783
217390784450,67102784
217390784450,67102786
217390784450,67102787
217390784450,67102802
217390784450,67102803
217390784450,67102830
217390784450,67102850
217390784450,67102980
217390784450,67103015
217390784450,67103074
217390784450,67103184
217390784450,67103304
217390784450,67103307
217390784450,67103309
217390784450,67103311
217390784450,67103319
217390784450,67103321
217390784450,67103324
217390784450,67103327
217390784450,67103346
217390784450,67103353
217390784450,67103357
217390784450,67103358
217390784450,67103359
217390784450,67103360
217390784450,67103368
217390784450,67103369
217390784450,67103370
217390784450,67103372
217390784450,67103389
217390784450,67103391
217390784450,67103393
217390784450,67103394
217390784450,67103483
217390784450,67103543
217390784450,67103970
217390784450,67103972
217390784450,67103976
217390784450,67103985
217390784450,67103987
217390784450,67103988
217390784450,67103992
217390784450,67103995
217390784450,67103998
217390784450,67103999
217390784450,67104000
217390784450,67104002
217390784450,67104007
217390784450,67104008
217390784450,67104010
217390784450,67104016
217390784450,67104017
217390784450,67104024
217390784450,67104025
217390784450,67104105
217390784450,67104124
217390784450,67104137
217390784450,67104388
217390784450,67104389
217390784450,67104592
217390784450,67104598
217390784450,67104600
217390784450,67104603
217390784450,67104604
217390784450,67104609
217390784450,67104692
217390784450,67104693
217390784450,67104694
217390784450,67104695
217390784450,67104696
217390784450,67104698
217390784450,67104699
217390784450,67104700
217390784450,67104703
217390784450,67104704
217390784450,67104706
217390784450,67104707
217390784450,67104708
217390784450,67104709
217390784450,67104710
217390784450,67104711
217390784450,67104926
217390784450,67104930
217390784450,67104940
217390784450,67104944
217390784450,67104945
217390784450,67104956
244451877950,131256
244451877950,67099764
244451877950,67099827
244451877950,67099833
244451877950,67099840
244451877950,67099861
244451877950,67099865
244451877950,67099896
244451877950,67099906
244451877950,67099914
244451877950,67099915
244451877950,67099921
244451877950,67099969
244451877950,67101043
244451877950,67101044
244451877950,67101048
244451877950,67101057
244451877950,67101200
244451877950,67101201
244451877950,67101214
244451877950,67101222
244451877950,67101229
244451877950,67101232
244451877950,67101235
244451877950,67101254
244451877950,67101257
244451877950,67101259
244451877950,67101282
244451877950,67101291
244451877950,67101316
244451877950,67101332
244451877950,67101334
244451877950,67101335
244451877950,67101342
244451877950,67101355
244451877950,67101365
244451877950,67101370
244451877950,67101373
244451877950,67101375
244451877950,67101378
244451877950,67101379
244451877950,67101381
244451877950,67101382
244451877950,67101383
244451877950,67101385
244451877950,67101386
244451877950,67101392
244451877950,67101401
244451877950,67101408
244451877950,67101425
244451877950,67101432
244451877950,67101433
244451877950,67101434
244451877950,67101439
244451877950,67101452
244451877950,67101453
244451877950,67101455
244451877950,67101461
244451877950,67101482
244451877950,67101483
244451877950,67101493
244451877950,67101495
244451877950,67101497
244451877950,67101509
244451877950,67101510
244451877950,67101529
244451877950,67101537
244451877950,67101545
244451877950,67101546
244451877950,67101547
244451877950,67101548
244451877950,67101549
244451877950,67101553
244451877950,67101559
244451877950,67101566
244451877950,67101568
244451877950,67101571
244451877950,67101572
244451877950,67101578
244451877950,67101580
244451877950,67101583
244451877950,67101585
244451877950,67101599
244451877950,67101602
244451877950,67101604
244451877950,67101605
244451877950,67101608
244451877950,67101609
244451877950,67101614
244451877950,67101615
244451877950,67101616
244451877950,67101617
244451877950,67101618
244451877950,67101619
244451877950,67101620
244451877950,67101625
244451877950,67101637
244451877950,67101639
244451877950,67101649
244451877950,67101651
244451877950,67101662
244451877950,67101673
244451877950,67101678
244451877950,67101679
244451877950,67101680
244451877950,67101681
244451877950,67101685
244451877950,67101686
244451877950,67101689
244451877950,67101691
244451877950,67101695
244451877950,67101700
244451877950,67101701
244451877950,67101702
244451877950,67101708
244451877950,67101710
244451877950,67101714
244451877950,67101715
244451877950,67101717
244451877950,67101720
244451877950,67101721
244451877950,67101725
244451877950,67101735
244451877950,67101742
244451877950,67101748
244451877950,67101751
244451877950,67101755
244451877950,67101758
244451877950,67101763
244451877950,67101777
244451877950,67101778
244451877950,67101779
244451877950,67101782
244451877950,67101787
244451877950,67101790
244451877950,67101791
244451877950,67101793
244451877950,67101799
244451877950,67101802
244451877950,67101803
244451877950,67101807
244451877950,67101808
244451877950,67101810
244451877950,67101812
244451877950,67101817
244451877950,67101825
244451877950,67101826
244451877950,67101827
244451877950,67101828
244451877950,67101829
244451877950,67101833
244451877950,67101840
244451877950,67101850
244451877950,67101868
244451877950,67101871
244451877950,67101872
244451877950,67101881
244451877950,67101885
244451877950,67101889
244451877950,67101891
244451877950,67101892
244451877950,67101905
244451877950,67101913
244451877950,67101924
244451877950,67101929
244451877950,67101939
244451877950,67101942
244451877950,67101944
244451877950,67101945
244451877950,67101948
244451877950,67101951
244451877950,67101958
244451877950,67101965
244451877950,67101970
244451877950,67101972
244451877950,67101975
244451877950,67101984
244451877950,67101985
244451877950,67101986
244451877950,67101987
244451877950,67101988
244451877950,67101989
244451877950,67101999
244451877950,67102002
244451877950,67102003
244451877950,67102006
244451877950,67102009
244451877950,67102011
244451877950,67102012
244451877950,67102013
244451877950,67102014
244451877950,67102015
244451877950,67102020
244451877950,67102022
244451877950,67102026
244451877950,67102028
244451877950,67102032
244451877950,67102035
244451877950,67102044
244451877950,67102045
244451877950,67102047
244451877950,67102048
244451877950,67102052
244451877950,67102065
244451877950,67102070
244451877950,67102083
244451877950,67102090
244451877950,67102092
244451877950,67102097
244451877950,67102102
244451877950,67102104
244451877950,67102108
244451877950,67102109
244451877950,67102112
244451877950,67102116
244451877950,67102121
244451877950,67102123
244451877950,67102125
244451877950,67102131
244451877950,67102142
244451877950,67102147
244451877950,67102158
244451877950,67102162
244451877950,67102169
244451877950,67102175
244451877950,67102179
244451877950,67102180
244451877950,67102181
244451877950,67102182
244451877950,67102183
244451877950,67102184
244451877950,67102185
244451877950,67102771
244451877950,67104369
244451877950,67104372
244451877950,67106033
244451877950,67107957
244451877950,67107958
244451877950,67107995
244451877950,67108062
244451877950,67108063
244451877950,67108069
244451877950,67108071
244451877950,67108136
244451877950,67108140
244451877950,67108151
244451877950,67108194
244451877950,67108231
244451877950,67108242
244451877950,67108264
244451877950,67108279
244451877950,67108288
244451877950,67108312
244451877950,67108314
244451877950,67108350
244451877950,67108364
244451877950,67108369
244451877950,67108376
244451877950,67108378
244451877950,67108379
244451877950,67108390
244451877950,67108405
244451877950,67108410
244451877950,67108424
244451877950,67108607
244451877950,67108648
244451877950,67108676
244451877950,67108683
244451877950,67108694
244451877950,67108708
244451877950,67108757
244451877950,67108758
244451877950,67108763
244451877950,67108764
271512971450,131257
271512971450,67099705
271512971450,67099716
271512971450,67099994
271512971450,67100352
271512971450,67103056
271512971450,67106248
271512971450,67106270
271512971450,67106305
271512971450,67106331
271512971450,67106332
271512971450,67106388
271512971450,67106507
271512971450,67106509
271512971450,67106605
271512971450,67106652
271512971450,67106670
271512971450,67106682
271512971450,67106708
271512971450,67106709
271512971450,67106730
271512971450,67106735
271512971450,67106758
271512971450,67106769
271512971450,67106872
271512971450,67106912
271512971450,67106913
271512971450,67106933
271512971450,67106934
271512971450,67106935
271512971450,67106936
271512971450,67106937
271512971450,67106938
271512971450,67106939
271512971450,67106940
271512971450,67106953
271512971450,67106959
271512971450,67106960
271512971450,67106967
271512971450,67106969
271512971450,67106971
271512971450,67106981
271512971450,67106989
271512971450,67106991
271512971450,67106992
271512971450,67106995
271512971450,67107001
271512971450,67107008
271512971450,67107009
271512971450,67107012
271512971450,67107014
271512971450,67107015
271512971450,67107019
271512971450,67107021
271512971450,67107023
271512971450,67107024
271512971450,67107032
271512971450,67107033
271512971450,67107034
271512971450,67107035
271512971450,67107036
271512971450,67107037
271512971450,67107040
271512971450,67107041
271512971450,67107042
271512971450,67107044
271512971450,67107046
271512971450,67107048
271512971450,67107054
271512971450,67107055
271512971450,67107056
271512971450,67107057
271512971450,67107058
271512971450,67107060
271512971450,67107063
271512971450,67107065
271512971450,67107066
271512971450,67107069
271512971450,67107070
271512971450,67107073
271512971450,67107074
271512971450,67107075
271512971450,67107077
271512971450,67107080
271512971450,67107082
271512971450,67107085
271512971450,67107087
271512971450,67107088
271512971450,67107090
271512971450,67107095
271512971450,67107096
271512971450,67107097
271512971450,67107105
271512971450,67107109
271512971450,67107110
271512971450,67107111
271512971450,67107115
271512971450,67107118
271512971450,67107119
271512971450,67107126
271512971450,67107146
271512971450,67107150
271512971450,67107151
271512971450,67107159
271512971450,67107160
271512971450,67107168
271512971450,67107169
271512971450,67107170
271512971450,67107171
271512971450,67107172
271512971450,67107173
271512971450,67107174
271512971450,67107183
271512971450,67107188
271512971450,67107191
271512971450,67107208
271512971450,67107215
271512971450,67107219
271512971450,67107228
271512971450,67107229
271512971450,67107230
271512971450,67107232
271512971450,67107242
271512971450,67107248
271512971450,67107249
271512971450,67107252
271512971450,67107255
271512971450,67107256
271512971450,67107259
271512971450,67107265
271512971450,67107270
271512971450,67107273
271512971450,67107284
271512971450,67107285
271512971450,67107290
271512971450,67107294
271512971450,67107300
271512971450,67107302
271512971450,67107303
271512971450,67107305
271512971450,67107307
271512971450,67107311
271512971450,67107312
271512971450,67107313
271512971450,67107314
271512971450,67107316
271512971450,67107318
271512971450,67107319
271512971450,67107322
271512971450,67107323
271512971450,67107325
271512971450,67107326
271512971450,67107330
271512971450,67107332
271512971450,67107334
271512971450,67107343
271512971450,67107344
271512971450,67107345
271512971450,67107346
271512971450,67107347
271512971450,67107348
271512971450,67107350
271512971450,67107365
271512971450,67107368
271512971450,67107369
271512971450,67107372
271512971450,67107373
271512971450,67107378
271512971450,67107382
271512971450,67107385
271512971450,67107387
271512971450,67107390
271512971450,67107392
271512971450,67107393
271512971450,67107397
271512971450,67107403
271512971450,67107405
271512971450,67107413
271512971450,67107414
271512971450,67107416
271512971450,67107417
271512971450,67107422
271512971450,67107431
271512971450,67107432
271512971450,67107434
271512971450,67107435
271512971450,67107438
271512971450,67107448
271512971450,67107450
271512971450,67107453
271512971450,67107455
271512971450,67107456
271512971450,67107459
271512971450,67107460
271512971450,67107461
271512971450,67107462
271512971450,67107466
271512971450,67107471
271512971450,67107473
271512971450,67107474
271512971450,67107476
271512971450,67107516
271512971450,67107540
271512971450,67107545
271512971450,67107557
271512971450,67107559
271512971450,67107560
271512971450,67107561
271512971450,67107566
271512971450,67107568
271512971450,67107570
271512971450,67107572
271512971450,67107577
271512971450,67107581
271512971450,67107582
271512971450,67107584
271512971450,67107585
271512971450,67107586
271512971450,67107589
271512971450,67107591
271512971450,67107595
271512971450,67107600
271512971450,67107602
271512971450,67107605
271512971450,67107610
271512971450,67107630
271512971450,67107631
271512971450,67107634
271512971450,67107635
271512971450,67107657
271512971450,67107662
271512971450,67107666
271512971450,67107671
271512971450,67107672
271512971450,67107677
271512971450,67107679
271512971450,67107688
271512971450,67107708
271512971450,67107709
271512971450,67107716
271512971450,67107722
271512971450,67107723
271512971450,67107724
271512971450,67107726
271512971450,67107734
271512971450,67107742
271512971450,67107750
271512971450,67107753
271512971450,67107758
271512971450,67107761
271512971450,67107772
271512971450,67107773
271512971450,67107781
271512971450,67107782
271512971450,67107783
271512971450,67107784
271512971450,67107797
271512971450,67107798
271512971450,67107818
271512971450,67107833
271512971450,67107838
271512971450,67107839
271512971450,67107841
271512971450,67107853
271512971450,67107854
271512971450,67107856
271512971450,67107857
271512971450,67107858
271512971450,67107861
271512971450,67107867
271512971450,67107961
271512971450,67107970
271512971450,67107972
271512971450,67107979
271512971450,67107981
271512971450,67107982
271512971450,67107987
271512971450,67107992
271512971450,67107998
271512971450,67108015
271512971450,67108016
271512971450,67108024
271512971450,67108056
271512971450,67108059
271512971450,67108061
271512971450,67108101
271512971450,67108102
271512971450,67108103
271512971450,67108105
271512971450,67108123
271512971450,67108144
271512971450,67108157
271512971450,67108171
271512971450,67108177
271512971450,67108180
271512971450,67108193
271512971450,67108203
271512971450,67108207
271512971450,67108209
271512971450,67108211
271512971450,67108255
271512971450,67108257
271512971450,67108263
271512971450,67108315
271512971450,67108333
271512971450,67108373
271512971450,67108391
271512971450,67108392
271512971450,67108400
271512971450,67108402
271512971450,67108403
271512971450,67108559
271512971450,67108564
271512971450,67108576
271512971450,67108581
271512971450,67108599
271512971450,67108601
298574064950,67099690
298574064950,67099733
298574064950,67099959
298574064950,67100329
298574064950,67101384
298574064950,67102046
298574064950,67102353
298574064950,67102569
298574064950,67102609
298574064950,67103172
298574064950,67103626
298574064950,67103851
298574064950,67105065
298574064950,67105144
298574064950,67105933
298574064950,67105973
298574064950,67106060
298574064950,67106093
298574064950,67106265
298574064950,67106406
298574064950,67106548
298574064950,67106656
298574064950,67106786
298574064950,67106820
298574064950,67106847
298574064950,67106965
298574064950,67107086
298574064950,67107094
298574064950,67107269
298574064950,67107295
298574064950,67107354
298574064950,67107408
298574064950,67107427
298574064950,67107454
298574064950,67107541
298574064950,67107569
298574064950,67107571
298574064950,67107608
298574064950,67107647
298574064950,67107691
298574064950,67107693
298574064950,67107711
298574064950,67107725
298574064950,67107756
298574064950,67107826
298574064950,67107830
298574064950,67107860
298574064950,67107908
298574064950,67107926
298574064950,67107929
298574064950,67107930
298574064950,67107966
298574064950,67108013
298574064950,67108029
298574064950,67108032
298574064950,67108036
298574064950,67108051
298574064950,67108057
298574064950,67108130
298574064950,67108196
298574064950,67108225
298574064950,67108226
298574064950,67108245
298574064950,67108274
298574064950,67108306
298574064950,67108367
298574064950,67108530
298574064950,67108569
298574064950,67108618
325635158450,67099961
325635158450,67100326
325635158450,67101045
325635158450,67101411
325635158450,67101774
325635158450,67102089
325635158450,67102387
325635158450,67102484
325635158450,67102537
325635158450,67102599
325635158450,67102612
325635158450,67102620
325635158450,67102640
325635158450,67102655
325635158450,67102692
325635158450,67102785
325635158450,67102868
325635158450,67102907
325635158450,67103070
325635158450,67103208
325635158450,67103239
325635158450,67103718
325635158450,67103820
325635158450,67103821
325635158450,67103859
325635158450,67103926
325635158450,67103930
325635158450,67103938
325635158450,67104045
325635158450,67104129
325635158450,67104284
325635158450,67104408
325635158450,67104423
325635158450,67104621
325635158450,67104726
325635158450,67104776
325635158450,67104821
325635158450,67104855
325635158450,67104957
325635158450,67105047
325635158450,67105306
325635158450,67105827
325635158450,67106241
325635158450,67106260
325635158450,67106449
325635158450,67106491
325635158450,67106502
325635158450,67106676
325635158450,67106754
325635158450,67106801
325635158450,67106859
325635158450,67106952
325635158450,67106984
325635158450,67107052
325635158450,67107071
325635158450,67107176
325635158450,67107234
325635158450,67107238
325635158450,67107358
325635158450,67107404
325635158450,67107411
325635158450,67107445
325635158450,67107528
325635158450,67107738
325635158450,67107823
325635158450,67107873
325635158450,67107874
325635158450,67107912
325635158450,67107916
325635158450,67108002
325635158450,67108011
325635158450,67108012
325635158450,67108141
325635158450,67108164
352696251950,67099958
352696251950,67103035
352696251950,67103531
352696251950,67104046
352696251950,67104422
352696251950,67104772
352696251950,67105034
352696251950,67105190
352696251950,67105218
352696251950,67105295
352696251950,67105297
352696251950,67105836
352696251950,67106124
352696251950,67106181
352696251950,67106289
352696251950,67106295
352696251950,67106441
352696251950,67106722
352696251950,67106848
352696251950,67106941
352696251950,67107449
352696251950,67107599
352696251950,67107621
352696251950,67107654
352696251950,67107822
379757345450,67101743
379757345450,67102063
379757345450,67102356
379757345450,67102917
379757345450,67103093
379757345450,67103279
379757345450,67103399
379757345450,67103605
379757345450,67103925
379757345450,67104070
379757345450,67104173
379757345450,67104403
379757345450,67104518
379757345450,67104520
379757345450,67104627
379757345450,67104632
379757345450,67104794
379757345450,67104808
379757345450,67104809
379757345450,67105026
379757345450,67105227
379757345450,67106268
379757345450,67106556
379757345450,67106731
379757345450,67106753
379757345450,67106834
379757345450,67107668
