1096522560,67100098
1096522560,67100299
1096522560,67100702
1096522560,67100903
1096522560,67100904
1096522560,67100905
1096522560,67100906
1096522560,67100907
1096522560,67100908
1096522560,67100909
1096522560,67100910
1096522560,67100911
1096522560,67100912
1096522560,67100913
1096522560,67100914
1096522560,67100916
1096522560,67100917
1096522560,67100918
1096522560,67100919
1096522560,67100920
1096522560,67100921
1096522560,67100922
1096522560,67100926
1096522560,67100927
1096522560,67100928
1096522560,67100929
1096522560,67100930
1096522560,67100931
1096522560,67100932
1096522560,67100933
1096522560,67100934
1096522560,67100935
1096522560,67100964
1096522560,67100965
1096522560,67100966
1096522560,67100967
1096522560,67100968
1096522560,67100969
1096522560,67100970
1096522560,67100971
1096522560,67100972
1096522560,67100973
1096522560,67100974
1096522560,67100975
1096522560,67100976
1096522560,67100977
1096522560,67100978
1096522560,67100979
1096522560,67100980
1096522560,67100981
1096522560,67100982
1096522560,67101282
1096522560,67108593
33992199360,67100113
33992199360,67100314
33992199360,67100546
33992199360,67100717
33992199360,67106797
33992199360,67106798
33992199360,67106799
33992199360,67106800
33992199360,67106801
33992199360,67108608
66887876160,131243
66887876160,131245
66887876160,67100099
66887876160,67100100
66887876160,67100101
66887876160,67100102
66887876160,67100103
66887876160,67100104
66887876160,67100105
66887876160,67100106
66887876160,67100114
66887876160,67100115
66887876160,67100116
66887876160,67100117
66887876160,67100118
66887876160,67100119
66887876160,67100120
66887876160,67100121
66887876160,67100122
66887876160,67100123
66887876160,67100124
66887876160,67100125
66887876160,67100126
66887876160,67100127
66887876160,67100128
66887876160,67100129
66887876160,67100130
66887876160,67100131
66887876160,67100132
66887876160,67100133
66887876160,67100134
66887876160,67100135
66887876160,67100136
66887876160,67100137
66887876160,67100139
66887876160,67100140
66887876160,67100142
66887876160,67100159
66887876160,67100160
66887876160,67100161
66887876160,67100162
66887876160,67100163
66887876160,67100164
66887876160,67100165
66887876160,67100166
66887876160,67100167
66887876160,67100168
66887876160,67100169
66887876160,67100170
66887876160,67100171
66887876160,67100172
66887876160,67100173
66887876160,67100174
66887876160,67100175
66887876160,67100176
66887876160,67100177
66887876160,67100178
66887876160,67100179
66887876160,67100180
66887876160,67100181
66887876160,67100182
66887876160,67100184
66887876160,67100185
66887876160,67100186
66887876160,67100187
66887876160,67100189
66887876160,67100191
66887876160,67100192
66887876160,67100193
66887876160,67100194
66887876160,67100196
66887876160,67100197
66887876160,67100198
66887876160,67100203
66887876160,67100212
66887876160,67100215
66887876160,67100220
66887876160,67100223
66887876160,67100225
66887876160,67100226
66887876160,67100300
66887876160,67100301
66887876160,67100303
66887876160,67100731
66887876160,67101896
66887876160,67103659
66887876160,67103677
66887876160,67103907
66887876160,67106266
66887876160,67108594
66887876160,67108595
66887876160,67108597
99783552960,131250
99783552960,131251
99783552960,131252
99783552960,131253
99783552960,131254
99783552960,131255
99783552960,131256
99783552960,131260
99783552960,67100316
99783552960,67100317
99783552960,67100324
99783552960,67100328
99783552960,67100330
99783552960,67100340
99783552960,67100341
99783552960,67101503
99783552960,67101532
99783552960,67101542
99783552960,67101543
99783552960,67101626
99783552960,67101688
99783552960,67101785
99783552960,67101790
99783552960,67101821
99783552960,67101850
99783552960,67101943
99783552960,67101991
99783552960,67102017
99783552960,67102025
99783552960,67102032
99783552960,67102034
99783552960,67102040
99783552960,67102042
99783552960,67102054
99783552960,67102056
99783552960,67102058
99783552960,67102063
99783552960,67102068
99783552960,67102073
99783552960,67102084
99783552960,67102109
99783552960,67102111
99783552960,67102115
99783552960,67102119
99783552960,67102130
99783552960,67102132
99783552960,67102133
99783552960,67102140
99783552960,67102149
99783552960,67102152
99783552960,67102153
99783552960,67102155
99783552960,67102156
99783552960,67102160
99783552960,67102165
99783552960,67102173
99783552960,67102175
99783552960,67102178
99783552960,67102202
99783552960,67102249
99783552960,67102281
99783552960,67102283
99783552960,67102293
99783552960,67102328
99783552960,67102330
99783552960,67102378
99783552960,67102415
99783552960,67102428
99783552960,67102437
99783552960,67102444
99783552960,67102464
99783552960,67102468
99783552960,67102473
99783552960,67102477
99783552960,67102478
99783552960,67102492
99783552960,67102497
99783552960,67102499
99783552960,67102503
99783552960,67102543
99783552960,67102550
99783552960,67102551
99783552960,67102553
99783552960,67102567
99783552960,67102568
99783552960,67102571
99783552960,67102572
99783552960,67102574
99783552960,67102593
99783552960,67102627
99783552960,67102633
99783552960,67102634
99783552960,67102636
99783552960,67102638
99783552960,67102642
99783552960,67102643
99783552960,67102645
99783552960,67102646
99783552960,67102649
99783552960,67102659
99783552960,67102665
99783552960,67102672
99783552960,67102690
99783552960,67102695
99783552960,67102704
99783552960,67102711
99783552960,67102714
99783552960,67102716
99783552960,67102717
99783552960,67102718
99783552960,67102719
99783552960,67102723
99783552960,67102726
99783552960,67102733
99783552960,67102737
99783552960,67102742
99783552960,67102753
99783552960,67102756
99783552960,67102764
99783552960,67102785
99783552960,67102787
99783552960,67102789
99783552960,67102790
99783552960,67102798
99783552960,67102807
99783552960,67102814
99783552960,67102822
99783552960,67102852
99783552960,67102853
99783552960,67102863
99783552960,67102865
99783552960,67102914
99783552960,67102918
99783552960,67102921
99783552960,67102922
99783552960,67102930
99783552960,67102934
99783552960,67102937
99783552960,67102949
99783552960,67102958
99783552960,67102966
99783552960,67103018
99783552960,67103019
99783552960,67103020
99783552960,67103036
99783552960,67103048
99783552960,67103050
99783552960,67103200
99783552960,67103670
99783552960,67103698
99783552960,67103701
99783552960,67103801
99783552960,67103811
99783552960,67103812
99783552960,67103836
99783552960,67103871
99783552960,67103898
99783552960,67103962
99783552960,67103963
99783552960,67103974
99783552960,67103979
99783552960,67104588
99783552960,67104641
99783552960,67104705
99783552960,67104751
99783552960,67105468
99783552960,67105673
99783552960,67105822
99783552960,67105824
99783552960,67105825
99783552960,67105967
99783552960,67106149
99783552960,67106913
99783552960,67106937
99783552960,67107244
99783552960,67107354
99783552960,67107385
99783552960,67107386
99783552960,67107387
99783552960,67107639
99783552960,67107640
99783552960,67107662
99783552960,67107663
99783552960,67107664
99783552960,67108144
99783552960,67108361
99783552960,67108379
99783552960,67108610
99783552960,67108611
99783552960,67108622
99783552960,67108624
99783552960,67108634
99783552960,67108635
