1093269888,67100903
1093269888,67100904
1093269888,67100905
1093269888,67100906
1093269888,67100907
1093269888,67100908
1093269888,67100909
1093269888,67100910
1093269888,67100911
1093269888,67100912
1093269888,67100913
1093269888,67100914
1093269888,67100915
1093269888,67100916
1093269888,67100917
1093269888,67100918
1093269888,67100919
1093269888,67100920
1093269888,67100921
1093269888,67100922
1093269888,67100923
1093269888,67100924
1093269888,67100925
1093269888,67100926
1093269888,67100927
1093269888,67100928
1093269888,67100929
1093269888,67100930
1093269888,67100931
1093269888,67100932
1093269888,67100933
1093269888,67100934
1093269888,67100935
1093269888,67100936
1093269888,67100937
1093269888,67100938
1093269888,67100939
1093269888,67100940
1093269888,67100941
1093269888,67100942
1093269888,67101281
33891366528,67100156
33891366528,67100357
33891366528,67100565
33891366528,67100760
33891366528,67106637
33891366528,67106638
33891366528,67106639
33891366528,67106640
33891366528,67106641
33891366528,67108651
66689463168,67100099
66689463168,67100100
66689463168,67100101
66689463168,67100102
66689463168,67100103
66689463168,67100104
66689463168,67100105
66689463168,67100106
66689463168,67100107
66689463168,67100108
66689463168,67100109
66689463168,67100110
66689463168,67100111
66689463168,67100112
66689463168,67100113
66689463168,67100114
66689463168,67100115
66689463168,67100116
66689463168,67100117
66689463168,67100118
66689463168,67100119
66689463168,67100120
66689463168,67100121
66689463168,67100122
66689463168,67100123
66689463168,67100124
66689463168,67100125
66689463168,67100126
66689463168,67100127
66689463168,67100128
66689463168,67100129
66689463168,67100130
66689463168,67100131
66689463168,67100132
66689463168,67100133
66689463168,67100134
66689463168,67100135
66689463168,67100136
66689463168,67100137
66689463168,67100138
66689463168,67100139
66689463168,67100140
66689463168,67100157
66689463168,67100158
66689463168,67100160
66689463168,67100161
66689463168,67100162
66689463168,67100163
66689463168,67100164
66689463168,67100165
66689463168,67100166
66689463168,67100167
66689463168,67100168
66689463168,67100169
66689463168,67100170
66689463168,67100171
66689463168,67100173
66689463168,67100174
66689463168,67100175
66689463168,67100177
66689463168,67100178
66689463168,67100179
66689463168,67100181
66689463168,67100182
66689463168,67100183
66689463168,67100188
66689463168,67100189
66689463168,67100191
66689463168,67100192
66689463168,67100195
66689463168,67100200
66689463168,67100216
66689463168,67100218
66689463168,67100225
66689463168,67100230
66689463168,67100231
66689463168,67100240
66689463168,67100241
66689463168,67100269
66689463168,67100300
66689463168,67100301
66689463168,67101914
66689463168,67102272
66689463168,67102274
66689463168,67102280
66689463168,67102451
66689463168,67102819
66689463168,67103124
66689463168,67108594
66689463168,67108595
99487559808,131243
99487559808,131244
99487559808,131245
99487559808,131248
99487559808,131249
99487559808,131250
99487559808,131251
99487559808,131252
99487559808,131253
99487559808,131255
99487559808,131260
99487559808,67100312
99487559808,67100320
99487559808,67100321
99487559808,67100322
99487559808,67100324
99487559808,67100326
99487559808,67100327
99487559808,67100328
99487559808,67100330
99487559808,67100331
99487559808,67100332
99487559808,67100334
99487559808,67100335
99487559808,67100336
99487559808,67100338
99487559808,67100339
99487559808,67100340
99487559808,67100358
99487559808,67100365
99487559808,67100373
99487559808,67100375
99487559808,67100529
99487559808,67101332
99487559808,67101430
99487559808,67101495
99487559808,67101559
99487559808,67101562
99487559808,67101565
99487559808,67101572
99487559808,67101574
99487559808,67101599
99487559808,67101651
99487559808,67101658
99487559808,67101667
99487559808,67101672
99487559808,67101682
99487559808,67101683
99487559808,67101697
99487559808,67101711
99487559808,67101712
99487559808,67101731
99487559808,67101777
99487559808,67101778
99487559808,67101858
99487559808,67101998
99487559808,67102027
99487559808,67102136
99487559808,67102155
99487559808,67102164
99487559808,67102183
99487559808,67102187
99487559808,67102198
99487559808,67102211
99487559808,67102217
99487559808,67102219
99487559808,67102223
99487559808,67102226
99487559808,67102229
99487559808,67102230
99487559808,67102237
99487559808,67102254
99487559808,67102255
99487559808,67102260
99487559808,67102271
99487559808,67102273
99487559808,67102285
99487559808,67102286
99487559808,67102289
99487559808,67102297
99487559808,67102381
99487559808,67102437
99487559808,67102445
99487559808,67102447
99487559808,67102460
99487559808,67102464
99487559808,67102470
99487559808,67102480
99487559808,67102494
99487559808,67102498
99487559808,67102500
99487559808,67102501
99487559808,67102502
99487559808,67102531
99487559808,67102564
99487559808,67102567
99487559808,67102568
99487559808,67102582
99487559808,67102583
99487559808,67102584
99487559808,67102591
99487559808,67102652
99487559808,67102660
99487559808,67102686
99487559808,67102705
99487559808,67102721
99487559808,67102723
99487559808,67102727
99487559808,67102730
99487559808,67102733
99487559808,67102747
99487559808,67102768
99487559808,67102773
99487559808,67102792
99487559808,67102805
99487559808,67102806
99487559808,67102817
99487559808,67102832
99487559808,67102849
99487559808,67102852
99487559808,67102853
99487559808,67102859
99487559808,67102861
99487559808,67102882
99487559808,67102883
99487559808,67102903
99487559808,67102911
99487559808,67102944
99487559808,67102978
99487559808,67102980
99487559808,67102996
99487559808,67103000
99487559808,67103006
99487559808,67103018
99487559808,67103032
99487559808,67103035
99487559808,67103038
99487559808,67103041
99487559808,67103043
99487559808,67103047
99487559808,67103053
99487559808,67103071
99487559808,67103082
99487559808,67103101
99487559808,67103106
99487559808,67103108
99487559808,67103112
99487559808,67103114
99487559808,67103121
99487559808,67103125
99487559808,67103126
99487559808,67103127
99487559808,67103132
99487559808,67103134
99487559808,67103141
99487559808,67103144
99487559808,67103145
99487559808,67103194
99487559808,67103214
99487559808,67103217
99487559808,67103229
99487559808,67103238
99487559808,67103256
99487559808,67103270
99487559808,67103278
99487559808,67103299
99487559808,67103313
99487559808,67103315
99487559808,67103324
99487559808,67103325
99487559808,67103327
99487559808,67103335
99487559808,67103336
99487559808,67103346
99487559808,67103350
99487559808,67103358
99487559808,67103362
99487559808,67103365
99487559808,67103366
99487559808,67103368
99487559808,67103372
99487559808,67103374
99487559808,67103375
99487559808,67103377
99487559808,67103378
99487559808,67103382
99487559808,67103385
99487559808,67103391
99487559808,67103392
99487559808,67103395
99487559808,67103407
99487559808,67103409
99487559808,67103410
99487559808,67103423
99487559808,67103427
99487559808,67103439
99487559808,67103441
99487559808,67103442
99487559808,67103443
99487559808,67103444
99487559808,67103445
99487559808,67103454
99487559808,67103455
99487559808,67103461
99487559808,67103473
99487559808,67103478
99487559808,67103490
99487559808,67103494
99487559808,67103497
99487559808,67103498
99487559808,67103501
99487559808,67103505
99487559808,67103508
99487559808,67103529
99487559808,67103532
99487559808,67103534
99487559808,67103548
99487559808,67103567
99487559808,67103570
99487559808,67103591
99487559808,67103619
99487559808,67103628
99487559808,67103629
99487559808,67103633
99487559808,67103639
99487559808,67103657
99487559808,67103663
99487559808,67103666
99487559808,67103674
99487559808,67103681
99487559808,67103682
99487559808,67103685
99487559808,67103686
99487559808,67103687
99487559808,67103693
99487559808,67103695
99487559808,67103696
99487559808,67103697
99487559808,67103701
99487559808,67103707
99487559808,67103719
99487559808,67103721
99487559808,67103756
99487559808,67103765
99487559808,67103771
99487559808,67103772
99487559808,67103780
99487559808,67103788
99487559808,67103789
99487559808,67103790
99487559808,67103796
99487559808,67103810
99487559808,67103821
99487559808,67103840
99487559808,67103848
99487559808,67103851
99487559808,67103852
99487559808,67103864
99487559808,67103865
99487559808,67103870
99487559808,67103871
99487559808,67103893
99487559808,67103894
99487559808,67103897
99487559808,67103910
99487559808,67103913
99487559808,67103919
99487559808,67103926
99487559808,67103929
99487559808,67103937
99487559808,67103940
99487559808,67103949
99487559808,67103951
99487559808,67103953
99487559808,67103956
99487559808,67103963
99487559808,67103978
99487559808,67103985
99487559808,67104001
99487559808,67104006
99487559808,67104009
99487559808,67104018
99487559808,67104027
99487559808,67104038
99487559808,67104047
99487559808,67104064
99487559808,67104098
99487559808,67104103
99487559808,67104111
99487559808,67104119
99487559808,67104132
99487559808,67104134
99487559808,67104153
99487559808,67104164
99487559808,67104175
99487559808,67104179
99487559808,67104182
99487559808,67104191
99487559808,67104203
99487559808,67104208
99487559808,67104210
99487559808,67104223
99487559808,67104229
99487559808,67104235
99487559808,67104237
99487559808,67104245
99487559808,67104256
99487559808,67104258
99487559808,67104263
99487559808,67104284
99487559808,67104302
99487559808,67104315
99487559808,67104316
99487559808,67104319
99487559808,67104328
99487559808,67104329
99487559808,67104331
99487559808,67104342
99487559808,67104345
99487559808,67104350
99487559808,67104351
99487559808,67104352
99487559808,67104365
99487559808,67104373
99487559808,67104379
99487559808,67104389
99487559808,67104391
99487559808,67104393
99487559808,67104396
99487559808,67104405
99487559808,67104406
99487559808,67104410
99487559808,67104430
99487559808,67104440
99487559808,67104455
99487559808,67104459
99487559808,67104460
99487559808,67104462
99487559808,67104463
99487559808,67104464
99487559808,67104469
99487559808,67104478
99487559808,67104483
99487559808,67104484
99487559808,67104490
99487559808,67104492
99487559808,67104500
99487559808,67104503
99487559808,67104515
99487559808,67104526
99487559808,67104565
99487559808,67104568
99487559808,67104574
99487559808,67104578
99487559808,67104589
99487559808,67104604
99487559808,67104608
99487559808,67104610
99487559808,67104611
99487559808,67104619
99487559808,67104625
99487559808,67104627
99487559808,67104632
99487559808,67104638
99487559808,67104645
99487559808,67104667
99487559808,67104674
99487559808,67104680
99487559808,67104698
99487559808,67104701
99487559808,67104705
99487559808,67104709
99487559808,67104731
99487559808,67104732
99487559808,67104758
99487559808,67104759
99487559808,67104764
99487559808,67104767
99487559808,67104772
99487559808,67104773
99487559808,67104775
99487559808,67104781
99487559808,67104782
99487559808,67104790
99487559808,67104800
99487559808,67104809
99487559808,67104810
99487559808,67104815
99487559808,67104816
99487559808,67104819
99487559808,67104830
99487559808,67104838
99487559808,67104846
99487559808,67104854
99487559808,67104881
99487559808,67104882
99487559808,67104883
99487559808,67104885
99487559808,67104893
99487559808,67104895
99487559808,67104913
99487559808,67104914
99487559808,67104932
99487559808,67104935
99487559808,67104939
99487559808,67104943
99487559808,67104948
99487559808,67104949
99487559808,67104971
99487559808,67104976
99487559808,67104977
99487559808,67104988
99487559808,67104994
99487559808,67105001
99487559808,67105002
99487559808,67105003
99487559808,67105007
99487559808,67105009
99487559808,67105015
99487559808,67105025
99487559808,67105035
99487559808,67105040
99487559808,67105047
99487559808,67105050
99487559808,67105054
99487559808,67105058
99487559808,67105063
99487559808,67105076
99487559808,67105086
99487559808,67105094
99487559808,67105117
99487559808,67105132
99487559808,67105137
99487559808,67105152
99487559808,67105161
99487559808,67105164
99487559808,67105211
99487559808,67105223
99487559808,67105227
99487559808,67105231
99487559808,67105246
99487559808,67105258
99487559808,67105271
99487559808,67105277
99487559808,67105295
99487559808,67105297
99487559808,67105305
99487559808,67105328
99487559808,67105329
99487559808,67105334
99487559808,67105335
99487559808,67105357
99487559808,67105386
99487559808,67105416
99487559808,67105440
99487559808,67105459
99487559808,67105464
99487559808,67105468
99487559808,67105510
99487559808,67105529
99487559808,67105549
99487559808,67105576
99487559808,67105604
99487559808,67105630
99487559808,67105664
99487559808,67105765
99487559808,67105787
99487559808,67105814
99487559808,67105904
99487559808,67105910
99487559808,67105912
99487559808,67105921
99487559808,67105923
99487559808,67105928
99487559808,67105935
99487559808,67105954
99487559808,67105957
99487559808,67105986
99487559808,67105988
99487559808,67106052
99487559808,67106060
99487559808,67106065
99487559808,67106067
99487559808,67106086
99487559808,67106116
99487559808,67106124
99487559808,67106685
99487559808,67106845
99487559808,67106900
99487559808,67107021
99487559808,67107054
99487559808,67108614
99487559808,67108615
99487559808,67108616
99487559808,67108618
99487559808,67108620
99487559808,67108621
99487559808,67108622
99487559808,67108624
99487559808,67108625
99487559808,67108626
99487559808,67108628
99487559808,67108629
99487559808,67108630
99487559808,67108631
99487559808,67108632
99487559808,67108633
99487559808,67108634
99487559808,67108653
99487559808,67108659
99487559808,67108668
99487559808,67108669
132285656448,131247
132285656448,131254
132285656448,131256
132285656448,67100250
132285656448,67100266
132285656448,67100273
132285656448,67100278
132285656448,67100279
132285656448,67100285
132285656448,67100290
132285656448,67100333
132285656448,67100337
132285656448,67100359
132285656448,67100360
132285656448,67100361
132285656448,67100362
132285656448,67100363
132285656448,67100364
132285656448,67100366
132285656448,67100367
132285656448,67100368
132285656448,67100369
132285656448,67100370
132285656448,67100371
132285656448,67100372
132285656448,67100374
132285656448,67100377
132285656448,67100378
132285656448,67100379
132285656448,67100380
132285656448,67100724
132285656448,67101412
132285656448,67101526
132285656448,67101527
132285656448,67101538
132285656448,67101555
132285656448,67101556
132285656448,67101568
132285656448,67101600
132285656448,67101612
132285656448,67101624
132285656448,67101626
132285656448,67101647
132285656448,67101661
132285656448,67101673
132285656448,67101681
132285656448,67101696
132285656448,67101704
132285656448,67101714
132285656448,67101715
132285656448,67101716
132285656448,67101717
132285656448,67101720
132285656448,67101721
132285656448,67101754
132285656448,67101790
132285656448,67101791
132285656448,67101793
132285656448,67101794
132285656448,67101803
132285656448,67101808
132285656448,67101815
132285656448,67101857
132285656448,67101867
132285656448,67101883
132285656448,67101892
132285656448,67101898
132285656448,67101900
132285656448,67101901
132285656448,67101903
132285656448,67101908
132285656448,67101910
132285656448,67101957
132285656448,67101982
132285656448,67102018
132285656448,67102046
132285656448,67102058
132285656448,67102065
132285656448,67102071
132285656448,67102076
132285656448,67102079
132285656448,67102094
132285656448,67102097
132285656448,67102102
132285656448,67102112
132285656448,67102119
132285656448,67102122
132285656448,67102133
132285656448,67102135
132285656448,67102141
132285656448,67102147
132285656448,67102154
132285656448,67102158
132285656448,67102166
132285656448,67102173
132285656448,67102180
132285656448,67102181
132285656448,67102197
132285656448,67102200
132285656448,67102201
132285656448,67102210
132285656448,67102212
132285656448,67102215
132285656448,67102216
132285656448,67102225
132285656448,67102238
132285656448,67102240
132285656448,67102251
132285656448,67102252
132285656448,67102256
132285656448,67102258
132285656448,67102263
132285656448,67102266
132285656448,67102267
132285656448,67102275
132285656448,67102283
132285656448,67102316
132285656448,67102321
132285656448,67102327
132285656448,67102363
132285656448,67102369
132285656448,67102377
132285656448,67102380
132285656448,67102385
132285656448,67102417
132285656448,67102424
132285656448,67102428
132285656448,67102444
132285656448,67102454
132285656448,67102476
132285656448,67102479
132285656448,67102486
132285656448,67102497
132285656448,67102525
132285656448,67102526
132285656448,67102530
132285656448,67102539
132285656448,67102550
132285656448,67102561
132285656448,67102566
132285656448,67102575
132285656448,67102577
132285656448,67102581
132285656448,67102595
132285656448,67102600
132285656448,67102612
132285656448,67102616
132285656448,67102617
132285656448,67102618
132285656448,67102623
132285656448,67102626
132285656448,67102648
132285656448,67102649
132285656448,67102651
132285656448,67102680
132285656448,67102681
132285656448,67102682
132285656448,67102688
132285656448,67102695
132285656448,67102696
132285656448,67102697
132285656448,67102701
132285656448,67102704
132285656448,67102706
132285656448,67102708
132285656448,67102710
132285656448,67102712
132285656448,67102713
132285656448,67102725
132285656448,67102726
132285656448,67102743
132285656448,67102746
132285656448,67102748
132285656448,67102753
132285656448,67102759
132285656448,67102769
132285656448,67102781
132285656448,67102782
132285656448,67102786
132285656448,67102794
132285656448,67102807
132285656448,67102808
132285656448,67102812
132285656448,67102821
132285656448,67102824
132285656448,67102825
132285656448,67102826
132285656448,67102827
132285656448,67102828
132285656448,67102829
132285656448,67102830
132285656448,67102844
132285656448,67102845
132285656448,67102846
132285656448,67102847
132285656448,67102854
132285656448,67102855
132285656448,67102856
132285656448,67102877
132285656448,67102892
132285656448,67102896
132285656448,67102898
132285656448,67102899
132285656448,67102904
132285656448,67102913
132285656448,67102923
132285656448,67102925
132285656448,67102932
132285656448,67102934
132285656448,67102948
132285656448,67102949
132285656448,67102950
132285656448,67102956
132285656448,67102960
132285656448,67102962
132285656448,67102964
132285656448,67102981
132285656448,67102982
132285656448,67102988
132285656448,67102990
132285656448,67103007
132285656448,67103020
132285656448,67103031
132285656448,67103033
132285656448,67103036
132285656448,67103037
132285656448,67103040
132285656448,67103070
132285656448,67103075
132285656448,67103088
132285656448,67103109
132285656448,67103113
132285656448,67103118
132285656448,67103122
132285656448,67103139
132285656448,67103143
132285656448,67103151
132285656448,67103157
132285656448,67103159
132285656448,67103162
132285656448,67103167
132285656448,67103169
132285656448,67103172
132285656448,67103173
132285656448,67103175
132285656448,67103177
132285656448,67103178
132285656448,67103179
132285656448,67103181
132285656448,67103182
132285656448,67103186
132285656448,67103191
132285656448,67103197
132285656448,67103201
132285656448,67103213
132285656448,67103249
132285656448,67103258
132285656448,67103262
132285656448,67103266
132285656448,67103277
132285656448,67103285
132285656448,67103290
132285656448,67103296
132285656448,67103297
132285656448,67103298
132285656448,67103300
132285656448,67103307
132285656448,67103309
132285656448,67103310
132285656448,67103311
132285656448,67103316
132285656448,67103317
132285656448,67103320
132285656448,67103326
132285656448,67103339
132285656448,67103349
132285656448,67103352
132285656448,67103353
132285656448,67103357
132285656448,67103361
132285656448,67103364
132285656448,67103367
132285656448,67103384
132285656448,67103413
132285656448,67103417
132285656448,67103429
132285656448,67103434
132285656448,67103440
132285656448,67103450
132285656448,67103470
132285656448,67103491
132285656448,67103492
132285656448,67103493
132285656448,67103495
132285656448,67103521
132285656448,67103525
132285656448,67103533
132285656448,67103539
132285656448,67103556
132285656448,67103560
132285656448,67103564
132285656448,67103571
132285656448,67103572
132285656448,67103585
132285656448,67103588
132285656448,67103594
132285656448,67103595
132285656448,67103607
132285656448,67103608
132285656448,67103609
132285656448,67103610
132285656448,67103612
132285656448,67103622
132285656448,67103626
132285656448,67103627
132285656448,67103632
132285656448,67103644
132285656448,67103647
132285656448,67103648
132285656448,67103659
132285656448,67103661
132285656448,67103664
132285656448,67103665
132285656448,67103669
132285656448,67103683
132285656448,67103706
132285656448,67103710
132285656448,67103712
132285656448,67103718
132285656448,67103720
132285656448,67103725
132285656448,67103737
132285656448,67103745
132285656448,67103762
132285656448,67103763
132285656448,67103777
132285656448,67103786
132285656448,67103793
132285656448,67103799
132285656448,67103800
132285656448,67103801
132285656448,67103814
132285656448,67103823
132285656448,67103835
132285656448,67103845
132285656448,67103849
132285656448,67103850
132285656448,67103859
132285656448,67103863
132285656448,67103874
132285656448,67103876
132285656448,67103878
132285656448,67103879
132285656448,67103914
132285656448,67103922
132285656448,67103925
132285656448,67103952
132285656448,67103984
132285656448,67103991
132285656448,67103995
132285656448,67104007
132285656448,67104021
132285656448,67104029
132285656448,67104046
132285656448,67104059
132285656448,67104065
132285656448,67104071
132285656448,67104076
132285656448,67104077
132285656448,67104096
132285656448,67104100
132285656448,67104104
132285656448,67104112
132285656448,67104114
132285656448,67104120
132285656448,67104152
132285656448,67104156
132285656448,67104157
132285656448,67104162
132285656448,67104172
132285656448,67104174
132285656448,67104177
132285656448,67104194
132285656448,67104213
132285656448,67104215
132285656448,67104246
132285656448,67104253
132285656448,67104260
132285656448,67104292
132285656448,67104295
132285656448,67104299
132285656448,67104378
132285656448,67104385
132285656448,67104394
132285656448,67104398
132285656448,67104436
132285656448,67104452
132285656448,67104457
132285656448,67104471
132285656448,67104473
132285656448,67104488
132285656448,67104489
132285656448,67104587
132285656448,67104593
132285656448,67104646
132285656448,67104678
132285656448,67104679
132285656448,67104685
132285656448,67104690
132285656448,67104720
132285656448,67104721
132285656448,67104724
132285656448,67104727
132285656448,67104743
132285656448,67104778
132285656448,67104793
132285656448,67104804
132285656448,67104811
132285656448,67104814
132285656448,67104818
132285656448,67104823
132285656448,67104835
132285656448,67104865
132285656448,67104930
132285656448,67104952
132285656448,67104964
132285656448,67105023
132285656448,67105074
132285656448,67105090
132285656448,67105091
132285656448,67105166
132285656448,67105168
132285656448,67105169
132285656448,67105170
132285656448,67105171
132285656448,67105172
132285656448,67105173
132285656448,67105174
132285656448,67105175
132285656448,67105176
132285656448,67105177
132285656448,67105180
132285656448,67105181
132285656448,67105182
132285656448,67105183
132285656448,67105184
132285656448,67105185
132285656448,67105187
132285656448,67105203
132285656448,67105239
132285656448,67105248
132285656448,67105256
132285656448,67105272
132285656448,67105276
132285656448,67105282
132285656448,67105290
132285656448,67105299
132285656448,67105302
132285656448,67105342
132285656448,67105359
132285656448,67105360
132285656448,67105361
132285656448,67105362
132285656448,67105363
132285656448,67105367
132285656448,67105385
132285656448,67105431
132285656448,67105475
132285656448,67105504
132285656448,67105605
132285656448,67105647
132285656448,67105691
132285656448,67105696
132285656448,67105711
132285656448,67105803
132285656448,67105822
132285656448,67105866
132285656448,67105870
132285656448,67105902
132285656448,67105930
132285656448,67106110
132285656448,67108627
132285656448,67108652
132285656448,67108654
132285656448,67108655
132285656448,67108656
132285656448,67108657
132285656448,67108658
132285656448,67108660
132285656448,67108661
132285656448,67108662
132285656448,67108663
132285656448,67108664
132285656448,67108665
132285656448,67108666
132285656448,67108667
132285656448,67108670
132285656448,67108671
132285656448,67108672
132285656448,67108673
132285656448,67108674
165083753088,131246
165083753088,67100382
165083753088,67100521
165083753088,67100706
165083753088,67101327
165083753088,67101378
165083753088,67101380
165083753088,67101427
165083753088,67101448
165083753088,67101472
165083753088,67101484
165083753088,67101492
165083753088,67101497
165083753088,67101498
165083753088,67101501
165083753088,67101511
165083753088,67101516
165083753088,67101517
165083753088,67101524
165083753088,67101531
165083753088,67101535
165083753088,67101540
165083753088,67101541
165083753088,67101558
165083753088,67101578
165083753088,67101602
165083753088,67101603
165083753088,67101604
165083753088,67101605
165083753088,67101606
165083753088,67101617
165083753088,67101628
165083753088,67101641
165083753088,67101648
165083753088,67101652
165083753088,67101654
165083753088,67101655
165083753088,67101659
165083753088,67101662
165083753088,67101668
165083753088,67101676
165083753088,67101677
165083753088,67101689
165083753088,67101698
165083753088,67101700
165083753088,67101706
165083753088,67101713
165083753088,67101722
165083753088,67101730
165083753088,67101733
165083753088,67101735
165083753088,67101739
165083753088,67101747
165083753088,67101751
165083753088,67101753
165083753088,67101767
165083753088,67101770
165083753088,67101774
165083753088,67101779
165083753088,67101782
165083753088,67101784
165083753088,67101788
165083753088,67101797
165083753088,67101800
165083753088,67101805
165083753088,67101817
165083753088,67101818
165083753088,67101819
165083753088,67101824
165083753088,67101840
165083753088,67101842
165083753088,67101850
165083753088,67101854
165083753088,67101860
165083753088,67101862
165083753088,67101865
165083753088,67101866
165083753088,67101882
165083753088,67101885
165083753088,67101888
165083753088,67101894
165083753088,67101897
165083753088,67101906
165083753088,67101918
165083753088,67101922
165083753088,67101924
165083753088,67101926
165083753088,67101929
165083753088,67101977
165083753088,67101979
165083753088,67102003
165083753088,67102013
165083753088,67102014
165083753088,67102023
165083753088,67102024
165083753088,67102028
165083753088,67102030
165083753088,67102033
165083753088,67102038
165083753088,67102067
165083753088,67102082
165083753088,67102088
165083753088,67102098
165083753088,67102100
165083753088,67102107
165083753088,67102110
165083753088,67102120
165083753088,67102128
165083753088,67102129
165083753088,67102132
165083753088,67102134
165083753088,67102144
165083753088,67102145
165083753088,67102151
165083753088,67102152
165083753088,67102153
165083753088,67102157
165083753088,67102179
165083753088,67102185
165083753088,67102191
165083753088,67102192
165083753088,67102194
165083753088,67102203
165083753088,67102204
165083753088,67102205
165083753088,67102206
165083753088,67102207
165083753088,67102213
165083753088,67102227
165083753088,67102241
165083753088,67102244
165083753088,67102245
165083753088,67102257
165083753088,67102265
165083753088,67102269
165083753088,67102276
165083753088,67102277
165083753088,67102284
165083753088,67102290
165083753088,67102291
165083753088,67102299
165083753088,67102305
165083753088,67102306
165083753088,67102308
165083753088,67102309
165083753088,67102310
165083753088,67102311
165083753088,67102314
165083753088,67102315
165083753088,67102319
165083753088,67102320
165083753088,67102323
165083753088,67102325
165083753088,67102326
165083753088,67102328
165083753088,67102367
165083753088,67102379
165083753088,67102383
165083753088,67102387
165083753088,67102404
165083753088,67102411
165083753088,67102413
165083753088,67102416
165083753088,67102423
165083753088,67102426
165083753088,67102433
165083753088,67102434
165083753088,67102438
165083753088,67102448
165083753088,67102449
165083753088,67102455
165083753088,67102456
165083753088,67102462
165083753088,67102465
165083753088,67102466
165083753088,67102468
165083753088,67102471
165083753088,67102472
165083753088,67102481
165083753088,67102491
165083753088,67102499
165083753088,67102505
165083753088,67102507
165083753088,67102509
165083753088,67102511
165083753088,67102514
165083753088,67102522
165083753088,67102523
165083753088,67102529
165083753088,67102535
165083753088,67102543
165083753088,67102549
165083753088,67102558
165083753088,67102563
165083753088,67102571
165083753088,67102572
165083753088,67102574
165083753088,67102580
165083753088,67102585
165083753088,67102586
165083753088,67102587
165083753088,67102594
165083753088,67102596
165083753088,67102599
165083753088,67102602
165083753088,67102607
165083753088,67102608
165083753088,67102610
165083753088,67102614
165083753088,67102620
165083753088,67102627
165083753088,67102637
165083753088,67102646
165083753088,67102650
165083753088,67102657
165083753088,67102659
165083753088,67102667
165083753088,67102677
165083753088,67102689
165083753088,67102694
165083753088,67102703
165083753088,67102707
165083753088,67102714
165083753088,67102717
165083753088,67102724
165083753088,67102736
165083753088,67102740
165083753088,67102749
165083753088,67102751
165083753088,67102752
165083753088,67102757
165083753088,67102758
165083753088,67102760
165083753088,67102763
165083753088,67102774
165083753088,67102777
165083753088,67102780
165083753088,67102785
165083753088,67102787
165083753088,67102798
165083753088,67102799
165083753088,67102823
165083753088,67102838
165083753088,67102841
165083753088,67102842
165083753088,67102887
165083753088,67102895
165083753088,67102909
165083753088,67102910
165083753088,67102916
165083753088,67102921
165083753088,67102922
165083753088,67102926
165083753088,67102930
165083753088,67102941
165083753088,67102942
165083753088,67102955
165083753088,67102957
165083753088,67102958
165083753088,67102965
165083753088,67102967
165083753088,67102968
165083753088,67102977
165083753088,67102984
165083753088,67102997
165083753088,67103001
165083753088,67103002
165083753088,67103023
165083753088,67103025
165083753088,67103028
165083753088,67103042
165083753088,67103045
165083753088,67103046
165083753088,67103048
165083753088,67103060
165083753088,67103085
165083753088,67103096
165083753088,67103110
165083753088,67103111
165083753088,67103135
165083753088,67103137
165083753088,67103147
165083753088,67103149
165083753088,67103166
165083753088,67103174
165083753088,67103184
165083753088,67103193
165083753088,67103196
165083753088,67103211
165083753088,67103215
165083753088,67103218
165083753088,67103222
165083753088,67103224
165083753088,67103232
165083753088,67103239
165083753088,67103241
165083753088,67103242
165083753088,67103252
165083753088,67103260
165083753088,67103265
165083753088,67103268
165083753088,67103271
165083753088,67103279
165083753088,67103283
165083753088,67103292
165083753088,67103312
165083753088,67103329
165083753088,67103376
165083753088,67103386
165083753088,67103397
165083753088,67103408
165083753088,67103416
165083753088,67103428
165083753088,67103432
165083753088,67103452
165083753088,67103458
165083753088,67103460
165083753088,67103462
165083753088,67103463
165083753088,67103464
165083753088,67103467
165083753088,67103468
165083753088,67103471
165083753088,67103477
165083753088,67103488
165083753088,67103503
165083753088,67103509
165083753088,67103510
165083753088,67103511
165083753088,67103522
165083753088,67103523
165083753088,67103526
165083753088,67103530
165083753088,67103537
165083753088,67103554
165083753088,67103559
165083753088,67103575
165083753088,67103583
165083753088,67103598
165083753088,67103614
165083753088,67103615
165083753088,67103620
165083753088,67103625
165083753088,67103630
165083753088,67103635
165083753088,67103660
165083753088,67103671
165083753088,67103673
165083753088,67103679
165083753088,67103680
165083753088,67103699
165083753088,67103700
165083753088,67103702
165083753088,67103732
165083753088,67103755
165083753088,67103759
165083753088,67103770
165083753088,67103775
165083753088,67103778
165083753088,67103782
165083753088,67103784
165083753088,67103795
165083753088,67103803
165083753088,67103804
165083753088,67103813
165083753088,67103816
165083753088,67103822
165083753088,67103827
165083753088,67103828
165083753088,67103829
165083753088,67103847
165083753088,67103861
165083753088,67103868
165083753088,67103872
165083753088,67103884
165083753088,67103887
165083753088,67103899
165083753088,67103907
165083753088,67103924
165083753088,67103931
165083753088,67103976
165083753088,67103993
165083753088,67103997
165083753088,67104013
165083753088,67104016
165083753088,67104022
165083753088,67104037
165083753088,67104040
165083753088,67104045
165083753088,67104056
165083753088,67104072
165083753088,67104075
165083753088,67104079
165083753088,67104088
165083753088,67104089
165083753088,67104092
165083753088,67104093
165083753088,67104097
165083753088,67104125
165083753088,67104135
165083753088,67104170
165083753088,67104190
165083753088,67104195
165083753088,67104202
165083753088,67104204
165083753088,67104220
165083753088,67104243
165083753088,67104251
165083753088,67104252
165083753088,67104262
165083753088,67104266
165083753088,67104268
165083753088,67104270
165083753088,67104283
165083753088,67104317
165083753088,67104321
165083753088,67104324
165083753088,67104327
165083753088,67104343
165083753088,67104346
165083753088,67104349
165083753088,67104358
165083753088,67104362
165083753088,67104376
165083753088,67104425
165083753088,67104426
165083753088,67104427
165083753088,67104429
165083753088,67104444
165083753088,67104450
165083753088,67104474
165083753088,67104510
165083753088,67104523
165083753088,67104528
165083753088,67104538
165083753088,67104541
165083753088,67104555
165083753088,67104560
165083753088,67104561
165083753088,67104572
165083753088,67104576
165083753088,67104580
165083753088,67104581
165083753088,67104600
165083753088,67104602
165083753088,67104617
165083753088,67104635
165083753088,67104644
165083753088,67104650
165083753088,67104703
165083753088,67104713
165083753088,67104716
165083753088,67104745
165083753088,67104763
165083753088,67104769
165083753088,67104803
165083753088,67104812
165083753088,67104817
165083753088,67104825
165083753088,67104833
165083753088,67104894
165083753088,67104899
165083753088,67104910
165083753088,67104919
165083753088,67104928
165083753088,67104929
165083753088,67104942
165083753088,67105012
165083753088,67105017
165083753088,67105021
165083753088,67105077
165083753088,67105092
165083753088,67105096
165083753088,67105165
165083753088,67105179
165083753088,67105212
165083753088,67105213
165083753088,67105219
165083753088,67105300
165083753088,67105306
165083753088,67105312
165083753088,67105316
165083753088,67105511
165083753088,67105586
165083753088,67105613
165083753088,67105663
165083753088,67105679
165083753088,67105689
165083753088,67105694
165083753088,67105738
165083753088,67105739
165083753088,67105777
165083753088,67105818
165083753088,67105821
165083753088,67105823
165083753088,67105929
165083753088,67107178
165083753088,67108676
197881849728,67100267
197881849728,67100281
197881849728,67100283
197881849728,67100286
197881849728,67100287
197881849728,67100288
197881849728,67100291
197881849728,67100293
197881849728,67100296
197881849728,67100297
197881849728,67100298
197881849728,67100718
197881849728,67101285
197881849728,67101291
197881849728,67101305
197881849728,67101312
197881849728,67101318
197881849728,67101335
197881849728,67101339
197881849728,67101342
197881849728,67101409
197881849728,67101445
197881849728,67101474
197881849728,67101534
197881849728,67101552
197881849728,67101569
197881849728,67101577
197881849728,67101593
197881849728,67101610
197881849728,67101614
197881849728,67101627
197881849728,67101642
197881849728,67101660
197881849728,67101678
197881849728,67101685
197881849728,67101686
197881849728,67101701
197881849728,67101702
197881849728,67101718
197881849728,67101719
197881849728,67101729
197881849728,67101738
197881849728,67101741
197881849728,67101749
197881849728,67101750
197881849728,67101758
197881849728,67101763
197881849728,67101768
197881849728,67101781
197881849728,67101802
197881849728,67101809
197881849728,67101811
197881849728,67101813
197881849728,67101820
197881849728,67101821
197881849728,67101823
197881849728,67101839
197881849728,67101849
197881849728,67101889
197881849728,67101893
197881849728,67101913
197881849728,67101917
197881849728,67101925
197881849728,67101947
197881849728,67101949
197881849728,67101956
197881849728,67102007
197881849728,67102036
197881849728,67102052
197881849728,67102075
197881849728,67102085
197881849728,67102127
197881849728,67102165
197881849728,67102177
197881849728,67102189
197881849728,67102196
197881849728,67102222
197881849728,67102228
197881849728,67102287
197881849728,67102313
197881849728,67102322
197881849728,67102324
197881849728,67102341
197881849728,67102375
197881849728,67102382
197881849728,67102386
197881849728,67102390
197881849728,67102392
197881849728,67102436
197881849728,67102440
197881849728,67102450
197881849728,67102453
197881849728,67102457
197881849728,67102458
197881849728,67102482
197881849728,67102488
197881849728,67102493
197881849728,67102517
197881849728,67102521
197881849728,67102524
197881849728,67102528
197881849728,67102534
197881849728,67102537
197881849728,67102560
197881849728,67102593
197881849728,67102603
197881849728,67102605
197881849728,67102606
197881849728,67102630
197881849728,67102635
197881849728,67102636
197881849728,67102644
197881849728,67102645
197881849728,67102658
197881849728,67102661
197881849728,67102664
197881849728,67102669
197881849728,67102670
197881849728,67102673
197881849728,67102674
197881849728,67102679
197881849728,67102684
197881849728,67102731
197881849728,67102732
197881849728,67102741
197881849728,67102742
197881849728,67102755
197881849728,67102756
197881849728,67102761
197881849728,67102764
197881849728,67102767
197881849728,67102789
197881849728,67102791
197881849728,67102793
197881849728,67102795
197881849728,67102801
197881849728,67102810
197881849728,67102813
197881849728,67102816
197881849728,67102822
197881849728,67102835
197881849728,67102836
197881849728,67102837
197881849728,67102840
197881849728,67102860
197881849728,67102875
197881849728,67102897
197881849728,67102906
197881849728,67102908
197881849728,67102915
197881849728,67102928
197881849728,67102933
197881849728,67102947
197881849728,67102951
197881849728,67102972
197881849728,67102975
197881849728,67102992
197881849728,67103021
197881849728,67103024
197881849728,67103054
197881849728,67103095
197881849728,67103115
197881849728,67103129
197881849728,67103133
197881849728,67103142
197881849728,67103163
197881849728,67103168
197881849728,67103171
197881849728,67103206
197881849728,67103212
197881849728,67103221
197881849728,67103223
197881849728,67103225
197881849728,67103230
197881849728,67103247
197881849728,67103248
197881849728,67103261
197881849728,67103264
197881849728,67103267
197881849728,67103284
197881849728,67103286
197881849728,67103287
197881849728,67103293
197881849728,67103304
197881849728,67103314
197881849728,67103318
197881849728,67103323
197881849728,67103333
197881849728,67103337
197881849728,67103338
197881849728,67103341
197881849728,67103342
197881849728,67103343
197881849728,67103345
197881849728,67103347
197881849728,67103380
197881849728,67103388
197881849728,67103389
197881849728,67103394
197881849728,67103420
197881849728,67103421
197881849728,67103425
197881849728,67103431
197881849728,67103436
197881849728,67103437
197881849728,67103449
197881849728,67103475
197881849728,67103500
197881849728,67103502
197881849728,67103504
197881849728,67103506
197881849728,67103514
197881849728,67103515
197881849728,67103516
197881849728,67103520
197881849728,67103528
197881849728,67103538
197881849728,67103540
197881849728,67103546
197881849728,67103563
197881849728,67103565
197881849728,67103566
197881849728,67103569
197881849728,67103573
197881849728,67103580
197881849728,67103582
197881849728,67103586
197881849728,67103606
197881849728,67103611
197881849728,67103616
197881849728,67103617
197881849728,67103624
197881849728,67103634
197881849728,67103655
197881849728,67103692
197881849728,67103698
197881849728,67103703
197881849728,67103726
197881849728,67103736
197881849728,67103738
197881849728,67103741
197881849728,67103743
197881849728,67103744
197881849728,67103753
197881849728,67103769
197881849728,67103776
197881849728,67103781
197881849728,67103791
197881849728,67103797
197881849728,67103805
197881849728,67103838
197881849728,67103839
197881849728,67103846
197881849728,67103867
197881849728,67103889
197881849728,67103898
197881849728,67103902
197881849728,67103904
197881849728,67103912
197881849728,67103930
197881849728,67103933
197881849728,67103935
197881849728,67103936
197881849728,67103938
197881849728,67103939
197881849728,67103942
197881849728,67103943
197881849728,67103944
197881849728,67103945
197881849728,67103946
197881849728,67103948
197881849728,67103950
197881849728,67103957
197881849728,67103959
197881849728,67103961
197881849728,67103965
197881849728,67103968
197881849728,67103979
197881849728,67103983
197881849728,67103987
197881849728,67103989
197881849728,67103994
197881849728,67103996
197881849728,67103999
197881849728,67104003
197881849728,67104004
197881849728,67104005
197881849728,67104008
197881849728,67104011
197881849728,67104017
197881849728,67104032
197881849728,67104036
197881849728,67104043
197881849728,67104050
197881849728,67104051
197881849728,67104052
197881849728,67104070
197881849728,67104073
197881849728,67104078
197881849728,67104084
197881849728,67104086
197881849728,67104087
197881849728,67104095
197881849728,67104107
197881849728,67104113
197881849728,67104117
197881849728,67104118
197881849728,67104138
197881849728,67104139
197881849728,67104141
197881849728,67104144
197881849728,67104151
197881849728,67104155
197881849728,67104168
197881849728,67104169
197881849728,67104180
197881849728,67104184
197881849728,67104187
197881849728,67104189
197881849728,67104193
197881849728,67104197
197881849728,67104199
197881849728,67104200
197881849728,67104201
197881849728,67104212
197881849728,67104214
197881849728,67104222
197881849728,67104226
197881849728,67104227
197881849728,67104228
197881849728,67104244
197881849728,67104247
197881849728,67104249
197881849728,67104250
197881849728,67104261
197881849728,67104271
197881849728,67104272
197881849728,67104273
197881849728,67104274
197881849728,67104277
197881849728,67104280
197881849728,67104282
197881849728,67104285
197881849728,67104287
197881849728,67104296
197881849728,67104303
197881849728,67104304
197881849728,67104307
197881849728,67104310
197881849728,67104314
197881849728,67104320
197881849728,67104326
197881849728,67104341
197881849728,67104344
197881849728,67104357
197881849728,67104359
197881849728,67104361
197881849728,67104366
197881849728,67104368
197881849728,67104370
197881849728,67104371
197881849728,67104372
197881849728,67104377
197881849728,67104390
197881849728,67104397
197881849728,67104400
197881849728,67104412
197881849728,67104417
197881849728,67104423
197881849728,67104434
197881849728,67104439
197881849728,67104445
197881849728,67104447
197881849728,67104448
197881849728,67104467
197881849728,67104470
197881849728,67104476
197881849728,67104477
197881849728,67104496
197881849728,67104498
197881849728,67104501
197881849728,67104509
197881849728,67104514
197881849728,67104519
197881849728,67104522
197881849728,67104524
197881849728,67104525
197881849728,67104530
197881849728,67104533
197881849728,67104534
197881849728,67104540
197881849728,67104563
197881849728,67104570
197881849728,67104573
197881849728,67104575
197881849728,67104585
197881849728,67104586
197881849728,67104597
197881849728,67104598
197881849728,67104606
197881849728,67104607
197881849728,67104624
197881849728,67104655
197881849728,67104662
197881849728,67104671
197881849728,67104672
197881849728,67104673
197881849728,67104675
197881849728,67104676
197881849728,67104681
197881849728,67104700
197881849728,67104710
197881849728,67104715
197881849728,67104717
197881849728,67104722
197881849728,67104726
197881849728,67104728
197881849728,67104739
197881849728,67104744
197881849728,67104748
197881849728,67104752
197881849728,67104755
197881849728,67104766
197881849728,67104770
197881849728,67104777
197881849728,67104779
197881849728,67104786
197881849728,67104801
197881849728,67104824
197881849728,67104829
197881849728,67104832
197881849728,67104834
197881849728,67104877
197881849728,67104886
197881849728,67104887
197881849728,67104888
197881849728,67104892
197881849728,67104900
197881849728,67104902
197881849728,67104903
197881849728,67104912
197881849728,67104915
197881849728,67104917
197881849728,67104923
197881849728,67104934
197881849728,67104944
197881849728,67104945
197881849728,67104947
197881849728,67104962
197881849728,67104967
197881849728,67104981
197881849728,67104982
197881849728,67104985
197881849728,67104986
197881849728,67104987
197881849728,67105008
197881849728,67105011
197881849728,67105018
197881849728,67105019
197881849728,67105020
197881849728,67105030
197881849728,67105043
197881849728,67105045
197881849728,67105053
197881849728,67105061
197881849728,67105073
197881849728,67105079
197881849728,67105081
197881849728,67105082
197881849728,67105097
197881849728,67105105
197881849728,67105106
197881849728,67105115
197881849728,67105122
197881849728,67105130
197881849728,67105134
197881849728,67105136
197881849728,67105139
197881849728,67105141
197881849728,67105151
197881849728,67105201
197881849728,67105209
197881849728,67105220
197881849728,67105221
197881849728,67105222
197881849728,67105225
197881849728,67105226
197881849728,67105228
197881849728,67105234
197881849728,67105243
197881849728,67105254
197881849728,67105260
197881849728,67105261
197881849728,67105263
197881849728,67105280
197881849728,67105293
197881849728,67105415
197881849728,67105786
230679946368,67100518
230679946368,67100705
230679946368,67101293
230679946368,67101311
230679946368,67101336
230679946368,67101337
230679946368,67101402
230679946368,67101414
230679946368,67101433
230679946368,67101483
230679946368,67101485
230679946368,67101499
230679946368,67101513
230679946368,67101530
230679946368,67101537
230679946368,67101544
230679946368,67101548
230679946368,67101551
230679946368,67101560
230679946368,67101564
230679946368,67101573
230679946368,67101576
230679946368,67101601
230679946368,67101629
230679946368,67101630
230679946368,67101634
230679946368,67101646
230679946368,67101656
230679946368,67101666
230679946368,67101674
230679946368,67101687
230679946368,67101692
230679946368,67101695
230679946368,67101705
230679946368,67101724
230679946368,67101728
230679946368,67101734
230679946368,67101737
230679946368,67101740
230679946368,67101742
230679946368,67101743
230679946368,67101744
230679946368,67101748
230679946368,67101752
230679946368,67101755
230679946368,67101775
230679946368,67101776
230679946368,67101780
230679946368,67101786
230679946368,67101801
230679946368,67101804
230679946368,67101806
230679946368,67101810
230679946368,67101833
230679946368,67101845
230679946368,67101847
230679946368,67101848
230679946368,67101851
230679946368,67101852
230679946368,67101853
230679946368,67101855
230679946368,67101861
230679946368,67101863
230679946368,67101868
230679946368,67101891
230679946368,67101896
230679946368,67101904
230679946368,67101905
230679946368,67101909
230679946368,67101911
230679946368,67101916
230679946368,67101927
230679946368,67101928
230679946368,67101953
230679946368,67101961
230679946368,67101962
230679946368,67101966
230679946368,67101971
230679946368,67101975
230679946368,67101991
230679946368,67101999
230679946368,67102009
230679946368,67102010
230679946368,67102015
230679946368,67102031
230679946368,67102034
230679946368,67102035
230679946368,67102044
230679946368,67102053
230679946368,67102054
230679946368,67102064
230679946368,67102068
230679946368,67102069
230679946368,67102073
230679946368,67102089
230679946368,67102096
230679946368,67102103
230679946368,67102105
230679946368,67102109
230679946368,67102115
230679946368,67102123
230679946368,67102131
230679946368,67102149
230679946368,67102167
230679946368,67102168
230679946368,67102169
230679946368,67102176
230679946368,67102178
230679946368,67102184
230679946368,67102190
230679946368,67102195
230679946368,67102202
230679946368,67102232
230679946368,67102233
230679946368,67102235
230679946368,67102236
230679946368,67102239
230679946368,67102246
230679946368,67102247
230679946368,67102262
230679946368,67102279
230679946368,67102307
230679946368,67102358
230679946368,67102364
230679946368,67102368
230679946368,67102370
230679946368,67102371
230679946368,67102373
230679946368,67102374
230679946368,67102376
230679946368,67102393
230679946368,67102405
230679946368,67102414
230679946368,67102415
230679946368,67102418
230679946368,67102419
230679946368,67102421
230679946368,67102429
230679946368,67102431
230679946368,67102435
230679946368,67102441
230679946368,67102443
230679946368,67102446
230679946368,67102459
230679946368,67102467
230679946368,67102474
230679946368,67102475
230679946368,67102484
230679946368,67102485
230679946368,67102489
230679946368,67102492
230679946368,67102504
230679946368,67102513
230679946368,67102516
230679946368,67102518
230679946368,67102520
230679946368,67102533
230679946368,67102552
230679946368,67102553
230679946368,67102554
230679946368,67102557
230679946368,67102565
230679946368,67102569
230679946368,67102588
230679946368,67102589
230679946368,67102590
230679946368,67102601
230679946368,67102609
230679946368,67102613
230679946368,67102621
230679946368,67102622
230679946368,67102632
230679946368,67102639
230679946368,67102641
230679946368,67102653
230679946368,67102655
230679946368,67102656
230679946368,67102663
230679946368,67102665
230679946368,67102666
230679946368,67102672
230679946368,67102675
230679946368,67102676
230679946368,67102678
230679946368,67102683
230679946368,67102687
230679946368,67102693
230679946368,67102699
230679946368,67102709
230679946368,67102716
230679946368,67102718
230679946368,67102729
230679946368,67102762
230679946368,67102766
230679946368,67102770
230679946368,67102776
230679946368,67102778
230679946368,67102779
230679946368,67102783
230679946368,67102797
230679946368,67102809
230679946368,67102814
230679946368,67102815
230679946368,67102831
230679946368,67102839
230679946368,67102843
230679946368,67102851
230679946368,67102867
230679946368,67102886
230679946368,67102900
230679946368,67102901
230679946368,67102902
230679946368,67102907
230679946368,67102917
230679946368,67102927
230679946368,67102929
230679946368,67102931
230679946368,67102936
230679946368,67102937
230679946368,67102943
230679946368,67102946
230679946368,67102959
230679946368,67102963
230679946368,67102966
230679946368,67102970
230679946368,67102979
230679946368,67102987
230679946368,67102989
230679946368,67102995
230679946368,67102999
230679946368,67103013
230679946368,67103014
230679946368,67103017
230679946368,67103019
230679946368,67103022
230679946368,67103030
230679946368,67103039
230679946368,67103051
230679946368,67103055
230679946368,67103061
230679946368,67103066
230679946368,67103068
230679946368,67103069
230679946368,67103072
230679946368,67103081
230679946368,67103087
230679946368,67103093
230679946368,67103102
230679946368,67103103
230679946368,67103117
230679946368,67103119
230679946368,67103123
230679946368,67103152
230679946368,67103153
230679946368,67103154
230679946368,67103158
230679946368,67103165
230679946368,67103170
230679946368,67103185
230679946368,67103189
230679946368,67103200
230679946368,67103204
230679946368,67103209
230679946368,67103210
230679946368,67103240
230679946368,67103243
230679946368,67103245
230679946368,67103251
230679946368,67103257
230679946368,67103274
230679946368,67103282
230679946368,67103302
230679946368,67103305
230679946368,67103321
230679946368,67103328
230679946368,67103348
230679946368,67103369
230679946368,67103370
230679946368,67103387
230679946368,67103396
230679946368,67103404
230679946368,67103419
230679946368,67103426
230679946368,67103446
230679946368,67103453
230679946368,67103457
230679946368,67103465
230679946368,67103469
230679946368,67103479
230679946368,67103481
230679946368,67103483
230679946368,67103484
230679946368,67103496
230679946368,67103499
230679946368,67103507
230679946368,67103513
230679946368,67103535
230679946368,67103543
230679946368,67103550
230679946368,67103551
230679946368,67103574
230679946368,67103581
230679946368,67103589
230679946368,67103596
230679946368,67103613
230679946368,67103618
230679946368,67103621
230679946368,67103637
230679946368,67103641
230679946368,67103654
230679946368,67103670
230679946368,67103684
230679946368,67103688
230679946368,67103709
230679946368,67103713
230679946368,67103714
230679946368,67103717
230679946368,67103740
230679946368,67103746
230679946368,67103747
230679946368,67103761
230679946368,67103783
230679946368,67103792
230679946368,67103809
230679946368,67103811
230679946368,67103817
230679946368,67103820
230679946368,67103825
230679946368,67103830
230679946368,67103831
230679946368,67103836
230679946368,67103843
230679946368,67103856
230679946368,67103858
230679946368,67103869
230679946368,67103883
230679946368,67103886
230679946368,67103895
230679946368,67103915
230679946368,67103916
230679946368,67103918
230679946368,67103920
230679946368,67103923
230679946368,67103954
230679946368,67103966
230679946368,67103975
230679946368,67103977
230679946368,67103980
230679946368,67103992
230679946368,67104000
230679946368,67104002
230679946368,67104025
230679946368,67104028
230679946368,67104044
230679946368,67104053
230679946368,67104058
230679946368,67104101
230679946368,67104109
230679946368,67104142
230679946368,67104160
230679946368,67104161
230679946368,67104171
230679946368,67104173
230679946368,67104185
230679946368,67104186
230679946368,67104192
230679946368,67104225
230679946368,67104236
230679946368,67104259
230679946368,67104265
230679946368,67104269
230679946368,67104281
230679946368,67104288
230679946368,67104293
230679946368,67104297
230679946368,67104308
230679946368,67104323
230679946368,67104332
230679946368,67104353
230679946368,67104354
230679946368,67104360
230679946368,67104374
230679946368,67104383
230679946368,67104384
230679946368,67104395
230679946368,67104411
230679946368,67104466
230679946368,67104480
230679946368,67104535
230679946368,67104537
230679946368,67104558
230679946368,67104562
230679946368,67104566
230679946368,67104571
230679946368,67104577
230679946368,67104584
230679946368,67104601
230679946368,67104613
230679946368,67104622
230679946368,67104623
230679946368,67104631
230679946368,67104637
230679946368,67104639
230679946368,67104651
230679946368,67104653
230679946368,67104664
230679946368,67104695
230679946368,67104733
230679946368,67104757
230679946368,67104776
230679946368,67104783
230679946368,67104797
230679946368,67104798
230679946368,67104822
230679946368,67104837
230679946368,67104839
230679946368,67104901
230679946368,67104904
230679946368,67104908
230679946368,67104931
230679946368,67104974
230679946368,67104979
230679946368,67104984
230679946368,67104998
230679946368,67104999
230679946368,67105005
230679946368,67105089
230679946368,67105119
230679946368,67105126
230679946368,67105129
230679946368,67105196
230679946368,67105230
230679946368,67105233
230679946368,67105245
230679946368,67105270
230679946368,67105274
230679946368,67105279
230679946368,67105325
230679946368,67105417
230679946368,67105441
230679946368,67105443
230679946368,67105454
230679946368,67105469
230679946368,67105526
230679946368,67105600
230679946368,67105641
230679946368,67105795
230679946368,67105967
230679946368,67106043
230679946368,67106096
230679946368,67108679
263478043008,67100716
263478043008,67101374
263478043008,67101393
263478043008,67101420
263478043008,67101451
263478043008,67101456
263478043008,67101512
263478043008,67101533
263478043008,67101561
263478043008,67101567
263478043008,67101581
263478043008,67101616
263478043008,67101631
263478043008,67101639
263478043008,67101688
263478043008,67101757
263478043008,67101760
263478043008,67101771
263478043008,67101773
263478043008,67101799
263478043008,67101807
263478043008,67101864
263478043008,67101879
263478043008,67101919
263478043008,67101921
263478043008,67101952
263478043008,67101985
263478043008,67102043
263478043008,67102050
263478043008,67102060
263478043008,67102093
263478043008,67102104
263478043008,67102108
263478043008,67102138
263478043008,67102143
263478043008,67102159
263478043008,67102161
263478043008,67102170
263478043008,67102174
263478043008,67102182
263478043008,67102193
263478043008,67102214
263478043008,67102218
263478043008,67102224
263478043008,67102234
263478043008,67102242
263478043008,67102243
263478043008,67102250
263478043008,67102253
263478043008,67102259
263478043008,67102261
263478043008,67102270
263478043008,67102282
263478043008,67102288
263478043008,67102292
263478043008,67102293
263478043008,67102294
263478043008,67102295
263478043008,67102296
263478043008,67102298
263478043008,67102312
263478043008,67102318
263478043008,67102335
263478043008,67102351
263478043008,67102365
263478043008,67102407
263478043008,67102408
263478043008,67102427
263478043008,67102439
263478043008,67102461
263478043008,67102478
263478043008,67102495
263478043008,67102562
263478043008,67102570
263478043008,67102573
263478043008,67102576
263478043008,67102579
263478043008,67102619
263478043008,67102625
263478043008,67102634
263478043008,67102690
263478043008,67102719
263478043008,67102722
263478043008,67102771
263478043008,67102800
263478043008,67102811
263478043008,67102858
263478043008,67102863
263478043008,67102878
263478043008,67102890
263478043008,67102891
263478043008,67102905
263478043008,67102918
263478043008,67102920
263478043008,67102935
263478043008,67102954
263478043008,67102961
263478043008,67102971
263478043008,67102973
263478043008,67102974
263478043008,67102976
263478043008,67102991
263478043008,67103004
263478043008,67103008
263478043008,67103012
263478043008,67103016
263478043008,67103034
263478043008,67103049
263478043008,67103062
263478043008,67103063
263478043008,67103090
263478043008,67103099
263478043008,67103100
263478043008,67103120
263478043008,67103131
263478043008,67103150
263478043008,67103155
263478043008,67103161
263478043008,67103190
263478043008,67103198
263478043008,67103199
263478043008,67103203
263478043008,67103208
263478043008,67103237
263478043008,67103244
263478043008,67103246
263478043008,67103254
263478043008,67103255
263478043008,67103269
263478043008,67103272
263478043008,67103273
263478043008,67103275
263478043008,67103301
263478043008,67103359
263478043008,67103360
263478043008,67103381
263478043008,67103393
263478043008,67103402
263478043008,67103405
263478043008,67103448
263478043008,67103482
263478043008,67103485
263478043008,67103489
263478043008,67103623
263478043008,67103645
263478043008,67103656
263478043008,67103662
263478043008,67103691
263478043008,67103704
263478043008,67103711
263478043008,67103727
263478043008,67103733
263478043008,67103734
263478043008,67103751
263478043008,67103757
263478043008,67103785
263478043008,67103807
263478043008,67103832
263478043008,67103842
263478043008,67103854
263478043008,67103855
263478043008,67103880
263478043008,67103885
263478043008,67103890
263478043008,67103891
263478043008,67103892
263478043008,67103896
263478043008,67103901
263478043008,67103986
263478043008,67103988
263478043008,67104031
263478043008,67104074
263478043008,67104122
263478043008,67104128
263478043008,67104163
263478043008,67104369
263478043008,67104380
263478043008,67104546
263478043008,67104663
263478043008,67104691
263478043008,67104884
263478043008,67105027
263478043008,67105028
263478043008,67105036
263478043008,67105048
263478043008,67105055
263478043008,67105095
