1379256614,67100549
1379256614,67100550
1379256614,67100551
1379256614,67100552
1379256614,67100553
1379256614,67100958
1379256614,67104953
15171822754,131244
15171822754,67099268
15171822754,67099915
15171822754,67100574
15171822754,67100593
15171822754,67100664
15171822754,67100671
15171822754,67100676
15171822754,67100677
15171822754,67100678
15171822754,67100679
15171822754,67100680
15171822754,67100681
15171822754,67100682
15171822754,67100683
15171822754,67100690
15171822754,67100788
15171822754,67100801
15171822754,67100818
15171822754,67102282
15171822754,67102374
15171822754,67102405
15171822754,67102433
15171822754,67102439
15171822754,67102442
15171822754,67102452
15171822754,67102459
15171822754,67102471
15171822754,67102480
15171822754,67102484
15171822754,67102485
15171822754,67103841
15171822754,67104092
15171822754,67104671
15171822754,67104672
15171822754,67104673
15171822754,67104674
15171822754,67104675
15171822754,67104676
15171822754,67104677
15171822754,67104678
15171822754,67104685
15171822754,67104686
15171822754,67104783
15171822754,67104796
15171822754,67104813
15171822754,67106277
15171822754,67106369
15171822754,67106400
15171822754,67106433
15171822754,67106437
15171822754,67106447
15171822754,67106454
15171822754,67106466
15171822754,67106475
15171822754,67106479
15171822754,67106480
15171822754,67107836
15171822754,67108663
15171822754,67108665
15171822754,67108666
15171822754,67108669
15171822754,67108670
15171822754,67108671
15171822754,67108672
15171822754,67108673
15171822754,67108674
15171822754,67108770
15171822754,67108772
15171822754,67108774
15171822754,67108775
15171822754,67108776
15171822754,67108778
15171822754,67108779
15171822754,67108781
15171822754,67108782
15171822754,67108783
15171822754,67108790
15171822754,67108792
