1096522560,67091408
1096522560,67092426
1096522560,67093414
1096522560,67093415
1096522560,67093416
1096522560,67093417
1096522560,67093418
1096522560,67093419
1096522560,67093420
1096522560,67093421
1096522560,67093422
1096522560,67093423
1096522560,67093424
1096522560,67093425
1096522560,67093426
1096522560,67093427
1096522560,67093428
1096522560,67093429
1096522560,67093430
1096522560,67093431
1096522560,67093432
1096522560,67093433
1096522560,67093434
1096522560,67093436
1096522560,67093437
1096522560,67093438
1096522560,67093439
1096522560,67093440
1096522560,67093441
1096522560,67093442
1096522560,67093443
1096522560,67093444
1096522560,67093445
1096522560,67093446
1096522560,67093447
1096522560,67093448
1096522560,67093449
1096522560,67093450
1096522560,67093475
1096522560,67093476
1096522560,67093477
1096522560,67093478
1096522560,67093479
1096522560,67093480
1096522560,67093481
1096522560,67093482
1096522560,67093483
1096522560,67093484
1096522560,67093485
1096522560,67093486
1096522560,67093487
1096522560,67093488
1096522560,67093489
1096522560,67093490
1096522560,67093491
1096522560,67093492
1096522560,67093493
1096522560,67093494
1096522560,67093495
1096522560,67093496
1096522560,67093498
1096522560,67093500
1096522560,67093502
1096522560,67093503
1096522560,67093504
1096522560,67093505
1096522560,67093506
1096522560,67093507
1096522560,67093510
1096522560,67093907
1096522560,67101396
12061748160,131230
12061748160,67092521
12061748160,67093435
12061748160,67093452
12061748160,67093453
12061748160,67093454
12061748160,67093455
12061748160,67093456
12061748160,67093457
12061748160,67093460
12061748160,67093467
12061748160,67093511
12061748160,67093512
12061748160,67093513
12061748160,67093514
12061748160,67093515
12061748160,67093516
12061748160,67093517
12061748160,67093518
12061748160,67093519
12061748160,67093520
12061748160,67093521
12061748160,67093522
12061748160,67093523
12061748160,67093524
12061748160,67093525
12061748160,67093526
12061748160,67093527
12061748160,67093528
12061748160,67093529
12061748160,67093530
12061748160,67093531
12061748160,67093533
12061748160,67093539
12061748160,67093540
12061748160,67093541
12061748160,67093542
12061748160,67093543
12061748160,67093545
12061748160,67093549
12061748160,67093552
12061748160,67093553
12061748160,67093570
12061748160,67093586
12061748160,67093589
12061748160,67093594
12061748160,67093605
12061748160,67093614
12061748160,67094277
12061748160,67094279
12061748160,67094285
12061748160,67094286
12061748160,67094287
12061748160,67094289
12061748160,67094290
12061748160,67094293
12061748160,67094295
12061748160,67094297
12061748160,67094298
12061748160,67094300
12061748160,67094303
12061748160,67094304
12061748160,67094305
12061748160,67094306
12061748160,67094307
12061748160,67094308
12061748160,67094309
12061748160,67094310
12061748160,67094311
12061748160,67094312
12061748160,67094313
12061748160,67094314
12061748160,67094315
12061748160,67094316
12061748160,67094317
12061748160,67094318
12061748160,67094319
12061748160,67094320
12061748160,67094321
12061748160,67094322
12061748160,67094323
12061748160,67094324
12061748160,67094325
12061748160,67094326
12061748160,67094327
12061748160,67094328
12061748160,67094329
12061748160,67094330
12061748160,67101768
12061748160,67101775
12061748160,67101776
12061748160,67101778
12061748160,67101779
12061748160,67101780
12061748160,67101782
12061748160,67101784
12061748160,67101786
12061748160,67101787
12061748160,67101788
12061748160,67101789
12061748160,67101792
12061748160,67101793
12061748160,67101794
12061748160,67101795
12061748160,67101796
12061748160,67101797
12061748160,67101798
12061748160,67101799
12061748160,67101800
12061748160,67101801
12061748160,67101802
12061748160,67101803
12061748160,67101804
12061748160,67101805
12061748160,67101806
12061748160,67101807
12061748160,67101808
12061748160,67101809
12061748160,67101810
12061748160,67101811
12061748160,67101812
12061748160,67101813
12061748160,67101814
12061748160,67101815
12061748160,67101816
12061748160,67101817
12061748160,67101818
12061748160,67101819
23026973760,67092564
23026973760,67093458
23026973760,67093459
23026973760,67093461
23026973760,67093463
23026973760,67093464
23026973760,67093465
23026973760,67093466
23026973760,67093470
23026973760,67093532
23026973760,67093534
23026973760,67093535
23026973760,67093536
23026973760,67093537
23026973760,67093538
23026973760,67093544
23026973760,67093547
23026973760,67093548
23026973760,67093551
23026973760,67093555
23026973760,67093557
23026973760,67093592
23026973760,67094050
23026973760,67094066
23026973760,67094073
23026973760,67094074
23026973760,67094076
23026973760,67094077
23026973760,67094079
23026973760,67094080
23026973760,67094085
23026973760,67094086
23026973760,67094087
23026973760,67094088
23026973760,67094089
23026973760,67094092
23026973760,67094093
23026973760,67094094
23026973760,67094096
23026973760,67094097
23026973760,67094098
23026973760,67094099
23026973760,67094100
23026973760,67094101
23026973760,67094102
23026973760,67094103
23026973760,67094104
23026973760,67094105
23026973760,67094106
23026973760,67094107
23026973760,67094108
23026973760,67094109
23026973760,67094110
23026973760,67094111
23026973760,67094112
23026973760,67094113
23026973760,67094114
23026973760,67094115
23026973760,67094116
23026973760,67094117
23026973760,67094118
23026973760,67094119
23026973760,67094120
23026973760,67094121
23026973760,67094122
23026973760,67094123
23026973760,67094124
23026973760,67094125
23026973760,67094126
23026973760,67094127
23026973760,67094128
23026973760,67094129
23026973760,67094130
23026973760,67094131
23026973760,67094132
23026973760,67094133
23026973760,67101539
23026973760,67101555
23026973760,67101562
23026973760,67101563
23026973760,67101565
23026973760,67101566
23026973760,67101569
23026973760,67101574
23026973760,67101575
23026973760,67101576
23026973760,67101577
23026973760,67101579
23026973760,67101581
23026973760,67101582
23026973760,67101583
23026973760,67101585
23026973760,67101586
23026973760,67101587
23026973760,67101588
23026973760,67101589
23026973760,67101590
23026973760,67101591
23026973760,67101592
23026973760,67101593
23026973760,67101594
23026973760,67101595
23026973760,67101596
23026973760,67101597
23026973760,67101598
23026973760,67101599
23026973760,67101600
23026973760,67101601
23026973760,67101603
23026973760,67101604
23026973760,67101606
23026973760,67101607
23026973760,67101608
23026973760,67101609
23026973760,67101610
23026973760,67101611
23026973760,67101612
23026973760,67101613
23026973760,67101614
23026973760,67101615
23026973760,67101616
23026973760,67101617
23026973760,67101618
23026973760,67101619
23026973760,67101620
23026973760,67101621
23026973760,67101622
33992199360,67092594
33992199360,67098042
33992199360,67098132
33992199360,67098133
33992199360,67098134
33992199360,67098135
33992199360,67098136
33992199360,67098137
33992199360,67098138
33992199360,67098139
33992199360,67098140
33992199360,67098141
33992199360,67098142
33992199360,67098143
33992199360,67098144
33992199360,67098145
33992199360,67098146
33992199360,67098147
33992199360,67098148
33992199360,67098149
33992199360,67098151
33992199360,67098152
33992199360,67098153
33992199360,67098154
33992199360,67098155
33992199360,67098156
33992199360,67098157
33992199360,67098158
33992199360,67098159
33992199360,67098160
33992199360,67098161
33992199360,67098162
33992199360,67098164
33992199360,67098165
33992199360,67098166
33992199360,67098167
33992199360,67098168
33992199360,67098169
33992199360,67098170
33992199360,67098171
33992199360,67098172
33992199360,67098173
33992199360,67098174
33992199360,67098175
33992199360,67098176
33992199360,67098177
33992199360,67098178
33992199360,67098179
33992199360,67098180
33992199360,67098181
33992199360,67098185
33992199360,67098186
33992199360,67098187
33992199360,67098188
33992199360,67098189
33992199360,67098190
33992199360,67098191
33992199360,67098192
33992199360,67098193
33992199360,67098194
33992199360,67098195
33992199360,67098196
33992199360,67098823
33992199360,67105586
33992199360,67105593
33992199360,67105621
33992199360,67105622
33992199360,67105623
33992199360,67105624
33992199360,67105625
33992199360,67105626
33992199360,67105628
33992199360,67105629
33992199360,67105630
33992199360,67105632
33992199360,67105633
33992199360,67105634
33992199360,67105635
33992199360,67105636
33992199360,67105637
33992199360,67105638
33992199360,67105641
33992199360,67105642
33992199360,67105643
33992199360,67105644
33992199360,67105645
33992199360,67105646
33992199360,67105647
33992199360,67105648
33992199360,67105649
33992199360,67105650
33992199360,67105651
33992199360,67105653
33992199360,67105654
33992199360,67105655
33992199360,67105656
33992199360,67105657
33992199360,67105658
33992199360,67105659
33992199360,67105660
33992199360,67105661
33992199360,67105662
33992199360,67105663
33992199360,67105664
33992199360,67105665
33992199360,67105666
33992199360,67105667
33992199360,67105668
33992199360,67105669
33992199360,67105670
33992199360,67105671
33992199360,67105674
33992199360,67105675
33992199360,67105676
33992199360,67105677
33992199360,67105678
33992199360,67105679
33992199360,67105680
33992199360,67105681
33992199360,67105682
33992199360,67105683
33992199360,67105684
33992199360,67105685
33992199360,67105686
33992199360,67108596
33992199360,67108597
33992199360,67108598
44957424960,67092616
44957424960,67093462
44957424960,67093468
44957424960,67093469
44957424960,67093472
44957424960,67093473
44957424960,67093474
44957424960,67093546
44957424960,67093550
44957424960,67093554
44957424960,67093556
44957424960,67093558
44957424960,67093569
44957424960,67093571
44957424960,67093572
44957424960,67093573
44957424960,67093574
44957424960,67093578
44957424960,67093580
44957424960,67093595
44957424960,67094215
44957424960,67094216
44957424960,67094217
44957424960,67094218
44957424960,67094219
44957424960,67094220
44957424960,67094221
44957424960,67094255
44957424960,67094291
44957424960,67094624
44957424960,67094628
44957424960,67094631
44957424960,67094637
44957424960,67094667
44957424960,67094670
44957424960,67094673
44957424960,67094684
44957424960,67094688
44957424960,67094740
44957424960,67094741
44957424960,67094742
44957424960,67094743
44957424960,67094744
44957424960,67094745
44957424960,67094746
44957424960,67094747
44957424960,67094748
44957424960,67094752
44957424960,67094753
44957424960,67094754
44957424960,67094755
44957424960,67094760
44957424960,67094761
44957424960,67094762
44957424960,67094765
44957424960,67094767
44957424960,67094768
44957424960,67094770
44957424960,67094804
44957424960,67094805
44957424960,67094807
44957424960,67094811
44957424960,67094812
44957424960,67094813
44957424960,67094814
44957424960,67094815
44957424960,67094820
44957424960,67094821
44957424960,67094863
44957424960,67094865
44957424960,67094866
44957424960,67101705
44957424960,67101706
44957424960,67101707
44957424960,67101708
44957424960,67101709
44957424960,67101710
44957424960,67101711
44957424960,67101744
44957424960,67102113
44957424960,67102117
44957424960,67102120
44957424960,67102126
44957424960,67102156
44957424960,67102160
44957424960,67102162
44957424960,67102174
44957424960,67102178
44957424960,67102229
44957424960,67102230
44957424960,67102231
44957424960,67102232
44957424960,67102233
44957424960,67102234
44957424960,67102235
44957424960,67102236
44957424960,67102237
44957424960,67102241
44957424960,67102242
44957424960,67102243
44957424960,67102244
44957424960,67102250
44957424960,67102251
44957424960,67102254
44957424960,67102255
44957424960,67102256
44957424960,67102257
44957424960,67102260
44957424960,67102294
44957424960,67102295
44957424960,67102296
44957424960,67102297
44957424960,67102300
44957424960,67102301
44957424960,67102302
44957424960,67102303
44957424960,67102304
44957424960,67102309
44957424960,67102310
44957424960,67102352
44957424960,67102354
44957424960,67102355
44957424960,67108595
44957424960,67108601
44957424960,67108606
44957424960,67108607
44957424960,67108608
55922650560,67092629
55922650560,67093471
55922650560,67093559
55922650560,67093560
55922650560,67093561
55922650560,67093562
55922650560,67093563
55922650560,67093564
55922650560,67093565
55922650560,67093566
55922650560,67093567
55922650560,67093568
55922650560,67093577
55922650560,67093579
55922650560,67093581
55922650560,67093582
55922650560,67093583
55922650560,67093584
55922650560,67093585
55922650560,67093587
55922650560,67093588
55922650560,67093590
55922650560,67093591
55922650560,67093593
55922650560,67093596
55922650560,67093597
55922650560,67093598
55922650560,67093599
55922650560,67093600
55922650560,67093601
55922650560,67093602
55922650560,67093607
55922650560,67093610
55922650560,67095482
55922650560,67095485
55922650560,67095486
55922650560,67095487
55922650560,67095502
55922650560,67095504
55922650560,67095505
55922650560,67095508
55922650560,67095511
55922650560,67095512
55922650560,67095513
55922650560,67095529
55922650560,67095540
55922650560,67095569
55922650560,67095571
55922650560,67095575
55922650560,67095576
55922650560,67095578
55922650560,67095579
55922650560,67095580
55922650560,67095581
55922650560,67095583
55922650560,67095585
55922650560,67095590
55922650560,67095591
55922650560,67095592
55922650560,67095593
55922650560,67095594
55922650560,67095596
55922650560,67095597
55922650560,67095598
55922650560,67095599
55922650560,67095600
55922650560,67095602
55922650560,67095603
55922650560,67095604
55922650560,67095605
55922650560,67095606
55922650560,67095607
55922650560,67095608
55922650560,67095609
55922650560,67095612
55922650560,67095615
55922650560,67095631
55922650560,67102908
55922650560,67102972
55922650560,67102973
55922650560,67102974
55922650560,67102975
55922650560,67102977
55922650560,67102980
55922650560,67102991
55922650560,67102992
55922650560,67102993
55922650560,67102996
55922650560,67102997
55922650560,67103000
55922650560,67103001
55922650560,67103002
55922650560,67103003
55922650560,67103014
55922650560,67103018
55922650560,67103029
55922650560,67103058
55922650560,67103060
55922650560,67103065
55922650560,67103067
55922650560,67103068
55922650560,67103069
55922650560,67103070
55922650560,67103072
55922650560,67103073
55922650560,67103074
55922650560,67103079
55922650560,67103080
55922650560,67103081
55922650560,67103082
55922650560,67103083
55922650560,67103085
55922650560,67103086
55922650560,67103087
55922650560,67103088
55922650560,67103089
55922650560,67103090
55922650560,67103091
55922650560,67103092
55922650560,67103093
55922650560,67103094
55922650560,67103095
55922650560,67103097
55922650560,67103098
55922650560,67103101
55922650560,67103102
55922650560,67103104
66887876160,67091411
66887876160,67095497
66887876160,67095561
66887876160,67095562
66887876160,67095563
66887876160,67095657
66887876160,67095713
66887876160,67095714
66887876160,67096134
66887876160,67096136
66887876160,67096137
66887876160,67096138
66887876160,67096139
66887876160,67096140
66887876160,67096141
66887876160,67096142
66887876160,67096143
66887876160,67096144
66887876160,67096145
66887876160,67096146
66887876160,67096149
66887876160,67096151
66887876160,67096153
66887876160,67096158
66887876160,67096160
66887876160,67096163
66887876160,67096164
66887876160,67096166
66887876160,67096167
66887876160,67096169
66887876160,67096170
66887876160,67096171
66887876160,67096172
66887876160,67096174
66887876160,67096175
66887876160,67096176
66887876160,67096177
66887876160,67096178
66887876160,67096179
66887876160,67096180
66887876160,67096181
66887876160,67096182
66887876160,67096183
66887876160,67096184
66887876160,67096185
66887876160,67096186
66887876160,67096187
66887876160,67096188
66887876160,67096189
66887876160,67096190
66887876160,67096191
66887876160,67096192
66887876160,67096193
66887876160,67096194
66887876160,67096195
66887876160,67096196
66887876160,67096197
66887876160,67096198
66887876160,67096199
66887876160,67096200
66887876160,67096201
66887876160,67096202
66887876160,67096203
66887876160,67096247
66887876160,67102986
66887876160,67103048
66887876160,67103050
66887876160,67103051
66887876160,67103052
66887876160,67103053
66887876160,67103146
66887876160,67103203
66887876160,67103623
66887876160,67103625
66887876160,67103626
66887876160,67103627
66887876160,67103628
66887876160,67103629
66887876160,67103630
66887876160,67103631
66887876160,67103632
66887876160,67103633
66887876160,67103634
66887876160,67103635
66887876160,67103638
66887876160,67103640
66887876160,67103647
66887876160,67103652
66887876160,67103653
66887876160,67103654
66887876160,67103656
66887876160,67103657
66887876160,67103658
66887876160,67103659
66887876160,67103660
66887876160,67103661
66887876160,67103663
66887876160,67103664
66887876160,67103665
66887876160,67103666
66887876160,67103667
66887876160,67103668
66887876160,67103669
66887876160,67103670
66887876160,67103671
66887876160,67103672
66887876160,67103673
66887876160,67103674
66887876160,67103675
66887876160,67103676
66887876160,67103677
66887876160,67103678
66887876160,67103679
66887876160,67103680
66887876160,67103681
66887876160,67103682
66887876160,67103683
66887876160,67103684
66887876160,67103685
66887876160,67103686
66887876160,67103687
66887876160,67103688
66887876160,67103689
66887876160,67103690
66887876160,67103691
66887876160,67103692
66887876160,67108594
77853101760,131233
77853101760,131246
77853101760,131247
77853101760,67094142
77853101760,67094627
77853101760,67094632
77853101760,67094633
77853101760,67094638
77853101760,67094639
77853101760,67094640
77853101760,67094643
77853101760,67094646
77853101760,67094669
77853101760,67094674
77853101760,67094675
77853101760,67094676
77853101760,67094677
77853101760,67094680
77853101760,67094681
77853101760,67094682
77853101760,67094692
77853101760,67094694
77853101760,67094696
77853101760,67094697
77853101760,67094701
77853101760,67094702
77853101760,67094703
77853101760,67094704
77853101760,67094756
77853101760,67094766
77853101760,67094769
77853101760,67094772
77853101760,67094773
77853101760,67094775
77853101760,67094780
77853101760,67094781
77853101760,67094784
77853101760,67094806
77853101760,67094808
77853101760,67094809
77853101760,67094810
77853101760,67094817
77853101760,67094818
77853101760,67094822
77853101760,67094824
77853101760,67094825
77853101760,67094826
77853101760,67094827
77853101760,67094864
77853101760,67094867
77853101760,67094868
77853101760,67094869
77853101760,67094870
77853101760,67094871
77853101760,67094872
77853101760,67094873
77853101760,67094874
77853101760,67094875
77853101760,67094876
77853101760,67094877
77853101760,67094878
77853101760,67101572
77853101760,67101632
77853101760,67101742
77853101760,67101767
77853101760,67101785
77853101760,67102116
77853101760,67102121
77853101760,67102127
77853101760,67102128
77853101760,67102129
77853101760,67102132
77853101760,67102134
77853101760,67102135
77853101760,67102137
77853101760,67102157
77853101760,67102158
77853101760,67102159
77853101760,67102163
77853101760,67102164
77853101760,67102165
77853101760,67102166
77853101760,67102169
77853101760,67102170
77853101760,67102171
77853101760,67102172
77853101760,67102177
77853101760,67102182
77853101760,67102183
77853101760,67102186
77853101760,67102190
77853101760,67102191
77853101760,67102193
77853101760,67102195
77853101760,67102245
77853101760,67102246
77853101760,67102258
77853101760,67102261
77853101760,67102262
77853101760,67102263
77853101760,67102264
77853101760,67102270
77853101760,67102273
77853101760,67102293
77853101760,67102298
77853101760,67102299
77853101760,67102306
77853101760,67102308
77853101760,67102311
77853101760,67102313
77853101760,67102314
77853101760,67102315
77853101760,67102316
77853101760,67102353
77853101760,67102356
77853101760,67102357
77853101760,67102358
77853101760,67102359
77853101760,67102360
77853101760,67102361
77853101760,67102362
77853101760,67102363
77853101760,67102364
77853101760,67102365
77853101760,67102366
77853101760,67102367
77853101760,67102368
88818327360,131231
88818327360,131232
88818327360,67093716
88818327360,67093826
88818327360,67093829
88818327360,67093837
88818327360,67093843
88818327360,67093848
88818327360,67093851
88818327360,67093854
88818327360,67093858
88818327360,67093864
88818327360,67093865
88818327360,67093875
88818327360,67093912
88818327360,67093918
88818327360,67093921
88818327360,67094090
88818327360,67094135
88818327360,67094139
88818327360,67094149
88818327360,67094150
88818327360,67094151
88818327360,67094158
88818327360,67094249
88818327360,67094253
88818327360,67094263
88818327360,67094280
88818327360,67094294
88818327360,67094301
88818327360,67094334
88818327360,67094340
88818327360,67094347
88818327360,67094353
88818327360,67094355
88818327360,67094356
88818327360,67094357
88818327360,67094358
88818327360,67094359
88818327360,67094361
88818327360,67094364
88818327360,67094365
88818327360,67094367
88818327360,67094379
88818327360,67094381
88818327360,67094382
88818327360,67094383
88818327360,67094384
88818327360,67094386
88818327360,67094388
88818327360,67094389
88818327360,67094698
88818327360,67094699
88818327360,67094708
88818327360,67094711
88818327360,67094712
88818327360,67094749
88818327360,67094750
88818327360,67094751
88818327360,67094759
88818327360,67094763
88818327360,67101205
88818327360,67101316
88818327360,67101318
88818327360,67101319
88818327360,67101326
88818327360,67101333
88818327360,67101341
88818327360,67101343
88818327360,67101347
88818327360,67101353
88818327360,67101354
88818327360,67101365
88818327360,67101402
88818327360,67101407
88818327360,67101410
88818327360,67101564
88818327360,67101625
88818327360,67101629
88818327360,67101638
88818327360,67101640
88818327360,67101647
88818327360,67101738
88818327360,67101743
88818327360,67101752
88818327360,67101769
88818327360,67101790
88818327360,67101820
88818327360,67101823
88818327360,67101829
88818327360,67101836
88818327360,67101837
88818327360,67101842
88818327360,67101843
88818327360,67101844
88818327360,67101845
88818327360,67101846
88818327360,67101847
88818327360,67101848
88818327360,67101850
88818327360,67101853
88818327360,67101854
88818327360,67101856
88818327360,67101869
88818327360,67101871
88818327360,67101872
88818327360,67101873
88818327360,67101875
88818327360,67101877
88818327360,67101878
88818327360,67101879
88818327360,67102185
88818327360,67102187
88818327360,67102188
88818327360,67102192
88818327360,67102197
88818327360,67102200
88818327360,67102201
88818327360,67102238
88818327360,67102239
88818327360,67102240
88818327360,67102248
88818327360,67102253
88818327360,67108602
99783552960,67093603
99783552960,67093608
99783552960,67093609
99783552960,67093647
99783552960,67093719
99783552960,67093753
99783552960,67093791
99783552960,67093833
99783552960,67093976
99783552960,67094001
99783552960,67094049
99783552960,67094136
99783552960,67094143
99783552960,67094254
99783552960,67094414
99783552960,67094644
99783552960,67094656
99783552960,67094658
99783552960,67094662
99783552960,67094668
99783552960,67094679
99783552960,67094683
99783552960,67094685
99783552960,67094695
99783552960,67094714
99783552960,67094716
99783552960,67094719
99783552960,67094721
99783552960,67094722
99783552960,67094724
99783552960,67094758
99783552960,67094785
99783552960,67094786
99783552960,67094795
99783552960,67094798
99783552960,67094800
99783552960,67094801
99783552960,67094803
99783552960,67094918
99783552960,67094923
99783552960,67094924
99783552960,67094925
99783552960,67094928
99783552960,67094931
99783552960,67094935
99783552960,67094936
99783552960,67094937
99783552960,67094940
99783552960,67094945
99783552960,67094956
99783552960,67094957
99783552960,67094959
99783552960,67094960
99783552960,67094961
99783552960,67094964
99783552960,67094966
99783552960,67094969
99783552960,67094970
99783552960,67094971
99783552960,67094972
99783552960,67094973
99783552960,67094976
99783552960,67094977
99783552960,67094979
99783552960,67094980
99783552960,67094981
99783552960,67094982
99783552960,67095188
99783552960,67101136
99783552960,67101208
99783552960,67101243
99783552960,67101280
99783552960,67101322
99783552960,67101466
99783552960,67101490
99783552960,67101538
99783552960,67101903
99783552960,67102133
99783552960,67102145
99783552960,67102147
99783552960,67102151
99783552960,67102205
99783552960,67102208
99783552960,67102209
99783552960,67102210
99783552960,67102211
99783552960,67102213
99783552960,67102274
99783552960,67102275
99783552960,67102284
99783552960,67102287
99783552960,67102289
99783552960,67102290
99783552960,67102292
99783552960,67102407
99783552960,67102412
99783552960,67102414
99783552960,67102417
99783552960,67102420
99783552960,67102424
99783552960,67102425
99783552960,67102427
99783552960,67102429
99783552960,67102431
99783552960,67102434
99783552960,67102445
99783552960,67102446
99783552960,67102448
99783552960,67102449
99783552960,67102450
99783552960,67102451
99783552960,67102453
99783552960,67102455
99783552960,67102459
99783552960,67102461
99783552960,67102462
99783552960,67102465
99783552960,67102467
99783552960,67102468
99783552960,67102469
99783552960,67102470
99783552960,67102471
99783552960,67102677
110748778560,131239
110748778560,131254
110748778560,131260
110748778560,67091465
110748778560,67093575
110748778560,67093576
110748778560,67093660
110748778560,67093742
110748778560,67093760
110748778560,67093827
110748778560,67093870
110748778560,67093969
110748778560,67093970
110748778560,67094069
110748778560,67094091
110748778560,67094177
110748778560,67094180
110748778560,67094187
110748778560,67094190
110748778560,67094198
110748778560,67094211
110748778560,67094213
110748778560,67094224
110748778560,67094225
110748778560,67094248
110748778560,67094250
110748778560,67094251
110748778560,67094257
110748778560,67094261
110748778560,67094268
110748778560,67094275
110748778560,67094278
110748778560,67094282
110748778560,67094296
110748778560,67094302
110748778560,67094332
110748778560,67094333
110748778560,67094362
110748778560,67094368
110748778560,67094370
110748778560,67094371
110748778560,67094373
110748778560,67094380
110748778560,67094387
110748778560,67094391
110748778560,67094394
110748778560,67094395
110748778560,67094396
110748778560,67094397
110748778560,67094398
110748778560,67094399
110748778560,67094400
110748778560,67094401
110748778560,67094402
110748778560,67094404
110748778560,67094405
110748778560,67094407
110748778560,67094408
110748778560,67094409
110748778560,67094410
110748778560,67094412
110748778560,67094415
110748778560,67094421
110748778560,67094575
110748778560,67101149
110748778560,67101213
110748778560,67101231
110748778560,67101249
110748778560,67101338
110748778560,67101459
110748778560,67101558
110748778560,67101580
110748778560,67101667
110748778560,67101669
110748778560,67101676
110748778560,67101679
110748778560,67101688
110748778560,67101700
110748778560,67101702
110748778560,67101713
110748778560,67101714
110748778560,67101739
110748778560,67101740
110748778560,67101746
110748778560,67101751
110748778560,67101758
110748778560,67101765
110748778560,67101766
110748778560,67101771
110748778560,67101772
110748778560,67101781
110748778560,67101821
110748778560,67101822
110748778560,67101851
110748778560,67101857
110748778560,67101859
110748778560,67101860
110748778560,67101862
110748778560,67101868
110748778560,67101874
110748778560,67101876
110748778560,67101880
110748778560,67101883
110748778560,67101884
110748778560,67101885
110748778560,67101886
110748778560,67101887
110748778560,67101888
110748778560,67101889
110748778560,67101890
110748778560,67101891
110748778560,67101893
110748778560,67101894
110748778560,67101897
110748778560,67101898
110748778560,67101899
110748778560,67101901
110748778560,67101904
110748778560,67101910
110748778560,67108599
110748778560,67108603
110748778560,67108616
110748778560,67108617
110748778560,67108655
121714004160,131235
121714004160,131250
121714004160,67093694
121714004160,67093697
121714004160,67093726
121714004160,67093747
121714004160,67093808
121714004160,67093812
121714004160,67093817
121714004160,67093955
121714004160,67093978
121714004160,67094063
121714004160,67094083
121714004160,67094273
121714004160,67094406
121714004160,67094426
121714004160,67094538
121714004160,67094607
121714004160,67094713
121714004160,67094729
121714004160,67094730
121714004160,67094731
121714004160,67094733
121714004160,67094735
121714004160,67094739
121714004160,67094774
121714004160,67094779
121714004160,67094783
121714004160,67094823
121714004160,67094848
121714004160,67094858
121714004160,67094879
121714004160,67094911
121714004160,67094962
121714004160,67095063
121714004160,67095100
121714004160,67095101
121714004160,67095125
121714004160,67095171
121714004160,67095182
121714004160,67095186
121714004160,67095249
121714004160,67095269
121714004160,67095323
121714004160,67095332
121714004160,67095343
121714004160,67095352
121714004160,67095355
121714004160,67095380
121714004160,67095381
121714004160,67095454
121714004160,67095472
121714004160,67095650
121714004160,67097104
121714004160,67097105
121714004160,67097914
121714004160,67099313
121714004160,67099526
121714004160,67100572
121714004160,67100602
121714004160,67101184
121714004160,67101186
121714004160,67101215
121714004160,67101236
121714004160,67101297
121714004160,67101301
121714004160,67101306
121714004160,67101444
121714004160,67101467
121714004160,67101552
121714004160,67101715
121714004160,67101762
121714004160,67101895
121714004160,67101915
121714004160,67102027
121714004160,67102096
121714004160,67102203
121714004160,67102220
121714004160,67102222
121714004160,67102224
121714004160,67102228
121714004160,67102269
121714004160,67102272
121714004160,67102276
121714004160,67102312
121714004160,67102337
121714004160,67102347
121714004160,67102369
121714004160,67102400
121714004160,67102552
121714004160,67102589
121714004160,67102590
121714004160,67102614
121714004160,67102660
121714004160,67102671
121714004160,67102675
121714004160,67102739
121714004160,67102758
121714004160,67102813
121714004160,67102822
121714004160,67102832
121714004160,67102841
121714004160,67102844
121714004160,67102869
121714004160,67102871
121714004160,67102943
121714004160,67102961
121714004160,67104594
121714004160,67106803
121714004160,67107015
121714004160,67108061
121714004160,67108092
121714004160,67108600
121714004160,67108609
121714004160,67108610
121714004160,67108619
121714004160,67108654
121714004160,67108657
121714004160,67108658
121714004160,67108659
132679229760,67091496
132679229760,67093616
132679229760,67093631
132679229760,67093683
132679229760,67093695
132679229760,67093708
132679229760,67093882
132679229760,67093948
132679229760,67094022
132679229760,67094195
132679229760,67094272
132679229760,67094349
132679229760,67094447
132679229760,67094475
132679229760,67094491
132679229760,67094542
132679229760,67094594
132679229760,67094654
132679229760,67094691
132679229760,67094851
132679229760,67094949
132679229760,67095019
132679229760,67095042
132679229760,67095139
132679229760,67095200
132679229760,67095251
132679229760,67095266
132679229760,67095312
132679229760,67095348
132679229760,67095438
132679229760,67095565
132679229760,67095619
132679229760,67095721
132679229760,67095735
132679229760,67096259
132679229760,67096283
132679229760,67096319
132679229760,67096330
132679229760,67096428
132679229760,67096457
132679229760,67096460
132679229760,67096638
132679229760,67096645
132679229760,67096931
132679229760,67097124
132679229760,67097143
132679229760,67097269
132679229760,67097281
132679229760,67097284
132679229760,67097372
132679229760,67097408
132679229760,67097448
132679229760,67097551
132679229760,67097932
132679229760,67098099
132679229760,67098728
132679229760,67098755
132679229760,67098964
132679229760,67099187
132679229760,67101120
132679229760,67101121
132679229760,67101172
132679229760,67101185
132679229760,67101197
132679229760,67101371
132679229760,67101437
132679229760,67101511
132679229760,67101684
132679229760,67101703
132679229760,67101838
132679229760,67101936
132679229760,67101965
132679229760,67101980
132679229760,67102031
132679229760,67102083
132679229760,67102144
132679229760,67102180
132679229760,67102340
132679229760,67102438
132679229760,67102508
132679229760,67102532
132679229760,67102624
132679229760,67102628
132679229760,67102689
132679229760,67102740
132679229760,67102755
132679229760,67102801
132679229760,67102837
132679229760,67103054
132679229760,67103108
132679229760,67103210
132679229760,67103224
132679229760,67103749
132679229760,67103772
132679229760,67103808
132679229760,67103819
132679229760,67103918
132679229760,67103947
132679229760,67103950
132679229760,67104128
132679229760,67104134
132679229760,67104420
132679229760,67104614
132679229760,67104632
132679229760,67104759
132679229760,67104770
132679229760,67104773
132679229760,67104861
132679229760,67104897
132679229760,67104937
132679229760,67105040
132679229760,67105421
132679229760,67105588
132679229760,67106218
132679229760,67106245
132679229760,67106453
132679229760,67106676
132679229760,67106701
132679229760,67108604
132679229760,67108611
132679229760,67108612
132679229760,67108620
132679229760,67108622
132679229760,67108623
143644455360,67091514
143644455360,67093920
143644455360,67093928
143644455360,67093944
143644455360,67093967
143644455360,67094006
143644455360,67094010
143644455360,67094031
143644455360,67094035
143644455360,67094141
143644455360,67094144
143644455360,67094146
143644455360,67094152
143644455360,67094153
143644455360,67094160
143644455360,67094186
143644455360,67094212
143644455360,67094247
143644455360,67094266
143644455360,67094274
143644455360,67094354
143644455360,67094374
143644455360,67094392
143644455360,67094430
143644455360,67094452
143644455360,67094469
143644455360,67094496
143644455360,67094521
143644455360,67094558
143644455360,67094560
143644455360,67094566
143644455360,67094586
143644455360,67094616
143644455360,67094623
143644455360,67094666
143644455360,67094776
143644455360,67094778
143644455360,67094782
143644455360,67094948
143644455360,67094955
143644455360,67094967
143644455360,67094984
143644455360,67094996
143644455360,67095029
143644455360,67095037
143644455360,67095041
143644455360,67095044
143644455360,67095046
143644455360,67095049
143644455360,67095061
143644455360,67095078
143644455360,67095088
143644455360,67095092
143644455360,67095114
143644455360,67095130
143644455360,67095142
143644455360,67097901
143644455360,67101359
143644455360,67101409
143644455360,67101417
143644455360,67101433
143644455360,67101456
143644455360,67101495
143644455360,67101499
143644455360,67101520
143644455360,67101524
143644455360,67101630
143644455360,67101634
143644455360,67101635
143644455360,67101641
143644455360,67101642
143644455360,67101650
143644455360,67101675
143644455360,67101701
143644455360,67101736
143644455360,67101756
143644455360,67101763
143644455360,67101863
143644455360,67101882
143644455360,67101919
143644455360,67101941
143644455360,67101958
143644455360,67101986
143644455360,67102010
143644455360,67102047
143644455360,67102049
143644455360,67102055
143644455360,67102075
143644455360,67102105
143644455360,67102112
143644455360,67102148
143644455360,67102155
143644455360,67102202
143644455360,67102218
143644455360,67102266
143644455360,67102267
143644455360,67102271
143644455360,67102444
143644455360,67102456
143644455360,67102472
143644455360,67102474
143644455360,67102486
143644455360,67102518
143644455360,67102527
143644455360,67102530
143644455360,67102533
143644455360,67102535
143644455360,67102538
143644455360,67102550
143644455360,67102568
143644455360,67102578
143644455360,67102581
143644455360,67102603
143644455360,67102619
143644455360,67102631
143644455360,67103921
143644455360,67105390
143644455360,67108656
154609680960,67093606
154609680960,67093650
154609680960,67093665
154609680960,67093815
154609680960,67093987
154609680960,67094056
154609680960,67094081
154609680960,67094175
154609680960,67094262
154609680960,67094299
154609680960,67094423
154609680960,67094433
154609680960,67094435
154609680960,67094487
154609680960,67094516
154609680960,67094530
154609680960,67094664
154609680960,67094672
154609680960,67094687
154609680960,67094797
154609680960,67094896
154609680960,67094904
154609680960,67096133
154609680960,67096156
154609680960,67096157
154609680960,67096168
154609680960,67096173
154609680960,67096225
154609680960,67096232
154609680960,67096328
154609680960,67097072
154609680960,67097083
154609680960,67097089
154609680960,67097090
154609680960,67097093
154609680960,67097094
154609680960,67097096
154609680960,67097103
154609680960,67097166
154609680960,67097167
154609680960,67097177
154609680960,67097280
154609680960,67097904
154609680960,67097907
154609680960,67097909
154609680960,67097910
154609680960,67097927
154609680960,67097935
154609680960,67097950
154609680960,67097951
154609680960,67097955
154609680960,67097956
154609680960,67097957
154609680960,67097968
154609680960,67098028
154609680960,67098090
154609680960,67098623
154609680960,67098629
154609680960,67098630
154609680960,67100682
154609680960,67101139
154609680960,67101140
154609680960,67101154
154609680960,67101198
154609680960,67101304
154609680960,67101476
154609680960,67101545
154609680960,67101570
154609680960,67101664
154609680960,67101791
154609680960,67101913
154609680960,67101922
154609680960,67101924
154609680960,67101976
154609680960,67102006
154609680960,67102019
154609680960,67102153
154609680960,67102176
154609680960,67102286
154609680960,67102386
154609680960,67102394
154609680960,67103622
154609680960,67103646
154609680960,67103662
154609680960,67103714
154609680960,67103817
154609680960,67104562
154609680960,67104572
154609680960,67104578
154609680960,67104580
154609680960,67104582
154609680960,67104583
154609680960,67104585
154609680960,67104592
154609680960,67104655
154609680960,67104657
154609680960,67104666
154609680960,67104769
154609680960,67104782
154609680960,67105388
154609680960,67105393
154609680960,67105396
154609680960,67105398
154609680960,67105399
154609680960,67105400
154609680960,67105416
154609680960,67105424
154609680960,67105439
154609680960,67105440
154609680960,67105445
154609680960,67105447
154609680960,67105457
154609680960,67105489
154609680960,67105503
154609680960,67105518
154609680960,67105540
154609680960,67105571
154609680960,67106112
154609680960,67106118
154609680960,67106119
154609680960,67108171
165574906560,131253
165574906560,67093710
165574906560,67094140
165574906560,67094338
165574906560,67096242
165574906560,67096357
165574906560,67096418
165574906560,67096419
165574906560,67097084
165574906560,67097095
165574906560,67097146
165574906560,67097147
165574906560,67097164
165574906560,67097174
165574906560,67097188
165574906560,67097908
165574906560,67097930
165574906560,67097953
165574906560,67097964
165574906560,67097969
165574906560,67097971
165574906560,67098008
165574906560,67098013
165574906560,67098058
165574906560,67098096
165574906560,67098631
165574906560,67098637
165574906560,67098645
165574906560,67098648
165574906560,67098654
165574906560,67098677
165574906560,67098678
165574906560,67098688
165574906560,67098709
165574906560,67098720
165574906560,67098804
165574906560,67098838
165574906560,67098840
165574906560,67098956
165574906560,67099198
165574906560,67099203
165574906560,67099228
165574906560,67099249
165574906560,67099284
165574906560,67099302
165574906560,67099408
165574906560,67099532
165574906560,67099686
165574906560,67099689
165574906560,67099702
165574906560,67099765
165574906560,67099854
165574906560,67099873
165574906560,67099903
165574906560,67100601
165574906560,67100603
165574906560,67101200
165574906560,67101827
165574906560,67103732
165574906560,67103846
165574906560,67103908
165574906560,67104573
165574906560,67104584
165574906560,67104635
165574906560,67104636
165574906560,67104654
165574906560,67104663
165574906560,67104678
165574906560,67105419
165574906560,67105442
165574906560,67105453
165574906560,67105458
165574906560,67105461
165574906560,67105497
165574906560,67105502
165574906560,67105541
165574906560,67105547
165574906560,67105585
165574906560,67106120
165574906560,67106126
165574906560,67106134
165574906560,67106137
165574906560,67106138
165574906560,67106143
165574906560,67106166
165574906560,67106167
165574906560,67106177
165574906560,67106198
165574906560,67106209
165574906560,67106293
165574906560,67106327
165574906560,67106329
165574906560,67106445
165574906560,67106669
165574906560,67106688
165574906560,67106692
165574906560,67106738
165574906560,67106765
165574906560,67106773
165574906560,67106792
165574906560,67107022
165574906560,67107176
165574906560,67107178
165574906560,67107222
165574906560,67107255
165574906560,67107344
165574906560,67107362
165574906560,67107393
165574906560,67107454
165574906560,67108062
165574906560,67108090
165574906560,67108093
165574906560,67108613
165574906560,67108614
165574906560,67108621
165574906560,67108624
165574906560,67108625
165574906560,67108626
165574906560,67108627
165574906560,67108628
165574906560,67108629
165574906560,67108630
165574906560,67108633
165574906560,67108635
176540132160,131240
176540132160,131245
176540132160,131252
176540132160,131255
176540132160,131256
176540132160,67093729
176540132160,67093744
176540132160,67093746
176540132160,67093754
176540132160,67093772
176540132160,67093796
176540132160,67093814
176540132160,67093818
176540132160,67093821
176540132160,67093823
176540132160,67093842
176540132160,67093853
176540132160,67093871
176540132160,67093879
176540132160,67093915
176540132160,67093937
176540132160,67093959
176540132160,67093968
176540132160,67093974
176540132160,67093982
176540132160,67093993
176540132160,67094003
176540132160,67094082
176540132160,67094148
176540132160,67094157
176540132160,67094159
176540132160,67094165
176540132160,67094189
176540132160,67094191
176540132160,67094210
176540132160,67094276
176540132160,67094477
176540132160,67094550
176540132160,67094589
176540132160,67094611
176540132160,67095517
176540132160,67095518
176540132160,67096297
176540132160,67096359
176540132160,67096861
176540132160,67098202
176540132160,67098207
176540132160,67098237
176540132160,67098298
176540132160,67098366
176540132160,67098368
176540132160,67098659
176540132160,67098694
176540132160,67098702
176540132160,67098920
176540132160,67098940
176540132160,67099190
176540132160,67101218
176540132160,67101233
176540132160,67101234
176540132160,67101235
176540132160,67101261
176540132160,67101285
176540132160,67101303
176540132160,67101307
176540132160,67101310
176540132160,67101311
176540132160,67101312
176540132160,67101331
176540132160,67101361
176540132160,67101369
176540132160,67101404
176540132160,67101426
176540132160,67101448
176540132160,67101457
176540132160,67101463
176540132160,67101471
176540132160,67101482
176540132160,67101483
176540132160,67101492
176540132160,67101571
176540132160,67101637
176540132160,67101646
176540132160,67101649
176540132160,67101655
176540132160,67101678
176540132160,67101680
176540132160,67101699
176540132160,67101750
176540132160,67101861
176540132160,67101892
176540132160,67101966
176540132160,67102039
176540132160,67102040
176540132160,67102078
176540132160,67102100
176540132160,67103006
176540132160,67103008
176540132160,67103779
176540132160,67103786
176540132160,67103863
176540132160,67104350
176540132160,67105691
176540132160,67105697
176540132160,67105726
176540132160,67105787
176540132160,67105855
176540132160,67105858
176540132160,67106149
176540132160,67106183
176540132160,67106191
176540132160,67106409
176540132160,67106429
176540132160,67106679
176540132160,67106700
176540132160,67108661
176540132160,67108664
176540132160,67108670
176540132160,67108672
187505357760,67093704
187505357760,67093748
187505357760,67093763
187505357760,67093775
187505357760,67093794
187505357760,67093860
187505357760,67093943
187505357760,67093960
187505357760,67094209
187505357760,67094265
187505357760,67094344
187505357760,67094350
187505357760,67094454
187505357760,67094479
187505357760,67094480
187505357760,67094601
187505357760,67094846
187505357760,67094932
187505357760,67095058
187505357760,67095158
187505357760,67095281
187505357760,67095284
187505357760,67095382
187505357760,67095431
187505357760,67095470
187505357760,67095474
187505357760,67095665
187505357760,67096367
187505357760,67096406
187505357760,67096522
187505357760,67096578
187505357760,67096742
187505357760,67096749
187505357760,67096796
187505357760,67096798
187505357760,67096804
187505357760,67097131
187505357760,67097184
187505357760,67097213
187505357760,67097256
187505357760,67097263
187505357760,67097426
187505357760,67097559
187505357760,67098091
187505357760,67098660
187505357760,67098980
187505357760,67098993
187505357760,67099434
187505357760,67099874
187505357760,67100616
187505357760,67100620
187505357760,67100650
187505357760,67100653
187505357760,67100660
187505357760,67100665
187505357760,67100666
187505357760,67100670
187505357760,67101193
187505357760,67101237
187505357760,67101252
187505357760,67101264
187505357760,67101283
187505357760,67101350
187505357760,67101449
187505357760,67101698
187505357760,67101754
187505357760,67101834
187505357760,67101839
187505357760,67101943
187505357760,67101968
187505357760,67101969
187505357760,67102090
187505357760,67102335
187505357760,67102421
187505357760,67102548
187505357760,67102647
187505357760,67102770
187505357760,67102773
187505357760,67102920
187505357760,67102959
187505357760,67102963
187505357760,67103154
187505357760,67103857
187505357760,67103895
187505357760,67104011
187505357760,67104067
187505357760,67104231
187505357760,67104238
187505357760,67104285
187505357760,67104287
187505357760,67104293
187505357760,67104598
187505357760,67104620
187505357760,67104674
187505357760,67104702
187505357760,67104745
187505357760,67104752
187505357760,67104915
187505357760,67105048
187505357760,67105394
187505357760,67105580
187505357760,67106470
187505357760,67106482
187505357760,67106923
187505357760,67107363
187505357760,67108109
187505357760,67108133
187505357760,67108139
187505357760,67108142
187505357760,67108154
187505357760,67108155
187505357760,67108159
187505357760,67108660
187505357760,67108662
187505357760,67108663
187505357760,67108665
187505357760,67108666
187505357760,67108667
187505357760,67108668
198470583360,131234
198470583360,131237
198470583360,131238
198470583360,67091621
198470583360,67093604
198470583360,67093707
198470583360,67093849
198470583360,67093869
198470583360,67093952
198470583360,67094016
198470583360,67094046
198470583360,67094226
198470583360,67094448
198470583360,67094478
198470583360,67094515
198470583360,67094568
198470583360,67094659
198470583360,67095095
198470583360,67095413
198470583360,67095506
198470583360,67095821
198470583360,67095925
198470583360,67096324
198470583360,67096432
198470583360,67096438
198470583360,67096459
198470583360,67096471
198470583360,67096494
198470583360,67096609
198470583360,67096806
198470583360,67096828
198470583360,67096832
198470583360,67096885
198470583360,67096891
198470583360,67097224
198470583360,67097226
198470583360,67097233
198470583360,67097241
198470583360,67097254
198470583360,67097258
198470583360,67097259
198470583360,67097260
198470583360,67097261
198470583360,67097272
198470583360,67097283
198470583360,67097290
198470583360,67097298
198470583360,67097299
198470583360,67097303
198470583360,67097308
198470583360,67097309
198470583360,67097314
198470583360,67097316
198470583360,67097325
198470583360,67097327
198470583360,67097332
198470583360,67097345
198470583360,67097356
198470583360,67097363
198470583360,67097365
198470583360,67101196
198470583360,67101358
198470583360,67101441
198470583360,67101505
198470583360,67101535
198470583360,67101716
198470583360,67101937
198470583360,67101967
198470583360,67102004
198470583360,67102058
198470583360,67102567
198470583360,67102585
198470583360,67102902
198470583360,67102962
198470583360,67102995
198470583360,67103310
198470583360,67103414
198470583360,67103783
198470583360,67103789
198470583360,67103814
198470583360,67103927
198470583360,67103948
198470583360,67103961
198470583360,67103984
198470583360,67104031
198470583360,67104098
198470583360,67104138
198470583360,67104295
198470583360,67104317
198470583360,67104321
198470583360,67104374
198470583360,67104380
198470583360,67104713
198470583360,67104715
198470583360,67104722
198470583360,67104730
198470583360,67104743
198470583360,67104747
198470583360,67104749
198470583360,67104750
198470583360,67104762
198470583360,67104772
198470583360,67104780
198470583360,67104787
198470583360,67104788
198470583360,67104792
198470583360,67104797
198470583360,67104799
198470583360,67104803
198470583360,67104805
198470583360,67104814
198470583360,67104816
198470583360,67104821
198470583360,67104834
198470583360,67104846
198470583360,67104852
198470583360,67104854
209435808960,131244
209435808960,131259
209435808960,67091633
209435808960,67092488
209435808960,67093705
209435808960,67094205
209435808960,67094206
209435808960,67095330
209435808960,67095731
209435808960,67095813
209435808960,67095820
209435808960,67095895
209435808960,67095993
209435808960,67096029
209435808960,67098163
209435808960,67098255
209435808960,67098262
209435808960,67098269
209435808960,67098284
209435808960,67098292
209435808960,67098297
209435808960,67098300
209435808960,67098306
209435808960,67098309
209435808960,67098310
209435808960,67098311
209435808960,67098313
209435808960,67098314
209435808960,67098319
209435808960,67098323
209435808960,67098324
209435808960,67098328
209435808960,67098331
209435808960,67098335
209435808960,67098338
209435808960,67098339
209435808960,67098342
209435808960,67098353
209435808960,67098354
209435808960,67098355
209435808960,67098358
209435808960,67098359
209435808960,67098362
209435808960,67098364
209435808960,67098367
209435808960,67098371
209435808960,67098372
209435808960,67098373
209435808960,67098375
209435808960,67098382
209435808960,67098384
209435808960,67098385
209435808960,67098386
209435808960,67098390
209435808960,67098391
209435808960,67098392
209435808960,67098393
209435808960,67098394
209435808960,67098397
209435808960,67098398
209435808960,67098401
209435808960,67098402
209435808960,67098403
209435808960,67098407
209435808960,67098410
209435808960,67101195
209435808960,67101695
209435808960,67102819
209435808960,67103220
209435808960,67103302
209435808960,67103309
209435808960,67103384
209435808960,67103482
209435808960,67103519
209435808960,67105652
209435808960,67105744
209435808960,67105759
209435808960,67105773
209435808960,67105781
209435808960,67105789
209435808960,67105796
209435808960,67105800
209435808960,67105802
209435808960,67105803
209435808960,67105809
209435808960,67105812
209435808960,67105813
209435808960,67105817
209435808960,67105820
209435808960,67105825
209435808960,67105827
209435808960,67105829
209435808960,67105831
209435808960,67105842
209435808960,67105843
209435808960,67105844
209435808960,67105848
209435808960,67105849
209435808960,67105851
209435808960,67105853
209435808960,67105856
209435808960,67105857
209435808960,67105860
209435808960,67105862
209435808960,67105864
209435808960,67105871
209435808960,67105874
209435808960,67105875
209435808960,67105879
209435808960,67105880
209435808960,67105881
209435808960,67105882
209435808960,67105883
209435808960,67105887
209435808960,67105888
209435808960,67105890
209435808960,67105891
209435808960,67105892
209435808960,67105896
209435808960,67105900
209435808960,67108605
209435808960,67108632
220401034560,67093728
220401034560,67093740
220401034560,67093820
220401034560,67093828
220401034560,67093954
220401034560,67094012
220401034560,67094028
220401034560,67094051
220401034560,67094058
220401034560,67094064
220401034560,67094264
220401034560,67094348
220401034560,67094413
220401034560,67094442
220401034560,67094444
220401034560,67094486
220401034560,67094512
220401034560,67094522
220401034560,67094526
220401034560,67094543
220401034560,67094549
220401034560,67094563
220401034560,67094570
220401034560,67094581
220401034560,67094584
220401034560,67094585
220401034560,67094590
220401034560,67094649
220401034560,67094792
220401034560,67094796
220401034560,67094802
220401034560,67094883
220401034560,67094884
220401034560,67094899
220401034560,67094901
220401034560,67094912
220401034560,67094944
220401034560,67094975
220401034560,67094990
220401034560,67094998
220401034560,67095008
220401034560,67095020
220401034560,67095062
220401034560,67095079
220401034560,67095081
220401034560,67095085
220401034560,67095159
220401034560,67095169
220401034560,67095172
220401034560,67095176
220401034560,67095184
220401034560,67095216
220401034560,67095399
220401034560,67095401
220401034560,67095419
220401034560,67095429
220401034560,67095456
220401034560,67095501
220401034560,67095737
220401034560,67101150
220401034560,67101229
220401034560,67101282
220401034560,67101284
220401034560,67101305
220401034560,67101317
220401034560,67101401
220401034560,67101443
220401034560,67101458
220401034560,67101460
220401034560,67101501
220401034560,67101517
220401034560,67101540
220401034560,67101547
220401034560,67101553
220401034560,67101687
220401034560,67101932
220401034560,67101933
220401034560,67101975
220401034560,67102001
220401034560,67102005
220401034560,67102012
220401034560,67102015
220401034560,67102033
220401034560,67102052
220401034560,67102059
220401034560,67102070
220401034560,67102074
220401034560,67102079
220401034560,67102138
220401034560,67102181
220401034560,67102268
220401034560,67102281
220401034560,67102291
220401034560,67102372
220401034560,67102374
220401034560,67102388
220401034560,67102391
220401034560,67102401
220401034560,67102433
220401034560,67102464
220401034560,67102479
220401034560,67102488
220401034560,67102497
220401034560,67102509
220401034560,67102547
220401034560,67102551
220401034560,67102571
220401034560,67102574
220401034560,67102648
220401034560,67102661
220401034560,67102666
220401034560,67102674
220401034560,67102705
220401034560,67102821
220401034560,67102888
220401034560,67102890
220401034560,67102919
220401034560,67102945
220401034560,67102990
231366260160,67094941
231366260160,67095617
231366260160,67096630
231366260160,67096665
231366260160,67098299
231366260160,67098305
231366260160,67098741
231366260160,67098899
231366260160,67098950
231366260160,67099624
231366260160,67099738
231366260160,67100599
231366260160,67100672
231366260160,67100856
231366260160,67103106
231366260160,67104120
231366260160,67104154
231366260160,67104688
231366260160,67105794
231366260160,67106231
231366260160,67106389
231366260160,67106439
231366260160,67106447
231366260160,67108088
231366260160,67108162
231366260160,67108345
231366260160,67108704
