1379256614,67100549
1379256614,67100550
1379256614,67100551
1379256614,67100552
1379256614,67100553
1379256614,67100958
1379256614,67104953
15171822754,131244
15171822754,67099268
15171822754,67099915
15171822754,67100574
15171822754,67100593
15171822754,67100664
15171822754,67100671
15171822754,67100676
15171822754,67100677
15171822754,67100678
15171822754,67100679
15171822754,67100680
15171822754,67100681
15171822754,67100682
15171822754,67100683
15171822754,67100690
15171822754,67100691
15171822754,67100714
15171822754,67100736
15171822754,67100772
15171822754,67100788
15171822754,67100801
15171822754,67100810
15171822754,67100818
15171822754,67102282
15171822754,67102352
15171822754,67102365
15171822754,67102371
15171822754,67102374
15171822754,67102396
15171822754,67102405
15171822754,67102408
15171822754,67102426
15171822754,67102427
15171822754,67102428
15171822754,67102433
15171822754,67102439
15171822754,67102442
15171822754,67102452
15171822754,67102459
15171822754,67102471
15171822754,67102479
15171822754,67102480
15171822754,67102484
15171822754,67102485
15171822754,67103804
15171822754,67103822
15171822754,67103833
15171822754,67103841
15171822754,67103891
15171822754,67103899
15171822754,67103912
15171822754,67103916
15171822754,67104092
15171822754,67104649
15171822754,67104668
15171822754,67104671
15171822754,67104672
15171822754,67104673
15171822754,67104674
15171822754,67104675
15171822754,67104676
15171822754,67104677
15171822754,67104678
15171822754,67104685
15171822754,67104686
15171822754,67104709
15171822754,67104731
15171822754,67104766
15171822754,67104783
15171822754,67104796
15171822754,67104804
15171822754,67104813
15171822754,67106277
15171822754,67106347
15171822754,67106360
15171822754,67106366
15171822754,67106369
15171822754,67106391
15171822754,67106400
15171822754,67106403
15171822754,67106420
15171822754,67106422
15171822754,67106423
15171822754,67106427
15171822754,67106428
15171822754,67106433
15171822754,67106437
15171822754,67106447
15171822754,67106454
15171822754,67106466
15171822754,67106474
15171822754,67106475
15171822754,67106479
15171822754,67106480
15171822754,67107799
15171822754,67107816
15171822754,67107827
15171822754,67107836
15171822754,67107886
15171822754,67107894
15171822754,67107900
15171822754,67107907
15171822754,67107911
15171822754,67107927
15171822754,67108663
15171822754,67108664
15171822754,67108665
15171822754,67108666
15171822754,67108669
15171822754,67108670
15171822754,67108671
15171822754,67108672
15171822754,67108673
15171822754,67108674
15171822754,67108770
15171822754,67108772
15171822754,67108774
15171822754,67108775
15171822754,67108776
15171822754,67108778
15171822754,67108779
15171822754,67108781
15171822754,67108782
15171822754,67108783
15171822754,67108790
15171822754,67108791
15171822754,67108792
28964388894,67099963
28964388894,67100954
28964388894,67100956
28964388894,67100957
28964388894,67100959
28964388894,67100960
28964388894,67100961
28964388894,67100962
28964388894,67100963
28964388894,67100964
28964388894,67100965
28964388894,67100966
28964388894,67100967
28964388894,67100968
28964388894,67100969
28964388894,67100970
28964388894,67100971
28964388894,67100972
28964388894,67100973
28964388894,67104949
28964388894,67104951
28964388894,67104952
28964388894,67104954
28964388894,67104955
28964388894,67104956
28964388894,67104957
28964388894,67104958
28964388894,67104959
28964388894,67104960
28964388894,67104961
28964388894,67104962
28964388894,67104963
28964388894,67104964
28964388894,67104965
28964388894,67104966
28964388894,67104967
28964388894,67104968
