902036450,67093288
902036450,67093289
902036450,67093290
902036450,67093291
902036450,67093292
902036450,67093293
902036450,67093294
902036450,67093295
902036450,67093296
902036450,67093297
902036450,67093298
902036450,67093299
902036450,67093300
902036450,67093301
902036450,67093302
902036450,67093303
902036450,67093304
902036450,67093305
902036450,67093306
902036450,67093307
902036450,67093308
902036450,67093309
902036450,67093310
902036450,67093315
902036450,67093316
902036450,67093317
902036450,67093319
902036450,67093321
902036450,67093324
902036450,67093326
902036450,67093328
902036450,67093329
902036450,67093330
902036450,67093331
902036450,67093336
902036450,67093338
902036450,67093340
902036450,67093341
902036450,67093342
902036450,67093343
902036450,67093344
902036450,67093346
902036450,67093349
902036450,67093350
902036450,67093352
902036450,67093354
902036450,67093355
902036450,67093370
902036450,67093397
902036450,67093403
902036450,67093406
902036450,67093409
902036450,67093433
902036450,67093440
902036450,67093442
902036450,67093464
902036450,67093472
902036450,67093488
902036450,67093501
902036450,67093505
902036450,67093513
902036450,67093518
902036450,67093522
902036450,67093531
902036450,67093535
902036450,67093536
902036450,67093540
902036450,67093541
902036450,67093545
902036450,67093547
902036450,67093548
902036450,67093550
902036450,67093552
902036450,67093554
902036450,67093555
902036450,67093558
902036450,67093559
902036450,67093561
902036450,67093562
902036450,67093565
902036450,67093567
902036450,67093570
902036450,67093573
902036450,67093574
902036450,67093575
902036450,67093576
902036450,67093581
902036450,67093585
902036450,67093586
902036450,67093591
902036450,67093594
902036450,67093595
902036450,67093598
902036450,67093599
902036450,67093602
902036450,67093603
902036450,67093604
902036450,67093605
902036450,67093607
902036450,67093610
902036450,67093614
902036450,67093615
902036450,67093616
902036450,67093617
902036450,67093618
902036450,67093619
902036450,67093620
902036450,67093621
902036450,67093622
902036450,67093623
902036450,67093624
902036450,67093626
902036450,67093629
902036450,67093631
902036450,67093634
902036450,67093635
902036450,67093636
902036450,67093637
902036450,67093638
902036450,67093639
902036450,67093640
902036450,67093642
902036450,67093643
902036450,67093646
902036450,67093647
902036450,67093649
902036450,67095395
902036450,67102786
9922400950,131231
9922400950,67093311
9922400950,67093312
9922400950,67093313
9922400950,67093314
9922400950,67093318
9922400950,67093320
9922400950,67093322
9922400950,67093323
9922400950,67093325
9922400950,67093327
9922400950,67093332
9922400950,67093333
9922400950,67093334
9922400950,67093335
9922400950,67093337
9922400950,67093339
9922400950,67093345
9922400950,67093347
9922400950,67093348
9922400950,67093351
9922400950,67093353
9922400950,67093356
9922400950,67093357
9922400950,67093358
9922400950,67093369
9922400950,67093374
9922400950,67093377
9922400950,67093383
9922400950,67093384
9922400950,67093402
9922400950,67093407
9922400950,67093408
9922400950,67093416
9922400950,67093420
9922400950,67093421
9922400950,67093422
9922400950,67093424
9922400950,67093427
9922400950,67093432
9922400950,67093434
9922400950,67093438
9922400950,67093439
9922400950,67093444
9922400950,67093446
9922400950,67093450
9922400950,67093454
9922400950,67093455
9922400950,67093457
9922400950,67093459
9922400950,67093465
9922400950,67093469
9922400950,67093470
9922400950,67093473
9922400950,67093480
9922400950,67093482
9922400950,67093489
9922400950,67093490
9922400950,67093491
9922400950,67093492
9922400950,67093493
9922400950,67093494
9922400950,67093495
9922400950,67093497
9922400950,67093499
9922400950,67093506
9922400950,67093508
9922400950,67093510
9922400950,67093511
9922400950,67093512
9922400950,67093514
9922400950,67093515
9922400950,67093516
9922400950,67093517
9922400950,67093519
9922400950,67093520
9922400950,67093521
9922400950,67093523
9922400950,67093525
9922400950,67093527
9922400950,67093528
9922400950,67093530
9922400950,67093532
9922400950,67093537
9922400950,67093539
9922400950,67093543
9922400950,67093544
9922400950,67093549
9922400950,67093553
9922400950,67093556
9922400950,67093557
9922400950,67093563
9922400950,67093566
9922400950,67093568
9922400950,67093569
9922400950,67093571
9922400950,67093572
9922400950,67093578
9922400950,67093579
9922400950,67093580
9922400950,67093582
9922400950,67093583
9922400950,67093584
9922400950,67093588
9922400950,67093590
9922400950,67093592
9922400950,67093593
9922400950,67093596
9922400950,67093597
9922400950,67093600
9922400950,67093601
9922400950,67093608
9922400950,67093609
9922400950,67093612
9922400950,67093613
9922400950,67093625
9922400950,67093627
9922400950,67093628
9922400950,67093630
9922400950,67093632
9922400950,67093633
9922400950,67093644
9922400950,67093650
9922400950,67094907
9922400950,67095285
9922400950,67102298
9922400950,67102676
9922400950,67108433
18942765450,67093371
18942765450,67093373
18942765450,67093375
18942765450,67093381
18942765450,67093382
18942765450,67093386
18942765450,67093387
18942765450,67093389
18942765450,67093391
18942765450,67093392
18942765450,67093393
18942765450,67093396
18942765450,67093401
18942765450,67093405
18942765450,67093410
18942765450,67093411
18942765450,67093412
18942765450,67093413
18942765450,67093414
18942765450,67093415
18942765450,67093417
18942765450,67093418
18942765450,67093423
18942765450,67093425
18942765450,67093426
18942765450,67093428
18942765450,67093429
18942765450,67093430
18942765450,67093431
18942765450,67093443
18942765450,67093445
18942765450,67093447
18942765450,67093448
18942765450,67093449
18942765450,67093451
18942765450,67093456
18942765450,67093458
18942765450,67093460
18942765450,67093461
18942765450,67093462
18942765450,67093463
18942765450,67093467
18942765450,67093468
18942765450,67093471
18942765450,67093474
18942765450,67093475
18942765450,67093476
18942765450,67093477
18942765450,67093478
18942765450,67093479
18942765450,67093481
18942765450,67093483
18942765450,67093484
18942765450,67093485
18942765450,67093486
18942765450,67093487
18942765450,67093496
18942765450,67093498
18942765450,67093500
18942765450,67093502
18942765450,67093503
18942765450,67093507
18942765450,67093509
18942765450,67093524
18942765450,67093526
18942765450,67093529
18942765450,67093533
18942765450,67093534
18942765450,67093546
18942765450,67093551
18942765450,67093560
18942765450,67093564
18942765450,67093587
18942765450,67093645
