1096522560,67091408
1096522560,67092426
1096522560,67093414
1096522560,67093415
1096522560,67093416
1096522560,67093417
1096522560,67093418
1096522560,67093419
1096522560,67093420
1096522560,67093421
1096522560,67093422
1096522560,67093423
1096522560,67093424
1096522560,67093425
1096522560,67093426
1096522560,67093427
1096522560,67093428
1096522560,67093429
1096522560,67093430
1096522560,67093431
1096522560,67093432
1096522560,67093433
1096522560,67093434
1096522560,67093436
1096522560,67093437
1096522560,67093438
1096522560,67093439
1096522560,67093440
1096522560,67093441
1096522560,67093442
1096522560,67093443
1096522560,67093444
1096522560,67093445
1096522560,67093446
1096522560,67093447
1096522560,67093448
1096522560,67093449
1096522560,67093450
1096522560,67093475
1096522560,67093476
1096522560,67093477
1096522560,67093478
1096522560,67093479
1096522560,67093480
1096522560,67093481
1096522560,67093482
1096522560,67093483
1096522560,67093484
1096522560,67093485
1096522560,67093486
1096522560,67093487
1096522560,67093488
1096522560,67093489
1096522560,67093490
1096522560,67093491
1096522560,67093492
1096522560,67093493
1096522560,67093494
1096522560,67093495
1096522560,67093496
1096522560,67093498
1096522560,67093500
1096522560,67093502
1096522560,67093503
1096522560,67093504
1096522560,67093505
1096522560,67093506
1096522560,67093507
1096522560,67093510
1096522560,67093907
1096522560,67101396
12061748160,131230
12061748160,67092521
12061748160,67093435
12061748160,67093452
12061748160,67093453
12061748160,67093454
12061748160,67093455
12061748160,67093456
12061748160,67093457
12061748160,67093460
12061748160,67093467
12061748160,67093511
12061748160,67093512
12061748160,67093513
12061748160,67093514
12061748160,67093515
12061748160,67093516
12061748160,67093517
12061748160,67093518
12061748160,67093519
12061748160,67093520
12061748160,67093521
12061748160,67093522
12061748160,67093523
12061748160,67093524
12061748160,67093525
12061748160,67093526
12061748160,67093527
12061748160,67093528
12061748160,67093529
12061748160,67093530
12061748160,67093531
12061748160,67093533
12061748160,67093539
12061748160,67093540
12061748160,67093541
12061748160,67093542
12061748160,67093543
12061748160,67093545
12061748160,67093549
12061748160,67093552
12061748160,67093553
12061748160,67093570
12061748160,67093586
12061748160,67093589
12061748160,67093594
12061748160,67093605
12061748160,67093614
12061748160,67094277
12061748160,67094279
12061748160,67094285
12061748160,67094286
12061748160,67094287
12061748160,67094289
12061748160,67094290
12061748160,67094293
12061748160,67094295
12061748160,67094297
12061748160,67094298
12061748160,67094300
12061748160,67094303
12061748160,67094304
12061748160,67094305
12061748160,67094306
12061748160,67094307
12061748160,67094308
12061748160,67094309
12061748160,67094310
12061748160,67094311
12061748160,67094312
12061748160,67094313
12061748160,67094314
12061748160,67094315
12061748160,67094316
12061748160,67094317
12061748160,67094318
12061748160,67094319
12061748160,67094320
12061748160,67094321
12061748160,67094322
12061748160,67094323
12061748160,67094324
12061748160,67094325
12061748160,67094326
12061748160,67094327
12061748160,67094328
12061748160,67094329
12061748160,67094330
12061748160,67101768
12061748160,67101775
12061748160,67101776
12061748160,67101778
12061748160,67101779
12061748160,67101780
12061748160,67101782
12061748160,67101784
12061748160,67101786
12061748160,67101787
12061748160,67101788
12061748160,67101789
12061748160,67101792
12061748160,67101793
12061748160,67101794
12061748160,67101795
12061748160,67101796
12061748160,67101797
12061748160,67101798
12061748160,67101799
12061748160,67101800
12061748160,67101801
12061748160,67101802
12061748160,67101803
12061748160,67101804
12061748160,67101805
12061748160,67101806
12061748160,67101807
12061748160,67101808
12061748160,67101809
12061748160,67101810
12061748160,67101811
12061748160,67101812
12061748160,67101813
12061748160,67101814
12061748160,67101815
12061748160,67101816
12061748160,67101817
12061748160,67101818
12061748160,67101819
23026973760,67092564
23026973760,67093458
23026973760,67093459
23026973760,67093461
23026973760,67093463
23026973760,67093464
23026973760,67093465
23026973760,67093466
23026973760,67093470
23026973760,67093532
23026973760,67093534
23026973760,67093535
23026973760,67093536
23026973760,67093537
23026973760,67093538
23026973760,67093544
23026973760,67093547
23026973760,67093548
23026973760,67093551
23026973760,67093555
23026973760,67093557
23026973760,67093592
23026973760,67094050
23026973760,67094066
23026973760,67094073
23026973760,67094074
23026973760,67094076
23026973760,67094077
23026973760,67094079
23026973760,67094080
23026973760,67094085
23026973760,67094086
23026973760,67094087
23026973760,67094088
23026973760,67094089
23026973760,67094092
23026973760,67094093
23026973760,67094094
23026973760,67094096
23026973760,67094097
23026973760,67094098
23026973760,67094099
23026973760,67094100
23026973760,67094101
23026973760,67094102
23026973760,67094103
23026973760,67094104
23026973760,67094105
23026973760,67094106
23026973760,67094107
23026973760,67094108
23026973760,67094109
23026973760,67094110
23026973760,67094111
23026973760,67094112
23026973760,67094113
23026973760,67094114
23026973760,67094115
23026973760,67094116
23026973760,67094117
23026973760,67094118
23026973760,67094119
23026973760,67094120
23026973760,67094121
23026973760,67094122
23026973760,67094123
23026973760,67094124
23026973760,67094125
23026973760,67094126
23026973760,67094127
23026973760,67094128
23026973760,67094129
23026973760,67094130
23026973760,67094131
23026973760,67094132
23026973760,67094133
23026973760,67101539
23026973760,67101555
23026973760,67101562
23026973760,67101563
23026973760,67101565
23026973760,67101566
23026973760,67101569
23026973760,67101574
23026973760,67101575
23026973760,67101576
23026973760,67101577
23026973760,67101579
23026973760,67101581
23026973760,67101582
23026973760,67101583
23026973760,67101585
23026973760,67101586
23026973760,67101587
23026973760,67101588
23026973760,67101589
23026973760,67101590
23026973760,67101591
23026973760,67101592
23026973760,67101593
23026973760,67101594
23026973760,67101595
23026973760,67101596
23026973760,67101597
23026973760,67101598
23026973760,67101599
23026973760,67101600
23026973760,67101601
23026973760,67101603
23026973760,67101604
23026973760,67101606
23026973760,67101607
23026973760,67101608
23026973760,67101609
23026973760,67101610
23026973760,67101611
23026973760,67101612
23026973760,67101613
23026973760,67101614
23026973760,67101615
23026973760,67101616
23026973760,67101617
23026973760,67101618
23026973760,67101619
23026973760,67101620
23026973760,67101621
23026973760,67101622
33992199360,67092594
33992199360,67098042
33992199360,67098132
33992199360,67098133
33992199360,67098134
33992199360,67098135
33992199360,67098136
33992199360,67098137
33992199360,67098138
33992199360,67098139
33992199360,67098140
33992199360,67098141
33992199360,67098142
33992199360,67098143
33992199360,67098144
33992199360,67098145
33992199360,67098146
33992199360,67098147
33992199360,67098148
33992199360,67098149
33992199360,67098151
33992199360,67098152
33992199360,67098153
33992199360,67098154
33992199360,67098155
33992199360,67098156
33992199360,67098157
33992199360,67098158
33992199360,67098159
33992199360,67098160
33992199360,67098161
33992199360,67098162
33992199360,67098164
33992199360,67098165
33992199360,67098166
33992199360,67098167
33992199360,67098168
33992199360,67098169
33992199360,67098170
33992199360,67098171
33992199360,67098172
33992199360,67098173
33992199360,67098174
33992199360,67098175
33992199360,67098176
33992199360,67098177
33992199360,67098178
33992199360,67098179
33992199360,67098180
33992199360,67098181
33992199360,67098185
33992199360,67098186
33992199360,67098187
33992199360,67098188
33992199360,67098189
33992199360,67098190
33992199360,67098191
33992199360,67098192
33992199360,67098193
33992199360,67098194
33992199360,67098195
33992199360,67098196
33992199360,67098823
33992199360,67105586
33992199360,67105593
33992199360,67105621
33992199360,67105622
33992199360,67105623
33992199360,67105624
33992199360,67105625
33992199360,67105626
33992199360,67105628
33992199360,67105629
33992199360,67105630
33992199360,67105632
33992199360,67105633
33992199360,67105634
33992199360,67105635
33992199360,67105636
33992199360,67105637
33992199360,67105638
33992199360,67105641
33992199360,67105642
33992199360,67105643
33992199360,67105644
33992199360,67105645
33992199360,67105646
33992199360,67105647
33992199360,67105648
33992199360,67105649
33992199360,67105650
33992199360,67105651
33992199360,67105653
33992199360,67105654
33992199360,67105655
33992199360,67105656
33992199360,67105657
33992199360,67105658
33992199360,67105659
33992199360,67105660
33992199360,67105661
33992199360,67105662
33992199360,67105663
33992199360,67105664
33992199360,67105665
33992199360,67105666
33992199360,67105667
33992199360,67105668
33992199360,67105669
33992199360,67105670
33992199360,67105671
33992199360,67105674
33992199360,67105675
33992199360,67105676
33992199360,67105677
33992199360,67105678
33992199360,67105679
33992199360,67105680
33992199360,67105681
33992199360,67105682
33992199360,67105683
33992199360,67105684
33992199360,67105685
33992199360,67105686
33992199360,67108596
33992199360,67108597
33992199360,67108598
44957424960,67092616
44957424960,67093462
44957424960,67093468
44957424960,67093469
44957424960,67093472
44957424960,67093473
44957424960,67093474
44957424960,67093546
44957424960,67093550
44957424960,67093554
44957424960,67093556
44957424960,67093558
44957424960,67093569
44957424960,67093571
44957424960,67093572
44957424960,67093573
44957424960,67093574
44957424960,67093578
44957424960,67093580
44957424960,67093595
44957424960,67094215
44957424960,67094216
44957424960,67094217
44957424960,67094218
44957424960,67094219
44957424960,67094220
44957424960,67094221
44957424960,67094255
44957424960,67094291
44957424960,67094624
44957424960,67094628
44957424960,67094631
44957424960,67094637
44957424960,67094667
44957424960,67094670
44957424960,67094673
44957424960,67094684
44957424960,67094688
44957424960,67094740
44957424960,67094741
44957424960,67094742
44957424960,67094743
44957424960,67094744
44957424960,67094745
44957424960,67094746
44957424960,67094747
44957424960,67094748
44957424960,67094752
44957424960,67094753
44957424960,67094754
44957424960,67094755
44957424960,67094760
44957424960,67094761
44957424960,67094762
44957424960,67094765
44957424960,67094767
44957424960,67094768
44957424960,67094770
44957424960,67094804
44957424960,67094805
44957424960,67094807
44957424960,67094811
44957424960,67094812
44957424960,67094813
44957424960,67094814
44957424960,67094815
44957424960,67094820
44957424960,67094821
44957424960,67094863
44957424960,67094865
44957424960,67094866
44957424960,67101705
44957424960,67101706
44957424960,67101707
44957424960,67101708
44957424960,67101709
44957424960,67101710
44957424960,67101711
44957424960,67101744
44957424960,67102113
44957424960,67102117
44957424960,67102120
44957424960,67102126
44957424960,67102156
44957424960,67102160
44957424960,67102162
44957424960,67102174
44957424960,67102178
44957424960,67102229
44957424960,67102230
44957424960,67102231
44957424960,67102232
44957424960,67102233
44957424960,67102234
44957424960,67102235
44957424960,67102236
44957424960,67102237
44957424960,67102241
44957424960,67102242
44957424960,67102243
44957424960,67102244
44957424960,67102250
44957424960,67102251
44957424960,67102254
44957424960,67102255
44957424960,67102256
44957424960,67102257
44957424960,67102260
44957424960,67102294
44957424960,67102295
44957424960,67102296
44957424960,67102297
44957424960,67102300
44957424960,67102301
44957424960,67102302
44957424960,67102303
44957424960,67102304
44957424960,67102309
44957424960,67102310
44957424960,67102352
44957424960,67102354
44957424960,67102355
44957424960,67108595
44957424960,67108601
44957424960,67108606
44957424960,67108607
44957424960,67108608
55922650560,67092629
55922650560,67093471
55922650560,67093559
55922650560,67093560
55922650560,67093562
55922650560,67093563
55922650560,67093566
55922650560,67093568
55922650560,67093577
55922650560,67093579
55922650560,67093581
55922650560,67093582
55922650560,67093583
55922650560,67093588
55922650560,67093590
55922650560,67093591
55922650560,67093593
55922650560,67093596
55922650560,67093597
55922650560,67093598
55922650560,67093599
55922650560,67093600
55922650560,67093602
55922650560,67093607
55922650560,67093610
55922650560,67095485
55922650560,67095486
55922650560,67095502
55922650560,67095511
55922650560,67095512
55922650560,67095513
55922650560,67095578
55922650560,67095581
55922650560,67095583
55922650560,67095585
55922650560,67095592
55922650560,67095593
55922650560,67095600
55922650560,67095602
55922650560,67095603
55922650560,67095604
55922650560,67095615
55922650560,67102974
55922650560,67102975
55922650560,67102977
55922650560,67102991
55922650560,67103001
55922650560,67103002
55922650560,67103003
55922650560,67103065
55922650560,67103069
55922650560,67103070
55922650560,67103072
55922650560,67103074
55922650560,67103082
55922650560,67103083
55922650560,67103088
55922650560,67103092
55922650560,67103098
55922650560,67103104
