1379256614,67100549
1379256614,67100550
1379256614,67100551
1379256614,67100552
1379256614,67100553
1379256614,67100958
1379256614,67104953
15171822754,131244
15171822754,67099268
15171822754,67099915
15171822754,67100574
15171822754,67100593
15171822754,67100664
15171822754,67100671
15171822754,67100676
15171822754,67100677
15171822754,67100678
15171822754,67100679
15171822754,67100680
15171822754,67100681
15171822754,67100682
15171822754,67100683
15171822754,67100690
15171822754,67100691
15171822754,67100714
15171822754,67100736
15171822754,67100772
15171822754,67100788
15171822754,67100801
15171822754,67100810
15171822754,67100818
15171822754,67102282
15171822754,67102352
15171822754,67102365
15171822754,67102371
15171822754,67102374
15171822754,67102396
15171822754,67102405
15171822754,67102408
15171822754,67102426
15171822754,67102427
15171822754,67102428
15171822754,67102433
15171822754,67102439
15171822754,67102442
15171822754,67102452
15171822754,67102459
15171822754,67102471
15171822754,67102479
15171822754,67102480
15171822754,67102484
15171822754,67102485
15171822754,67103804
15171822754,67103822
15171822754,67103833
15171822754,67103841
15171822754,67103891
15171822754,67103899
15171822754,67103912
15171822754,67103916
15171822754,67104092
15171822754,67104649
15171822754,67104668
15171822754,67104671
15171822754,67104672
15171822754,67104673
15171822754,67104674
15171822754,67104675
15171822754,67104676
15171822754,67104677
15171822754,67104678
15171822754,67104685
15171822754,67104686
15171822754,67104709
15171822754,67104731
15171822754,67104766
15171822754,67104783
15171822754,67104796
15171822754,67104804
15171822754,67104813
15171822754,67106277
15171822754,67106347
15171822754,67106360
15171822754,67106366
15171822754,67106369
15171822754,67106391
15171822754,67106400
15171822754,67106403
15171822754,67106420
15171822754,67106422
15171822754,67106423
15171822754,67106427
15171822754,67106428
15171822754,67106433
15171822754,67106437
15171822754,67106447
15171822754,67106454
15171822754,67106466
15171822754,67106474
15171822754,67106475
15171822754,67106479
15171822754,67106480
15171822754,67107799
15171822754,67107816
15171822754,67107827
15171822754,67107836
15171822754,67107886
15171822754,67107894
15171822754,67107900
15171822754,67107907
15171822754,67107911
15171822754,67107927
15171822754,67108663
15171822754,67108664
15171822754,67108665
15171822754,67108666
15171822754,67108669
15171822754,67108670
15171822754,67108671
15171822754,67108672
15171822754,67108673
15171822754,67108674
15171822754,67108770
15171822754,67108772
15171822754,67108774
15171822754,67108775
15171822754,67108776
15171822754,67108778
15171822754,67108779
15171822754,67108781
15171822754,67108782
15171822754,67108783
15171822754,67108790
15171822754,67108791
15171822754,67108792
28964388894,67099963
28964388894,67100945
28964388894,67100946
28964388894,67100947
28964388894,67100948
28964388894,67100949
28964388894,67100950
28964388894,67100951
28964388894,67100952
28964388894,67100953
28964388894,67100954
28964388894,67100955
28964388894,67100956
28964388894,67100957
28964388894,67100959
28964388894,67100960
28964388894,67100961
28964388894,67100962
28964388894,67100963
28964388894,67100964
28964388894,67100965
28964388894,67100966
28964388894,67100967
28964388894,67100968
28964388894,67100969
28964388894,67100970
28964388894,67100971
28964388894,67100972
28964388894,67100973
28964388894,67100974
28964388894,67104940
28964388894,67104941
28964388894,67104942
28964388894,67104943
28964388894,67104944
28964388894,67104945
28964388894,67104946
28964388894,67104947
28964388894,67104948
28964388894,67104949
28964388894,67104950
28964388894,67104951
28964388894,67104952
28964388894,67104954
28964388894,67104955
28964388894,67104956
28964388894,67104957
28964388894,67104958
28964388894,67104959
28964388894,67104960
28964388894,67104961
28964388894,67104962
28964388894,67104963
28964388894,67104964
28964388894,67104965
28964388894,67104966
28964388894,67104967
28964388894,67104968
42756955034,131245
42756955034,131252
42756955034,131255
42756955034,67099991
42756955034,67099992
42756955034,67100790
42756955034,67100793
42756955034,67100797
42756955034,67100812
42756955034,67100813
42756955034,67100816
42756955034,67100820
42756955034,67100821
42756955034,67100823
42756955034,67100825
42756955034,67100827
42756955034,67100829
42756955034,67100831
42756955034,67100832
42756955034,67100834
42756955034,67100840
42756955034,67100976
42756955034,67100978
42756955034,67100981
42756955034,67100984
42756955034,67100986
42756955034,67100987
42756955034,67100988
42756955034,67100992
42756955034,67100995
42756955034,67100996
42756955034,67100999
42756955034,67101000
42756955034,67102285
42756955034,67102286
42756955034,67102353
42756955034,67102354
42756955034,67102355
42756955034,67102356
42756955034,67102357
42756955034,67102358
42756955034,67102359
42756955034,67102360
42756955034,67102362
42756955034,67102363
42756955034,67102364
42756955034,67102366
42756955034,67102367
42756955034,67102368
42756955034,67102369
42756955034,67102370
42756955034,67102372
42756955034,67102375
42756955034,67102376
42756955034,67102377
42756955034,67102378
42756955034,67102379
42756955034,67102380
42756955034,67102381
42756955034,67104664
42756955034,67104665
42756955034,67104666
42756955034,67104667
42756955034,67104669
42756955034,67104788
42756955034,67104791
42756955034,67104805
42756955034,67104807
42756955034,67104808
42756955034,67104815
42756955034,67104817
42756955034,67104820
42756955034,67104822
42756955034,67104826
42756955034,67104827
42756955034,67104828
42756955034,67104829
42756955034,67104971
42756955034,67104973
42756955034,67104976
42756955034,67104977
42756955034,67104979
42756955034,67104980
42756955034,67104981
42756955034,67104982
42756955034,67104985
42756955034,67104987
42756955034,67104990
42756955034,67104991
42756955034,67104994
42756955034,67104995
42756955034,67106276
42756955034,67106280
42756955034,67106281
42756955034,67106348
42756955034,67106349
42756955034,67106350
42756955034,67106351
42756955034,67106352
42756955034,67106353
42756955034,67106354
42756955034,67106355
42756955034,67106356
42756955034,67106357
42756955034,67106358
42756955034,67106359
42756955034,67106361
42756955034,67106362
42756955034,67106363
42756955034,67106364
42756955034,67106365
42756955034,67106367
42756955034,67106368
42756955034,67106370
42756955034,67106371
42756955034,67106372
42756955034,67106373
42756955034,67106374
42756955034,67106375
42756955034,67106376
42756955034,67106390
42756955034,67108659
42756955034,67108660
42756955034,67108661
42756955034,67108786
42756955034,67108789
42756955034,67108793
56549521174,131247
56549521174,131248
56549521174,131253
56549521174,67100694
56549521174,67100697
56549521174,67100702
56549521174,67100706
56549521174,67100773
56549521174,67100782
56549521174,67100854
56549521174,67100998
56549521174,67101001
56549521174,67101013
56549521174,67101018
56549521174,67101019
56549521174,67101022
56549521174,67101023
56549521174,67101031
56549521174,67101035
56549521174,67102297
56549521174,67102298
56549521174,67102300
56549521174,67102306
56549521174,67102309
56549521174,67102323
56549521174,67102324
56549521174,67102334
56549521174,67102336
56549521174,67102345
56549521174,67102346
56549521174,67102347
56549521174,67102351
56549521174,67102361
56549521174,67102385
56549521174,67102391
56549521174,67102394
56549521174,67102395
56549521174,67102397
56549521174,67102398
56549521174,67102403
56549521174,67102404
56549521174,67102412
56549521174,67102415
56549521174,67102420
56549521174,67102421
56549521174,67102422
56549521174,67102434
56549521174,67102435
56549521174,67102437
56549521174,67102438
56549521174,67102440
56549521174,67102441
56549521174,67102475
56549521174,67102481
56549521174,67102483
56549521174,67102488
56549521174,67102490
56549521174,67102493
56549521174,67102496
56549521174,67102497
56549521174,67102498
56549521174,67102499
56549521174,67103714
56549521174,67104653
56549521174,67104689
56549521174,67104692
56549521174,67104697
56549521174,67104701
56549521174,67104768
56549521174,67104777
56549521174,67104986
56549521174,67104993
56549521174,67104996
56549521174,67105013
56549521174,67105014
56549521174,67105017
56549521174,67105019
56549521174,67105026
56549521174,67105029
56549521174,67106286
56549521174,67106293
56549521174,67106295
56549521174,67106300
56549521174,67106318
56549521174,67106329
56549521174,67106331
56549521174,67106340
56549521174,67106341
56549521174,67106342
56549521174,67106346
56549521174,67106379
56549521174,67106386
56549521174,67106389
56549521174,67106392
56549521174,67106393
56549521174,67106398
56549521174,67106399
56549521174,67106406
56549521174,67106410
56549521174,67106415
56549521174,67106416
56549521174,67106421
56549521174,67106429
56549521174,67106430
56549521174,67106432
56549521174,67106434
56549521174,67106435
56549521174,67106436
56549521174,67106465
56549521174,67106470
56549521174,67106476
56549521174,67106478
56549521174,67106482
56549521174,67106483
56549521174,67106485
56549521174,67106487
56549521174,67106488
56549521174,67106491
56549521174,67106492
56549521174,67106493
56549521174,67108653
56549521174,67108680
56549521174,67108784
56549521174,67108787
70342087314,67100684
70342087314,67100685
70342087314,67100689
70342087314,67100693
70342087314,67100710
70342087314,67100712
70342087314,67100715
70342087314,67100718
70342087314,67100719
70342087314,67100721
70342087314,67100727
70342087314,67100734
70342087314,67100745
70342087314,67100754
70342087314,67100755
70342087314,67100757
70342087314,67100762
70342087314,67100786
70342087314,67100789
70342087314,67100795
70342087314,67100798
70342087314,67100809
70342087314,67100822
70342087314,67100830
70342087314,67100839
70342087314,67100843
70342087314,67100847
70342087314,67100853
70342087314,67100857
70342087314,67100858
70342087314,67100861
70342087314,67100862
70342087314,67100864
70342087314,67100985
70342087314,67100994
70342087314,67101003
70342087314,67101005
70342087314,67101006
70342087314,67101007
70342087314,67101009
70342087314,67101010
70342087314,67101011
70342087314,67101024
70342087314,67101032
70342087314,67101034
70342087314,67101039
70342087314,67101042
70342087314,67101043
70342087314,67101045
70342087314,67101046
70342087314,67101049
70342087314,67101051
70342087314,67101052
70342087314,67101053
70342087314,67101054
70342087314,67101055
70342087314,67101056
70342087314,67101057
70342087314,67101059
70342087314,67101061
70342087314,67101439
70342087314,67104679
70342087314,67104680
70342087314,67104684
70342087314,67104688
70342087314,67104693
70342087314,67104704
70342087314,67104706
70342087314,67104710
70342087314,67104713
70342087314,67104714
70342087314,67104722
70342087314,67104729
70342087314,67104748
70342087314,67104751
70342087314,67104752
70342087314,67104756
70342087314,67104757
70342087314,67104781
70342087314,67104784
70342087314,67104790
70342087314,67104792
70342087314,67104793
70342087314,67104811
70342087314,67104825
70342087314,67104833
70342087314,67104838
70342087314,67104842
70342087314,67104848
70342087314,67104852
70342087314,67104853
70342087314,67104856
70342087314,67104857
70342087314,67104859
70342087314,67104989
70342087314,67104998
70342087314,67105000
70342087314,67105001
70342087314,67105002
70342087314,67105004
70342087314,67105005
70342087314,67105006
70342087314,67105018
70342087314,67105027
70342087314,67105028
70342087314,67105034
70342087314,67105037
70342087314,67105038
70342087314,67105040
70342087314,67105041
70342087314,67105044
70342087314,67105046
70342087314,67105047
70342087314,67105048
70342087314,67105049
70342087314,67105051
70342087314,67105052
70342087314,67105054
70342087314,67105056
70342087314,67108668
70342087314,67108676
70342087314,67108677
70342087314,67108678
70342087314,67108679
84134653454,67103124
84134653454,67103126
84134653454,67103127
84134653454,67103128
84134653454,67103129
84134653454,67103130
84134653454,67103131
84134653454,67103132
84134653454,67103133
84134653454,67103134
84134653454,67103135
84134653454,67103136
84134653454,67103137
84134653454,67103138
84134653454,67103139
84134653454,67103140
84134653454,67103141
84134653454,67103142
84134653454,67103143
84134653454,67103144
84134653454,67103145
84134653454,67103146
84134653454,67103147
84134653454,67103148
84134653454,67103149
84134653454,67103150
84134653454,67103151
84134653454,67103152
84134653454,67103153
84134653454,67103154
84134653454,67103155
84134653454,67103156
84134653454,67103157
84134653454,67103158
84134653454,67103159
84134653454,67103160
84134653454,67103161
84134653454,67103162
84134653454,67103163
84134653454,67103164
84134653454,67103165
84134653454,67103166
84134653454,67103167
84134653454,67103168
84134653454,67103169
84134653454,67103170
84134653454,67103171
84134653454,67103172
84134653454,67103173
84134653454,67103174
84134653454,67103175
84134653454,67103176
84134653454,67103177
84134653454,67103178
84134653454,67103179
84134653454,67103180
84134653454,67103181
84134653454,67103182
84134653454,67103183
84134653454,67103184
84134653454,67107119
84134653454,67107121
84134653454,67107122
84134653454,67107123
84134653454,67107124
84134653454,67107125
84134653454,67107126
84134653454,67107127
84134653454,67107128
84134653454,67107129
84134653454,67107130
84134653454,67107131
84134653454,67107132
84134653454,67107133
84134653454,67107134
84134653454,67107135
84134653454,67107136
84134653454,67107137
84134653454,67107138
84134653454,67107139
84134653454,67107140
84134653454,67107141
84134653454,67107142
84134653454,67107143
84134653454,67107144
84134653454,67107145
84134653454,67107146
84134653454,67107147
84134653454,67107148
84134653454,67107149
84134653454,67107150
84134653454,67107151
84134653454,67107152
84134653454,67107153
84134653454,67107154
84134653454,67107155
84134653454,67107156
84134653454,67107157
84134653454,67107158
84134653454,67107159
84134653454,67107160
84134653454,67107161
84134653454,67107162
84134653454,67107163
84134653454,67107164
84134653454,67107165
84134653454,67107166
84134653454,67107167
84134653454,67107168
84134653454,67107169
84134653454,67107170
84134653454,67107171
84134653454,67107172
84134653454,67107173
84134653454,67107174
84134653454,67107175
84134653454,67107176
84134653454,67107177
84134653454,67107178
84134653454,67107179
84134653454,67108667
