732856447,67100604
732856447,67100605
732856447,67100606
732856447,67100607
732856447,67100793
732856447,67104788
8061420917,131244
8061420917,67099402
8061420917,67099908
8061420917,67100609
8061420917,67100611
8061420917,67100622
8061420917,67100626
8061420917,67100632
8061420917,67100650
8061420917,67100653
8061420917,67102256
8061420917,67102257
8061420917,67102258
8061420917,67102259
8061420917,67102260
8061420917,67106251
8061420917,67106252
8061420917,67106253
8061420917,67106254
8061420917,67108716
15389985387,67099912
15389985387,67099913
15389985387,67103515
15389985387,67103519
15389985387,67103520
15389985387,67103719
15389985387,67103857
15389985387,67103860
15389985387,67104072
15389985387,67104073
15389985387,67104135
15389985387,67104136
15389985387,67104138
15389985387,67104139
15389985387,67104140
15389985387,67104192
15389985387,67104193
15389985387,67104194
15389985387,67104229
15389985387,67104230
15389985387,67104231
15389985387,67104261
15389985387,67104262
15389985387,67104264
15389985387,67104266
15389985387,67104268
15389985387,67104269
15389985387,67104270
15389985387,67104272
15389985387,67104273
15389985387,67104274
15389985387,67104275
15389985387,67104276
15389985387,67104277
15389985387,67104278
15389985387,67104279
15389985387,67104280
15389985387,67104281
15389985387,67104282
15389985387,67104283
15389985387,67104284
15389985387,67104285
15389985387,67104287
15389985387,67104326
15389985387,67104327
15389985387,67104328
15389985387,67104329
15389985387,67104330
15389985387,67104331
15389985387,67104332
15389985387,67104333
15389985387,67104334
15389985387,67104335
15389985387,67104434
15389985387,67104435
15389985387,67104436
15389985387,67104487
15389985387,67104488
15389985387,67104566
15389985387,67107510
15389985387,67107514
15389985387,67107515
15389985387,67107714
15389985387,67107852
15389985387,67108067
15389985387,67108073
15389985387,67108130
15389985387,67108131
15389985387,67108132
15389985387,67108134
15389985387,67108135
15389985387,67108188
15389985387,67108189
15389985387,67108223
15389985387,67108224
15389985387,67108225
15389985387,67108226
15389985387,67108256
15389985387,67108259
15389985387,67108261
15389985387,67108263
15389985387,67108264
15389985387,67108265
15389985387,67108267
15389985387,67108269
15389985387,67108270
15389985387,67108271
15389985387,67108272
15389985387,67108273
15389985387,67108274
15389985387,67108276
15389985387,67108277
15389985387,67108278
15389985387,67108279
15389985387,67108280
15389985387,67108282
15389985387,67108321
15389985387,67108322
15389985387,67108323
15389985387,67108324
15389985387,67108325
15389985387,67108326
15389985387,67108327
15389985387,67108328
15389985387,67108329
15389985387,67108330
15389985387,67108429
15389985387,67108430
15389985387,67108431
15389985387,67108482
15389985387,67108483
15389985387,67108748
15389985387,67108751
15389985387,67108757
15389985387,67108763
15389985387,67108768
15389985387,67108769
15389985387,67108775
15389985387,67108776
15389985387,67108777
15389985387,67108778
15389985387,67108779
15389985387,67108780
15389985387,67108781
15389985387,67108782
15389985387,67108783
15389985387,67108786
15389985387,67108788
22718549857,67099933
22718549857,67103847
22718549857,67103861
22718549857,67103868
22718549857,67104137
22718549857,67104142
22718549857,67104154
22718549857,67104155
22718549857,67104156
22718549857,67107840
22718549857,67107842
22718549857,67107856
22718549857,67108137
22718549857,67108150
22718549857,67108151
22718549857,67108765
22718549857,67108767
