732856447,67100604
732856447,67100605
732856447,67100606
732856447,67100607
732856447,67100793
732856447,67104788
8061420917,131244
8061420917,67099402
8061420917,67099908
8061420917,67100609
8061420917,67100611
8061420917,67100622
8061420917,67100626
8061420917,67100632
8061420917,67100650
8061420917,67100653
8061420917,67102256
8061420917,67102257
8061420917,67102258
8061420917,67102259
8061420917,67102260
8061420917,67106251
8061420917,67106252
8061420917,67106253
8061420917,67106254
8061420917,67108716
15389985387,67099912
15389985387,67099913
15389985387,67103515
15389985387,67103519
15389985387,67103520
15389985387,67103719
15389985387,67103857
15389985387,67103860
15389985387,67104072
15389985387,67104073
15389985387,67104135
15389985387,67104136
15389985387,67104138
15389985387,67104139
15389985387,67104140
15389985387,67104192
15389985387,67104193
15389985387,67104194
15389985387,67104229
15389985387,67104230
15389985387,67104231
15389985387,67104261
15389985387,67104262
15389985387,67104264
15389985387,67104266
15389985387,67104268
15389985387,67104269
15389985387,67104270
15389985387,67104272
15389985387,67104273
15389985387,67104274
15389985387,67104275
15389985387,67104276
15389985387,67104277
15389985387,67104278
15389985387,67104279
15389985387,67104280
15389985387,67104281
15389985387,67104282
15389985387,67104283
15389985387,67104284
15389985387,67104285
15389985387,67104287
15389985387,67104326
15389985387,67104327
15389985387,67104328
15389985387,67104329
15389985387,67104330
15389985387,67104331
15389985387,67104332
15389985387,67104333
15389985387,67104334
15389985387,67104335
15389985387,67104434
15389985387,67104435
15389985387,67104436
15389985387,67104487
15389985387,67104488
15389985387,67104566
15389985387,67107510
15389985387,67107514
15389985387,67107515
15389985387,67107714
15389985387,67107852
15389985387,67108067
15389985387,67108073
15389985387,67108130
15389985387,67108131
15389985387,67108132
15389985387,67108134
15389985387,67108135
15389985387,67108188
15389985387,67108189
15389985387,67108223
15389985387,67108224
15389985387,67108225
15389985387,67108226
15389985387,67108256
15389985387,67108259
15389985387,67108261
15389985387,67108263
15389985387,67108264
15389985387,67108265
15389985387,67108267
15389985387,67108269
15389985387,67108270
15389985387,67108271
15389985387,67108272
15389985387,67108273
15389985387,67108274
15389985387,67108276
15389985387,67108277
15389985387,67108278
15389985387,67108279
15389985387,67108280
15389985387,67108282
15389985387,67108321
15389985387,67108322
15389985387,67108323
15389985387,67108324
15389985387,67108325
15389985387,67108326
15389985387,67108327
15389985387,67108328
15389985387,67108329
15389985387,67108330
15389985387,67108429
15389985387,67108430
15389985387,67108431
15389985387,67108482
15389985387,67108483
15389985387,67108748
15389985387,67108751
15389985387,67108757
15389985387,67108763
15389985387,67108768
15389985387,67108769
15389985387,67108775
15389985387,67108776
15389985387,67108777
15389985387,67108778
15389985387,67108779
15389985387,67108780
15389985387,67108781
15389985387,67108782
15389985387,67108783
15389985387,67108786
15389985387,67108788
22718549857,67099933
22718549857,67103843
22718549857,67103844
22718549857,67103845
22718549857,67103846
22718549857,67103847
22718549857,67103848
22718549857,67103849
22718549857,67103850
22718549857,67103851
22718549857,67103852
22718549857,67103853
22718549857,67103854
22718549857,67103855
22718549857,67103856
22718549857,67103858
22718549857,67103859
22718549857,67103861
22718549857,67103862
22718549857,67103863
22718549857,67103864
22718549857,67103865
22718549857,67103866
22718549857,67103867
22718549857,67103868
22718549857,67103869
22718549857,67103870
22718549857,67103871
22718549857,67103872
22718549857,67103873
22718549857,67104074
22718549857,67104075
22718549857,67104076
22718549857,67104077
22718549857,67104078
22718549857,67104137
22718549857,67104141
22718549857,67104142
22718549857,67104143
22718549857,67104144
22718549857,67104145
22718549857,67104146
22718549857,67104147
22718549857,67104148
22718549857,67104149
22718549857,67104150
22718549857,67104151
22718549857,67104152
22718549857,67104153
22718549857,67104154
22718549857,67104155
22718549857,67104156
22718549857,67104157
22718549857,67104158
22718549857,67104159
22718549857,67104160
22718549857,67104161
22718549857,67104162
22718549857,67104163
22718549857,67104195
22718549857,67104218
22718549857,67107693
22718549857,67107760
22718549857,67107838
22718549857,67107839
22718549857,67107840
22718549857,67107841
22718549857,67107842
22718549857,67107843
22718549857,67107844
22718549857,67107845
22718549857,67107846
22718549857,67107847
22718549857,67107849
22718549857,67107850
22718549857,67107851
22718549857,67107853
22718549857,67107854
22718549857,67107855
22718549857,67107856
22718549857,67107857
22718549857,67107858
22718549857,67107859
22718549857,67107860
22718549857,67107861
22718549857,67107862
22718549857,67107863
22718549857,67107864
22718549857,67107865
22718549857,67107866
22718549857,67107867
22718549857,67107868
22718549857,67108068
22718549857,67108069
22718549857,67108070
22718549857,67108071
22718549857,67108072
22718549857,67108133
22718549857,67108136
22718549857,67108137
22718549857,67108139
22718549857,67108140
22718549857,67108141
22718549857,67108142
22718549857,67108143
22718549857,67108144
22718549857,67108145
22718549857,67108146
22718549857,67108147
22718549857,67108148
22718549857,67108149
22718549857,67108150
22718549857,67108151
22718549857,67108152
22718549857,67108153
22718549857,67108154
22718549857,67108155
22718549857,67108156
22718549857,67108157
22718549857,67108158
22718549857,67108186
22718549857,67108187
22718549857,67108190
22718549857,67108762
22718549857,67108764
22718549857,67108765
22718549857,67108767
22718549857,67108774
30047114327,67099270
30047114327,67099945
30047114327,67102103
30047114327,67102104
30047114327,67102105
30047114327,67102106
30047114327,67102107
30047114327,67102108
30047114327,67102109
30047114327,67102110
30047114327,67102111
30047114327,67102112
30047114327,67102113
30047114327,67102114
30047114327,67102115
30047114327,67102116
30047114327,67102117
30047114327,67102118
30047114327,67102119
30047114327,67102120
30047114327,67102121
30047114327,67102122
30047114327,67102123
30047114327,67102124
30047114327,67102125
30047114327,67102126
30047114327,67102127
30047114327,67102128
30047114327,67102129
30047114327,67102130
30047114327,67102131
30047114327,67102132
30047114327,67102133
30047114327,67102134
30047114327,67102135
30047114327,67102136
30047114327,67102137
30047114327,67102138
30047114327,67102139
30047114327,67102140
30047114327,67102141
30047114327,67102142
30047114327,67102143
30047114327,67102144
30047114327,67102145
30047114327,67102146
30047114327,67106098
30047114327,67106099
30047114327,67106100
30047114327,67106101
30047114327,67106102
30047114327,67106103
30047114327,67106104
30047114327,67106105
30047114327,67106106
30047114327,67106107
30047114327,67106108
30047114327,67106109
30047114327,67106110
30047114327,67106111
30047114327,67106112
30047114327,67106113
30047114327,67106114
30047114327,67106115
30047114327,67106116
30047114327,67106117
30047114327,67106118
30047114327,67106119
30047114327,67106120
30047114327,67106121
30047114327,67106122
30047114327,67106123
30047114327,67106124
30047114327,67106125
30047114327,67106126
30047114327,67106127
30047114327,67106128
30047114327,67106129
30047114327,67106130
30047114327,67106131
30047114327,67106132
30047114327,67106133
30047114327,67106134
30047114327,67106135
30047114327,67106136
30047114327,67106137
30047114327,67106138
30047114327,67106139
30047114327,67106140
30047114327,67106141
30047114327,67108711
30047114327,67108712
30047114327,67108713
37375678797,131250
37375678797,131258
37375678797,131260
37375678797,67099953
37375678797,67103471
37375678797,67103472
37375678797,67103475
37375678797,67103492
37375678797,67103514
37375678797,67103516
37375678797,67103517
37375678797,67103670
37375678797,67103671
37375678797,67103672
37375678797,67103673
37375678797,67103674
37375678797,67103675
37375678797,67103679
37375678797,67103680
37375678797,67103682
37375678797,67103683
37375678797,67103684
37375678797,67103688
37375678797,67103689
37375678797,67103693
37375678797,67103694
37375678797,67103700
37375678797,67103702
37375678797,67103703
37375678797,67103704
37375678797,67103705
37375678797,67103707
37375678797,67103708
37375678797,67103709
37375678797,67103710
37375678797,67103711
37375678797,67103712
37375678797,67103713
37375678797,67103714
37375678797,67103715
37375678797,67103720
37375678797,67103765
37375678797,67103766
37375678797,67103767
37375678797,67103768
37375678797,67103769
37375678797,67103770
37375678797,67103771
37375678797,67103772
37375678797,67103773
37375678797,67103774
37375678797,67103775
37375678797,67103776
37375678797,67103777
37375678797,67103778
37375678797,67103779
37375678797,67103780
37375678797,67103781
37375678797,67103782
37375678797,67103783
37375678797,67103784
37375678797,67103785
37375678797,67107466
37375678797,67107470
37375678797,67107487
37375678797,67107509
37375678797,67107511
37375678797,67107512
37375678797,67107665
37375678797,67107666
37375678797,67107667
37375678797,67107668
37375678797,67107669
37375678797,67107670
37375678797,67107674
37375678797,67107675
37375678797,67107677
37375678797,67107679
37375678797,67107680
37375678797,67107683
37375678797,67107684
37375678797,67107688
37375678797,67107689
37375678797,67107694
37375678797,67107695
37375678797,67107697
37375678797,67107698
37375678797,67107699
37375678797,67107700
37375678797,67107701
37375678797,67107702
37375678797,67107703
37375678797,67107704
37375678797,67107705
37375678797,67107706
37375678797,67107707
37375678797,67107708
37375678797,67107709
37375678797,67107710
37375678797,67107713
37375678797,67107715
37375678797,67107761
37375678797,67107762
37375678797,67107763
37375678797,67107764
37375678797,67107765
37375678797,67107766
37375678797,67107767
37375678797,67107768
37375678797,67107769
37375678797,67107770
37375678797,67107771
37375678797,67107772
37375678797,67107773
37375678797,67107774
37375678797,67107775
37375678797,67107776
37375678797,67107777
37375678797,67107778
37375678797,67107779
37375678797,67107780
37375678797,67107837
37375678797,67107848
37375678797,67108753
37375678797,67108754
37375678797,67108755
37375678797,67108756
37375678797,67108761
44704243267,131247
44704243267,131251
44704243267,131255
44704243267,131259
44704243267,67100677
44704243267,67100686
44704243267,67100689
44704243267,67100691
44704243267,67100692
44704243267,67100693
44704243267,67100694
44704243267,67100695
44704243267,67100696
44704243267,67100697
44704243267,67100698
44704243267,67100699
44704243267,67100700
44704243267,67100701
44704243267,67100702
44704243267,67100703
44704243267,67100704
44704243267,67100705
44704243267,67100706
44704243267,67100707
44704243267,67100708
44704243267,67100709
44704243267,67100710
44704243267,67100711
44704243267,67100712
44704243267,67100713
44704243267,67100714
44704243267,67100715
44704243267,67100716
44704243267,67100717
44704243267,67100718
44704243267,67100719
44704243267,67100720
44704243267,67100721
44704243267,67100722
44704243267,67100723
44704243267,67100724
44704243267,67100725
44704243267,67100726
44704243267,67100727
44704243267,67100728
44704243267,67100729
44704243267,67100730
44704243267,67100731
44704243267,67100732
44704243267,67100733
44704243267,67100734
44704243267,67100735
44704243267,67100736
44704243267,67100737
44704243267,67100738
44704243267,67100759
44704243267,67104674
44704243267,67104683
44704243267,67104685
44704243267,67104686
44704243267,67104687
44704243267,67104688
44704243267,67104689
44704243267,67104690
44704243267,67104691
44704243267,67104692
44704243267,67104693
44704243267,67104694
44704243267,67104695
44704243267,67104696
44704243267,67104697
44704243267,67104698
44704243267,67104699
44704243267,67104700
44704243267,67104701
44704243267,67104702
44704243267,67104703
44704243267,67104704
44704243267,67104705
44704243267,67104706
44704243267,67104707
44704243267,67104708
44704243267,67104709
44704243267,67104710
44704243267,67104711
44704243267,67104712
44704243267,67104713
44704243267,67104714
44704243267,67104715
44704243267,67104716
44704243267,67104717
44704243267,67104718
44704243267,67104719
44704243267,67104720
44704243267,67104721
44704243267,67104722
44704243267,67104723
44704243267,67104724
44704243267,67104725
44704243267,67104726
44704243267,67104727
44704243267,67104728
44704243267,67104729
44704243267,67104730
44704243267,67104731
44704243267,67104732
44704243267,67104733
44704243267,67108666
44704243267,67108667
44704243267,67108668
44704243267,67108672
44704243267,67108673
44704243267,67108683
44704243267,67108701
44704243267,67108703
44704243267,67108707
44704243267,67108709
44704243267,67108717
44704243267,67108718
44704243267,67108736
44704243267,67108737
44704243267,67108738
44704243267,67108766
44704243267,67108771
44704243267,67108789
44704243267,67108790
52032807737,67101585
52032807737,67101692
52032807737,67101696
52032807737,67101697
52032807737,67101705
52032807737,67101710
52032807737,67101715
52032807737,67101751
52032807737,67101752
52032807737,67101753
52032807737,67101754
52032807737,67101755
52032807737,67101756
52032807737,67101757
52032807737,67101758
52032807737,67101760
52032807737,67101761
52032807737,67101762
52032807737,67101764
52032807737,67101765
52032807737,67101766
52032807737,67101768
52032807737,67101769
52032807737,67101770
52032807737,67101772
52032807737,67101774
52032807737,67101775
52032807737,67101776
52032807737,67101777
52032807737,67101778
52032807737,67101779
52032807737,67101780
52032807737,67101782
52032807737,67101783
52032807737,67101784
52032807737,67101785
52032807737,67101786
52032807737,67101787
52032807737,67101788
52032807737,67101789
52032807737,67101790
52032807737,67101791
52032807737,67101792
52032807737,67101793
52032807737,67101794
52032807737,67101795
52032807737,67101796
52032807737,67101797
52032807737,67101798
52032807737,67101799
52032807737,67101804
52032807737,67101805
52032807737,67101906
52032807737,67101907
52032807737,67101908
52032807737,67101909
52032807737,67101910
52032807737,67101911
52032807737,67101947
52032807737,67105580
52032807737,67105686
52032807737,67105688
52032807737,67105691
52032807737,67105694
52032807737,67105700
52032807737,67105710
52032807737,67105711
52032807737,67105746
52032807737,67105747
52032807737,67105748
52032807737,67105750
52032807737,67105751
52032807737,67105752
52032807737,67105753
52032807737,67105755
52032807737,67105756
52032807737,67105757
52032807737,67105759
52032807737,67105760
52032807737,67105761
52032807737,67105762
52032807737,67105763
52032807737,67105764
52032807737,67105765
52032807737,67105767
52032807737,67105768
52032807737,67105769
52032807737,67105770
52032807737,67105771
52032807737,67105772
52032807737,67105773
52032807737,67105774
52032807737,67105775
52032807737,67105776
52032807737,67105777
52032807737,67105778
52032807737,67105779
52032807737,67105780
52032807737,67105781
52032807737,67105782
52032807737,67105783
52032807737,67105784
52032807737,67105785
52032807737,67105786
52032807737,67105787
52032807737,67105788
52032807737,67105789
52032807737,67105790
52032807737,67105791
52032807737,67105792
52032807737,67105793
52032807737,67105794
52032807737,67105799
52032807737,67105800
52032807737,67105900
52032807737,67105901
52032807737,67105902
52032807737,67105903
52032807737,67105904
52032807737,67105905
52032807737,67105906
52032807737,67108693
52032807737,67108694
52032807737,67108698
52032807737,67108699
52032807737,67108700
52032807737,67108702
52032807737,67108705
59361372207,131246
59361372207,131254
59361372207,67100749
59361372207,67100751
59361372207,67100768
59361372207,67100772
59361372207,67100778
59361372207,67100806
59361372207,67101022
59361372207,67101031
59361372207,67101032
59361372207,67101265
59361372207,67101520
59361372207,67101592
59361372207,67101594
59361372207,67101595
59361372207,67101598
59361372207,67101601
59361372207,67101602
59361372207,67101647
59361372207,67101655
59361372207,67101660
59361372207,67101691
59361372207,67101695
59361372207,67101699
59361372207,67101712
59361372207,67101713
59361372207,67101714
59361372207,67101716
59361372207,67101717
59361372207,67101759
59361372207,67101767
59361372207,67101771
59361372207,67101781
59361372207,67101800
59361372207,67101801
59361372207,67101802
59361372207,67101806
59361372207,67101807
59361372207,67101809
59361372207,67101810
59361372207,67101811
59361372207,67101813
59361372207,67101815
59361372207,67101816
59361372207,67101905
59361372207,67101912
59361372207,67101913
59361372207,67101914
59361372207,67101915
59361372207,67101919
59361372207,67101948
59361372207,67101949
59361372207,67101950
59361372207,67101951
59361372207,67101953
59361372207,67101954
59361372207,67104744
59361372207,67104746
59361372207,67104763
59361372207,67104767
59361372207,67104773
59361372207,67104801
59361372207,67104809
59361372207,67105017
59361372207,67105027
59361372207,67105259
59361372207,67105515
59361372207,67105587
59361372207,67105589
59361372207,67105590
59361372207,67105593
59361372207,67105595
59361372207,67105596
59361372207,67105631
59361372207,67105634
59361372207,67105642
59361372207,67105650
59361372207,67105689
59361372207,67105705
59361372207,67105708
59361372207,67105712
59361372207,67105754
59361372207,67105766
59361372207,67105795
59361372207,67105796
59361372207,67105797
59361372207,67105801
59361372207,67105802
59361372207,67105804
59361372207,67105805
59361372207,67105806
59361372207,67105807
59361372207,67105808
59361372207,67105810
59361372207,67105907
59361372207,67105908
59361372207,67105909
59361372207,67105910
59361372207,67105914
59361372207,67105942
59361372207,67105943
59361372207,67105945
59361372207,67105946
59361372207,67105947
59361372207,67105948
59361372207,67105949
59361372207,67105950
59361372207,67106080
59361372207,67108670
59361372207,67108676
59361372207,67108677
59361372207,67108684
59361372207,67108685
59361372207,67108692
59361372207,67108695
59361372207,67108696
59361372207,67108697
59361372207,67108706
59361372207,67108792
66689936677,131252
66689936677,67100678
66689936677,67100679
66689936677,67100680
66689936677,67100681
66689936677,67100682
66689936677,67100683
66689936677,67100684
66689936677,67100685
66689936677,67100687
66689936677,67100688
66689936677,67100690
66689936677,67100739
66689936677,67100740
66689936677,67100741
66689936677,67100742
66689936677,67100743
66689936677,67100744
66689936677,67100745
66689936677,67100746
66689936677,67100747
66689936677,67100748
66689936677,67100750
66689936677,67100752
66689936677,67100753
66689936677,67100754
66689936677,67100755
66689936677,67100756
66689936677,67100757
66689936677,67100758
66689936677,67100760
66689936677,67100761
66689936677,67100762
66689936677,67100763
66689936677,67100764
66689936677,67100765
66689936677,67100766
66689936677,67100767
66689936677,67100769
66689936677,67100770
66689936677,67100771
66689936677,67100773
66689936677,67100774
66689936677,67100775
66689936677,67100776
66689936677,67100777
66689936677,67100779
66689936677,67100781
66689936677,67100782
66689936677,67100783
66689936677,67100784
66689936677,67100785
66689936677,67100786
66689936677,67100787
66689936677,67100788
66689936677,67100789
66689936677,67100790
66689936677,67100791
66689936677,67104671
66689936677,67104672
66689936677,67104673
66689936677,67104675
66689936677,67104676
66689936677,67104677
66689936677,67104678
66689936677,67104679
66689936677,67104680
66689936677,67104681
66689936677,67104682
66689936677,67104684
66689936677,67104734
66689936677,67104735
66689936677,67104736
66689936677,67104737
66689936677,67104738
66689936677,67104739
66689936677,67104740
66689936677,67104741
66689936677,67104742
66689936677,67104743
66689936677,67104745
66689936677,67104747
66689936677,67104748
66689936677,67104749
66689936677,67104750
66689936677,67104751
66689936677,67104752
66689936677,67104753
66689936677,67104754
66689936677,67104755
66689936677,67104756
66689936677,67104757
66689936677,67104758
66689936677,67104759
66689936677,67104760
66689936677,67104761
66689936677,67104762
66689936677,67104764
66689936677,67104765
66689936677,67104766
66689936677,67104768
66689936677,67104769
66689936677,67104770
66689936677,67104771
66689936677,67104772
66689936677,67104774
66689936677,67104775
66689936677,67104776
66689936677,67104777
66689936677,67104778
66689936677,67104779
66689936677,67104780
66689936677,67104781
66689936677,67104782
66689936677,67104783
66689936677,67104784
66689936677,67104785
66689936677,67107787
66689936677,67108665
66689936677,67108758
66689936677,67108759
66689936677,67108791
74018501147,67099280
74018501147,67100804
74018501147,67101111
74018501147,67101206
74018501147,67101241
74018501147,67101354
74018501147,67101855
74018501147,67101946
74018501147,67101968
74018501147,67101999
74018501147,67102023
74018501147,67102055
74018501147,67102071
74018501147,67102084
74018501147,67102164
74018501147,67102290
74018501147,67102363
74018501147,67102412
74018501147,67102522
74018501147,67102532
74018501147,67102549
74018501147,67102584
74018501147,67102697
74018501147,67102745
74018501147,67102820
74018501147,67102888
74018501147,67102965
74018501147,67103006
74018501147,67103040
74018501147,67103114
74018501147,67103139
74018501147,67103190
74018501147,67103191
74018501147,67103228
74018501147,67103801
74018501147,67104295
74018501147,67104358
74018501147,67104508
74018501147,67104799
74018501147,67105106
74018501147,67105201
74018501147,67105236
74018501147,67105349
74018501147,67105709
74018501147,67105850
74018501147,67105940
74018501147,67105963
74018501147,67105994
74018501147,67106018
74018501147,67106079
74018501147,67106159
74018501147,67106285
74018501147,67106351
74018501147,67106358
74018501147,67106407
74018501147,67106517
74018501147,67106527
74018501147,67106544
74018501147,67106579
74018501147,67106692
74018501147,67106739
74018501147,67106815
74018501147,67106883
74018501147,67106959
74018501147,67107001
74018501147,67107035
74018501147,67107108
74018501147,67107134
74018501147,67107185
74018501147,67107186
74018501147,67107223
74018501147,67107796
74018501147,67108353
74018501147,67108503
74018501147,67108671
74018501147,67108674
74018501147,67108675
74018501147,67108678
74018501147,67108679
74018501147,67108680
74018501147,67108681
74018501147,67108682
74018501147,67108686
74018501147,67108687
74018501147,67108688
74018501147,67108689
74018501147,67108690
74018501147,67108691
74018501147,67108704
74018501147,67108708
74018501147,67108710
74018501147,67108719
74018501147,67108720
74018501147,67108721
74018501147,67108722
74018501147,67108723
74018501147,67108724
74018501147,67108725
74018501147,67108726
74018501147,67108727
74018501147,67108728
74018501147,67108729
74018501147,67108731
74018501147,67108732
74018501147,67108734
74018501147,67108739
74018501147,67108741
74018501147,67108745
74018501147,67108746
74018501147,67108747
74018501147,67108770
74018501147,67108772
74018501147,67108773
74018501147,67108784
74018501147,67108785
74018501147,67108787
74018501147,67108793
81347065617,67100794
81347065617,67100795
81347065617,67100796
81347065617,67100797
81347065617,67100798
81347065617,67100799
81347065617,67100801
81347065617,67100802
81347065617,67100803
81347065617,67100805
81347065617,67100807
81347065617,67100808
81347065617,67100810
81347065617,67100811
81347065617,67100812
81347065617,67100813
81347065617,67100817
81347065617,67100818
81347065617,67100819
81347065617,67100820
81347065617,67100821
81347065617,67100822
81347065617,67100823
81347065617,67100824
81347065617,67100825
81347065617,67100826
81347065617,67100827
81347065617,67100828
81347065617,67100829
81347065617,67100831
81347065617,67100832
81347065617,67100833
81347065617,67100835
81347065617,67100837
81347065617,67100838
81347065617,67100839
81347065617,67100840
81347065617,67100842
81347065617,67100843
81347065617,67100844
81347065617,67100845
81347065617,67100846
81347065617,67100847
81347065617,67100848
81347065617,67100849
81347065617,67100850
81347065617,67100851
81347065617,67100852
81347065617,67100853
81347065617,67100854
81347065617,67100855
81347065617,67100889
81347065617,67102692
81347065617,67104222
81347065617,67104319
81347065617,67104786
81347065617,67104789
81347065617,67104790
81347065617,67104791
81347065617,67104792
81347065617,67104793
81347065617,67104794
81347065617,67104795
81347065617,67104796
81347065617,67104798
81347065617,67104800
81347065617,67104802
81347065617,67104803
81347065617,67104805
81347065617,67104806
81347065617,67104807
81347065617,67104808
81347065617,67104812
81347065617,67104813
81347065617,67104814
81347065617,67104815
81347065617,67104816
81347065617,67104817
81347065617,67104818
81347065617,67104819
81347065617,67104820
81347065617,67104821
81347065617,67104822
81347065617,67104823
81347065617,67104824
81347065617,67104825
81347065617,67104826
81347065617,67104827
81347065617,67104828
81347065617,67104829
81347065617,67104830
81347065617,67104832
81347065617,67104833
81347065617,67104834
81347065617,67104835
81347065617,67104837
81347065617,67104838
81347065617,67104839
81347065617,67104840
81347065617,67104841
81347065617,67104842
81347065617,67104843
81347065617,67104844
81347065617,67104845
81347065617,67104846
81347065617,67104847
81347065617,67104848
81347065617,67104849
81347065617,67104850
81347065617,67106687
81347065617,67108217
81347065617,67108310
81347065617,67108314
81347065617,67108730
81347065617,67108744
81347065617,67108749
81347065617,67108760
88675630087,67099976
88675630087,67100986
88675630087,67100988
88675630087,67101649
88675630087,67101656
88675630087,67101667
88675630087,67101668
88675630087,67101669
88675630087,67101672
88675630087,67101673
88675630087,67101679
88675630087,67101680
88675630087,67101685
88675630087,67101724
88675630087,67101730
88675630087,67101743
88675630087,67101825
88675630087,67101831
88675630087,67101832
88675630087,67101834
88675630087,67101837
88675630087,67101840
88675630087,67101850
88675630087,67101851
88675630087,67101859
88675630087,67101860
88675630087,67101867
88675630087,67101870
88675630087,67101871
88675630087,67101875
88675630087,67101877
88675630087,67101878
88675630087,67101880
88675630087,67101881
88675630087,67101882
88675630087,67101885
88675630087,67101889
88675630087,67101890
88675630087,67101891
88675630087,67101894
88675630087,67101895
88675630087,67101896
88675630087,67101899
88675630087,67101900
88675630087,67101903
88675630087,67102314
88675630087,67102595
88675630087,67103814
88675630087,67104286
88675630087,67104301
88675630087,67104323
88675630087,67104512
88675630087,67104630
88675630087,67104634
88675630087,67104666
88675630087,67104981
88675630087,67104983
88675630087,67105644
88675630087,67105662
88675630087,67105664
88675630087,67105667
88675630087,67105668
88675630087,67105674
88675630087,67105675
88675630087,67105680
88675630087,67105693
88675630087,67105697
88675630087,67105719
88675630087,67105724
88675630087,67105726
88675630087,67105738
88675630087,67105745
88675630087,67105803
88675630087,67105811
88675630087,67105820
88675630087,67105826
88675630087,67105827
88675630087,67105828
88675630087,67105829
88675630087,67105832
88675630087,67105835
88675630087,67105845
88675630087,67105846
88675630087,67105853
88675630087,67105855
88675630087,67105861
88675630087,67105865
88675630087,67105866
88675630087,67105870
88675630087,67105872
88675630087,67105873
88675630087,67105875
88675630087,67105876
88675630087,67105877
88675630087,67105880
88675630087,67105884
88675630087,67105885
88675630087,67105886
88675630087,67105889
88675630087,67105890
88675630087,67105891
88675630087,67105894
88675630087,67105898
88675630087,67106309
88675630087,67106590
88675630087,67107809
88675630087,67108198
88675630087,67108296
88675630087,67108318
88675630087,67108506
88675630087,67108624
88675630087,67108628
88675630087,67108661
88675630087,67108733
88675630087,67108735
88675630087,67108742
88675630087,67108743
96004194557,67100993
96004194557,67103256
96004194557,67103499
96004194557,67103695
96004194557,67103726
96004194557,67103841
96004194557,67103876
96004194557,67103877
96004194557,67103917
96004194557,67103949
96004194557,67104124
96004194557,67104125
96004194557,67104129
96004194557,67104988
96004194557,67107250
96004194557,67107494
96004194557,67107690
96004194557,67107721
96004194557,67107871
96004194557,67107912
96004194557,67107943
96004194557,67108119
96004194557,67108124
96004194557,67108740
96004194557,67108750
