1093269888,67093414
1093269888,67093415
1093269888,67093416
1093269888,67093417
1093269888,67093418
1093269888,67093419
1093269888,67093420
1093269888,67093421
1093269888,67093422
1093269888,67093423
1093269888,67093424
1093269888,67093425
1093269888,67093426
1093269888,67093427
1093269888,67093428
1093269888,67093429
1093269888,67093430
1093269888,67093431
1093269888,67093432
1093269888,67093433
1093269888,67093434
1093269888,67093435
1093269888,67093438
1093269888,67093439
1093269888,67093440
1093269888,67093441
1093269888,67093914
1093269888,67101403
12025968768,131230
12025968768,67092522
12025968768,67093481
12025968768,67093482
12025968768,67093483
12025968768,67093484
12025968768,67093485
12025968768,67093486
12025968768,67093487
12025968768,67093488
12025968768,67093489
12025968768,67093490
12025968768,67093491
12025968768,67093492
12025968768,67093493
12025968768,67093494
12025968768,67093495
12025968768,67093496
12025968768,67093497
12025968768,67093498
12025968768,67093499
12025968768,67093500
12025968768,67093501
12025968768,67093502
12025968768,67093503
12025968768,67093504
12025968768,67093505
12025968768,67093506
12025968768,67093507
12025968768,67093508
12025968768,67093509
12025968768,67093510
12025968768,67093511
12025968768,67093512
12025968768,67093513
12025968768,67093514
12025968768,67093515
12025968768,67093516
12025968768,67093517
12025968768,67093518
12025968768,67093519
12025968768,67093521
12025968768,67093522
12025968768,67093523
12025968768,67093524
12025968768,67093526
12025968768,67093527
12025968768,67093528
12025968768,67093529
12025968768,67093531
12025968768,67093534
12025968768,67093535
12025968768,67093538
12025968768,67093592
12025968768,67094174
12025968768,67094176
12025968768,67094179
12025968768,67094180
12025968768,67094181
12025968768,67094182
12025968768,67094183
12025968768,67094184
12025968768,67094185
12025968768,67094186
12025968768,67094187
12025968768,67094188
12025968768,67094189
12025968768,67094190
12025968768,67094191
12025968768,67094192
12025968768,67094193
12025968768,67094194
12025968768,67094195
12025968768,67094196
12025968768,67094197
12025968768,67094198
12025968768,67094199
12025968768,67094200
12025968768,67094201
12025968768,67094202
12025968768,67094203
12025968768,67101663
12025968768,67101668
12025968768,67101669
12025968768,67101670
12025968768,67101671
12025968768,67101672
12025968768,67101673
12025968768,67101674
12025968768,67101675
12025968768,67101676
12025968768,67101677
12025968768,67101678
12025968768,67101679
12025968768,67101680
12025968768,67101681
12025968768,67101682
12025968768,67101683
12025968768,67101684
12025968768,67101685
12025968768,67101686
12025968768,67101687
12025968768,67101688
12025968768,67101689
12025968768,67101690
12025968768,67101691
12025968768,67101692
12025968768,67101693
22958667648,131231
22958667648,131246
22958667648,67092564
22958667648,67092565
22958667648,67093530
22958667648,67093532
22958667648,67093533
22958667648,67093536
22958667648,67093537
22958667648,67093541
22958667648,67093543
22958667648,67093546
22958667648,67093547
22958667648,67093549
22958667648,67093555
22958667648,67093557
22958667648,67093558
22958667648,67093559
22958667648,67093560
22958667648,67093570
22958667648,67093571
22958667648,67093572
22958667648,67093573
22958667648,67093575
22958667648,67093576
22958667648,67093577
22958667648,67093578
22958667648,67093579
22958667648,67093580
22958667648,67093581
22958667648,67093583
22958667648,67093584
22958667648,67093585
22958667648,67093587
22958667648,67093590
22958667648,67093593
22958667648,67093594
22958667648,67093595
22958667648,67093619
22958667648,67093628
22958667648,67093631
22958667648,67093634
22958667648,67093636
22958667648,67093644
22958667648,67093645
22958667648,67093660
22958667648,67093661
22958667648,67093667
22958667648,67093668
22958667648,67093690
22958667648,67093693
22958667648,67093695
22958667648,67093696
22958667648,67093697
22958667648,67093698
22958667648,67093699
22958667648,67093700
22958667648,67093701
22958667648,67093702
22958667648,67093704
22958667648,67093705
22958667648,67093706
22958667648,67093707
22958667648,67093708
22958667648,67093709
22958667648,67093710
22958667648,67093711
22958667648,67093712
22958667648,67093713
22958667648,67093714
22958667648,67093715
22958667648,67093716
22958667648,67093717
22958667648,67093718
22958667648,67093719
22958667648,67093886
22958667648,67093915
22958667648,67093916
22958667648,67093917
22958667648,67093918
22958667648,67093919
22958667648,67093920
22958667648,67093980
22958667648,67101108
22958667648,67101117
22958667648,67101120
22958667648,67101123
22958667648,67101126
22958667648,67101134
22958667648,67101135
22958667648,67101149
22958667648,67101150
22958667648,67101153
22958667648,67101156
22958667648,67101157
22958667648,67101180
22958667648,67101182
22958667648,67101183
22958667648,67101185
22958667648,67101186
22958667648,67101187
22958667648,67101188
22958667648,67101189
22958667648,67101190
22958667648,67101191
22958667648,67101193
22958667648,67101194
22958667648,67101195
22958667648,67101196
22958667648,67101197
22958667648,67101198
22958667648,67101199
22958667648,67101200
22958667648,67101201
22958667648,67101202
22958667648,67101203
22958667648,67101204
22958667648,67101205
22958667648,67101206
22958667648,67101207
22958667648,67101208
22958667648,67101404
22958667648,67101405
22958667648,67101406
22958667648,67101407
22958667648,67101408
22958667648,67101409
33891366528,67091419
33891366528,67092593
33891366528,67098451
33891366528,67098452
33891366528,67098453
33891366528,67098454
33891366528,67105941
33891366528,67105942
33891366528,67105943
33891366528,67108629
44824065408,67093548
44824065408,67093550
44824065408,67093551
44824065408,67093561
44824065408,67093620
44824065408,67093653
44824065408,67093662
44824065408,67093684
44824065408,67093687
44824065408,67093722
44824065408,67093730
44824065408,67093734
44824065408,67093741
44824065408,67093756
44824065408,67093759
44824065408,67093761
44824065408,67093776
44824065408,67093780
44824065408,67093789
44824065408,67093797
44824065408,67093798
44824065408,67093837
44824065408,67093847
44824065408,67101109
44824065408,67101142
44824065408,67101151
44824065408,67101173
44824065408,67101176
44824065408,67101184
44824065408,67101212
44824065408,67101220
44824065408,67101223
44824065408,67101230
44824065408,67101231
44824065408,67101245
44824065408,67101248
44824065408,67101251
44824065408,67101265
44824065408,67101269
44824065408,67101279
44824065408,67101287
44824065408,67101326
44824065408,67101336
44824065408,67101593
44824065408,67108594
44824065408,67108595
44824065408,67108596
