1093269888,67093414
1093269888,67093415
1093269888,67093416
1093269888,67093417
1093269888,67093418
1093269888,67093419
1093269888,67093420
1093269888,67093421
1093269888,67093422
1093269888,67093423
1093269888,67093424
1093269888,67093425
1093269888,67093426
1093269888,67093427
1093269888,67093428
1093269888,67093429
1093269888,67093430
1093269888,67093431
1093269888,67093432
1093269888,67093433
1093269888,67093434
1093269888,67093435
1093269888,67093438
1093269888,67093439
1093269888,67093440
1093269888,67093441
1093269888,67093914
1093269888,67101403
12025968768,131230
12025968768,67092522
12025968768,67093481
12025968768,67093482
12025968768,67093483
12025968768,67093484
12025968768,67093485
12025968768,67093486
12025968768,67093487
12025968768,67093488
12025968768,67093489
12025968768,67093490
12025968768,67093491
12025968768,67093492
12025968768,67093493
12025968768,67093494
12025968768,67093495
12025968768,67093496
12025968768,67093497
12025968768,67093498
12025968768,67093499
12025968768,67093500
12025968768,67093501
12025968768,67093502
12025968768,67093503
12025968768,67093504
12025968768,67093505
12025968768,67093506
12025968768,67093507
12025968768,67093508
12025968768,67093509
12025968768,67093510
12025968768,67093511
12025968768,67093512
12025968768,67093513
12025968768,67093514
12025968768,67093515
12025968768,67093516
12025968768,67093517
12025968768,67093518
12025968768,67093519
12025968768,67093521
12025968768,67093522
12025968768,67093523
12025968768,67093524
12025968768,67093526
12025968768,67093527
12025968768,67093528
12025968768,67093529
12025968768,67093531
12025968768,67093534
12025968768,67093535
12025968768,67093538
12025968768,67093592
12025968768,67094174
12025968768,67094176
12025968768,67094179
12025968768,67094180
12025968768,67094181
12025968768,67094182
12025968768,67094183
12025968768,67094184
12025968768,67094185
12025968768,67094186
12025968768,67094187
12025968768,67094188
12025968768,67094189
12025968768,67094190
12025968768,67094191
12025968768,67094192
12025968768,67094193
12025968768,67094194
12025968768,67094195
12025968768,67094196
12025968768,67094197
12025968768,67094198
12025968768,67094199
12025968768,67094200
12025968768,67094201
12025968768,67094202
12025968768,67094203
12025968768,67101663
12025968768,67101668
12025968768,67101669
12025968768,67101670
12025968768,67101671
12025968768,67101672
12025968768,67101673
12025968768,67101674
12025968768,67101675
12025968768,67101676
12025968768,67101677
12025968768,67101678
12025968768,67101679
12025968768,67101680
12025968768,67101681
12025968768,67101682
12025968768,67101683
12025968768,67101684
12025968768,67101685
12025968768,67101686
12025968768,67101687
12025968768,67101688
12025968768,67101689
12025968768,67101690
12025968768,67101691
12025968768,67101692
12025968768,67101693
22958667648,131231
22958667648,131246
22958667648,67092564
22958667648,67092565
22958667648,67093530
22958667648,67093532
22958667648,67093533
22958667648,67093536
22958667648,67093537
22958667648,67093541
22958667648,67093543
22958667648,67093546
22958667648,67093547
22958667648,67093549
22958667648,67093555
22958667648,67093557
22958667648,67093558
22958667648,67093559
22958667648,67093560
22958667648,67093570
22958667648,67093571
22958667648,67093572
22958667648,67093573
22958667648,67093575
22958667648,67093576
22958667648,67093577
22958667648,67093578
22958667648,67093579
22958667648,67093580
22958667648,67093581
22958667648,67093583
22958667648,67093584
22958667648,67093585
22958667648,67093587
22958667648,67093590
22958667648,67093593
22958667648,67093594
22958667648,67093595
22958667648,67093619
22958667648,67093628
22958667648,67093631
22958667648,67093634
22958667648,67093636
22958667648,67093644
22958667648,67093645
22958667648,67093660
22958667648,67093661
22958667648,67093667
22958667648,67093668
22958667648,67093690
22958667648,67093693
22958667648,67093695
22958667648,67093696
22958667648,67093697
22958667648,67093698
22958667648,67093699
22958667648,67093700
22958667648,67093701
22958667648,67093702
22958667648,67093704
22958667648,67093705
22958667648,67093706
22958667648,67093707
22958667648,67093708
22958667648,67093709
22958667648,67093710
22958667648,67093711
22958667648,67093712
22958667648,67093713
22958667648,67093714
22958667648,67093715
22958667648,67093716
22958667648,67093717
22958667648,67093718
22958667648,67093719
22958667648,67093886
22958667648,67093915
22958667648,67093916
22958667648,67093917
22958667648,67093918
22958667648,67093919
22958667648,67093920
22958667648,67093980
22958667648,67101108
22958667648,67101117
22958667648,67101120
22958667648,67101123
22958667648,67101126
22958667648,67101134
22958667648,67101135
22958667648,67101149
22958667648,67101150
22958667648,67101153
22958667648,67101156
22958667648,67101157
22958667648,67101180
22958667648,67101182
22958667648,67101183
22958667648,67101185
22958667648,67101186
22958667648,67101187
22958667648,67101188
22958667648,67101189
22958667648,67101190
22958667648,67101191
22958667648,67101193
22958667648,67101194
22958667648,67101195
22958667648,67101196
22958667648,67101197
22958667648,67101198
22958667648,67101199
22958667648,67101200
22958667648,67101201
22958667648,67101202
22958667648,67101203
22958667648,67101204
22958667648,67101205
22958667648,67101206
22958667648,67101207
22958667648,67101208
22958667648,67101404
22958667648,67101405
22958667648,67101406
22958667648,67101407
22958667648,67101408
22958667648,67101409
33891366528,67091419
33891366528,67092593
33891366528,67098451
33891366528,67098452
33891366528,67098453
33891366528,67098454
33891366528,67105941
33891366528,67105942
33891366528,67105943
33891366528,67108629
44824065408,131245
44824065408,67093548
44824065408,67093550
44824065408,67093551
44824065408,67093553
44824065408,67093554
44824065408,67093556
44824065408,67093561
44824065408,67093563
44824065408,67093564
44824065408,67093565
44824065408,67093566
44824065408,67093567
44824065408,67093568
44824065408,67093569
44824065408,67093574
44824065408,67093620
44824065408,67093643
44824065408,67093653
44824065408,67093662
44824065408,67093666
44824065408,67093680
44824065408,67093683
44824065408,67093684
44824065408,67093685
44824065408,67093686
44824065408,67093687
44824065408,67093722
44824065408,67093723
44824065408,67093730
44824065408,67093732
44824065408,67093734
44824065408,67093741
44824065408,67093748
44824065408,67093756
44824065408,67093758
44824065408,67093759
44824065408,67093761
44824065408,67093762
44824065408,67093766
44824065408,67093776
44824065408,67093780
44824065408,67093787
44824065408,67093789
44824065408,67093797
44824065408,67093798
44824065408,67093799
44824065408,67093803
44824065408,67093815
44824065408,67093816
44824065408,67093817
44824065408,67093831
44824065408,67093832
44824065408,67093837
44824065408,67093839
44824065408,67093841
44824065408,67093847
44824065408,67093850
44824065408,67094060
44824065408,67094103
44824065408,67094108
44824065408,67094117
44824065408,67094135
44824065408,67094406
44824065408,67094563
44824065408,67101109
44824065408,67101133
44824065408,67101142
44824065408,67101151
44824065408,67101169
44824065408,67101173
44824065408,67101174
44824065408,67101175
44824065408,67101176
44824065408,67101184
44824065408,67101212
44824065408,67101220
44824065408,67101222
44824065408,67101223
44824065408,67101226
44824065408,67101230
44824065408,67101231
44824065408,67101237
44824065408,67101245
44824065408,67101248
44824065408,67101251
44824065408,67101255
44824065408,67101265
44824065408,67101266
44824065408,67101269
44824065408,67101276
44824065408,67101279
44824065408,67101287
44824065408,67101288
44824065408,67101292
44824065408,67101304
44824065408,67101305
44824065408,67101306
44824065408,67101307
44824065408,67101320
44824065408,67101321
44824065408,67101326
44824065408,67101327
44824065408,67101328
44824065408,67101330
44824065408,67101336
44824065408,67101339
44824065408,67101375
44824065408,67101549
44824065408,67101593
44824065408,67101597
44824065408,67101607
44824065408,67101624
44824065408,67101895
44824065408,67102052
44824065408,67108594
44824065408,67108595
44824065408,67108596
44824065408,67108597
44824065408,67108598
44824065408,67108599
44824065408,67108600
44824065408,67108601
44824065408,67108602
44824065408,67108603
55756764288,67093588
55756764288,67093597
55756764288,67093598
55756764288,67093599
55756764288,67093601
55756764288,67093603
55756764288,67093610
55756764288,67093851
55756764288,67093990
55756764288,67094120
55756764288,67094124
55756764288,67094134
55756764288,67094138
55756764288,67094142
55756764288,67094156
55756764288,67094212
55756764288,67094229
55756764288,67094239
55756764288,67094412
55756764288,67094413
55756764288,67094414
55756764288,67094415
55756764288,67094418
55756764288,67094423
55756764288,67094426
55756764288,67094434
55756764288,67094437
55756764288,67094562
55756764288,67094567
55756764288,67094568
55756764288,67094571
55756764288,67094573
55756764288,67094574
55756764288,67094576
55756764288,67094577
55756764288,67094579
55756764288,67094811
55756764288,67094812
55756764288,67094813
55756764288,67094814
55756764288,67094815
55756764288,67094816
55756764288,67094817
55756764288,67094960
55756764288,67094961
55756764288,67094962
55756764288,67094963
55756764288,67094964
55756764288,67094965
55756764288,67094966
55756764288,67094967
55756764288,67094968
55756764288,67094969
55756764288,67094971
55756764288,67094973
55756764288,67094974
55756764288,67094975
55756764288,67094976
55756764288,67094977
55756764288,67094978
55756764288,67094979
55756764288,67094980
55756764288,67094981
55756764288,67094982
55756764288,67094983
55756764288,67094986
55756764288,67094987
55756764288,67094988
55756764288,67094989
55756764288,67094990
55756764288,67095056
55756764288,67101479
55756764288,67101609
55756764288,67101623
55756764288,67101627
55756764288,67101632
55756764288,67101639
55756764288,67101645
55756764288,67101696
55756764288,67101701
55756764288,67101718
55756764288,67101729
55756764288,67101901
55756764288,67101903
55756764288,67101904
55756764288,67101907
55756764288,67101912
55756764288,67101923
55756764288,67101926
55756764288,67102056
55756764288,67102057
55756764288,67102060
55756764288,67102062
55756764288,67102063
55756764288,67102065
55756764288,67102066
55756764288,67102068
55756764288,67102301
55756764288,67102303
55756764288,67102304
55756764288,67102305
55756764288,67102306
55756764288,67102449
55756764288,67102450
55756764288,67102451
55756764288,67102452
55756764288,67102453
55756764288,67102454
55756764288,67102456
55756764288,67102457
55756764288,67102459
55756764288,67102460
55756764288,67102461
55756764288,67102463
55756764288,67102464
55756764288,67102465
55756764288,67102467
55756764288,67102468
55756764288,67102469
55756764288,67102470
55756764288,67102471
55756764288,67102472
55756764288,67102476
55756764288,67102477
55756764288,67102478
55756764288,67102479
66689463168,131233
66689463168,131247
66689463168,67091411
66689463168,67093589
66689463168,67093600
66689463168,67093602
66689463168,67093648
66689463168,67093677
66689463168,67093751
66689463168,67093983
66689463168,67094104
66689463168,67094141
66689463168,67094240
66689463168,67094307
66689463168,67094309
66689463168,67094431
66689463168,67094442
66689463168,67094445
66689463168,67094446
66689463168,67094447
66689463168,67094450
66689463168,67094456
66689463168,67094458
66689463168,67094460
66689463168,67094462
66689463168,67094564
66689463168,67094580
66689463168,67094581
66689463168,67094583
66689463168,67094585
66689463168,67094587
66689463168,67094589
66689463168,67094590
66689463168,67094591
66689463168,67094593
66689463168,67094594
66689463168,67094595
66689463168,67094596
66689463168,67094598
66689463168,67094601
66689463168,67094602
66689463168,67094603
66689463168,67094605
66689463168,67094606
66689463168,67094607
66689463168,67094608
66689463168,67094609
66689463168,67094610
66689463168,67094612
66689463168,67094613
66689463168,67094614
66689463168,67094615
66689463168,67094616
66689463168,67094617
66689463168,67094618
66689463168,67094619
66689463168,67094810
66689463168,67094818
66689463168,67094819
66689463168,67094820
66689463168,67094821
66689463168,67094822
66689463168,67094862
66689463168,67096474
66689463168,67096475
66689463168,67101137
66689463168,67101166
66689463168,67101240
66689463168,67101286
66689463168,67101472
66689463168,67101630
66689463168,67101800
66689463168,67101931
66689463168,67101935
66689463168,67101936
66689463168,67101939
66689463168,67101944
66689463168,67101945
66689463168,67101948
66689463168,67101949
66689463168,67101950
66689463168,67101951
66689463168,67102053
66689463168,67102058
66689463168,67102061
66689463168,67102069
66689463168,67102070
66689463168,67102072
66689463168,67102075
66689463168,67102076
66689463168,67102077
66689463168,67102078
66689463168,67102079
66689463168,67102080
66689463168,67102081
66689463168,67102082
66689463168,67102083
66689463168,67102084
66689463168,67102085
66689463168,67102086
66689463168,67102087
66689463168,67102088
66689463168,67102090
66689463168,67102092
66689463168,67102093
66689463168,67102094
66689463168,67102095
66689463168,67102096
66689463168,67102097
66689463168,67102098
66689463168,67102099
66689463168,67102101
66689463168,67102102
66689463168,67102103
66689463168,67102104
66689463168,67102105
66689463168,67102106
66689463168,67102107
66689463168,67102108
66689463168,67102299
66689463168,67102302
66689463168,67102307
66689463168,67102308
66689463168,67102310
66689463168,67102311
66689463168,67103964
77622162048,131248
77622162048,67093605
77622162048,67093606
77622162048,67093607
77622162048,67093608
77622162048,67093609
77622162048,67093812
77622162048,67093941
77622162048,67094145
77622162048,67094315
77622162048,67094424
77622162048,67094470
77622162048,67094472
77622162048,67094570
77622162048,67094578
77622162048,67094600
77622162048,67094626
77622162048,67094637
77622162048,67094854
77622162048,67094889
77622162048,67094904
77622162048,67094912
77622162048,67094914
77622162048,67094919
77622162048,67094922
77622162048,67094923
77622162048,67094934
77622162048,67094939
77622162048,67094940
77622162048,67094942
77622162048,67094943
77622162048,67094946
77622162048,67095000
77622162048,67095001
77622162048,67095059
77622162048,67095062
77622162048,67095063
77622162048,67095067
77622162048,67095068
77622162048,67095071
77622162048,67095072
77622162048,67095073
77622162048,67095074
77622162048,67095076
77622162048,67095079
77622162048,67095080
77622162048,67095082
77622162048,67095083
77622162048,67095084
77622162048,67095085
77622162048,67095086
77622162048,67095087
77622162048,67095088
77622162048,67095089
77622162048,67095091
77622162048,67095093
77622162048,67095094
77622162048,67095095
77622162048,67095096
77622162048,67095098
77622162048,67095099
77622162048,67095101
77622162048,67095103
77622162048,67095105
77622162048,67095106
77622162048,67095737
77622162048,67101301
77622162048,67101430
77622162048,67101634
77622162048,67101805
77622162048,67101914
77622162048,67101959
77622162048,67101961
77622162048,67102059
77622162048,67102067
77622162048,67102116
77622162048,67102126
77622162048,67102343
77622162048,67102378
77622162048,67102393
77622162048,67102403
77622162048,67102408
77622162048,67102411
77622162048,67102412
77622162048,67102413
77622162048,67102424
77622162048,67102429
77622162048,67102430
77622162048,67102431
77622162048,67102435
77622162048,67102462
77622162048,67102489
77622162048,67102490
77622162048,67102545
77622162048,67102549
77622162048,67102553
77622162048,67102556
77622162048,67102560
77622162048,67102561
77622162048,67102562
77622162048,67102563
77622162048,67102564
77622162048,67102565
77622162048,67102568
77622162048,67102570
77622162048,67102571
77622162048,67102573
77622162048,67102575
77622162048,67102576
77622162048,67102577
77622162048,67102578
77622162048,67102580
77622162048,67102581
77622162048,67102583
77622162048,67102584
77622162048,67102585
77622162048,67102587
77622162048,67102588
77622162048,67102589
77622162048,67102590
77622162048,67102591
77622162048,67102592
77622162048,67102594
77622162048,67102595
77622162048,67102596
88554860928,131232
88554860928,67093663
88554860928,67093765
88554860928,67093775
88554860928,67093781
88554860928,67093823
88554860928,67093872
88554860928,67093924
88554860928,67093925
88554860928,67093926
88554860928,67093985
88554860928,67093987
88554860928,67093998
88554860928,67094001
88554860928,67094007
88554860928,67094010
88554860928,67094126
88554860928,67094143
88554860928,67094153
88554860928,67094162
88554860928,67094215
88554860928,67094311
88554860928,67094312
88554860928,67094313
88554860928,67094316
88554860928,67094320
88554860928,67094322
88554860928,67094323
88554860928,67094326
88554860928,67094327
88554860928,67094339
88554860928,67094427
88554860928,67094428
88554860928,67094429
88554860928,67094432
88554860928,67094438
88554860928,67094439
88554860928,67094441
88554860928,67094443
88554860928,67094444
88554860928,67094467
88554860928,67094480
88554860928,67094575
88554860928,67094582
88554860928,67094584
88554860928,67094586
88554860928,67094588
88554860928,67094597
88554860928,67094599
88554860928,67094611
88554860928,67094620
88554860928,67094624
88554860928,67094627
88554860928,67094631
88554860928,67094632
88554860928,67094633
88554860928,67094634
88554860928,67094635
88554860928,67094641
88554860928,67094642
88554860928,67094648
88554860928,67094651
88554860928,67094654
88554860928,67094672
88554860928,67094725
88554860928,67101152
88554860928,67101254
88554860928,67101264
88554860928,67101270
88554860928,67101312
88554860928,67101361
88554860928,67101414
88554860928,67101415
88554860928,67101474
88554860928,67101476
88554860928,67101488
88554860928,67101490
88554860928,67101496
88554860928,67101499
88554860928,67101615
88554860928,67101642
88554860928,67101651
88554860928,67101704
88554860928,67101801
88554860928,67101803
88554860928,67101804
88554860928,67101809
88554860928,67101811
88554860928,67101812
88554860928,67101816
88554860928,67101828
88554860928,67101916
88554860928,67101917
88554860928,67101918
88554860928,67101921
88554860928,67101924
88554860928,67101927
88554860928,67101928
88554860928,67101929
88554860928,67101930
88554860928,67101932
88554860928,67101933
88554860928,67101946
88554860928,67101952
88554860928,67101957
88554860928,67101969
88554860928,67102071
88554860928,67102073
88554860928,67102089
88554860928,67102100
88554860928,67102109
88554860928,67102113
88554860928,67102120
88554860928,67102121
88554860928,67102122
88554860928,67102123
88554860928,67102125
88554860928,67102130
88554860928,67102132
88554860928,67102137
88554860928,67102141
88554860928,67102143
88554860928,67102161
99487559808,67091451
99487559808,67093611
99487559808,67093654
99487559808,67093805
99487559808,67093830
99487559808,67093948
99487559808,67093996
99487559808,67094027
99487559808,67094048
99487559808,67094155
99487559808,67094177
99487559808,67094220
99487559808,67094234
99487559808,67094237
99487559808,67094284
99487559808,67094306
99487559808,67094373
99487559808,67094375
99487559808,67094389
99487559808,67094401
99487559808,67094436
99487559808,67094638
99487559808,67094640
99487559808,67094655
99487559808,67094658
99487559808,67094666
99487559808,67094670
99487559808,67094683
99487559808,67094686
99487559808,67094823
99487559808,67094867
99487559808,67094869
99487559808,67094875
99487559808,67094948
99487559808,67094952
99487559808,67094955
99487559808,67094957
99487559808,67094998
99487559808,67095005
99487559808,67095006
99487559808,67095009
99487559808,67095014
99487559808,67095037
99487559808,67095065
99487559808,67095069
99487559808,67095075
99487559808,67095077
99487559808,67095078
99487559808,67095100
99487559808,67095102
99487559808,67095115
99487559808,67095125
99487559808,67095962
99487559808,67095974
99487559808,67095975
99487559808,67095976
99487559808,67095977
99487559808,67095990
99487559808,67095991
99487559808,67095996
99487559808,67096870
99487559808,67096876
99487559808,67101144
99487559808,67101294
99487559808,67101295
99487559808,67101319
99487559808,67101437
99487559808,67101486
99487559808,67101516
99487559808,67101537
99487559808,67101709
99487559808,67101723
99487559808,67101726
99487559808,67101774
99487559808,67101795
99487559808,67101862
99487559808,67101863
99487559808,67101864
99487559808,67101878
99487559808,67101890
99487559808,67101925
99487559808,67102091
99487559808,67102127
99487559808,67102129
99487559808,67102144
99487559808,67102148
99487559808,67102155
99487559808,67102159
99487559808,67102173
99487559808,67102175
99487559808,67102312
99487559808,67102313
99487559808,67102356
99487559808,67102358
99487559808,67102364
99487559808,67102437
99487559808,67102441
99487559808,67102446
99487559808,67102487
99487559808,67102494
99487559808,67102495
99487559808,67102498
99487559808,67102503
99487559808,67102527
99487559808,67102552
99487559808,67102554
99487559808,67102559
99487559808,67102566
99487559808,67102567
99487559808,67102569
99487559808,67102574
99487559808,67102582
99487559808,67102605
99487559808,67102614
99487559808,67103451
99487559808,67103463
99487559808,67103465
99487559808,67103466
99487559808,67103479
99487559808,67103480
99487559808,67103485
99487559808,67104359
99487559808,67104365
110420258688,131260
110420258688,67091463
110420258688,67093604
110420258688,67093670
110420258688,67093678
110420258688,67093689
110420258688,67093997
110420258688,67094017
110420258688,67094247
110420258688,67094344
110420258688,67094346
110420258688,67094449
110420258688,67094623
110420258688,67094693
110420258688,67094695
110420258688,67094740
110420258688,67094930
110420258688,67095011
110420258688,67095183
110420258688,67096139
110420258688,67096244
110420258688,67096248
110420258688,67096274
110420258688,67096579
110420258688,67096584
110420258688,67096596
110420258688,67096772
110420258688,67096799
110420258688,67096824
110420258688,67096890
110420258688,67096933
110420258688,67096958
110420258688,67096981
110420258688,67097046
110420258688,67097063
110420258688,67097094
110420258688,67097122
110420258688,67097141
110420258688,67097155
110420258688,67097245
110420258688,67097291
110420258688,67097303
110420258688,67097311
110420258688,67097398
110420258688,67097474
110420258688,67097494
110420258688,67097549
110420258688,67097589
110420258688,67097602
110420258688,67097620
110420258688,67097652
110420258688,67097748
110420258688,67097750
110420258688,67097751
110420258688,67097752
110420258688,67097759
110420258688,67101159
110420258688,67101167
110420258688,67101178
110420258688,67101507
110420258688,67101736
110420258688,67101833
110420258688,67101836
110420258688,67101865
110420258688,67102112
110420258688,67102131
110420258688,67102182
110420258688,67102184
110420258688,67102229
110420258688,67102419
110420258688,67102672
110420258688,67103629
110420258688,67103733
110420258688,67103738
110420258688,67103763
110420258688,67104074
110420258688,67104085
110420258688,67104261
110420258688,67104288
110420258688,67104313
110420258688,67104314
110420258688,67104379
110420258688,67104423
110420258688,67104447
110420258688,67104470
110420258688,67104535
110420258688,67104584
110420258688,67104611
110420258688,67104630
110420258688,67104644
110420258688,67104734
110420258688,67104780
110420258688,67104792
110420258688,67104800
110420258688,67104887
110420258688,67104964
110420258688,67104983
110420258688,67105038
110420258688,67105078
110420258688,67105091
110420258688,67105109
110420258688,67105141
110420258688,67105237
110420258688,67105240
110420258688,67105241
110420258688,67105248
110420258688,67108604
110420258688,67108605
110420258688,67108606
110420258688,67108607
110420258688,67108608
110420258688,67108609
110420258688,67108610
110420258688,67108611
110420258688,67108613
110420258688,67108618
110420258688,67108619
110420258688,67108620
110420258688,67108621
110420258688,67108622
110420258688,67108623
110420258688,67108624
110420258688,67108625
121352957568,67093790
121352957568,67093970
121352957568,67094079
121352957568,67094123
121352957568,67094302
121352957568,67094348
121352957568,67094354
121352957568,67094680
121352957568,67094901
121352957568,67095114
121352957568,67095651
121352957568,67095684
121352957568,67095711
121352957568,67095713
121352957568,67095726
121352957568,67095741
121352957568,67095756
121352957568,67095766
121352957568,67095777
121352957568,67095778
121352957568,67095779
121352957568,67095786
121352957568,67095807
121352957568,67095820
121352957568,67095827
121352957568,67095993
121352957568,67096009
121352957568,67096012
121352957568,67096024
121352957568,67096030
121352957568,67096059
121352957568,67096061
121352957568,67096084
121352957568,67096099
121352957568,67096102
121352957568,67096106
121352957568,67096117
121352957568,67096482
121352957568,67096486
121352957568,67096488
121352957568,67096496
121352957568,67096499
121352957568,67096502
121352957568,67096506
121352957568,67096507
121352957568,67096511
121352957568,67096520
121352957568,67096521
121352957568,67096522
121352957568,67096524
121352957568,67096527
121352957568,67096528
121352957568,67096529
121352957568,67096530
121352957568,67096535
121352957568,67096539
121352957568,67096548
121352957568,67096551
121352957568,67096557
121352957568,67096559
121352957568,67096560
121352957568,67096564
121352957568,67096637
121352957568,67098971
121352957568,67101459
121352957568,67101569
121352957568,67101612
121352957568,67101791
121352957568,67101837
121352957568,67101843
121352957568,67102390
121352957568,67102603
121352957568,67103140
121352957568,67103173
121352957568,67103202
121352957568,67103215
121352957568,67103230
121352957568,67103246
121352957568,67103256
121352957568,67103266
121352957568,67103267
121352957568,67103268
121352957568,67103275
121352957568,67103296
121352957568,67103310
121352957568,67103482
121352957568,67103498
121352957568,67103502
121352957568,67103514
121352957568,67103519
121352957568,67103548
121352957568,67103550
121352957568,67103574
121352957568,67103588
121352957568,67103592
121352957568,67103595
121352957568,67103606
121352957568,67103971
121352957568,67103975
121352957568,67103977
121352957568,67103985
121352957568,67103989
121352957568,67103991
121352957568,67103995
121352957568,67103996
121352957568,67103997
121352957568,67104000
121352957568,67104009
121352957568,67104011
121352957568,67104014
121352957568,67104017
121352957568,67104019
121352957568,67104025
121352957568,67104028
121352957568,67104037
121352957568,67104040
121352957568,67104046
121352957568,67104049
121352957568,67104053
121352957568,67106460
121352957568,67108614
121352957568,67108615
121352957568,67108617
121352957568,67108631
121352957568,67108632
121352957568,67108633
132285656448,67093655
132285656448,67093944
132285656448,67094150
132285656448,67094263
132285656448,67094560
132285656448,67094691
132285656448,67101211
132285656448,67101433
132285656448,67101752
132285656448,67102049
132285656448,67102180
