827860087,67093291
827860087,67093306
827860087,67093319
827860087,67093320
827860087,67093334
827860087,67093345
827860087,67093348
827860087,67093349
827860087,67093360
827860087,67093365
827860087,67093367
827860087,67093368
827860087,67093369
827860087,67093370
827860087,67093372
827860087,67093376
827860087,67093377
827860087,67093379
827860087,67093380
827860087,67093383
827860087,67093385
827860087,67093386
827860087,67093387
827860087,67093391
827860087,67093392
827860087,67093396
827860087,67093398
827860087,67093399
827860087,67093400
827860087,67093401
827860087,67093402
827860087,67093403
827860087,67093407
827860087,67093410
827860087,67093411
827860087,67093414
827860087,67093416
827860087,67093419
827860087,67093420
827860087,67093421
827860087,67093425
827860087,67093426
827860087,67093429
827860087,67093431
827860087,67093432
827860087,67093433
827860087,67093441
827860087,67093445
827860087,67093449
827860087,67093450
827860087,67093455
827860087,67093456
827860087,67093457
827860087,67093478
827860087,67093479
827860087,67093482
827860087,67093483
827860087,67093485
827860087,67093488
827860087,67093506
827860087,67093509
827860087,67093510
827860087,67093511
827860087,67093513
827860087,67093515
827860087,67093518
827860087,67093520
827860087,67093523
827860087,67093530
827860087,67093532
827860087,67093533
827860087,67093534
827860087,67093535
827860087,67093542
827860087,67093544
827860087,67093556
827860087,67093558
827860087,67093560
827860087,67093561
827860087,67093562
827860087,67093563
827860087,67093567
827860087,67093569
827860087,67093570
827860087,67093580
827860087,67093586
827860087,67093587
827860087,67093588
827860087,67093589
827860087,67093590
827860087,67093591
827860087,67093592
827860087,67093594
827860087,67093599
827860087,67093602
827860087,67093603
827860087,67093605
827860087,67093607
827860087,67093608
827860087,67093611
827860087,67093612
827860087,67093613
827860087,67093614
827860087,67093615
827860087,67093617
827860087,67093619
827860087,67093620
827860087,67093621
827860087,67093622
827860087,67093623
827860087,67093624
827860087,67093626
827860087,67093627
827860087,67093628
827860087,67093629
827860087,67093630
827860087,67093631
827860087,67093632
827860087,67093633
827860087,67093634
827860087,67093635
827860087,67093636
827860087,67093640
827860087,67093645
827860087,67093647
827860087,67093650
827860087,67095814
827860087,67103205
9106460957,131231
9106460957,67089844
9106460957,67093295
9106460957,67093305
9106460957,67093310
9106460957,67093311
9106460957,67093322
9106460957,67093324
9106460957,67093325
9106460957,67093326
9106460957,67093327
9106460957,67093328
9106460957,67093333
9106460957,67093337
9106460957,67093338
9106460957,67093339
9106460957,67093342
9106460957,67093352
9106460957,67093357
9106460957,67093361
9106460957,67093362
9106460957,67093374
9106460957,67093384
9106460957,67093390
9106460957,67093394
9106460957,67093395
9106460957,67093397
9106460957,67093404
9106460957,67093408
9106460957,67093409
9106460957,67093412
9106460957,67093415
9106460957,67093418
9106460957,67093422
9106460957,67093423
9106460957,67093424
9106460957,67093427
9106460957,67093428
9106460957,67093430
9106460957,67093434
9106460957,67093435
9106460957,67093437
9106460957,67093439
9106460957,67093440
9106460957,67093442
9106460957,67093443
9106460957,67093444
9106460957,67093446
9106460957,67093447
9106460957,67093448
9106460957,67093451
9106460957,67093452
9106460957,67093453
9106460957,67093454
9106460957,67093458
9106460957,67093459
9106460957,67093460
9106460957,67093461
9106460957,67093462
9106460957,67093463
9106460957,67093464
9106460957,67093465
9106460957,67093466
9106460957,67093467
9106460957,67093468
9106460957,67093469
9106460957,67093470
9106460957,67093471
9106460957,67093472
9106460957,67093473
9106460957,67093474
9106460957,67093475
9106460957,67093476
9106460957,67093477
9106460957,67093493
9106460957,67093497
9106460957,67093499
9106460957,67093501
9106460957,67093502
9106460957,67093508
9106460957,67093512
9106460957,67093514
9106460957,67093516
9106460957,67093526
9106460957,67093529
9106460957,67093536
9106460957,67093537
9106460957,67093538
9106460957,67093545
9106460957,67093546
9106460957,67093547
9106460957,67093548
9106460957,67093549
9106460957,67093551
9106460957,67093552
9106460957,67093553
9106460957,67093555
9106460957,67093557
9106460957,67093564
9106460957,67093566
9106460957,67093568
9106460957,67093571
9106460957,67093572
9106460957,67093573
9106460957,67093581
9106460957,67093582
9106460957,67093583
9106460957,67093595
9106460957,67093597
9106460957,67093606
9106460957,67093625
9106460957,67093637
9106460957,67093638
9106460957,67093646
9106460957,67093648
9106460957,67093649
9106460957,67099546
9106460957,67106937
9106460957,67108692
9106460957,67108693
9106460957,67108699
9106460957,67108702
9106460957,67108706
9106460957,67108708
9106460957,67108711
9106460957,67108714
9106460957,67108715
9106460957,67108716
17385061827,67093290
17385061827,67093293
17385061827,67093294
17385061827,67093296
17385061827,67093297
17385061827,67093298
17385061827,67093299
17385061827,67093301
17385061827,67093302
17385061827,67093303
17385061827,67093304
17385061827,67093307
17385061827,67093308
17385061827,67093309
17385061827,67093312
17385061827,67093313
17385061827,67093314
17385061827,67093316
17385061827,67093317
17385061827,67093318
17385061827,67093321
17385061827,67093344
17385061827,67093346
17385061827,67093350
17385061827,67093354
17385061827,67093356
17385061827,67093371
17385061827,67093373
17385061827,67093375
17385061827,67093378
17385061827,67093382
17385061827,67093388
17385061827,67093389
17385061827,67093417
17385061827,67093438
17385061827,67093484
17385061827,67093486
17385061827,67093496
17385061827,67093500
17385061827,67093503
17385061827,67093504
17385061827,67093519
17385061827,67093521
17385061827,67093522
17385061827,67093525
17385061827,67093527
17385061827,67093528
17385061827,67093531
17385061827,67093539
17385061827,67093540
17385061827,67093541
17385061827,67093543
17385061827,67093550
17385061827,67093554
17385061827,67093559
17385061827,67093565
17385061827,67093576
17385061827,67093578
17385061827,67093579
17385061827,67093584
17385061827,67093585
17385061827,67093593
17385061827,67093598
17385061827,67093600
17385061827,67093601
17385061827,67093604
17385061827,67093609
17385061827,67093610
17385061827,67093616
17385061827,67093618
17385061827,67093641
17385061827,67093642
17385061827,67093644
