827860087,67093291
827860087,67093306
827860087,67093319
827860087,67093320
827860087,67093334
827860087,67093345
827860087,67093348
827860087,67093349
827860087,67093360
827860087,67093365
827860087,67093367
827860087,67093368
827860087,67093369
827860087,67093370
827860087,67093372
827860087,67093376
827860087,67093377
827860087,67093379
827860087,67093380
827860087,67093383
827860087,67093385
827860087,67093386
827860087,67093387
827860087,67093391
827860087,67093392
827860087,67093396
827860087,67093398
827860087,67093399
827860087,67093400
827860087,67093401
827860087,67093402
827860087,67093403
827860087,67093407
827860087,67093410
827860087,67093411
827860087,67093414
827860087,67093416
827860087,67093419
827860087,67093420
827860087,67093421
827860087,67093425
827860087,67093426
827860087,67093429
827860087,67093431
827860087,67093432
827860087,67093433
827860087,67093441
827860087,67093445
827860087,67093449
827860087,67093450
827860087,67093455
827860087,67093456
827860087,67093457
827860087,67093478
827860087,67093479
827860087,67093482
827860087,67093483
827860087,67093485
827860087,67093488
827860087,67093506
827860087,67093509
827860087,67093510
827860087,67093511
827860087,67093513
827860087,67093515
827860087,67093518
827860087,67093520
827860087,67093523
827860087,67093530
827860087,67093532
827860087,67093533
827860087,67093534
827860087,67093535
827860087,67093542
827860087,67093544
827860087,67093556
827860087,67093558
827860087,67093560
827860087,67093561
827860087,67093562
827860087,67093563
827860087,67093567
827860087,67093569
827860087,67093570
827860087,67093580
827860087,67093586
827860087,67093587
827860087,67093588
827860087,67093589
827860087,67093590
827860087,67093591
827860087,67093592
827860087,67093594
827860087,67093599
827860087,67093602
827860087,67093603
827860087,67093605
827860087,67093607
827860087,67093608
827860087,67093611
827860087,67093612
827860087,67093613
827860087,67093614
827860087,67093615
827860087,67093617
827860087,67093619
827860087,67093620
827860087,67093621
827860087,67093622
827860087,67093623
827860087,67093624
827860087,67093626
827860087,67093627
827860087,67093628
827860087,67093629
827860087,67093630
827860087,67093631
827860087,67093632
827860087,67093633
827860087,67093634
827860087,67093635
827860087,67093636
827860087,67093640
827860087,67093645
827860087,67093647
827860087,67093650
827860087,67095814
827860087,67103205
9106460957,131231
9106460957,67089844
9106460957,67093295
9106460957,67093305
9106460957,67093310
9106460957,67093311
9106460957,67093322
9106460957,67093324
9106460957,67093325
9106460957,67093326
9106460957,67093327
9106460957,67093328
9106460957,67093333
9106460957,67093337
9106460957,67093338
9106460957,67093339
9106460957,67093342
9106460957,67093352
9106460957,67093357
9106460957,67093361
9106460957,67093362
9106460957,67093374
9106460957,67093384
9106460957,67093390
9106460957,67093394
9106460957,67093395
9106460957,67093397
9106460957,67093404
9106460957,67093408
9106460957,67093409
9106460957,67093412
9106460957,67093415
9106460957,67093418
9106460957,67093422
9106460957,67093423
9106460957,67093424
9106460957,67093427
9106460957,67093428
9106460957,67093430
9106460957,67093434
9106460957,67093435
9106460957,67093437
9106460957,67093439
9106460957,67093440
9106460957,67093442
9106460957,67093443
9106460957,67093444
9106460957,67093446
9106460957,67093447
9106460957,67093448
9106460957,67093451
9106460957,67093452
9106460957,67093453
9106460957,67093454
9106460957,67093458
9106460957,67093459
9106460957,67093460
9106460957,67093461
9106460957,67093462
9106460957,67093463
9106460957,67093464
9106460957,67093465
9106460957,67093466
9106460957,67093467
9106460957,67093468
9106460957,67093469
9106460957,67093470
9106460957,67093471
9106460957,67093472
9106460957,67093473
9106460957,67093474
9106460957,67093475
9106460957,67093476
9106460957,67093477
9106460957,67093493
9106460957,67093497
9106460957,67093499
9106460957,67093501
9106460957,67093502
9106460957,67093508
9106460957,67093512
9106460957,67093514
9106460957,67093516
9106460957,67093526
9106460957,67093529
9106460957,67093536
9106460957,67093537
9106460957,67093538
9106460957,67093545
9106460957,67093546
9106460957,67093547
9106460957,67093548
9106460957,67093549
9106460957,67093551
9106460957,67093552
9106460957,67093553
9106460957,67093555
9106460957,67093557
9106460957,67093564
9106460957,67093566
9106460957,67093568
9106460957,67093571
9106460957,67093572
9106460957,67093573
9106460957,67093581
9106460957,67093582
9106460957,67093583
9106460957,67093595
9106460957,67093597
9106460957,67093606
9106460957,67093625
9106460957,67093637
9106460957,67093638
9106460957,67093646
9106460957,67093648
9106460957,67093649
9106460957,67099546
9106460957,67106937
9106460957,67108692
9106460957,67108693
9106460957,67108699
9106460957,67108702
9106460957,67108706
9106460957,67108708
9106460957,67108711
9106460957,67108714
9106460957,67108715
9106460957,67108716
17385061827,67093289
17385061827,67093290
17385061827,67093292
17385061827,67093293
17385061827,67093294
17385061827,67093296
17385061827,67093297
17385061827,67093298
17385061827,67093299
17385061827,67093300
17385061827,67093301
17385061827,67093302
17385061827,67093303
17385061827,67093304
17385061827,67093307
17385061827,67093308
17385061827,67093309
17385061827,67093312
17385061827,67093313
17385061827,67093314
17385061827,67093315
17385061827,67093316
17385061827,67093317
17385061827,67093318
17385061827,67093321
17385061827,67093323
17385061827,67093330
17385061827,67093331
17385061827,67093332
17385061827,67093335
17385061827,67093336
17385061827,67093341
17385061827,67093343
17385061827,67093344
17385061827,67093346
17385061827,67093347
17385061827,67093350
17385061827,67093351
17385061827,67093353
17385061827,67093354
17385061827,67093355
17385061827,67093356
17385061827,67093358
17385061827,67093359
17385061827,67093363
17385061827,67093364
17385061827,67093366
17385061827,67093371
17385061827,67093373
17385061827,67093375
17385061827,67093378
17385061827,67093381
17385061827,67093382
17385061827,67093388
17385061827,67093389
17385061827,67093393
17385061827,67093405
17385061827,67093406
17385061827,67093413
17385061827,67093417
17385061827,67093436
17385061827,67093438
17385061827,67093480
17385061827,67093481
17385061827,67093484
17385061827,67093486
17385061827,67093487
17385061827,67093489
17385061827,67093490
17385061827,67093491
17385061827,67093492
17385061827,67093494
17385061827,67093495
17385061827,67093496
17385061827,67093498
17385061827,67093500
17385061827,67093503
17385061827,67093504
17385061827,67093505
17385061827,67093507
17385061827,67093517
17385061827,67093519
17385061827,67093521
17385061827,67093522
17385061827,67093524
17385061827,67093525
17385061827,67093527
17385061827,67093528
17385061827,67093531
17385061827,67093539
17385061827,67093540
17385061827,67093541
17385061827,67093543
17385061827,67093550
17385061827,67093554
17385061827,67093559
17385061827,67093565
17385061827,67093574
17385061827,67093575
17385061827,67093576
17385061827,67093577
17385061827,67093578
17385061827,67093579
17385061827,67093584
17385061827,67093585
17385061827,67093593
17385061827,67093596
17385061827,67093598
17385061827,67093600
17385061827,67093601
17385061827,67093604
17385061827,67093609
17385061827,67093610
17385061827,67093616
17385061827,67093618
17385061827,67093641
17385061827,67093642
17385061827,67093643
17385061827,67093644
17385061827,67096666
17385061827,67096756
17385061827,67096978
17385061827,67104057
17385061827,67104147
17385061827,67108590
17385061827,67108592
17385061827,67108595
25663662697,131261
25663662697,67090069
25663662697,67093340
25663662697,67093639
25663662697,67094149
25663662697,67094151
25663662697,67094154
25663662697,67094281
25663662697,67094533
25663662697,67094649
25663662697,67095264
25663662697,67095324
25663662697,67095327
25663662697,67095496
25663662697,67095553
25663662697,67095669
25663662697,67095743
25663662697,67095753
25663662697,67095783
25663662697,67095790
25663662697,67095794
25663662697,67095795
25663662697,67095808
25663662697,67095809
25663662697,67095820
25663662697,67095822
25663662697,67095825
25663662697,67095883
25663662697,67097513
25663662697,67097954
25663662697,67100693
25663662697,67101540
25663662697,67101542
25663662697,67101544
25663662697,67101545
25663662697,67101672
25663662697,67101924
25663662697,67102040
25663662697,67102390
25663662697,67102655
25663662697,67102718
25663662697,67102887
25663662697,67102944
25663662697,67103026
25663662697,67103060
25663662697,67103134
25663662697,67103144
25663662697,67103174
25663662697,67103181
25663662697,67103184
25663662697,67103185
25663662697,67103186
25663662697,67103199
25663662697,67103200
25663662697,67103211
25663662697,67103213
25663662697,67103216
25663662697,67103274
25663662697,67104904
25663662697,67105345
25663662697,67108083
25663662697,67108084
25663662697,67108437
25663662697,67108447
25663662697,67108448
25663662697,67108450
25663662697,67108453
25663662697,67108454
25663662697,67108461
25663662697,67108462
25663662697,67108465
25663662697,67108466
25663662697,67108468
25663662697,67108469
25663662697,67108486
25663662697,67108488
25663662697,67108492
25663662697,67108493
25663662697,67108495
25663662697,67108496
25663662697,67108503
25663662697,67108504
25663662697,67108505
25663662697,67108506
25663662697,67108507
25663662697,67108509
25663662697,67108510
25663662697,67108513
25663662697,67108514
25663662697,67108515
25663662697,67108517
25663662697,67108518
25663662697,67108519
25663662697,67108520
25663662697,67108527
25663662697,67108528
25663662697,67108529
25663662697,67108530
25663662697,67108533
25663662697,67108534
25663662697,67108535
25663662697,67108536
25663662697,67108537
25663662697,67108538
25663662697,67108539
25663662697,67108540
25663662697,67108541
25663662697,67108542
25663662697,67108543
25663662697,67108544
25663662697,67108546
25663662697,67108547
25663662697,67108550
25663662697,67108551
25663662697,67108593
25663662697,67108594
25663662697,67108596
25663662697,67108600
25663662697,67108601
25663662697,67108636
25663662697,67108700
25663662697,67108750
25663662697,67108758
25663662697,67108763
25663662697,67108764
25663662697,67108766
25663662697,67108773
33942263567,131236
33942263567,131250
33942263567,131260
33942263567,67090145
33942263567,67093957
33942263567,67094645
33942263567,67095181
33942263567,67095402
33942263567,67095403
33942263567,67095480
33942263567,67095551
33942263567,67095663
33942263567,67095664
33942263567,67096173
33942263567,67096198
33942263567,67096200
33942263567,67096215
33942263567,67096216
33942263567,67096301
33942263567,67096364
33942263567,67096405
33942263567,67096451
33942263567,67096476
33942263567,67096575
33942263567,67096614
33942263567,67096670
33942263567,67096674
33942263567,67096702
33942263567,67096713
33942263567,67096731
33942263567,67096824
33942263567,67096854
33942263567,67096886
33942263567,67096898
33942263567,67097101
33942263567,67097126
33942263567,67097143
33942263567,67097149
33942263567,67097151
33942263567,67097379
33942263567,67097380
33942263567,67101348
33942263567,67102036
33942263567,67102572
33942263567,67102793
33942263567,67102871
33942263567,67102942
33942263567,67103054
33942263567,67103564
33942263567,67103589
33942263567,67103590
33942263567,67103591
33942263567,67103606
33942263567,67103607
33942263567,67103692
33942263567,67103754
33942263567,67103755
33942263567,67103796
33942263567,67103842
33942263567,67103867
33942263567,67103966
33942263567,67104005
33942263567,67104061
33942263567,67104065
33942263567,67104093
33942263567,67104104
33942263567,67104122
33942263567,67104215
33942263567,67104245
33942263567,67104277
33942263567,67104289
33942263567,67104492
33942263567,67104517
33942263567,67104534
33942263567,67104539
33942263567,67104542
33942263567,67104770
33942263567,67104771
33942263567,67108463
33942263567,67108489
33942263567,67108498
33942263567,67108512
33942263567,67108522
33942263567,67108523
33942263567,67108532
33942263567,67108548
33942263567,67108552
33942263567,67108553
33942263567,67108555
33942263567,67108558
33942263567,67108559
33942263567,67108560
33942263567,67108561
33942263567,67108562
33942263567,67108563
33942263567,67108564
33942263567,67108565
33942263567,67108566
33942263567,67108567
33942263567,67108568
33942263567,67108570
33942263567,67108571
33942263567,67108572
33942263567,67108574
33942263567,67108575
33942263567,67108576
33942263567,67108577
33942263567,67108578
33942263567,67108580
33942263567,67108581
33942263567,67108582
33942263567,67108584
33942263567,67108585
33942263567,67108586
33942263567,67108587
33942263567,67108591
33942263567,67108597
33942263567,67108598
33942263567,67108599
33942263567,67108603
33942263567,67108604
33942263567,67108605
33942263567,67108606
33942263567,67108618
33942263567,67108619
33942263567,67108621
42220864437,67099816
42220864437,67099817
42220864437,67107207
42220864437,67107208
42220864437,67108477
42220864437,67108482
42220864437,67108626
42220864437,67108662
42220864437,67108668
42220864437,67108670
42220864437,67108705
42220864437,67108707
42220864437,67108729
42220864437,67108731
42220864437,67108741
42220864437,67108751
42220864437,67108756
42220864437,67108775
42220864437,67108777
42220864437,67108779
42220864437,67108781
42220864437,67108782
42220864437,67108785
