902036450,67100679
902036450,67100680
902036450,67100681
902036450,67100682
902036450,67100683
902036450,67100684
902036450,67100685
902036450,67100686
902036450,67100687
902036450,67100688
902036450,67100689
902036450,67100690
902036450,67100691
902036450,67100693
902036450,67100694
902036450,67100695
902036450,67100696
902036450,67100697
902036450,67100699
902036450,67100700
902036450,67100701
902036450,67100704
902036450,67100705
902036450,67100708
902036450,67100710
902036450,67100711
902036450,67100713
902036450,67100714
902036450,67100716
902036450,67100717
902036450,67100720
902036450,67100723
902036450,67100726
902036450,67100728
902036450,67100735
902036450,67100736
902036450,67100738
902036450,67100747
902036450,67100767
902036450,67100773
902036450,67100782
902036450,67100828
902036450,67100829
902036450,67100831
902036450,67100841
902036450,67100853
902036450,67100855
902036450,67100856
902036450,67100861
902036450,67100868
902036450,67100870
902036450,67100871
902036450,67100872
902036450,67100874
902036450,67100890
902036450,67100894
902036450,67100898
902036450,67100899
902036450,67100900
902036450,67100901
902036450,67100903
902036450,67100908
902036450,67100910
902036450,67100912
902036450,67100918
902036450,67100921
902036450,67100934
902036450,67100935
902036450,67100937
902036450,67100938
902036450,67100941
902036450,67100944
902036450,67100945
902036450,67100946
902036450,67100947
902036450,67100948
902036450,67100949
902036450,67100950
902036450,67100951
902036450,67100953
902036450,67100954
902036450,67100955
902036450,67100958
902036450,67100959
902036450,67100964
902036450,67100965
902036450,67100966
902036450,67100967
902036450,67100969
902036450,67100970
902036450,67100971
902036450,67100972
902036450,67100973
902036450,67100974
902036450,67100975
902036450,67100976
902036450,67100977
902036450,67100978
902036450,67100987
902036450,67100990
902036450,67100991
902036450,67100992
902036450,67100993
902036450,67100994
902036450,67100998
902036450,67101000
902036450,67101002
902036450,67101003
902036450,67101006
902036450,67101012
902036450,67101016
902036450,67101018
902036450,67101020
902036450,67101021
902036450,67101022
902036450,67101023
902036450,67101024
902036450,67101025
902036450,67101027
902036450,67101028
902036450,67101029
902036450,67101030
902036450,67101031
902036450,67101037
902036450,67101039
902036450,67101040
902036450,67101041
902036450,67101200
9922400950,131245
9922400950,131246
9922400950,67100692
9922400950,67100698
9922400950,67100702
9922400950,67100706
9922400950,67100707
9922400950,67100709
9922400950,67100712
9922400950,67100715
9922400950,67100718
9922400950,67100719
9922400950,67100721
9922400950,67100722
9922400950,67100727
9922400950,67100731
9922400950,67100733
9922400950,67100734
9922400950,67100737
9922400950,67100742
9922400950,67100743
9922400950,67100745
9922400950,67100746
9922400950,67100748
9922400950,67100765
9922400950,67100766
9922400950,67100771
9922400950,67100785
9922400950,67100786
9922400950,67100787
9922400950,67100794
9922400950,67100795
9922400950,67100796
9922400950,67100799
9922400950,67100800
9922400950,67100804
9922400950,67100805
9922400950,67100808
9922400950,67100809
9922400950,67100810
9922400950,67100813
9922400950,67100815
9922400950,67100818
9922400950,67100820
9922400950,67100821
9922400950,67100822
9922400950,67100824
9922400950,67100825
9922400950,67100826
9922400950,67100834
9922400950,67100840
9922400950,67100846
9922400950,67100847
9922400950,67100848
9922400950,67100862
9922400950,67100864
9922400950,67100865
9922400950,67100866
9922400950,67100867
9922400950,67100869
9922400950,67100873
9922400950,67100875
9922400950,67100877
9922400950,67100878
9922400950,67100879
9922400950,67100880
9922400950,67100881
9922400950,67100882
9922400950,67100883
9922400950,67100885
9922400950,67100886
9922400950,67100887
9922400950,67100888
9922400950,67100891
9922400950,67100892
9922400950,67100893
9922400950,67100895
9922400950,67100897
9922400950,67100902
9922400950,67100905
9922400950,67100907
9922400950,67100909
9922400950,67100911
9922400950,67100913
9922400950,67100916
9922400950,67100917
9922400950,67100919
9922400950,67100920
9922400950,67100924
9922400950,67100925
9922400950,67100926
9922400950,67100927
9922400950,67100928
9922400950,67100929
9922400950,67100932
9922400950,67100936
9922400950,67100939
9922400950,67100940
9922400950,67100942
9922400950,67100943
9922400950,67100957
9922400950,67100963
9922400950,67100968
9922400950,67100980
9922400950,67100981
9922400950,67100983
9922400950,67100986
9922400950,67100988
9922400950,67100996
9922400950,67100999
9922400950,67101004
9922400950,67101005
9922400950,67101007
9922400950,67101008
9922400950,67101009
9922400950,67101010
9922400950,67101011
9922400950,67101013
9922400950,67101014
9922400950,67101017
9922400950,67101019
9922400950,67101026
9922400950,67101034
9922400950,67101035
9922400950,67101036
9922400950,67101038
9922400950,67102757
9922400950,67102758
18942765450,193
18942765450,67099227
18942765450,67099590
18942765450,67099991
18942765450,67099992
18942765450,67100317
18942765450,67100703
18942765450,67100724
18942765450,67100725
18942765450,67100729
18942765450,67100730
18942765450,67100732
18942765450,67100739
18942765450,67100740
18942765450,67100741
18942765450,67100744
18942765450,67100749
18942765450,67100750
18942765450,67100751
18942765450,67100752
18942765450,67100753
18942765450,67100754
18942765450,67100755
18942765450,67100756
18942765450,67100757
18942765450,67100758
18942765450,67100759
18942765450,67100760
18942765450,67100761
18942765450,67100762
18942765450,67100763
18942765450,67100764
18942765450,67100768
18942765450,67100769
18942765450,67100770
18942765450,67100772
18942765450,67100774
18942765450,67100775
18942765450,67100776
18942765450,67100777
18942765450,67100778
18942765450,67100779
18942765450,67100780
18942765450,67100781
18942765450,67100783
18942765450,67100784
18942765450,67100788
18942765450,67100789
18942765450,67100790
18942765450,67100791
18942765450,67100792
18942765450,67100793
18942765450,67100797
18942765450,67100798
18942765450,67100801
18942765450,67100802
18942765450,67100803
18942765450,67100806
18942765450,67100807
18942765450,67100811
18942765450,67100812
18942765450,67100814
18942765450,67100816
18942765450,67100817
18942765450,67100819
18942765450,67100823
18942765450,67100827
18942765450,67100830
18942765450,67100832
18942765450,67100833
18942765450,67100835
18942765450,67100836
18942765450,67100837
18942765450,67100838
18942765450,67100839
18942765450,67100842
18942765450,67100843
18942765450,67100844
18942765450,67100845
18942765450,67100849
18942765450,67100850
18942765450,67100851
18942765450,67100852
18942765450,67100854
18942765450,67100857
18942765450,67100858
18942765450,67100859
18942765450,67100860
18942765450,67100863
18942765450,67100876
18942765450,67100884
18942765450,67100889
18942765450,67100896
18942765450,67100904
18942765450,67100906
18942765450,67100914
18942765450,67100915
18942765450,67100922
18942765450,67100923
18942765450,67100930
18942765450,67100931
18942765450,67100933
18942765450,67100952
18942765450,67100956
18942765450,67100960
18942765450,67100961
18942765450,67100962
18942765450,67100979
18942765450,67100982
18942765450,67100984
18942765450,67100985
18942765450,67100989
18942765450,67100995
18942765450,67100997
18942765450,67101001
18942765450,67101015
18942765450,67101032
18942765450,67101033
18942765450,67104291
18942765450,67104292
18942765450,67104293
18942765450,67104294
18942765450,67104295
18942765450,67104296
18942765450,67104297
18942765450,67108433
27963129950,67099232
27963129950,67099233
27963129950,67099595
27963129950,67099596
27963129950,67100014
27963129950,67100015
27963129950,67100016
27963129950,67100322
27963129950,67100323
27963129950,67105686
27963129950,67105687
27963129950,67105688
27963129950,67105689
27963129950,67105690
27963129950,67105691
27963129950,67105692
27963129950,67105693
27963129950,67105694
27963129950,67105695
27963129950,67105696
27963129950,67105697
27963129950,67105698
27963129950,67105699
27963129950,67105700
27963129950,67105701
27963129950,67105702
27963129950,67105703
27963129950,67105704
27963129950,67105705
27963129950,67105706
27963129950,67105707
27963129950,67105708
27963129950,67105709
27963129950,67105710
27963129950,67105711
27963129950,67105712
27963129950,67105713
27963129950,67105714
27963129950,67105715
27963129950,67105716
27963129950,67105717
27963129950,67105718
27963129950,67105719
27963129950,67105720
27963129950,67105721
27963129950,67105722
27963129950,67105723
27963129950,67105724
27963129950,67105725
27963129950,67105726
27963129950,67105727
27963129950,67105728
27963129950,67105729
27963129950,67105730
27963129950,67105731
27963129950,67105732
27963129950,67105733
27963129950,67105734
27963129950,67105735
27963129950,67105736
27963129950,67105737
27963129950,67105738
27963129950,67105739
27963129950,67105740
27963129950,67105741
27963129950,67105742
27963129950,67105743
27963129950,67105744
27963129950,67105745
27963129950,67105746
27963129950,67105747
27963129950,67105748
27963129950,67105749
27963129950,67105750
27963129950,67105751
27963129950,67105752
27963129950,67105753
27963129950,67105754
27963129950,67105755
27963129950,67105756
27963129950,67105757
27963129950,67105758
27963129950,67105759
27963129950,67105760
27963129950,67105761
27963129950,67105762
27963129950,67105763
27963129950,67105764
27963129950,67105765
27963129950,67105766
27963129950,67105767
27963129950,67105768
27963129950,67105769
27963129950,67105770
27963129950,67105771
27963129950,67105772
27963129950,67105773
27963129950,67105774
27963129950,67105775
27963129950,67105776
27963129950,67105777
27963129950,67105778
27963129950,67105779
27963129950,67105780
27963129950,67105781
27963129950,67105782
27963129950,67105783
27963129950,67105784
27963129950,67105785
27963129950,67105786
27963129950,67105787
27963129950,67105788
27963129950,67105789
27963129950,67105790
27963129950,67105791
27963129950,67105792
27963129950,67105793
27963129950,67105794
27963129950,67105795
27963129950,67105796
27963129950,67105797
27963129950,67105798
27963129950,67105799
27963129950,67105800
27963129950,67108438
27963129950,67108439
36983494450,67099258
36983494450,67099259
36983494450,67099260
36983494450,67099261
36983494450,67099262
36983494450,67099621
36983494450,67099622
36983494450,67099623
36983494450,67099624
36983494450,67099625
36983494450,67100044
36983494450,67100045
36983494450,67100046
36983494450,67100348
36983494450,67100349
36983494450,67100350
36983494450,67100351
36983494450,67100352
36983494450,67107142
36983494450,67107143
36983494450,67107144
36983494450,67107145
36983494450,67107146
36983494450,67107147
36983494450,67107148
36983494450,67107149
36983494450,67107150
36983494450,67107151
36983494450,67107152
36983494450,67107153
36983494450,67107154
36983494450,67107155
36983494450,67107156
36983494450,67107157
36983494450,67107158
36983494450,67107159
36983494450,67107160
36983494450,67107161
36983494450,67107162
36983494450,67107163
36983494450,67107164
36983494450,67107165
36983494450,67107166
36983494450,67107167
36983494450,67107168
36983494450,67107169
36983494450,67107170
36983494450,67107171
36983494450,67107172
36983494450,67107173
36983494450,67107174
36983494450,67107175
36983494450,67107176
36983494450,67107177
36983494450,67107178
36983494450,67107179
36983494450,67107180
36983494450,67107181
36983494450,67107182
36983494450,67107183
36983494450,67107184
36983494450,67107185
36983494450,67107186
36983494450,67107187
36983494450,67107188
36983494450,67107189
36983494450,67107190
36983494450,67107191
36983494450,67107192
36983494450,67107193
36983494450,67107194
36983494450,67107195
36983494450,67107196
36983494450,67107197
36983494450,67107198
36983494450,67107199
36983494450,67107200
36983494450,67107201
36983494450,67107202
36983494450,67107203
36983494450,67107204
36983494450,67107205
36983494450,67107206
36983494450,67107207
36983494450,67107208
36983494450,67107209
36983494450,67107210
36983494450,67107211
36983494450,67107212
36983494450,67107213
36983494450,67107214
36983494450,67107215
36983494450,67107216
36983494450,67107217
36983494450,67107218
36983494450,67107219
36983494450,67107220
36983494450,67107221
36983494450,67107222
36983494450,67107223
36983494450,67107224
36983494450,67107225
36983494450,67107226
36983494450,67107227
36983494450,67107228
36983494450,67107229
36983494450,67107230
36983494450,67107231
36983494450,67107232
36983494450,67107233
36983494450,67107234
36983494450,67107235
36983494450,67107236
36983494450,67107237
36983494450,67107238
36983494450,67107239
36983494450,67107240
36983494450,67107241
36983494450,67107242
36983494450,67107243
36983494450,67107244
36983494450,67107245
36983494450,67108464
36983494450,67108465
36983494450,67108466
36983494450,67108467
46003858950,67099486
46003858950,67099487
46003858950,67099488
46003858950,67099489
46003858950,67099490
46003858950,67099491
46003858950,67099492
46003858950,67099493
46003858950,67099494
46003858950,67099495
46003858950,67099496
46003858950,67099497
46003858950,67099498
46003858950,67099499
46003858950,67099500
46003858950,67099501
46003858950,67099502
46003858950,67099503
46003858950,67099504
46003858950,67099505
46003858950,67099849
46003858950,67099850
46003858950,67099851
46003858950,67099852
46003858950,67099853
46003858950,67099854
46003858950,67099855
46003858950,67099856
46003858950,67099857
46003858950,67099858
46003858950,67099859
46003858950,67099860
46003858950,67099861
46003858950,67099862
46003858950,67099863
46003858950,67099864
46003858950,67099865
46003858950,67099866
46003858950,67099867
46003858950,67099868
46003858950,67100081
46003858950,67100082
46003858950,67100576
46003858950,67100577
46003858950,67100578
46003858950,67100579
46003858950,67100580
46003858950,67100581
46003858950,67100582
46003858950,67100583
46003858950,67100584
46003858950,67100585
46003858950,67100586
46003858950,67100587
46003858950,67100588
46003858950,67100589
46003858950,67100590
46003858950,67100591
46003858950,67100592
46003858950,67100593
46003858950,67100594
46003858950,67100595
46003858950,67108238
46003858950,67108239
46003858950,67108240
46003858950,67108241
46003858950,67108242
46003858950,67108243
46003858950,67108244
46003858950,67108245
46003858950,67108246
46003858950,67108247
46003858950,67108248
46003858950,67108249
46003858950,67108250
46003858950,67108251
46003858950,67108252
46003858950,67108253
46003858950,67108254
46003858950,67108255
46003858950,67108256
46003858950,67108257
46003858950,67108258
46003858950,67108259
46003858950,67108260
46003858950,67108261
46003858950,67108262
46003858950,67108263
46003858950,67108264
46003858950,67108265
46003858950,67108266
46003858950,67108267
46003858950,67108268
46003858950,67108269
46003858950,67108270
46003858950,67108271
46003858950,67108272
46003858950,67108273
46003858950,67108274
46003858950,67108275
46003858950,67108276
46003858950,67108692
46003858950,67108693
46003858950,67108694
46003858950,67108695
46003858950,67108696
46003858950,67108697
46003858950,67108698
46003858950,67108699
46003858950,67108700
46003858950,67108701
46003858950,67108702
46003858950,67108703
46003858950,67108704
46003858950,67108705
46003858950,67108706
46003858950,67108707
46003858950,67108708
46003858950,67108709
46003858950,67108710
46003858950,67108711
