902036450,67100679
902036450,67100680
902036450,67100681
902036450,67100682
902036450,67100683
902036450,67100684
902036450,67100685
902036450,67100686
902036450,67100687
902036450,67100688
902036450,67100689
902036450,67100690
902036450,67100691
902036450,67100693
902036450,67100694
902036450,67100695
902036450,67100696
902036450,67100697
902036450,67100699
902036450,67100700
902036450,67100701
902036450,67100704
902036450,67100705
902036450,67100708
902036450,67100710
902036450,67100711
902036450,67100713
902036450,67100714
902036450,67100716
902036450,67100717
902036450,67100720
902036450,67100723
902036450,67100726
902036450,67100728
902036450,67100735
902036450,67100736
902036450,67100738
902036450,67100747
902036450,67100767
902036450,67100773
902036450,67100782
902036450,67100828
902036450,67100829
902036450,67100831
902036450,67100841
902036450,67100853
902036450,67100855
902036450,67100856
902036450,67100861
902036450,67100868
902036450,67100870
902036450,67100871
902036450,67100872
902036450,67100874
902036450,67100890
902036450,67100894
902036450,67100898
902036450,67100899
902036450,67100900
902036450,67100901
902036450,67100903
902036450,67100908
902036450,67100910
902036450,67100912
902036450,67100918
902036450,67100921
902036450,67100934
902036450,67100935
902036450,67100937
902036450,67100938
902036450,67100941
902036450,67100944
902036450,67100945
902036450,67100946
902036450,67100947
902036450,67100948
902036450,67100949
902036450,67100950
902036450,67100951
902036450,67100953
902036450,67100954
902036450,67100955
902036450,67100958
902036450,67100959
902036450,67100964
902036450,67100965
902036450,67100966
902036450,67100967
902036450,67100969
902036450,67100970
902036450,67100971
902036450,67100972
902036450,67100973
902036450,67100974
902036450,67100975
902036450,67100976
902036450,67100977
902036450,67100978
902036450,67100987
902036450,67100990
902036450,67100991
902036450,67100992
902036450,67100993
902036450,67100994
902036450,67100998
902036450,67101000
902036450,67101002
902036450,67101003
902036450,67101006
902036450,67101012
902036450,67101016
902036450,67101018
902036450,67101020
902036450,67101021
902036450,67101022
902036450,67101023
902036450,67101024
902036450,67101025
902036450,67101027
902036450,67101028
902036450,67101029
902036450,67101030
902036450,67101031
902036450,67101037
902036450,67101039
902036450,67101040
902036450,67101041
902036450,67101200
9922400950,131245
9922400950,131246
9922400950,67100692
9922400950,67100698
9922400950,67100702
9922400950,67100706
9922400950,67100707
9922400950,67100709
9922400950,67100712
9922400950,67100715
9922400950,67100718
9922400950,67100719
9922400950,67100721
9922400950,67100722
9922400950,67100727
9922400950,67100731
9922400950,67100733
9922400950,67100734
9922400950,67100737
9922400950,67100742
9922400950,67100743
9922400950,67100745
9922400950,67100746
9922400950,67100748
9922400950,67100765
9922400950,67100766
9922400950,67100771
9922400950,67100785
9922400950,67100786
9922400950,67100787
9922400950,67100794
9922400950,67100795
9922400950,67100796
9922400950,67100799
9922400950,67100800
9922400950,67100804
9922400950,67100805
9922400950,67100808
9922400950,67100809
9922400950,67100810
9922400950,67100813
9922400950,67100815
9922400950,67100818
9922400950,67100820
9922400950,67100821
9922400950,67100822
9922400950,67100824
9922400950,67100825
9922400950,67100826
9922400950,67100834
9922400950,67100840
9922400950,67100846
9922400950,67100847
9922400950,67100848
9922400950,67100862
9922400950,67100864
9922400950,67100865
9922400950,67100866
9922400950,67100867
9922400950,67100869
9922400950,67100873
9922400950,67100875
9922400950,67100877
9922400950,67100878
9922400950,67100879
9922400950,67100880
9922400950,67100881
9922400950,67100882
9922400950,67100883
9922400950,67100885
9922400950,67100886
9922400950,67100887
9922400950,67100888
9922400950,67100891
9922400950,67100892
9922400950,67100893
9922400950,67100895
9922400950,67100897
9922400950,67100902
9922400950,67100905
9922400950,67100907
9922400950,67100909
9922400950,67100911
9922400950,67100913
9922400950,67100916
9922400950,67100917
9922400950,67100919
9922400950,67100920
9922400950,67100924
9922400950,67100925
9922400950,67100926
9922400950,67100927
9922400950,67100928
9922400950,67100929
9922400950,67100932
9922400950,67100936
9922400950,67100939
9922400950,67100940
9922400950,67100942
9922400950,67100943
9922400950,67100957
9922400950,67100963
9922400950,67100968
9922400950,67100980
9922400950,67100981
9922400950,67100983
9922400950,67100986
9922400950,67100988
9922400950,67100996
9922400950,67100999
9922400950,67101004
9922400950,67101005
9922400950,67101007
9922400950,67101008
9922400950,67101009
9922400950,67101010
9922400950,67101011
9922400950,67101013
9922400950,67101014
9922400950,67101017
9922400950,67101019
9922400950,67101026
9922400950,67101034
9922400950,67101035
9922400950,67101036
9922400950,67101038
9922400950,67102757
9922400950,67102758
18942765450,193
18942765450,67099227
18942765450,67099590
18942765450,67099991
18942765450,67099992
18942765450,67100317
18942765450,67100703
18942765450,67100724
18942765450,67100725
18942765450,67100729
18942765450,67100730
18942765450,67100732
18942765450,67100739
18942765450,67100740
18942765450,67100741
18942765450,67100744
18942765450,67100749
18942765450,67100750
18942765450,67100751
18942765450,67100752
18942765450,67100753
18942765450,67100754
18942765450,67100755
18942765450,67100756
18942765450,67100757
18942765450,67100758
18942765450,67100759
18942765450,67100760
18942765450,67100761
18942765450,67100762
18942765450,67100763
18942765450,67100764
18942765450,67100768
18942765450,67100769
18942765450,67100770
18942765450,67100772
18942765450,67100774
18942765450,67100775
18942765450,67100776
18942765450,67100777
18942765450,67100778
18942765450,67100779
18942765450,67100780
18942765450,67100781
18942765450,67100783
18942765450,67100784
18942765450,67100788
18942765450,67100789
18942765450,67100790
18942765450,67100791
18942765450,67100792
18942765450,67100793
18942765450,67100797
18942765450,67100798
18942765450,67100801
18942765450,67100802
18942765450,67100803
18942765450,67100806
18942765450,67100807
18942765450,67100811
18942765450,67100812
18942765450,67100814
18942765450,67100816
18942765450,67100817
18942765450,67100819
18942765450,67100823
18942765450,67100827
18942765450,67100830
18942765450,67100832
18942765450,67100833
18942765450,67100835
18942765450,67100836
18942765450,67100837
18942765450,67100838
18942765450,67100839
18942765450,67100842
18942765450,67100843
18942765450,67100844
18942765450,67100845
18942765450,67100849
18942765450,67100850
18942765450,67100851
18942765450,67100852
18942765450,67100854
18942765450,67100857
18942765450,67100858
18942765450,67100859
18942765450,67100860
18942765450,67100863
18942765450,67100876
18942765450,67100884
18942765450,67100889
18942765450,67100896
18942765450,67100904
18942765450,67100906
18942765450,67100914
18942765450,67100915
18942765450,67100922
18942765450,67100923
18942765450,67100930
18942765450,67100931
18942765450,67100933
18942765450,67100952
18942765450,67100956
18942765450,67100960
18942765450,67100961
18942765450,67100962
18942765450,67100979
18942765450,67100982
18942765450,67100984
18942765450,67100985
18942765450,67100989
18942765450,67100995
18942765450,67100997
18942765450,67101001
18942765450,67101015
18942765450,67101032
18942765450,67101033
18942765450,67104291
18942765450,67104292
18942765450,67104293
18942765450,67104294
18942765450,67104295
18942765450,67104296
18942765450,67104297
18942765450,67108433
27963129950,67099232
27963129950,67099233
27963129950,67099595
27963129950,67099596
27963129950,67100014
27963129950,67100015
27963129950,67100016
27963129950,67100322
27963129950,67100323
27963129950,67105686
27963129950,67105687
27963129950,67105688
27963129950,67105689
27963129950,67105690
27963129950,67105691
27963129950,67105692
27963129950,67105693
27963129950,67105694
27963129950,67105695
27963129950,67105696
27963129950,67105697
27963129950,67105698
27963129950,67105699
27963129950,67105700
27963129950,67105701
27963129950,67105702
27963129950,67105703
27963129950,67105704
27963129950,67105705
27963129950,67105706
27963129950,67105707
27963129950,67105708
27963129950,67105709
27963129950,67105710
27963129950,67105711
27963129950,67105712
27963129950,67105713
27963129950,67105714
27963129950,67105715
27963129950,67105716
27963129950,67105717
27963129950,67105718
27963129950,67105719
27963129950,67105720
27963129950,67105721
27963129950,67105722
27963129950,67105723
27963129950,67105724
27963129950,67105725
27963129950,67105726
27963129950,67105727
27963129950,67105728
27963129950,67105729
27963129950,67105730
27963129950,67105731
27963129950,67105732
27963129950,67105733
27963129950,67105734
27963129950,67105735
27963129950,67105736
27963129950,67105737
27963129950,67105738
27963129950,67105739
27963129950,67105740
27963129950,67105741
27963129950,67105742
27963129950,67105743
27963129950,67105744
27963129950,67105745
27963129950,67105746
27963129950,67105747
27963129950,67105748
27963129950,67105749
27963129950,67105750
27963129950,67105751
27963129950,67105752
27963129950,67105753
27963129950,67105754
27963129950,67105755
27963129950,67105756
27963129950,67105757
27963129950,67105758
27963129950,67105759
27963129950,67105760
27963129950,67105761
27963129950,67105762
27963129950,67105763
27963129950,67105764
27963129950,67105765
27963129950,67105766
27963129950,67105767
27963129950,67105768
27963129950,67105769
27963129950,67105770
27963129950,67105771
27963129950,67105772
27963129950,67105773
27963129950,67105774
27963129950,67105775
27963129950,67105776
27963129950,67105777
27963129950,67105778
27963129950,67105779
27963129950,67105780
27963129950,67105781
27963129950,67105782
27963129950,67105783
27963129950,67105784
27963129950,67105785
27963129950,67105786
27963129950,67105787
27963129950,67105788
27963129950,67105789
27963129950,67105790
27963129950,67105791
27963129950,67105792
27963129950,67105793
27963129950,67105794
27963129950,67105795
27963129950,67105796
27963129950,67105797
27963129950,67105798
27963129950,67105799
27963129950,67105800
27963129950,67108438
27963129950,67108439
36983494450,67099258
36983494450,67099259
36983494450,67099260
36983494450,67099261
36983494450,67099262
36983494450,67099621
36983494450,67099622
36983494450,67099623
36983494450,67099624
36983494450,67099625
36983494450,67100044
36983494450,67100045
36983494450,67100046
36983494450,67100348
36983494450,67100349
36983494450,67100350
36983494450,67100351
36983494450,67100352
36983494450,67107142
36983494450,67107143
36983494450,67107144
36983494450,67107145
36983494450,67107146
36983494450,67107147
36983494450,67107148
36983494450,67107149
36983494450,67107150
36983494450,67107151
36983494450,67107152
36983494450,67107153
36983494450,67107154
36983494450,67107155
36983494450,67107156
36983494450,67107157
36983494450,67107158
36983494450,67107159
36983494450,67107160
36983494450,67107161
36983494450,67107162
36983494450,67107163
36983494450,67107164
36983494450,67107165
36983494450,67107166
36983494450,67107167
36983494450,67107168
36983494450,67107169
36983494450,67107170
36983494450,67107171
36983494450,67107172
36983494450,67107173
36983494450,67107174
36983494450,67107175
36983494450,67107176
36983494450,67107177
36983494450,67107178
36983494450,67107179
36983494450,67107180
36983494450,67107181
36983494450,67107182
36983494450,67107183
36983494450,67107184
36983494450,67107185
36983494450,67107186
36983494450,67107187
36983494450,67107188
36983494450,67107189
36983494450,67107190
36983494450,67107191
36983494450,67107192
36983494450,67107193
36983494450,67107194
36983494450,67107195
36983494450,67107196
36983494450,67107197
36983494450,67107198
36983494450,67107199
36983494450,67107200
36983494450,67107201
36983494450,67107202
36983494450,67107203
36983494450,67107204
36983494450,67107205
36983494450,67107206
36983494450,67107207
36983494450,67107208
36983494450,67107209
36983494450,67107210
36983494450,67107211
36983494450,67107212
36983494450,67107213
36983494450,67107214
36983494450,67107215
36983494450,67107216
36983494450,67107217
36983494450,67107218
36983494450,67107219
36983494450,67107220
36983494450,67107221
36983494450,67107222
36983494450,67107223
36983494450,67107224
36983494450,67107225
36983494450,67107226
36983494450,67107227
36983494450,67107228
36983494450,67107229
36983494450,67107230
36983494450,67107231
36983494450,67107232
36983494450,67107233
36983494450,67107234
36983494450,67107235
36983494450,67107236
36983494450,67107237
36983494450,67107238
36983494450,67107239
36983494450,67107240
36983494450,67107241
36983494450,67107242
36983494450,67107243
36983494450,67107244
36983494450,67107245
36983494450,67108464
36983494450,67108465
36983494450,67108466
36983494450,67108467
46003858950,67099485
46003858950,67099486
46003858950,67099487
46003858950,67099488
46003858950,67099489
46003858950,67099490
46003858950,67099491
46003858950,67099492
46003858950,67099493
46003858950,67099494
46003858950,67099495
46003858950,67099496
46003858950,67099497
46003858950,67099498
46003858950,67099499
46003858950,67099500
46003858950,67099501
46003858950,67099502
46003858950,67099503
46003858950,67099504
46003858950,67099505
46003858950,67099848
46003858950,67099849
46003858950,67099850
46003858950,67099851
46003858950,67099852
46003858950,67099853
46003858950,67099854
46003858950,67099855
46003858950,67099856
46003858950,67099857
46003858950,67099858
46003858950,67099859
46003858950,67099860
46003858950,67099861
46003858950,67099862
46003858950,67099863
46003858950,67099864
46003858950,67099865
46003858950,67099866
46003858950,67099867
46003858950,67099868
46003858950,67100081
46003858950,67100082
46003858950,67100575
46003858950,67100576
46003858950,67100577
46003858950,67100578
46003858950,67100579
46003858950,67100580
46003858950,67100581
46003858950,67100582
46003858950,67100583
46003858950,67100584
46003858950,67100585
46003858950,67100586
46003858950,67100587
46003858950,67100588
46003858950,67100589
46003858950,67100590
46003858950,67100591
46003858950,67100592
46003858950,67100593
46003858950,67100594
46003858950,67100595
46003858950,67108237
46003858950,67108238
46003858950,67108239
46003858950,67108240
46003858950,67108241
46003858950,67108242
46003858950,67108243
46003858950,67108244
46003858950,67108245
46003858950,67108246
46003858950,67108247
46003858950,67108248
46003858950,67108249
46003858950,67108250
46003858950,67108251
46003858950,67108252
46003858950,67108253
46003858950,67108254
46003858950,67108255
46003858950,67108256
46003858950,67108257
46003858950,67108258
46003858950,67108259
46003858950,67108260
46003858950,67108261
46003858950,67108262
46003858950,67108263
46003858950,67108264
46003858950,67108265
46003858950,67108266
46003858950,67108267
46003858950,67108268
46003858950,67108269
46003858950,67108270
46003858950,67108271
46003858950,67108272
46003858950,67108273
46003858950,67108274
46003858950,67108275
46003858950,67108276
46003858950,67108691
46003858950,67108692
46003858950,67108693
46003858950,67108694
46003858950,67108695
46003858950,67108696
46003858950,67108697
46003858950,67108698
46003858950,67108699
46003858950,67108700
46003858950,67108701
46003858950,67108702
46003858950,67108703
46003858950,67108704
46003858950,67108705
46003858950,67108706
46003858950,67108707
46003858950,67108708
46003858950,67108709
46003858950,67108710
46003858950,67108711
55024223450,67099228
55024223450,67099229
55024223450,67099230
55024223450,67099231
55024223450,67099234
55024223450,67099235
55024223450,67099236
55024223450,67099237
55024223450,67099238
55024223450,67099239
55024223450,67099240
55024223450,67099241
55024223450,67099242
55024223450,67099243
55024223450,67099244
55024223450,67099245
55024223450,67099246
55024223450,67099247
55024223450,67099248
55024223450,67099252
55024223450,67099254
55024223450,67099256
55024223450,67099257
55024223450,67099263
55024223450,67099264
55024223450,67099265
55024223450,67099266
55024223450,67099267
55024223450,67099268
55024223450,67099275
55024223450,67099277
55024223450,67099285
55024223450,67099288
55024223450,67099289
55024223450,67099292
55024223450,67099293
55024223450,67099294
55024223450,67099299
55024223450,67099306
55024223450,67099307
55024223450,67099308
55024223450,67099310
55024223450,67099312
55024223450,67099314
55024223450,67099316
55024223450,67099317
55024223450,67099318
55024223450,67099319
55024223450,67099322
55024223450,67099325
55024223450,67099326
55024223450,67099328
55024223450,67099330
55024223450,67099331
55024223450,67099334
55024223450,67099335
55024223450,67099336
55024223450,67099339
55024223450,67099343
55024223450,67099344
55024223450,67099345
55024223450,67099346
55024223450,67099347
55024223450,67099348
55024223450,67099349
55024223450,67099351
55024223450,67099352
55024223450,67099353
55024223450,67099355
55024223450,67099356
55024223450,67099357
55024223450,67099358
55024223450,67099359
55024223450,67099360
55024223450,67099361
55024223450,67099362
55024223450,67099363
55024223450,67099364
55024223450,67099365
55024223450,67099366
55024223450,67099368
55024223450,67099369
55024223450,67099371
55024223450,67099372
55024223450,67099373
55024223450,67099374
55024223450,67099375
55024223450,67099376
55024223450,67099377
55024223450,67099380
55024223450,67099381
55024223450,67099382
55024223450,67099383
55024223450,67099384
55024223450,67099385
55024223450,67099386
55024223450,67099387
55024223450,67099388
55024223450,67099389
55024223450,67099390
55024223450,67099391
55024223450,67099392
55024223450,67099393
55024223450,67099394
55024223450,67099395
55024223450,67099396
55024223450,67099397
55024223450,67099398
55024223450,67099399
55024223450,67099400
55024223450,67099401
55024223450,67099402
55024223450,67099403
55024223450,67099404
55024223450,67099408
55024223450,67099437
55024223450,67099455
55024223450,67099475
55024223450,67099517
55024223450,67099551
55024223450,67099557
55024223450,67099558
55024223450,67099572
55024223450,67099573
55024223450,67099575
55024223450,67099576
55024223450,67099585
55024223450,67101395
64044587950,131242
64044587950,131243
64044587950,67099249
64044587950,67099251
64044587950,67099253
64044587950,67099255
64044587950,67099269
64044587950,67099270
64044587950,67099272
64044587950,67099273
64044587950,67099274
64044587950,67099276
64044587950,67099278
64044587950,67099279
64044587950,67099280
64044587950,67099281
64044587950,67099282
64044587950,67099283
64044587950,67099284
64044587950,67099286
64044587950,67099287
64044587950,67099290
64044587950,67099291
64044587950,67099295
64044587950,67099296
64044587950,67099311
64044587950,67099313
64044587950,67099333
64044587950,67099341
64044587950,67099342
64044587950,67099370
64044587950,67099405
64044587950,67099407
64044587950,67099410
64044587950,67099418
64044587950,67099419
64044587950,67099420
64044587950,67099425
64044587950,67099426
64044587950,67099427
64044587950,67099428
64044587950,67099430
64044587950,67099432
64044587950,67099433
64044587950,67099434
64044587950,67099435
64044587950,67099436
64044587950,67099439
64044587950,67099440
64044587950,67099442
64044587950,67099443
64044587950,67099444
64044587950,67099447
64044587950,67099449
64044587950,67099452
64044587950,67099454
64044587950,67099456
64044587950,67099457
64044587950,67099458
64044587950,67099459
64044587950,67099461
64044587950,67099463
64044587950,67099464
64044587950,67099469
64044587950,67099473
64044587950,67099479
64044587950,67099482
64044587950,67099507
64044587950,67099509
64044587950,67099510
64044587950,67099512
64044587950,67099518
64044587950,67099522
64044587950,67099525
64044587950,67099528
64044587950,67099531
64044587950,67099532
64044587950,67099533
64044587950,67099535
64044587950,67099536
64044587950,67099537
64044587950,67099538
64044587950,67099539
64044587950,67099542
64044587950,67099543
64044587950,67099548
64044587950,67099552
64044587950,67099553
64044587950,67099554
64044587950,67099555
64044587950,67099560
64044587950,67099564
64044587950,67099565
64044587950,67099582
64044587950,67099586
64044587950,67099587
64044587950,67099591
64044587950,67099660
64044587950,67099666
64044587950,67104531
64044587950,67104533
64044587950,67104536
64044587950,67104542
64044587950,67104544
64044587950,67104545
64044587950,67104546
64044587950,67104550
64044587950,67104551
64044587950,67104553
64044587950,67104558
64044587950,67104562
64044587950,67104572
64044587950,67104573
64044587950,67104586
64044587950,67104588
64044587950,67104592
64044587950,67104593
64044587950,67104594
64044587950,67104597
64044587950,67104602
64044587950,67104609
64044587950,67107895
64044587950,67108434
64044587950,67108502
64044587950,67108504
64044587950,67108509
73064952450,131244
73064952450,131260
73064952450,131261
73064952450,67099250
73064952450,67099271
73064952450,67099301
73064952450,67099302
73064952450,67099304
73064952450,67099305
73064952450,67099309
73064952450,67099315
73064952450,67099320
73064952450,67099321
73064952450,67099323
73064952450,67099324
73064952450,67099327
73064952450,67099329
73064952450,67099340
73064952450,67099350
73064952450,67099354
73064952450,67099367
73064952450,67099379
73064952450,67099406
73064952450,67099409
73064952450,67099411
73064952450,67099412
73064952450,67099413
73064952450,67099414
73064952450,67099416
73064952450,67099417
73064952450,67099421
73064952450,67099422
73064952450,67099423
73064952450,67099429
73064952450,67099431
73064952450,67099438
73064952450,67099441
73064952450,67099445
73064952450,67099446
73064952450,67099448
73064952450,67099450
73064952450,67099451
73064952450,67099453
73064952450,67099460
73064952450,67099462
73064952450,67099465
73064952450,67099466
73064952450,67099468
73064952450,67099470
73064952450,67099472
73064952450,67099474
73064952450,67099476
73064952450,67099477
73064952450,67099478
73064952450,67099480
73064952450,67099481
73064952450,67099483
73064952450,67099484
73064952450,67099506
73064952450,67099511
73064952450,67099513
73064952450,67099514
73064952450,67099515
73064952450,67099516
73064952450,67099519
73064952450,67099520
73064952450,67099521
73064952450,67099523
73064952450,67099524
73064952450,67099526
73064952450,67099527
73064952450,67099529
73064952450,67099530
73064952450,67099534
73064952450,67099540
73064952450,67099544
73064952450,67099545
73064952450,67099546
73064952450,67099547
73064952450,67099550
73064952450,67099556
73064952450,67099559
73064952450,67099561
73064952450,67099562
73064952450,67099563
73064952450,67099566
73064952450,67099567
73064952450,67099568
73064952450,67099569
73064952450,67099570
73064952450,67099571
73064952450,67099574
73064952450,67099577
73064952450,67099578
73064952450,67099583
73064952450,67099584
73064952450,67099588
73064952450,67099599
73064952450,67099600
73064952450,67099602
73064952450,67099609
73064952450,67099804
73064952450,67099940
73064952450,67103556
73064952450,67103559
73064952450,67103567
73064952450,67103594
73064952450,67103624
73064952450,67103628
73064952450,67103629
73064952450,67103640
73064952450,67103669
73064952450,67103671
73064952450,67103687
73064952450,67104913
73064952450,67106298
73064952450,67108413
73064952450,67108441
73064952450,67108442
73064952450,67108449
73064952450,67108452
73064952450,67108483
73064952450,67108647
73064952450,67108783
82085316950,131258
82085316950,67099297
82085316950,67099298
82085316950,67099300
82085316950,67099303
82085316950,67099332
82085316950,67099337
82085316950,67099378
82085316950,67099415
82085316950,67099424
82085316950,67099467
82085316950,67099471
82085316950,67099508
82085316950,67099541
82085316950,67099579
82085316950,67099594
82085316950,67099634
82085316950,67099637
82085316950,67099659
82085316950,67099661
82085316950,67099662
82085316950,67099663
82085316950,67099664
82085316950,67099665
82085316950,67099667
82085316950,67099668
82085316950,67099678
82085316950,67099683
82085316950,67099707
82085316950,67099713
82085316950,67099716
82085316950,67099736
82085316950,67099777
82085316950,67099779
82085316950,67099781
82085316950,67099785
82085316950,67099795
82085316950,67099810
82085316950,67099811
82085316950,67099824
82085316950,67099830
82085316950,67099832
82085316950,67099837
82085316950,67099870
82085316950,67099871
82085316950,67099884
82085316950,67099889
82085316950,67099894
82085316950,67099904
82085316950,67099932
82085316950,67099935
82085316950,67099943
82085316950,67099948
82085316950,67099949
82085316950,67099950
82085316950,67101859
82085316950,67105579
82085316950,67106228
82085316950,67106919
82085316950,67107508
82085316950,67107882
82085316950,67107884
82085316950,67107885
82085316950,67107886
82085316950,67107887
82085316950,67107888
82085316950,67107889
82085316950,67107890
82085316950,67107891
82085316950,67107892
82085316950,67107893
82085316950,67107894
82085316950,67107896
82085316950,67107897
82085316950,67107898
82085316950,67107916
82085316950,67107964
82085316950,67108066
82085316950,67108101
82085316950,67108120
82085316950,67108214
82085316950,67108303
82085316950,67108391
82085316950,67108437
82085316950,67108477
82085316950,67108479
82085316950,67108488
82085316950,67108503
82085316950,67108505
82085316950,67108506
82085316950,67108507
82085316950,67108508
82085316950,67108510
82085316950,67108511
82085316950,67108518
82085316950,67108520
82085316950,67108538
82085316950,67108550
82085316950,67108559
82085316950,67108572
82085316950,67108575
82085316950,67108587
82085316950,67108605
82085316950,67108628
82085316950,67108631
82085316950,67108633
82085316950,67108654
82085316950,67108662
82085316950,67108666
82085316950,67108679
82085316950,67108714
82085316950,67108721
82085316950,67108732
82085316950,67108737
82085316950,67108767
82085316950,67108771
82085316950,67108775
82085316950,67108777
82085316950,67108778
82085316950,67108785
82085316950,67108788
91105681450,131255
91105681450,131259
91105681450,67099580
91105681450,67099592
91105681450,67099593
91105681450,67099597
91105681450,67099598
91105681450,67099601
91105681450,67099603
91105681450,67099604
91105681450,67099605
91105681450,67099606
91105681450,67099607
91105681450,67099608
91105681450,67099610
91105681450,67099611
91105681450,67099612
91105681450,67099614
91105681450,67099616
91105681450,67099617
91105681450,67099618
91105681450,67099619
91105681450,67099620
91105681450,67099626
91105681450,67099629
91105681450,67099630
91105681450,67099631
91105681450,67099633
91105681450,67099643
91105681450,67099650
91105681450,67099654
91105681450,67099719
91105681450,67099762
91105681450,67099769
91105681450,67099770
91105681450,67099786
91105681450,67099792
91105681450,67099801
91105681450,67099805
91105681450,67099840
91105681450,67099888
91105681450,67099921
91105681450,67101137
91105681450,67101156
91105681450,67101887
91105681450,67101906
91105681450,67101910
91105681450,67102624
91105681450,67102682
91105681450,67102905
91105681450,67103415
91105681450,67103467
91105681450,67103582
91105681450,67103713
91105681450,67103777
91105681450,67106225
91105681450,67106457
91105681450,67106566
91105681450,67106915
91105681450,67107123
91105681450,67107125
91105681450,67107380
91105681450,67107389
91105681450,67107439
91105681450,67107682
91105681450,67107842
91105681450,67107986
91105681450,67108064
91105681450,67108078
91105681450,67108122
91105681450,67108141
91105681450,67108149
91105681450,67108229
91105681450,67108315
91105681450,67108347
91105681450,67108376
91105681450,67108432
91105681450,67108435
91105681450,67108436
91105681450,67108440
91105681450,67108443
91105681450,67108444
91105681450,67108445
91105681450,67108446
91105681450,67108447
91105681450,67108448
91105681450,67108450
91105681450,67108451
91105681450,67108453
91105681450,67108455
91105681450,67108456
91105681450,67108457
91105681450,67108459
91105681450,67108460
91105681450,67108462
91105681450,67108463
91105681450,67108468
91105681450,67108472
91105681450,67108473
91105681450,67108474
91105681450,67108475
91105681450,67108486
91105681450,67108493
91105681450,67108497
91105681450,67108499
91105681450,67108562
91105681450,67108604
91105681450,67108610
91105681450,67108611
91105681450,67108613
91105681450,67108629
91105681450,67108634
91105681450,67108644
91105681450,67108648
91105681450,67108687
91105681450,67108730
91105681450,67108747
91105681450,67108763
91105681450,67108764
91105681450,67108786
100126045950,67099615
100126045950,67099627
100126045950,67099628
100126045950,67099632
100126045950,67099638
100126045950,67099639
100126045950,67099640
100126045950,67099645
100126045950,67099647
100126045950,67099649
100126045950,67099655
100126045950,67099657
100126045950,67099658
100126045950,67099670
100126045950,67099674
100126045950,67099675
100126045950,67099711
100126045950,67099721
100126045950,67099758
100126045950,67099765
100126045950,67099776
100126045950,67099778
100126045950,67099780
100126045950,67099784
100126045950,67099814
100126045950,67099833
100126045950,67099839
100126045950,67099846
100126045950,67099872
100126045950,67099874
100126045950,67099876
100126045950,67099878
100126045950,67099881
100126045950,67099882
100126045950,67099897
100126045950,67099920
100126045950,67099928
100126045950,67099929
100126045950,67099931
100126045950,67099939
100126045950,67099946
100126045950,67099947
100126045950,67106201
100126045950,67106864
100126045950,67106865
100126045950,67106962
100126045950,67106972
100126045950,67106986
100126045950,67107008
100126045950,67107014
100126045950,67107048
100126045950,67107364
100126045950,67107398
100126045950,67107446
100126045950,67107459
100126045950,67107484
100126045950,67107485
100126045950,67107520
100126045950,67107872
100126045950,67107902
100126045950,67107909
100126045950,67107911
100126045950,67107925
100126045950,67108038
100126045950,67108058
100126045950,67108203
100126045950,67108205
100126045950,67108281
100126045950,67108291
100126045950,67108389
100126045950,67108393
100126045950,67108410
100126045950,67108420
100126045950,67108454
100126045950,67108458
100126045950,67108469
100126045950,67108470
100126045950,67108471
100126045950,67108476
100126045950,67108480
100126045950,67108481
100126045950,67108482
100126045950,67108487
100126045950,67108489
100126045950,67108490
100126045950,67108491
100126045950,67108498
100126045950,67108500
100126045950,67108501
100126045950,67108513
100126045950,67108516
100126045950,67108517
100126045950,67108526
100126045950,67108527
100126045950,67108554
100126045950,67108601
100126045950,67108607
100126045950,67108609
100126045950,67108619
100126045950,67108621
100126045950,67108627
100126045950,67108656
100126045950,67108674
100126045950,67108675
100126045950,67108681
100126045950,67108682
100126045950,67108689
100126045950,67108713
100126045950,67108717
100126045950,67108718
100126045950,67108724
100126045950,67108731
100126045950,67108734
100126045950,67108739
100126045950,67108753
100126045950,67108770
100126045950,67108772
100126045950,67108774
100126045950,67108781
109146410450,67102198
109146410450,67102200
109146410450,67102236
109146410450,67102237
109146410450,67102245
109146410450,67102320
109146410450,67104388
109146410450,67106456
109146410450,67106461
109146410450,67106472
109146410450,67106473
109146410450,67106867
