902036450,67100679
902036450,67100680
902036450,67100681
902036450,67100682
902036450,67100683
902036450,67100684
902036450,67100685
902036450,67100686
902036450,67100687
902036450,67100688
902036450,67100689
902036450,67100690
902036450,67100691
902036450,67100693
902036450,67100694
902036450,67100695
902036450,67100696
902036450,67100697
902036450,67100699
902036450,67100700
902036450,67100701
902036450,67100704
902036450,67100705
902036450,67100708
902036450,67100710
902036450,67100711
902036450,67100713
902036450,67100714
902036450,67100716
902036450,67100717
902036450,67100720
902036450,67100723
902036450,67100726
902036450,67100728
902036450,67100735
902036450,67100736
902036450,67100738
902036450,67100747
902036450,67100767
902036450,67100773
902036450,67100782
902036450,67100828
902036450,67100829
902036450,67100831
902036450,67100841
902036450,67100853
902036450,67100855
902036450,67100856
902036450,67100861
902036450,67100868
902036450,67100870
902036450,67100871
902036450,67100872
902036450,67100874
902036450,67100890
902036450,67100894
902036450,67100898
902036450,67100899
902036450,67100900
902036450,67100901
902036450,67100903
902036450,67100908
902036450,67100910
902036450,67100912
902036450,67100918
902036450,67100921
902036450,67100934
902036450,67100935
902036450,67100937
902036450,67100938
902036450,67100941
902036450,67100944
902036450,67100945
902036450,67100946
902036450,67100947
902036450,67100948
902036450,67100949
902036450,67100950
902036450,67100951
902036450,67100953
902036450,67100954
902036450,67100955
902036450,67100958
902036450,67100959
902036450,67100964
902036450,67100965
902036450,67100966
902036450,67100967
902036450,67100969
902036450,67100970
902036450,67100971
902036450,67100972
902036450,67100973
902036450,67100974
902036450,67100975
902036450,67100976
902036450,67100977
902036450,67100978
902036450,67100987
902036450,67100990
902036450,67100991
902036450,67100992
902036450,67100993
902036450,67100994
902036450,67100998
902036450,67101000
902036450,67101002
902036450,67101003
902036450,67101006
902036450,67101012
902036450,67101016
902036450,67101018
902036450,67101020
902036450,67101021
902036450,67101022
902036450,67101023
902036450,67101024
902036450,67101025
902036450,67101027
902036450,67101028
902036450,67101029
902036450,67101030
902036450,67101031
902036450,67101037
902036450,67101039
902036450,67101040
902036450,67101041
902036450,67101200
9922400950,131245
9922400950,131246
9922400950,67100692
9922400950,67100698
9922400950,67100702
9922400950,67100706
9922400950,67100707
9922400950,67100709
9922400950,67100712
9922400950,67100715
9922400950,67100718
9922400950,67100719
9922400950,67100721
9922400950,67100722
9922400950,67100742
9922400950,67100745
9922400950,67100746
9922400950,67100771
9922400950,67100786
9922400950,67100815
9922400950,67100826
9922400950,67100840
9922400950,67100848
9922400950,67100862
9922400950,67100865
9922400950,67100866
9922400950,67100869
9922400950,67100873
9922400950,67100880
9922400950,67100881
9922400950,67100882
9922400950,67100885
9922400950,67100886
9922400950,67100888
9922400950,67100891
9922400950,67100892
9922400950,67100893
9922400950,67100897
9922400950,67100902
9922400950,67100909
9922400950,67100911
9922400950,67100913
9922400950,67100917
9922400950,67100925
9922400950,67100928
9922400950,67100932
9922400950,67100936
9922400950,67100939
9922400950,67100957
9922400950,67100963
9922400950,67100968
9922400950,67100981
9922400950,67100983
9922400950,67100986
9922400950,67101004
9922400950,67101007
9922400950,67101036
9922400950,67101038
9922400950,67102757
9922400950,67102758
