902036450,67100679
902036450,67100680
902036450,67100681
902036450,67100682
902036450,67100683
902036450,67100684
902036450,67100685
902036450,67100686
902036450,67100687
902036450,67100688
902036450,67100689
902036450,67100690
902036450,67100691
902036450,67100693
902036450,67100694
902036450,67100695
902036450,67100696
902036450,67100697
902036450,67100699
902036450,67100700
902036450,67100701
902036450,67100704
902036450,67100705
902036450,67100708
902036450,67100710
902036450,67100711
902036450,67100713
902036450,67100714
902036450,67100716
902036450,67100717
902036450,67100720
902036450,67100723
902036450,67100726
902036450,67100728
902036450,67100735
902036450,67100736
902036450,67100738
902036450,67100747
902036450,67100767
902036450,67100773
902036450,67100782
902036450,67100828
902036450,67100829
902036450,67100831
902036450,67100841
902036450,67100853
902036450,67100855
902036450,67100856
902036450,67100861
902036450,67100868
902036450,67100870
902036450,67100871
902036450,67100872
902036450,67100874
902036450,67100890
902036450,67100894
902036450,67100898
902036450,67100899
902036450,67100900
902036450,67100901
902036450,67100903
902036450,67100908
902036450,67100910
902036450,67100912
902036450,67100918
902036450,67100921
902036450,67100934
902036450,67100935
902036450,67100937
902036450,67100938
902036450,67100941
902036450,67100944
902036450,67100945
902036450,67100946
902036450,67100947
902036450,67100948
902036450,67100949
902036450,67100950
902036450,67100951
902036450,67100953
902036450,67100954
902036450,67100955
902036450,67100958
902036450,67100959
902036450,67100964
902036450,67100965
902036450,67100966
902036450,67100967
902036450,67100969
902036450,67100970
902036450,67100971
902036450,67100972
902036450,67100973
902036450,67100974
902036450,67100975
902036450,67100976
902036450,67100977
902036450,67100978
902036450,67100987
902036450,67100990
902036450,67100991
902036450,67100992
902036450,67100993
902036450,67100994
902036450,67100998
902036450,67101000
902036450,67101002
902036450,67101003
902036450,67101006
902036450,67101012
902036450,67101016
902036450,67101018
902036450,67101020
902036450,67101021
902036450,67101022
902036450,67101023
902036450,67101024
902036450,67101025
902036450,67101027
902036450,67101028
902036450,67101029
902036450,67101030
902036450,67101031
902036450,67101037
902036450,67101039
902036450,67101040
902036450,67101041
902036450,67101200
9922400950,131245
9922400950,131246
9922400950,67100692
9922400950,67100698
9922400950,67100702
9922400950,67100706
9922400950,67100707
9922400950,67100709
9922400950,67100712
9922400950,67100715
9922400950,67100718
9922400950,67100719
9922400950,67100721
9922400950,67100722
9922400950,67100727
9922400950,67100731
9922400950,67100733
9922400950,67100734
9922400950,67100737
9922400950,67100742
9922400950,67100743
9922400950,67100745
9922400950,67100746
9922400950,67100748
9922400950,67100765
9922400950,67100766
9922400950,67100771
9922400950,67100785
9922400950,67100786
9922400950,67100787
9922400950,67100794
9922400950,67100795
9922400950,67100796
9922400950,67100799
9922400950,67100800
9922400950,67100804
9922400950,67100805
9922400950,67100808
9922400950,67100809
9922400950,67100810
9922400950,67100813
9922400950,67100815
9922400950,67100818
9922400950,67100820
9922400950,67100821
9922400950,67100822
9922400950,67100824
9922400950,67100825
9922400950,67100826
9922400950,67100834
9922400950,67100840
9922400950,67100846
9922400950,67100847
9922400950,67100848
9922400950,67100862
9922400950,67100864
9922400950,67100865
9922400950,67100866
9922400950,67100867
9922400950,67100869
9922400950,67100873
9922400950,67100875
9922400950,67100877
9922400950,67100878
9922400950,67100879
9922400950,67100880
9922400950,67100881
9922400950,67100882
9922400950,67100883
9922400950,67100885
9922400950,67100886
9922400950,67100887
9922400950,67100888
9922400950,67100891
9922400950,67100892
9922400950,67100893
9922400950,67100895
9922400950,67100897
9922400950,67100902
9922400950,67100905
9922400950,67100907
9922400950,67100909
9922400950,67100911
9922400950,67100913
9922400950,67100916
9922400950,67100917
9922400950,67100919
9922400950,67100920
9922400950,67100924
9922400950,67100925
9922400950,67100926
9922400950,67100927
9922400950,67100928
9922400950,67100929
9922400950,67100932
9922400950,67100936
9922400950,67100939
9922400950,67100940
9922400950,67100942
9922400950,67100943
9922400950,67100957
9922400950,67100963
9922400950,67100968
9922400950,67100980
9922400950,67100981
9922400950,67100983
9922400950,67100986
9922400950,67100988
9922400950,67100996
9922400950,67100999
9922400950,67101004
9922400950,67101005
9922400950,67101007
9922400950,67101008
9922400950,67101009
9922400950,67101010
9922400950,67101011
9922400950,67101013
9922400950,67101014
9922400950,67101017
9922400950,67101019
9922400950,67101026
9922400950,67101034
9922400950,67101035
9922400950,67101036
9922400950,67101038
9922400950,67102757
9922400950,67102758
18942765450,193
18942765450,67099227
18942765450,67099590
18942765450,67099992
18942765450,67100317
18942765450,67100703
18942765450,67100724
18942765450,67100725
18942765450,67100729
18942765450,67100730
18942765450,67100732
18942765450,67100739
18942765450,67100740
18942765450,67100741
18942765450,67100744
18942765450,67100749
18942765450,67100750
18942765450,67100751
18942765450,67100752
18942765450,67100753
18942765450,67100754
18942765450,67100755
18942765450,67100756
18942765450,67100757
18942765450,67100758
18942765450,67100759
18942765450,67100760
18942765450,67100761
18942765450,67100762
18942765450,67100763
18942765450,67100764
18942765450,67100768
18942765450,67100769
18942765450,67100770
18942765450,67100772
18942765450,67100774
18942765450,67100775
18942765450,67100776
18942765450,67100777
18942765450,67100778
18942765450,67100779
18942765450,67100780
18942765450,67100781
18942765450,67100783
18942765450,67100784
18942765450,67100788
18942765450,67100789
18942765450,67100790
18942765450,67100791
18942765450,67100792
18942765450,67100793
18942765450,67100797
18942765450,67100798
18942765450,67100801
18942765450,67100802
18942765450,67100803
18942765450,67100806
18942765450,67100807
18942765450,67100811
18942765450,67100812
18942765450,67100814
18942765450,67100816
18942765450,67100817
18942765450,67100819
18942765450,67100823
18942765450,67100827
18942765450,67100830
18942765450,67100832
18942765450,67100833
18942765450,67100835
18942765450,67100836
18942765450,67100837
18942765450,67100838
18942765450,67100839
18942765450,67100842
18942765450,67100843
18942765450,67100844
18942765450,67100845
18942765450,67100849
18942765450,67100850
18942765450,67100851
18942765450,67100852
18942765450,67100854
18942765450,67100857
18942765450,67100858
18942765450,67100859
18942765450,67100860
18942765450,67100863
18942765450,67100876
18942765450,67100884
18942765450,67100889
18942765450,67100896
18942765450,67100904
18942765450,67100906
18942765450,67100914
18942765450,67100915
18942765450,67100922
18942765450,67100923
18942765450,67100930
18942765450,67100931
18942765450,67100933
18942765450,67100952
18942765450,67100956
18942765450,67100960
18942765450,67100961
18942765450,67100962
18942765450,67100979
18942765450,67100982
18942765450,67100984
18942765450,67100985
18942765450,67100989
18942765450,67100995
18942765450,67100997
18942765450,67101001
18942765450,67101015
18942765450,67101032
18942765450,67101033
18942765450,67104295
18942765450,67104296
18942765450,67104297
18942765450,67108433
