732856447,192
732856447,67104289
732856447,67104543
732856447,67104544
732856447,67104545
732856447,67104546
732856447,67104547
732856447,67104548
732856447,67104549
732856447,67104550
732856447,67104551
732856447,67104552
732856447,67104553
732856447,67104554
732856447,67104555
732856447,67104556
732856447,67104557
732856447,67104558
732856447,67104559
732856447,67104560
732856447,67104561
732856447,67104562
732856447,67104563
732856447,67104564
732856447,67104565
732856447,67104566
732856447,67104567
732856447,67104568
732856447,67104569
732856447,67104570
732856447,67104571
732856447,67104572
732856447,67104573
732856447,67104574
732856447,67104575
732856447,67104576
732856447,67104577
732856447,67104578
732856447,67104579
732856447,67104580
732856447,67104581
732856447,67104582
732856447,67104583
732856447,67104585
732856447,67104586
732856447,67104587
732856447,67104588
732856447,67104589
732856447,67104590
732856447,67104591
732856447,67104592
732856447,67104593
732856447,67104594
732856447,67104595
732856447,67104596
732856447,67104597
732856447,67104598
732856447,67104599
732856447,67104600
732856447,67104601
732856447,67104602
732856447,67104603
732856447,67104604
732856447,67104605
732856447,67104606
732856447,67104607
732856447,67104608
732856447,67104609
732856447,67104610
732856447,67104611
732856447,67104612
732856447,67104613
732856447,67104614
732856447,67104615
732856447,67104616
732856447,67104617
732856447,67104618
732856447,67104619
732856447,67104620
732856447,67104621
732856447,67104622
732856447,67104623
732856447,67104624
732856447,67104625
732856447,67104626
732856447,67104627
732856447,67104628
732856447,67104629
732856447,67104630
732856447,67104631
732856447,67104632
732856447,67104634
732856447,67104635
732856447,67104636
732856447,67104637
732856447,67104638
732856447,67104639
732856447,67104640
732856447,67104642
732856447,67104643
732856447,67104644
732856447,67104645
732856447,67104646
732856447,67104647
732856447,67104648
732856447,67104649
732856447,67104650
732856447,67104651
732856447,67104652
732856447,67104653
732856447,67104654
732856447,67104655
732856447,67104656
732856447,67104657
732856447,67104658
732856447,67104659
732856447,67104660
732856447,67104661
732856447,67104662
732856447,67104663
732856447,67104664
732856447,67104665
732856447,67104666
732856447,67104667
732856447,67104668
732856447,67104669
732856447,67104670
732856447,67104787
8061420917,131252
8061420917,67104067
8061420917,67104068
8061420917,67104196
8061420917,67104197
8061420917,67104302
8061420917,67104303
8061420917,67104454
8061420917,67104455
8061420917,67104584
8061420917,67104633
8061420917,67104641
8061420917,67104671
8061420917,67105891
8061420917,67105892
8061420917,67105893
8061420917,67105894
8061420917,67105895
8061420917,67105896
8061420917,67105897
8061420917,67105898
8061420917,67105899
8061420917,67105900
8061420917,67105901
8061420917,67105902
8061420917,67105903
8061420917,67105904
8061420917,67105905
8061420917,67105906
8061420917,67105907
8061420917,67105908
8061420917,67105909
8061420917,67105910
8061420917,67105911
8061420917,67105912
8061420917,67105913
8061420917,67105914
8061420917,67105915
8061420917,67105916
8061420917,67105917
8061420917,67105918
8061420917,67105919
8061420917,67105920
8061420917,67105921
8061420917,67105922
8061420917,67105923
8061420917,67105924
8061420917,67105925
8061420917,67105926
8061420917,67105927
8061420917,67105928
8061420917,67105929
8061420917,67105930
8061420917,67105931
8061420917,67105932
8061420917,67105933
8061420917,67105934
8061420917,67105935
8061420917,67105936
8061420917,67108704
8061420917,67108705
8061420917,67108706
