1093269888,193
1093269888,67100099
1093269888,67100300
1093269888,67100516
1093269888,67100517
1093269888,67100703
1093269888,67100904
1093269888,67100905
1093269888,67100906
1093269888,67100907
1093269888,67100908
1093269888,67100909
1093269888,67100910
1093269888,67100911
1093269888,67100912
1093269888,67100913
1093269888,67100914
1093269888,67100915
1093269888,67100916
1093269888,67100917
1093269888,67100918
1093269888,67100919
1093269888,67100920
1093269888,67100921
1093269888,67100922
1093269888,67100923
1093269888,67100924
1093269888,67100925
1093269888,67100926
1093269888,67100927
1093269888,67100928
1093269888,67100929
1093269888,67100930
1093269888,67100931
1093269888,67100932
1093269888,67100933
1093269888,67100934
1093269888,67100935
1093269888,67100936
1093269888,67100937
1093269888,67100938
1093269888,67100939
1093269888,67100940
1093269888,67100941
1093269888,67100942
1093269888,67100943
1093269888,67100944
1093269888,67100946
1093269888,67100947
1093269888,67100948
1093269888,67100950
1093269888,67100954
1093269888,67100957
1093269888,67100965
1093269888,67101211
1093269888,67101212
1093269888,67101213
1093269888,67101214
1093269888,67101215
1093269888,67101216
1093269888,67101217
1093269888,67101218
1093269888,67101219
1093269888,67101220
1093269888,67101221
1093269888,67101222
1093269888,67101223
1093269888,67101224
1093269888,67101225
1093269888,67101226
1093269888,67101227
1093269888,67101228
1093269888,67101229
1093269888,67101230
1093269888,67101231
1093269888,67101232
1093269888,67101233
1093269888,67101234
1093269888,67101235
1093269888,67101236
1093269888,67101237
1093269888,67101238
1093269888,67101239
1093269888,67101240
1093269888,67101241
1093269888,67101242
1093269888,67101243
1093269888,67101244
1093269888,67101245
1093269888,67101246
1093269888,67101247
1093269888,67101248
1093269888,67101249
1093269888,67101250
1093269888,67101251
1093269888,67101252
1093269888,67101253
1093269888,67101254
1093269888,67101255
1093269888,67101256
1093269888,67101257
1093269888,67101258
1093269888,67101259
1093269888,67101260
1093269888,67101261
1093269888,67101262
1093269888,67101263
1093269888,67101264
1093269888,67101265
1093269888,67101266
1093269888,67101267
1093269888,67101268
1093269888,67101269
1093269888,67101270
1093269888,67101271
1093269888,67101272
1093269888,67101273
1093269888,67101274
1093269888,67101275
1093269888,67101276
1093269888,67101277
1093269888,67101278
1093269888,67101279
1093269888,67101280
1093269888,67101281
1093269888,67101282
1093269888,67108594
1093269888,67109053
12025968768,131246
12025968768,67100101
12025968768,67100302
12025968768,67100530
12025968768,67100705
12025968768,67100945
12025968768,67100949
12025968768,67100951
12025968768,67100952
12025968768,67100953
12025968768,67100955
12025968768,67100956
12025968768,67100958
12025968768,67100959
12025968768,67100960
12025968768,67100961
12025968768,67100962
12025968768,67100963
12025968768,67100964
12025968768,67100966
12025968768,67100967
12025968768,67100968
12025968768,67100969
12025968768,67100970
12025968768,67100971
12025968768,67100972
12025968768,67100973
12025968768,67100974
12025968768,67100975
12025968768,67100976
12025968768,67100977
12025968768,67100978
12025968768,67100979
12025968768,67100980
12025968768,67100981
12025968768,67100982
12025968768,67100983
12025968768,67100984
12025968768,67100985
12025968768,67100986
12025968768,67100987
12025968768,67100988
12025968768,67100989
12025968768,67100990
12025968768,67100991
12025968768,67100992
12025968768,67100993
12025968768,67100994
12025968768,67100995
12025968768,67100996
12025968768,67100997
12025968768,67100998
12025968768,67100999
12025968768,67101000
12025968768,67101001
12025968768,67101002
12025968768,67101003
12025968768,67101004
12025968768,67101005
12025968768,67101006
12025968768,67101007
12025968768,67101008
12025968768,67101009
12025968768,67101010
12025968768,67101011
12025968768,67101012
12025968768,67101013
12025968768,67101014
12025968768,67101015
12025968768,67101016
12025968768,67101017
12025968768,67101018
12025968768,67101019
12025968768,67101020
12025968768,67101021
12025968768,67101022
12025968768,67101023
12025968768,67101024
12025968768,67101025
12025968768,67101026
12025968768,67101027
12025968768,67101028
12025968768,67101029
12025968768,67101030
12025968768,67101031
12025968768,67101032
12025968768,67101033
12025968768,67101034
12025968768,67101035
12025968768,67101036
12025968768,67101037
12025968768,67101038
12025968768,67101039
12025968768,67101041
12025968768,67101042
12025968768,67101044
12025968768,67101045
12025968768,67101048
12025968768,67101049
12025968768,67101050
12025968768,67101051
12025968768,67101052
12025968768,67101053
12025968768,67101055
12025968768,67101058
12025968768,67101059
12025968768,67101061
12025968768,67101062
12025968768,67101063
12025968768,67101064
12025968768,67101065
12025968768,67101066
12025968768,67101068
12025968768,67101071
12025968768,67101072
12025968768,67101077
12025968768,67101083
12025968768,67103090
12025968768,67103091
12025968768,67103092
12025968768,67103093
12025968768,67103094
12025968768,67103095
12025968768,67103096
12025968768,67103097
12025968768,67103098
12025968768,67103099
12025968768,67108596
22958667648,67100112
22958667648,67100113
22958667648,67100313
22958667648,67100314
22958667648,67100544
22958667648,67100545
22958667648,67100716
22958667648,67100717
22958667648,67101040
22958667648,67101043
22958667648,67101046
22958667648,67101047
22958667648,67101054
22958667648,67101056
22958667648,67101057
22958667648,67101060
22958667648,67101067
22958667648,67101069
22958667648,67101070
22958667648,67101073
22958667648,67101074
22958667648,67101075
22958667648,67101076
22958667648,67101078
22958667648,67101079
22958667648,67101080
22958667648,67101081
22958667648,67101082
22958667648,67101084
22958667648,67101085
22958667648,67101086
22958667648,67101087
22958667648,67101088
22958667648,67101089
22958667648,67101090
22958667648,67101091
22958667648,67101092
22958667648,67101093
22958667648,67101094
22958667648,67101095
22958667648,67101096
22958667648,67101097
22958667648,67101098
22958667648,67101099
22958667648,67101100
22958667648,67101101
22958667648,67101102
22958667648,67101103
22958667648,67101104
22958667648,67101105
22958667648,67104824
22958667648,67104825
22958667648,67104826
22958667648,67104827
22958667648,67104828
22958667648,67104829
22958667648,67104830
22958667648,67104831
22958667648,67104832
22958667648,67104833
22958667648,67104834
22958667648,67104835
22958667648,67104836
22958667648,67104837
22958667648,67104838
22958667648,67104839
22958667648,67104840
22958667648,67104841
22958667648,67104842
22958667648,67104843
22958667648,67104844
22958667648,67104845
22958667648,67104846
22958667648,67104847
22958667648,67104848
22958667648,67104849
22958667648,67104850
22958667648,67104851
22958667648,67104852
22958667648,67104853
22958667648,67104854
22958667648,67104855
22958667648,67104856
22958667648,67104857
22958667648,67104858
22958667648,67104859
22958667648,67104860
22958667648,67104861
22958667648,67104862
22958667648,67104863
22958667648,67104864
22958667648,67104865
22958667648,67104866
22958667648,67104867
22958667648,67104868
22958667648,67104869
22958667648,67104870
22958667648,67104871
22958667648,67104872
22958667648,67104873
22958667648,67104874
22958667648,67104875
22958667648,67104876
22958667648,67104877
22958667648,67104878
22958667648,67104879
22958667648,67104880
22958667648,67104881
22958667648,67104882
22958667648,67104883
22958667648,67104884
22958667648,67104885
22958667648,67104886
22958667648,67104887
22958667648,67104888
22958667648,67104889
22958667648,67104890
22958667648,67104891
22958667648,67104892
22958667648,67104893
22958667648,67104894
22958667648,67104895
22958667648,67104896
22958667648,67104897
22958667648,67104898
22958667648,67108607
22958667648,67108608
33891366528,67100153
33891366528,67100154
33891366528,67100155
33891366528,67100156
33891366528,67100157
33891366528,67100354
33891366528,67100355
33891366528,67100356
33891366528,67100357
33891366528,67100358
33891366528,67100565
33891366528,67100566
33891366528,67100757
33891366528,67100758
33891366528,67100759
33891366528,67100760
33891366528,67100761
33891366528,67106538
33891366528,67106539
33891366528,67106540
33891366528,67106541
33891366528,67106542
33891366528,67106543
33891366528,67106544
33891366528,67106545
33891366528,67106546
33891366528,67106547
33891366528,67106548
33891366528,67106549
33891366528,67106550
33891366528,67106551
33891366528,67106552
33891366528,67106553
33891366528,67106554
33891366528,67106555
33891366528,67106556
33891366528,67106557
33891366528,67106558
33891366528,67106559
33891366528,67106560
33891366528,67106561
33891366528,67106562
33891366528,67106563
33891366528,67106564
33891366528,67106565
33891366528,67106566
33891366528,67106567
33891366528,67106568
33891366528,67106569
33891366528,67106570
33891366528,67106571
33891366528,67106572
33891366528,67106573
33891366528,67106574
33891366528,67106575
33891366528,67106576
33891366528,67106577
33891366528,67106578
33891366528,67106579
33891366528,67106580
33891366528,67106581
33891366528,67106582
33891366528,67106583
33891366528,67106584
33891366528,67106585
33891366528,67106586
33891366528,67106587
33891366528,67106588
33891366528,67106589
33891366528,67106590
33891366528,67106591
33891366528,67106592
33891366528,67106593
33891366528,67106594
33891366528,67106595
33891366528,67106596
33891366528,67106597
33891366528,67106598
33891366528,67106599
33891366528,67106600
33891366528,67106601
33891366528,67106602
33891366528,67106603
33891366528,67106604
33891366528,67106605
33891366528,67106606
33891366528,67106607
33891366528,67106608
33891366528,67106609
33891366528,67106610
33891366528,67106611
33891366528,67106612
33891366528,67106613
33891366528,67106614
33891366528,67106615
33891366528,67106616
33891366528,67106617
33891366528,67106618
33891366528,67106619
33891366528,67106620
33891366528,67106621
33891366528,67106622
33891366528,67106623
33891366528,67106624
33891366528,67106625
33891366528,67106626
33891366528,67106627
33891366528,67106628
33891366528,67106629
33891366528,67106630
33891366528,67106631
33891366528,67106632
33891366528,67106633
33891366528,67106634
33891366528,67106635
33891366528,67106636
33891366528,67106637
33891366528,67106638
33891366528,67106639
33891366528,67106640
33891366528,67106641
33891366528,67106642
33891366528,67108648
33891366528,67108649
33891366528,67108650
33891366528,67108651
33891366528,67108652
44824065408,67100260
44824065408,67100261
44824065408,67100262
44824065408,67100263
44824065408,67100264
44824065408,67100265
44824065408,67100266
44824065408,67100267
44824065408,67100268
44824065408,67100461
44824065408,67100462
44824065408,67100463
44824065408,67100464
44824065408,67100465
44824065408,67100466
44824065408,67100467
44824065408,67100468
44824065408,67100469
44824065408,67100584
44824065408,67100585
44824065408,67100863
44824065408,67100864
44824065408,67100865
44824065408,67100866
44824065408,67100867
44824065408,67100868
44824065408,67100869
44824065408,67100870
44824065408,67100871
44824065408,67100872
44824065408,67108184
44824065408,67108185
44824065408,67108186
44824065408,67108187
44824065408,67108188
44824065408,67108189
44824065408,67108190
44824065408,67108191
44824065408,67108192
44824065408,67108193
44824065408,67108194
44824065408,67108195
44824065408,67108196
44824065408,67108197
44824065408,67108198
44824065408,67108199
44824065408,67108200
44824065408,67108201
44824065408,67108202
44824065408,67108203
44824065408,67108204
44824065408,67108205
44824065408,67108206
44824065408,67108207
44824065408,67108208
44824065408,67108209
44824065408,67108210
44824065408,67108211
44824065408,67108212
44824065408,67108213
44824065408,67108214
44824065408,67108215
44824065408,67108216
44824065408,67108217
44824065408,67108218
44824065408,67108219
44824065408,67108220
44824065408,67108221
44824065408,67108222
44824065408,67108223
44824065408,67108224
44824065408,67108225
44824065408,67108226
44824065408,67108227
44824065408,67108228
44824065408,67108229
44824065408,67108230
44824065408,67108231
44824065408,67108232
44824065408,67108233
44824065408,67108234
44824065408,67108235
44824065408,67108236
44824065408,67108237
44824065408,67108238
44824065408,67108239
44824065408,67108240
44824065408,67108241
44824065408,67108242
44824065408,67108243
44824065408,67108244
44824065408,67108245
44824065408,67108246
44824065408,67108247
44824065408,67108248
44824065408,67108249
44824065408,67108250
44824065408,67108251
44824065408,67108252
44824065408,67108253
44824065408,67108254
44824065408,67108255
44824065408,67108256
44824065408,67108257
44824065408,67108258
44824065408,67108259
44824065408,67108260
44824065408,67108261
44824065408,67108262
44824065408,67108263
44824065408,67108264
44824065408,67108265
44824065408,67108266
44824065408,67108267
44824065408,67108268
44824065408,67108269
44824065408,67108270
44824065408,67108271
44824065408,67108755
44824065408,67108756
44824065408,67108757
44824065408,67108758
44824065408,67108759
44824065408,67108760
44824065408,67108761
44824065408,67108762
44824065408,67108763
55756764288,67100100
55756764288,67100102
55756764288,67100103
55756764288,67100104
55756764288,67100105
55756764288,67100106
55756764288,67100107
55756764288,67100108
55756764288,67100109
55756764288,67100110
55756764288,67100111
55756764288,67100114
55756764288,67100115
55756764288,67100116
55756764288,67100117
55756764288,67100118
55756764288,67100119
55756764288,67100120
55756764288,67100121
55756764288,67100122
55756764288,67100123
55756764288,67100124
55756764288,67100125
55756764288,67100126
55756764288,67100127
55756764288,67100128
55756764288,67100129
55756764288,67100130
55756764288,67100131
55756764288,67100132
55756764288,67100133
55756764288,67100134
55756764288,67100135
55756764288,67100136
55756764288,67100137
55756764288,67100138
55756764288,67100139
55756764288,67100140
55756764288,67100141
55756764288,67100142
55756764288,67100143
55756764288,67100144
55756764288,67100145
55756764288,67100146
55756764288,67100147
55756764288,67100148
55756764288,67100149
55756764288,67100158
55756764288,67100160
55756764288,67103326
55756764288,67103333
55756764288,67103339
55756764288,67103342
55756764288,67103346
55756764288,67103347
55756764288,67103349
55756764288,67103350
55756764288,67103351
55756764288,67108597
