827860087,67100687
827860087,67100715
827860087,67100721
827860087,67100726
827860087,67100728
827860087,67100729
827860087,67100740
827860087,67100742
827860087,67100751
827860087,67100762
827860087,67100764
827860087,67100773
827860087,67100776
827860087,67100777
827860087,67100781
827860087,67100786
827860087,67100787
827860087,67100788
827860087,67100790
827860087,67100793
827860087,67100794
827860087,67100798
827860087,67100802
827860087,67100804
827860087,67100812
827860087,67100824
827860087,67100826
827860087,67100830
827860087,67100835
827860087,67100837
827860087,67100839
827860087,67100840
827860087,67100841
827860087,67100844
827860087,67100847
827860087,67100849
827860087,67100853
827860087,67100861
827860087,67100870
827860087,67100872
827860087,67100880
827860087,67100883
827860087,67100884
827860087,67100891
827860087,67100893
827860087,67100895
827860087,67100896
827860087,67100898
827860087,67100899
827860087,67100900
827860087,67100902
827860087,67100903
827860087,67100904
827860087,67100906
827860087,67100908
827860087,67100909
827860087,67100910
827860087,67100913
827860087,67100914
827860087,67100915
827860087,67100916
827860087,67100918
827860087,67100919
827860087,67100920
827860087,67100923
827860087,67100925
827860087,67100926
827860087,67100927
827860087,67100929
827860087,67100931
827860087,67100932
827860087,67100934
827860087,67100936
827860087,67100937
827860087,67100938
827860087,67100940
827860087,67100944
827860087,67100945
827860087,67100950
827860087,67100951
827860087,67100953
827860087,67100954
827860087,67100958
827860087,67100959
827860087,67100960
827860087,67100962
827860087,67100964
827860087,67100965
827860087,67100966
827860087,67100967
827860087,67100968
827860087,67100969
827860087,67100970
827860087,67100973
827860087,67100974
827860087,67100977
827860087,67100979
827860087,67100980
827860087,67100981
827860087,67100984
827860087,67100985
827860087,67100986
827860087,67100987
827860087,67100988
827860087,67100989
827860087,67100991
827860087,67100993
827860087,67100995
827860087,67100996
827860087,67100997
827860087,67101001
827860087,67101006
827860087,67101007
827860087,67101008
827860087,67101009
827860087,67101010
827860087,67101011
827860087,67101013
827860087,67101014
827860087,67101019
827860087,67101020
827860087,67101022
827860087,67101023
827860087,67101025
827860087,67101027
827860087,67101028
827860087,67101029
827860087,67101034
9106460957,131245
9106460957,131246
9106460957,67100680
9106460957,67100683
9106460957,67100684
9106460957,67100690
9106460957,67100691
9106460957,67100692
9106460957,67100694
9106460957,67100695
9106460957,67100696
9106460957,67100697
9106460957,67100698
9106460957,67100699
9106460957,67100700
9106460957,67100701
9106460957,67100702
9106460957,67100703
9106460957,67100704
9106460957,67100705
9106460957,67100706
9106460957,67100707
9106460957,67100708
9106460957,67100709
9106460957,67100710
9106460957,67100711
9106460957,67100712
9106460957,67100713
9106460957,67100714
9106460957,67100716
9106460957,67100718
9106460957,67100719
9106460957,67100722
9106460957,67100723
9106460957,67100725
9106460957,67100727
9106460957,67100730
9106460957,67100733
9106460957,67100734
9106460957,67100735
9106460957,67100736
9106460957,67100737
9106460957,67100738
9106460957,67100739
9106460957,67100741
9106460957,67100743
9106460957,67100744
9106460957,67100746
9106460957,67100747
9106460957,67100748
9106460957,67100749
9106460957,67100750
9106460957,67100753
9106460957,67100754
9106460957,67100755
9106460957,67100756
9106460957,67100757
9106460957,67100758
9106460957,67100759
9106460957,67100760
9106460957,67100761
9106460957,67100765
9106460957,67100766
9106460957,67100767
9106460957,67100768
9106460957,67100769
9106460957,67100770
9106460957,67100771
9106460957,67100772
9106460957,67100774
9106460957,67100775
9106460957,67100779
9106460957,67100780
9106460957,67100782
9106460957,67100783
9106460957,67100784
9106460957,67100796
9106460957,67100803
9106460957,67100806
9106460957,67100810
9106460957,67100813
9106460957,67100814
9106460957,67100815
9106460957,67100816
9106460957,67100817
9106460957,67100819
9106460957,67100822
9106460957,67100823
9106460957,67100827
9106460957,67100828
9106460957,67100829
9106460957,67100831
9106460957,67100832
9106460957,67100833
9106460957,67100834
9106460957,67100838
9106460957,67100842
9106460957,67100843
9106460957,67100848
9106460957,67100850
9106460957,67100852
9106460957,67100854
9106460957,67100855
9106460957,67100857
9106460957,67100858
9106460957,67100859
9106460957,67100860
9106460957,67100862
9106460957,67100863
9106460957,67100864
9106460957,67100865
9106460957,67100866
9106460957,67100871
9106460957,67100876
9106460957,67100878
9106460957,67100881
9106460957,67100882
9106460957,67100888
9106460957,67100901
9106460957,67100978
9106460957,67100998
9106460957,67100999
9106460957,67101015
9106460957,67101024
9106460957,67101033
9106460957,67101035
9106460957,67101037
9106460957,67102443
17385061827,193
17385061827,67099362
17385061827,67099725
17385061827,67100023
17385061827,67100024
17385061827,67100452
17385061827,67100679
17385061827,67100681
17385061827,67100682
17385061827,67100685
17385061827,67100686
17385061827,67100688
17385061827,67100689
17385061827,67100693
17385061827,67100717
17385061827,67100720
17385061827,67100724
17385061827,67100731
17385061827,67100732
17385061827,67100745
17385061827,67100752
17385061827,67100763
17385061827,67100778
17385061827,67100785
17385061827,67100789
17385061827,67100791
17385061827,67100792
17385061827,67100795
17385061827,67100797
17385061827,67100799
17385061827,67100800
17385061827,67100801
17385061827,67100805
17385061827,67100807
17385061827,67100808
17385061827,67100809
17385061827,67100811
17385061827,67100818
17385061827,67100820
17385061827,67100821
17385061827,67100825
17385061827,67100836
17385061827,67100845
17385061827,67100846
17385061827,67100851
17385061827,67100856
17385061827,67100867
17385061827,67100868
17385061827,67100869
17385061827,67100873
17385061827,67100874
17385061827,67100875
17385061827,67100877
17385061827,67100879
17385061827,67100885
17385061827,67100886
17385061827,67100887
17385061827,67100889
17385061827,67100890
17385061827,67100892
17385061827,67100894
17385061827,67100897
17385061827,67100905
17385061827,67100907
17385061827,67100911
17385061827,67100912
17385061827,67100917
17385061827,67100921
17385061827,67100922
17385061827,67100924
17385061827,67100928
17385061827,67100930
17385061827,67100933
17385061827,67100935
17385061827,67100939
17385061827,67100941
17385061827,67100942
17385061827,67100943
17385061827,67100946
17385061827,67100947
17385061827,67100948
17385061827,67100949
17385061827,67100952
17385061827,67100955
17385061827,67100956
17385061827,67100957
17385061827,67100961
17385061827,67100963
17385061827,67100971
17385061827,67100972
17385061827,67100975
17385061827,67100976
17385061827,67100982
17385061827,67100983
17385061827,67100990
17385061827,67100992
17385061827,67100994
17385061827,67101000
17385061827,67101002
17385061827,67101003
17385061827,67101004
17385061827,67101005
17385061827,67101012
17385061827,67101016
17385061827,67101017
17385061827,67101018
17385061827,67101021
17385061827,67101026
17385061827,67101030
17385061827,67101031
17385061827,67101032
17385061827,67101036
17385061827,67101038
17385061827,67101039
17385061827,67101040
17385061827,67101041
17385061827,67103710
17385061827,67103711
17385061827,67103712
17385061827,67103713
17385061827,67103714
17385061827,67103715
17385061827,67103716
17385061827,67103717
17385061827,67103718
17385061827,67108568
25663662697,67099419
25663662697,67099420
25663662697,67099421
25663662697,67099422
25663662697,67099423
25663662697,67099424
25663662697,67099782
25663662697,67099783
25663662697,67099784
25663662697,67099785
25663662697,67099786
25663662697,67099787
25663662697,67100043
25663662697,67100044
25663662697,67100509
25663662697,67100510
25663662697,67100511
25663662697,67100512
25663662697,67100513
25663662697,67100514
25663662697,67104886
25663662697,67104887
25663662697,67104888
25663662697,67104889
25663662697,67104890
25663662697,67104891
25663662697,67104892
25663662697,67104893
25663662697,67104894
25663662697,67104895
25663662697,67104896
25663662697,67104897
25663662697,67104898
25663662697,67104899
25663662697,67104900
25663662697,67104901
25663662697,67104902
25663662697,67104903
25663662697,67104904
25663662697,67104905
25663662697,67104906
25663662697,67104907
25663662697,67104908
25663662697,67104909
25663662697,67104910
25663662697,67104911
25663662697,67104912
25663662697,67104913
25663662697,67104914
25663662697,67104915
25663662697,67104916
25663662697,67104917
25663662697,67104918
25663662697,67104919
25663662697,67104920
25663662697,67104921
25663662697,67104922
25663662697,67104923
25663662697,67104924
25663662697,67104925
25663662697,67104926
25663662697,67104927
25663662697,67104928
25663662697,67104929
25663662697,67104930
25663662697,67104931
25663662697,67104932
25663662697,67104933
25663662697,67104934
25663662697,67104935
25663662697,67104936
25663662697,67104937
25663662697,67104938
25663662697,67104939
25663662697,67104940
25663662697,67104941
25663662697,67104942
25663662697,67104943
25663662697,67104944
25663662697,67104945
25663662697,67104946
25663662697,67104947
25663662697,67104948
25663662697,67104949
25663662697,67104950
25663662697,67104951
25663662697,67104952
25663662697,67104953
25663662697,67104954
25663662697,67104955
25663662697,67104956
25663662697,67104957
25663662697,67104958
25663662697,67104959
25663662697,67104960
25663662697,67104961
25663662697,67104962
25663662697,67104963
25663662697,67104964
25663662697,67104965
25663662697,67104966
25663662697,67104967
25663662697,67104968
25663662697,67104969
25663662697,67104970
25663662697,67104971
25663662697,67104972
25663662697,67104973
25663662697,67104974
25663662697,67104975
25663662697,67104976
25663662697,67104977
25663662697,67104978
25663662697,67104979
25663662697,67104980
25663662697,67104981
25663662697,67104982
25663662697,67104983
25663662697,67104984
25663662697,67104985
25663662697,67104986
25663662697,67104987
25663662697,67108625
25663662697,67108626
25663662697,67108627
25663662697,67108628
25663662697,67108629
33942263567,67099476
33942263567,67099477
33942263567,67099478
33942263567,67099479
33942263567,67099480
33942263567,67099481
33942263567,67099839
33942263567,67099840
33942263567,67099841
33942263567,67099842
33942263567,67099843
33942263567,67099844
33942263567,67100059
33942263567,67100060
33942263567,67100061
33942263567,67100566
33942263567,67100567
33942263567,67100568
33942263567,67100569
33942263567,67100570
33942263567,67100571
33942263567,67106162
33942263567,67106163
33942263567,67106164
33942263567,67106165
33942263567,67106166
33942263567,67106167
33942263567,67106168
33942263567,67106169
33942263567,67106170
33942263567,67106171
33942263567,67106172
33942263567,67106173
33942263567,67106174
33942263567,67106175
33942263567,67106176
33942263567,67106177
33942263567,67106178
33942263567,67106179
33942263567,67106180
33942263567,67106181
33942263567,67106182
33942263567,67106183
33942263567,67106184
33942263567,67106185
33942263567,67106186
33942263567,67106187
33942263567,67106188
33942263567,67106189
33942263567,67106190
33942263567,67106191
33942263567,67106192
33942263567,67106193
33942263567,67106194
33942263567,67106195
33942263567,67106196
33942263567,67106197
33942263567,67106198
33942263567,67106199
33942263567,67106200
33942263567,67106201
33942263567,67106202
33942263567,67106203
33942263567,67106204
33942263567,67106205
33942263567,67106206
33942263567,67106207
33942263567,67106208
33942263567,67106209
33942263567,67106210
33942263567,67106211
33942263567,67106212
33942263567,67106213
33942263567,67106214
33942263567,67106215
33942263567,67106216
33942263567,67106217
33942263567,67106218
33942263567,67106219
33942263567,67106220
33942263567,67106221
33942263567,67106222
33942263567,67106223
33942263567,67106224
33942263567,67106225
33942263567,67106226
33942263567,67106227
33942263567,67106228
33942263567,67106229
33942263567,67106230
33942263567,67106231
33942263567,67106232
33942263567,67106233
33942263567,67106234
33942263567,67106235
33942263567,67106236
33942263567,67106237
33942263567,67106238
33942263567,67106239
33942263567,67106240
33942263567,67106241
33942263567,67106242
33942263567,67106243
33942263567,67106244
33942263567,67106245
33942263567,67106246
33942263567,67106247
33942263567,67106248
33942263567,67106249
33942263567,67106250
33942263567,67106251
33942263567,67106252
33942263567,67106253
33942263567,67106254
33942263567,67106255
33942263567,67106256
33942263567,67106257
33942263567,67106258
33942263567,67106259
33942263567,67106260
33942263567,67106261
33942263567,67106262
33942263567,67108682
33942263567,67108683
33942263567,67108684
33942263567,67108685
33942263567,67108686
42220864437,67099538
42220864437,67099539
42220864437,67099540
42220864437,67099541
42220864437,67099542
42220864437,67099543
42220864437,67099901
42220864437,67099902
42220864437,67099903
42220864437,67099904
42220864437,67099905
42220864437,67099906
42220864437,67100074
42220864437,67100075
42220864437,67100628
42220864437,67100629
42220864437,67100630
42220864437,67100631
42220864437,67100632
42220864437,67100633
42220864437,67107432
42220864437,67107433
42220864437,67107434
42220864437,67107435
42220864437,67107436
42220864437,67107437
42220864437,67107438
42220864437,67107439
42220864437,67107440
42220864437,67107441
42220864437,67107442
42220864437,67107443
42220864437,67107444
42220864437,67107445
42220864437,67107446
42220864437,67107447
42220864437,67107448
42220864437,67107449
42220864437,67107450
42220864437,67107451
42220864437,67107452
42220864437,67107453
42220864437,67107454
42220864437,67107455
42220864437,67107456
42220864437,67107457
42220864437,67107458
42220864437,67107459
42220864437,67107460
42220864437,67107461
42220864437,67107462
42220864437,67107463
42220864437,67107464
42220864437,67107465
42220864437,67107466
42220864437,67107467
42220864437,67107468
42220864437,67107469
42220864437,67107470
42220864437,67107471
42220864437,67107472
42220864437,67107473
42220864437,67107474
42220864437,67107475
42220864437,67107476
42220864437,67107477
42220864437,67107478
42220864437,67107479
42220864437,67107480
42220864437,67107481
42220864437,67107482
42220864437,67107483
42220864437,67107484
42220864437,67107485
42220864437,67107486
42220864437,67107487
42220864437,67107488
42220864437,67107489
42220864437,67107490
42220864437,67107491
42220864437,67107492
42220864437,67107493
42220864437,67107494
42220864437,67107495
42220864437,67107496
42220864437,67107497
42220864437,67107498
42220864437,67107499
42220864437,67107500
42220864437,67107501
42220864437,67107502
42220864437,67107503
42220864437,67107504
42220864437,67107505
42220864437,67107506
42220864437,67107507
42220864437,67107508
42220864437,67107509
42220864437,67107510
42220864437,67107511
42220864437,67107512
42220864437,67107513
42220864437,67107514
42220864437,67107515
42220864437,67107516
42220864437,67107517
42220864437,67107518
42220864437,67107519
42220864437,67107520
42220864437,67107521
42220864437,67107522
42220864437,67107523
42220864437,67108743
42220864437,67108744
42220864437,67108745
42220864437,67108746
42220864437,67108747
42220864437,67108748
42220864437,67108749
