827860087,67100687
827860087,67100715
827860087,67100721
827860087,67100726
827860087,67100728
827860087,67100729
827860087,67100740
827860087,67100742
827860087,67100751
827860087,67100762
827860087,67100764
827860087,67100773
827860087,67100776
827860087,67100777
827860087,67100781
827860087,67100786
827860087,67100787
827860087,67100788
827860087,67100790
827860087,67100793
827860087,67100794
827860087,67100798
827860087,67100802
827860087,67100804
827860087,67100812
827860087,67100824
827860087,67100826
827860087,67100830
827860087,67100835
827860087,67100837
827860087,67100839
827860087,67100840
827860087,67100841
827860087,67100844
827860087,67100847
827860087,67100849
827860087,67100853
827860087,67100861
827860087,67100870
827860087,67100872
827860087,67100880
827860087,67100883
827860087,67100884
827860087,67100891
827860087,67100893
827860087,67100895
827860087,67100896
827860087,67100898
827860087,67100899
827860087,67100900
827860087,67100902
827860087,67100903
827860087,67100904
827860087,67100906
827860087,67100908
827860087,67100909
827860087,67100910
827860087,67100913
827860087,67100914
827860087,67100915
827860087,67100916
827860087,67100918
827860087,67100919
827860087,67100920
827860087,67100923
827860087,67100925
827860087,67100926
827860087,67100927
827860087,67100929
827860087,67100931
827860087,67100932
827860087,67100934
827860087,67100936
827860087,67100937
827860087,67100938
827860087,67100940
827860087,67100944
827860087,67100945
827860087,67100950
827860087,67100951
827860087,67100953
827860087,67100954
827860087,67100958
827860087,67100959
827860087,67100960
827860087,67100962
827860087,67100964
827860087,67100965
827860087,67100966
827860087,67100967
827860087,67100968
827860087,67100969
827860087,67100970
827860087,67100973
827860087,67100974
827860087,67100977
827860087,67100979
827860087,67100980
827860087,67100981
827860087,67100984
827860087,67100985
827860087,67100986
827860087,67100987
827860087,67100988
827860087,67100989
827860087,67100991
827860087,67100993
827860087,67100995
827860087,67100996
827860087,67100997
827860087,67101001
827860087,67101006
827860087,67101007
827860087,67101008
827860087,67101009
827860087,67101010
827860087,67101011
827860087,67101013
827860087,67101014
827860087,67101019
827860087,67101020
827860087,67101022
827860087,67101023
827860087,67101025
827860087,67101027
827860087,67101028
827860087,67101029
827860087,67101034
9106460957,131245
9106460957,131246
9106460957,67100680
9106460957,67100683
9106460957,67100684
9106460957,67100690
9106460957,67100691
9106460957,67100692
9106460957,67100694
9106460957,67100695
9106460957,67100696
9106460957,67100697
9106460957,67100698
9106460957,67100699
9106460957,67100700
9106460957,67100701
9106460957,67100702
9106460957,67100703
9106460957,67100704
9106460957,67100705
9106460957,67100706
9106460957,67100707
9106460957,67100708
9106460957,67100709
9106460957,67100710
9106460957,67100711
9106460957,67100712
9106460957,67100713
9106460957,67100714
9106460957,67100716
9106460957,67100718
9106460957,67100719
9106460957,67100722
9106460957,67100723
9106460957,67100725
9106460957,67100727
9106460957,67100730
9106460957,67100733
9106460957,67100734
9106460957,67100735
9106460957,67100736
9106460957,67100737
9106460957,67100738
9106460957,67100739
9106460957,67100741
9106460957,67100743
9106460957,67100744
9106460957,67100746
9106460957,67100747
9106460957,67100748
9106460957,67100749
9106460957,67100750
9106460957,67100753
9106460957,67100754
9106460957,67100755
9106460957,67100756
9106460957,67100757
9106460957,67100758
9106460957,67100759
9106460957,67100760
9106460957,67100761
9106460957,67100765
9106460957,67100766
9106460957,67100767
9106460957,67100768
9106460957,67100769
9106460957,67100770
9106460957,67100771
9106460957,67100772
9106460957,67100774
9106460957,67100775
9106460957,67100779
9106460957,67100780
9106460957,67100782
9106460957,67100783
9106460957,67100784
9106460957,67100796
9106460957,67100803
9106460957,67100806
9106460957,67100810
9106460957,67100813
9106460957,67100814
9106460957,67100815
9106460957,67100816
9106460957,67100817
9106460957,67100819
9106460957,67100822
9106460957,67100823
9106460957,67100827
9106460957,67100828
9106460957,67100829
9106460957,67100831
9106460957,67100832
9106460957,67100833
9106460957,67100834
9106460957,67100838
9106460957,67100842
9106460957,67100843
9106460957,67100848
9106460957,67100850
9106460957,67100852
9106460957,67100854
9106460957,67100855
9106460957,67100857
9106460957,67100858
9106460957,67100859
9106460957,67100860
9106460957,67100862
9106460957,67100863
9106460957,67100864
9106460957,67100865
9106460957,67100866
9106460957,67100871
9106460957,67100876
9106460957,67100878
9106460957,67100881
9106460957,67100882
9106460957,67100888
9106460957,67100901
9106460957,67100978
9106460957,67100998
9106460957,67100999
9106460957,67101015
9106460957,67101024
9106460957,67101033
9106460957,67101035
9106460957,67101037
9106460957,67102443
17385061827,193
17385061827,67099362
17385061827,67099725
17385061827,67100023
17385061827,67100024
17385061827,67100452
17385061827,67100679
17385061827,67100681
17385061827,67100682
17385061827,67100685
17385061827,67100686
17385061827,67100688
17385061827,67100689
17385061827,67100693
17385061827,67100717
17385061827,67100720
17385061827,67100724
17385061827,67100731
17385061827,67100732
17385061827,67100745
17385061827,67100752
17385061827,67100763
17385061827,67100778
17385061827,67100785
17385061827,67100789
17385061827,67100791
17385061827,67100792
17385061827,67100795
17385061827,67100797
17385061827,67100799
17385061827,67100800
17385061827,67100801
17385061827,67100805
17385061827,67100807
17385061827,67100808
17385061827,67100809
17385061827,67100811
17385061827,67100818
17385061827,67100820
17385061827,67100821
17385061827,67100825
17385061827,67100836
17385061827,67100845
17385061827,67100846
17385061827,67100851
17385061827,67100856
17385061827,67100867
17385061827,67100868
17385061827,67100869
17385061827,67100873
17385061827,67100874
17385061827,67100875
17385061827,67100877
17385061827,67100879
17385061827,67100885
17385061827,67100886
17385061827,67100887
17385061827,67100889
17385061827,67100890
17385061827,67100892
17385061827,67100894
17385061827,67100897
17385061827,67100905
17385061827,67100907
17385061827,67100911
17385061827,67100912
17385061827,67100917
17385061827,67100921
17385061827,67100922
17385061827,67100924
17385061827,67100928
17385061827,67100930
17385061827,67100933
17385061827,67100935
17385061827,67100939
17385061827,67100941
17385061827,67100942
17385061827,67100943
17385061827,67100946
17385061827,67100947
17385061827,67100948
17385061827,67100949
17385061827,67100952
17385061827,67100955
17385061827,67100956
17385061827,67100957
17385061827,67100961
17385061827,67100963
17385061827,67100971
17385061827,67100972
17385061827,67100975
17385061827,67100976
17385061827,67100982
17385061827,67100983
17385061827,67100990
17385061827,67100992
17385061827,67100994
17385061827,67101000
17385061827,67101002
17385061827,67101003
17385061827,67101004
17385061827,67101005
17385061827,67101012
17385061827,67101016
17385061827,67101017
17385061827,67101018
17385061827,67101021
17385061827,67101026
17385061827,67101030
17385061827,67101031
17385061827,67101032
17385061827,67101036
17385061827,67101038
17385061827,67101039
17385061827,67101040
17385061827,67101041
17385061827,67103715
17385061827,67103716
17385061827,67103717
17385061827,67103718
17385061827,67108568
