827860087,67100687
827860087,67100715
827860087,67100721
827860087,67100726
827860087,67100728
827860087,67100729
827860087,67100740
827860087,67100742
827860087,67100751
827860087,67100762
827860087,67100764
827860087,67100773
827860087,67100776
827860087,67100777
827860087,67100781
827860087,67100786
827860087,67100787
827860087,67100788
827860087,67100790
827860087,67100793
827860087,67100794
827860087,67100798
827860087,67100802
827860087,67100804
827860087,67100812
827860087,67100824
827860087,67100826
827860087,67100830
827860087,67100835
827860087,67100837
827860087,67100839
827860087,67100840
827860087,67100841
827860087,67100844
827860087,67100847
827860087,67100849
827860087,67100853
827860087,67100861
827860087,67100870
827860087,67100872
827860087,67100880
827860087,67100883
827860087,67100884
827860087,67100891
827860087,67100893
827860087,67100895
827860087,67100896
827860087,67100898
827860087,67100899
827860087,67100900
827860087,67100902
827860087,67100903
827860087,67100904
827860087,67100906
827860087,67100908
827860087,67100909
827860087,67100910
827860087,67100913
827860087,67100914
827860087,67100915
827860087,67100916
827860087,67100918
827860087,67100919
827860087,67100920
827860087,67100923
827860087,67100925
827860087,67100926
827860087,67100927
827860087,67100929
827860087,67100931
827860087,67100932
827860087,67100934
827860087,67100936
827860087,67100937
827860087,67100938
827860087,67100940
827860087,67100944
827860087,67100945
827860087,67100950
827860087,67100951
827860087,67100953
827860087,67100954
827860087,67100958
827860087,67100959
827860087,67100960
827860087,67100962
827860087,67100964
827860087,67100965
827860087,67100966
827860087,67100967
827860087,67100968
827860087,67100969
827860087,67100970
827860087,67100973
827860087,67100974
827860087,67100977
827860087,67100979
827860087,67100980
827860087,67100981
827860087,67100984
827860087,67100985
827860087,67100986
827860087,67100987
827860087,67100988
827860087,67100989
827860087,67100991
827860087,67100993
827860087,67100995
827860087,67100996
827860087,67100997
827860087,67101001
827860087,67101006
827860087,67101007
827860087,67101008
827860087,67101009
827860087,67101010
827860087,67101011
827860087,67101013
827860087,67101014
827860087,67101019
827860087,67101020
827860087,67101022
827860087,67101023
827860087,67101025
827860087,67101027
827860087,67101028
827860087,67101029
827860087,67101034
9106460957,131245
9106460957,131246
9106460957,67100680
9106460957,67100683
9106460957,67100684
9106460957,67100690
9106460957,67100691
9106460957,67100692
9106460957,67100694
9106460957,67100695
9106460957,67100696
9106460957,67100697
9106460957,67100698
9106460957,67100699
9106460957,67100700
9106460957,67100701
9106460957,67100702
9106460957,67100703
9106460957,67100704
9106460957,67100705
9106460957,67100706
9106460957,67100707
9106460957,67100708
9106460957,67100709
9106460957,67100710
9106460957,67100711
9106460957,67100712
9106460957,67100713
9106460957,67100714
9106460957,67100716
9106460957,67100718
9106460957,67100719
9106460957,67100722
9106460957,67100723
9106460957,67100725
9106460957,67100727
9106460957,67100730
9106460957,67100733
9106460957,67100734
9106460957,67100735
9106460957,67100736
9106460957,67100737
9106460957,67100738
9106460957,67100739
9106460957,67100741
9106460957,67100743
9106460957,67100744
9106460957,67100746
9106460957,67100747
9106460957,67100748
9106460957,67100749
9106460957,67100750
9106460957,67100753
9106460957,67100754
9106460957,67100755
9106460957,67100756
9106460957,67100757
9106460957,67100758
9106460957,67100759
9106460957,67100760
9106460957,67100761
9106460957,67100765
9106460957,67100766
9106460957,67100767
9106460957,67100768
9106460957,67100769
9106460957,67100770
9106460957,67100771
9106460957,67100772
9106460957,67100774
9106460957,67100775
9106460957,67100779
9106460957,67100780
9106460957,67100782
9106460957,67100783
9106460957,67100784
9106460957,67100796
9106460957,67100803
9106460957,67100806
9106460957,67100810
9106460957,67100813
9106460957,67100814
9106460957,67100815
9106460957,67100816
9106460957,67100817
9106460957,67100819
9106460957,67100822
9106460957,67100823
9106460957,67100827
9106460957,67100828
9106460957,67100829
9106460957,67100831
9106460957,67100832
9106460957,67100833
9106460957,67100834
9106460957,67100838
9106460957,67100842
9106460957,67100843
9106460957,67100848
9106460957,67100850
9106460957,67100852
9106460957,67100854
9106460957,67100855
9106460957,67100857
9106460957,67100858
9106460957,67100859
9106460957,67100860
9106460957,67100862
9106460957,67100863
9106460957,67100864
9106460957,67100865
9106460957,67100866
9106460957,67100871
9106460957,67100876
9106460957,67100878
9106460957,67100881
9106460957,67100882
9106460957,67100888
9106460957,67100901
9106460957,67100978
9106460957,67100998
9106460957,67100999
9106460957,67101015
9106460957,67101024
9106460957,67101033
9106460957,67101035
9106460957,67101037
9106460957,67102443
17385061827,193
17385061827,67099362
17385061827,67099725
17385061827,67100023
17385061827,67100024
17385061827,67100452
17385061827,67100679
17385061827,67100681
17385061827,67100682
17385061827,67100685
17385061827,67100686
17385061827,67100688
17385061827,67100689
17385061827,67100693
17385061827,67100717
17385061827,67100720
17385061827,67100724
17385061827,67100731
17385061827,67100732
17385061827,67100745
17385061827,67100752
17385061827,67100763
17385061827,67100778
17385061827,67100785
17385061827,67100789
17385061827,67100791
17385061827,67100792
17385061827,67100795
17385061827,67100797
17385061827,67100799
17385061827,67100800
17385061827,67100801
17385061827,67100805
17385061827,67100807
17385061827,67100808
17385061827,67100809
17385061827,67100811
17385061827,67100818
17385061827,67100820
17385061827,67100821
17385061827,67100825
17385061827,67100836
17385061827,67100845
17385061827,67100846
17385061827,67100851
17385061827,67100856
17385061827,67100867
17385061827,67100868
17385061827,67100869
17385061827,67100873
17385061827,67100874
17385061827,67100875
17385061827,67100877
17385061827,67100879
17385061827,67100885
17385061827,67100886
17385061827,67100887
17385061827,67100889
17385061827,67100890
17385061827,67100892
17385061827,67100894
17385061827,67100897
17385061827,67100905
17385061827,67100907
17385061827,67100911
17385061827,67100912
17385061827,67100917
17385061827,67100921
17385061827,67100922
17385061827,67100924
17385061827,67100928
17385061827,67100930
17385061827,67100933
17385061827,67100935
17385061827,67100939
17385061827,67100941
17385061827,67100942
17385061827,67100943
17385061827,67100946
17385061827,67100947
17385061827,67100948
17385061827,67100949
17385061827,67100952
17385061827,67100955
17385061827,67100956
17385061827,67100957
17385061827,67100961
17385061827,67100963
17385061827,67100971
17385061827,67100972
17385061827,67100975
17385061827,67100976
17385061827,67100982
17385061827,67100983
17385061827,67100990
17385061827,67100992
17385061827,67100994
17385061827,67101000
17385061827,67101002
17385061827,67101003
17385061827,67101004
17385061827,67101005
17385061827,67101012
17385061827,67101016
17385061827,67101017
17385061827,67101018
17385061827,67101021
17385061827,67101026
17385061827,67101030
17385061827,67101031
17385061827,67101032
17385061827,67101036
17385061827,67101038
17385061827,67101039
17385061827,67101040
17385061827,67101041
17385061827,67103710
17385061827,67103711
17385061827,67103712
17385061827,67103713
17385061827,67103714
17385061827,67103715
17385061827,67103716
17385061827,67103717
17385061827,67103718
17385061827,67108568
25663662697,67099419
25663662697,67099420
25663662697,67099421
25663662697,67099422
25663662697,67099423
25663662697,67099424
25663662697,67099782
25663662697,67099783
25663662697,67099784
25663662697,67099785
25663662697,67099786
25663662697,67099787
25663662697,67100043
25663662697,67100044
25663662697,67100509
25663662697,67100510
25663662697,67100511
25663662697,67100512
25663662697,67100513
25663662697,67100514
25663662697,67104886
25663662697,67104887
25663662697,67104888
25663662697,67104889
25663662697,67104890
25663662697,67104891
25663662697,67104892
25663662697,67104893
25663662697,67104894
25663662697,67104895
25663662697,67104896
25663662697,67104897
25663662697,67104898
25663662697,67104899
25663662697,67104900
25663662697,67104901
25663662697,67104902
25663662697,67104903
25663662697,67104904
25663662697,67104905
25663662697,67104906
25663662697,67104907
25663662697,67104908
25663662697,67104909
25663662697,67104910
25663662697,67104911
25663662697,67104912
25663662697,67104913
25663662697,67104914
25663662697,67104915
25663662697,67104916
25663662697,67104917
25663662697,67104918
25663662697,67104919
25663662697,67104920
25663662697,67104921
25663662697,67104922
25663662697,67104923
25663662697,67104924
25663662697,67104925
25663662697,67104926
25663662697,67104927
25663662697,67104928
25663662697,67104929
25663662697,67104930
25663662697,67104931
25663662697,67104932
25663662697,67104933
25663662697,67104934
25663662697,67104935
25663662697,67104936
25663662697,67104937
25663662697,67104938
25663662697,67104939
25663662697,67104940
25663662697,67104941
25663662697,67104942
25663662697,67104943
25663662697,67104944
25663662697,67104945
25663662697,67104946
25663662697,67104947
25663662697,67104948
25663662697,67104949
25663662697,67104950
25663662697,67104951
25663662697,67104952
25663662697,67104953
25663662697,67104954
25663662697,67104955
25663662697,67104956
25663662697,67104957
25663662697,67104958
25663662697,67104959
25663662697,67104960
25663662697,67104961
25663662697,67104962
25663662697,67104963
25663662697,67104964
25663662697,67104965
25663662697,67104966
25663662697,67104967
25663662697,67104968
25663662697,67104969
25663662697,67104970
25663662697,67104971
25663662697,67104972
25663662697,67104973
25663662697,67104974
25663662697,67104975
25663662697,67104976
25663662697,67104977
25663662697,67104978
25663662697,67104979
25663662697,67104980
25663662697,67104981
25663662697,67104982
25663662697,67104983
25663662697,67104984
25663662697,67104985
25663662697,67104986
25663662697,67104987
25663662697,67108625
25663662697,67108626
25663662697,67108627
25663662697,67108628
25663662697,67108629
33942263567,67099476
33942263567,67099477
33942263567,67099478
33942263567,67099479
33942263567,67099480
33942263567,67099481
33942263567,67099839
33942263567,67099840
33942263567,67099841
33942263567,67099842
33942263567,67099843
33942263567,67099844
33942263567,67100059
33942263567,67100060
33942263567,67100061
33942263567,67100566
33942263567,67100567
33942263567,67100568
33942263567,67100569
33942263567,67100570
33942263567,67100571
33942263567,67106162
33942263567,67106163
33942263567,67106164
33942263567,67106165
33942263567,67106166
33942263567,67106167
33942263567,67106168
33942263567,67106169
33942263567,67106170
33942263567,67106171
33942263567,67106172
33942263567,67106173
33942263567,67106174
33942263567,67106175
33942263567,67106176
33942263567,67106177
33942263567,67106178
33942263567,67106179
33942263567,67106180
33942263567,67106181
33942263567,67106182
33942263567,67106183
33942263567,67106184
33942263567,67106185
33942263567,67106186
33942263567,67106187
33942263567,67106188
33942263567,67106189
33942263567,67106190
33942263567,67106191
33942263567,67106192
33942263567,67106193
33942263567,67106194
33942263567,67106195
33942263567,67106196
33942263567,67106197
33942263567,67106198
33942263567,67106199
33942263567,67106200
33942263567,67106201
33942263567,67106202
33942263567,67106203
33942263567,67106204
33942263567,67106205
33942263567,67106206
33942263567,67106207
33942263567,67106208
33942263567,67106209
33942263567,67106210
33942263567,67106211
33942263567,67106212
33942263567,67106213
33942263567,67106214
33942263567,67106215
33942263567,67106216
33942263567,67106217
33942263567,67106218
33942263567,67106219
33942263567,67106220
33942263567,67106221
33942263567,67106222
33942263567,67106223
33942263567,67106224
33942263567,67106225
33942263567,67106226
33942263567,67106227
33942263567,67106228
33942263567,67106229
33942263567,67106230
33942263567,67106231
33942263567,67106232
33942263567,67106233
33942263567,67106234
33942263567,67106235
33942263567,67106236
33942263567,67106237
33942263567,67106238
33942263567,67106239
33942263567,67106240
33942263567,67106241
33942263567,67106242
33942263567,67106243
33942263567,67106244
33942263567,67106245
33942263567,67106246
33942263567,67106247
33942263567,67106248
33942263567,67106249
33942263567,67106250
33942263567,67106251
33942263567,67106252
33942263567,67106253
33942263567,67106254
33942263567,67106255
33942263567,67106256
33942263567,67106257
33942263567,67106258
33942263567,67106259
33942263567,67106260
33942263567,67106261
33942263567,67106262
33942263567,67108682
33942263567,67108683
33942263567,67108684
33942263567,67108685
33942263567,67108686
42220864437,67099538
42220864437,67099539
42220864437,67099540
42220864437,67099541
42220864437,67099542
42220864437,67099543
42220864437,67099901
42220864437,67099902
42220864437,67099903
42220864437,67099904
42220864437,67099905
42220864437,67099906
42220864437,67100074
42220864437,67100075
42220864437,67100628
42220864437,67100629
42220864437,67100630
42220864437,67100631
42220864437,67100632
42220864437,67100633
42220864437,67107425
42220864437,67107426
42220864437,67107427
42220864437,67107428
42220864437,67107429
42220864437,67107430
42220864437,67107431
42220864437,67107432
42220864437,67107433
42220864437,67107434
42220864437,67107435
42220864437,67107436
42220864437,67107437
42220864437,67107438
42220864437,67107439
42220864437,67107440
42220864437,67107441
42220864437,67107442
42220864437,67107443
42220864437,67107444
42220864437,67107445
42220864437,67107446
42220864437,67107447
42220864437,67107448
42220864437,67107449
42220864437,67107450
42220864437,67107451
42220864437,67107452
42220864437,67107453
42220864437,67107454
42220864437,67107455
42220864437,67107456
42220864437,67107457
42220864437,67107458
42220864437,67107459
42220864437,67107460
42220864437,67107461
42220864437,67107462
42220864437,67107463
42220864437,67107464
42220864437,67107465
42220864437,67107466
42220864437,67107467
42220864437,67107468
42220864437,67107469
42220864437,67107470
42220864437,67107471
42220864437,67107472
42220864437,67107473
42220864437,67107474
42220864437,67107475
42220864437,67107476
42220864437,67107477
42220864437,67107478
42220864437,67107479
42220864437,67107480
42220864437,67107481
42220864437,67107482
42220864437,67107483
42220864437,67107484
42220864437,67107485
42220864437,67107486
42220864437,67107487
42220864437,67107488
42220864437,67107489
42220864437,67107490
42220864437,67107491
42220864437,67107492
42220864437,67107493
42220864437,67107494
42220864437,67107495
42220864437,67107496
42220864437,67107497
42220864437,67107498
42220864437,67107499
42220864437,67107500
42220864437,67107501
42220864437,67107502
42220864437,67107503
42220864437,67107504
42220864437,67107505
42220864437,67107506
42220864437,67107507
42220864437,67107508
42220864437,67107509
42220864437,67107510
42220864437,67107511
42220864437,67107512
42220864437,67107513
42220864437,67107514
42220864437,67107515
42220864437,67107516
42220864437,67107517
42220864437,67107518
42220864437,67107519
42220864437,67107520
42220864437,67107521
42220864437,67107522
42220864437,67107523
42220864437,67108743
42220864437,67108744
42220864437,67108745
42220864437,67108746
42220864437,67108747
42220864437,67108748
42220864437,67108749
50499465307,131244
50499465307,131261
50499465307,67099239
50499465307,67099241
50499465307,67099242
50499465307,67099244
50499465307,67099246
50499465307,67099251
50499465307,67099252
50499465307,67099257
50499465307,67099261
50499465307,67099263
50499465307,67099283
50499465307,67099294
50499465307,67099295
50499465307,67099296
50499465307,67099298
50499465307,67099305
50499465307,67099307
50499465307,67099309
50499465307,67099315
50499465307,67099317
50499465307,67099325
50499465307,67099337
50499465307,67099341
50499465307,67099342
50499465307,67099348
50499465307,67099355
50499465307,67099369
50499465307,67099370
50499465307,67099371
50499465307,67099385
50499465307,67099387
50499465307,67099388
50499465307,67099393
50499465307,67099395
50499465307,67099396
50499465307,67099401
50499465307,67099402
50499465307,67099403
50499465307,67099407
50499465307,67099416
50499465307,67099431
50499465307,67099434
50499465307,67099436
50499465307,67099439
50499465307,67099442
50499465307,67099451
50499465307,67099453
50499465307,67099454
50499465307,67099455
50499465307,67099456
50499465307,67099457
50499465307,67099459
50499465307,67099461
50499465307,67099463
50499465307,67099464
50499465307,67099466
50499465307,67099467
50499465307,67099468
50499465307,67099470
50499465307,67099471
50499465307,67099482
50499465307,67099486
50499465307,67099487
50499465307,67099488
50499465307,67099498
50499465307,67099499
50499465307,67099501
50499465307,67099504
50499465307,67099507
50499465307,67099508
50499465307,67099509
50499465307,67099512
50499465307,67099513
50499465307,67099517
50499465307,67099518
50499465307,67099519
50499465307,67099520
50499465307,67099521
50499465307,67099522
50499465307,67099524
50499465307,67099525
50499465307,67099527
50499465307,67099528
50499465307,67099529
50499465307,67099530
50499465307,67099531
50499465307,67099535
50499465307,67099537
50499465307,67099544
50499465307,67099545
50499465307,67099546
50499465307,67099547
50499465307,67099549
50499465307,67099552
50499465307,67099553
50499465307,67099554
50499465307,67099555
50499465307,67099556
50499465307,67099557
50499465307,67099558
50499465307,67099559
50499465307,67099560
50499465307,67099561
50499465307,67099562
50499465307,67099563
50499465307,67099564
50499465307,67099566
50499465307,67099568
50499465307,67099569
50499465307,67099570
50499465307,67099571
50499465307,67099572
50499465307,67099573
50499465307,67099574
50499465307,67099575
50499465307,67099576
50499465307,67099577
50499465307,67099579
50499465307,67099583
50499465307,67099585
50499465307,67099586
50499465307,67099836
50499465307,67106092
50499465307,67106263
50499465307,67108679
58778066177,131243
58778066177,67099227
58778066177,67099228
58778066177,67099231
58778066177,67099248
58778066177,67099249
58778066177,67099254
58778066177,67099262
58778066177,67099269
58778066177,67099273
58778066177,67099274
58778066177,67099276
58778066177,67099277
58778066177,67099281
58778066177,67099284
58778066177,67099285
58778066177,67099286
58778066177,67099288
58778066177,67099289
58778066177,67099292
58778066177,67099311
58778066177,67099313
58778066177,67099314
58778066177,67099316
58778066177,67099318
58778066177,67099319
58778066177,67099320
58778066177,67099321
58778066177,67099324
58778066177,67099331
58778066177,67099332
58778066177,67099339
58778066177,67099340
58778066177,67099345
58778066177,67099346
58778066177,67099347
58778066177,67099349
58778066177,67099350
58778066177,67099354
58778066177,67099356
58778066177,67099357
58778066177,67099358
58778066177,67099359
58778066177,67099360
58778066177,67099366
58778066177,67099367
58778066177,67099368
58778066177,67099375
58778066177,67099376
58778066177,67099377
58778066177,67099378
58778066177,67099379
58778066177,67099380
58778066177,67099382
58778066177,67099383
58778066177,67099384
58778066177,67099389
58778066177,67099390
58778066177,67099391
58778066177,67099392
58778066177,67099399
58778066177,67099400
58778066177,67099404
58778066177,67099405
58778066177,67099406
58778066177,67099408
58778066177,67099410
58778066177,67099411
58778066177,67099417
58778066177,67099425
58778066177,67099426
58778066177,67099427
58778066177,67099428
58778066177,67099429
58778066177,67099430
58778066177,67099432
58778066177,67099433
58778066177,67099435
58778066177,67099440
58778066177,67099441
58778066177,67099443
58778066177,67099444
58778066177,67099445
58778066177,67099446
58778066177,67099447
58778066177,67099448
58778066177,67099458
58778066177,67099460
58778066177,67099462
58778066177,67099465
58778066177,67099472
58778066177,67099473
58778066177,67099474
58778066177,67099483
58778066177,67099484
58778066177,67099485
58778066177,67099489
58778066177,67099490
58778066177,67099491
58778066177,67099492
58778066177,67099493
58778066177,67099494
58778066177,67099497
58778066177,67099502
58778066177,67099503
58778066177,67099505
58778066177,67099506
58778066177,67099510
58778066177,67099511
58778066177,67099514
58778066177,67099515
58778066177,67099516
58778066177,67099523
58778066177,67099526
58778066177,67099532
58778066177,67099533
58778066177,67099534
58778066177,67099536
58778066177,67099548
58778066177,67099550
58778066177,67099551
58778066177,67099565
58778066177,67099567
58778066177,67099582
58778066177,67099584
58778066177,67103271
67056667047,131242
67056667047,67099232
67056667047,67099236
67056667047,67099240
67056667047,67099243
67056667047,67099245
67056667047,67099247
67056667047,67099250
67056667047,67099253
67056667047,67099255
67056667047,67099256
67056667047,67099258
67056667047,67099259
67056667047,67099260
67056667047,67099264
67056667047,67099265
67056667047,67099266
67056667047,67099267
67056667047,67099268
67056667047,67099270
67056667047,67099271
67056667047,67099272
67056667047,67099275
67056667047,67099280
67056667047,67099282
67056667047,67099287
67056667047,67099290
67056667047,67099291
67056667047,67099293
67056667047,67099297
67056667047,67099299
67056667047,67099300
67056667047,67099301
67056667047,67099302
67056667047,67099303
67056667047,67099304
67056667047,67099306
67056667047,67099308
67056667047,67099310
67056667047,67099312
67056667047,67099322
67056667047,67099323
67056667047,67099326
67056667047,67099327
67056667047,67099328
67056667047,67099329
67056667047,67099330
67056667047,67099333
67056667047,67099334
67056667047,67099335
67056667047,67099336
67056667047,67099338
67056667047,67099343
67056667047,67099344
67056667047,67099351
67056667047,67099352
67056667047,67099353
67056667047,67099361
67056667047,67099363
67056667047,67099364
67056667047,67099365
67056667047,67099372
67056667047,67099373
67056667047,67099374
67056667047,67099381
67056667047,67099386
67056667047,67099394
67056667047,67099397
67056667047,67099398
67056667047,67099409
67056667047,67099412
67056667047,67099413
67056667047,67099414
67056667047,67099415
67056667047,67099418
67056667047,67099437
67056667047,67099438
67056667047,67099449
67056667047,67099450
67056667047,67099452
67056667047,67099469
67056667047,67099475
67056667047,67099495
67056667047,67099496
67056667047,67099500
67056667047,67099580
67056667047,67099587
67056667047,67099686
67056667047,67099698
67056667047,67099702
67056667047,67099717
67056667047,67099726
67056667047,67099732
67056667047,67099745
67056667047,67099780
67056667047,67099781
67056667047,67099788
67056667047,67100012
67056667047,67101812
67056667047,67102165
67056667047,67102169
67056667047,67102170
67056667047,67102479
67056667047,67102596
67056667047,67102911
67056667047,67103159
67056667047,67103160
67056667047,67103245
67056667047,67103252
67056667047,67103547
67056667047,67103725
67056667047,67103869
67056667047,67104144
67056667047,67104851
67056667047,67104855
67056667047,67105020
67056667047,67108528
67056667047,67108541
67056667047,67108545
67056667047,67108560
67056667047,67108575
67056667047,67108587
67056667047,67108623
67056667047,67108631
75335267917,131256
75335267917,131258
75335267917,67099229
75335267917,67099230
75335267917,67099233
75335267917,67099234
75335267917,67099235
75335267917,67099237
75335267917,67099238
75335267917,67099278
75335267917,67099578
75335267917,67099581
75335267917,67099588
75335267917,67099609
75335267917,67099611
75335267917,67099627
75335267917,67099628
75335267917,67099644
75335267917,67099648
75335267917,67099653
75335267917,67099673
75335267917,67099678
75335267917,67099710
75335267917,67099718
75335267917,67099728
75335267917,67099737
75335267917,67099748
75335267917,67099749
75335267917,67099759
75335267917,67099775
75335267917,67099794
75335267917,67099801
75335267917,67099802
75335267917,67099807
75335267917,67099808
75335267917,67099809
75335267917,67099818
75335267917,67099820
75335267917,67099821
75335267917,67099822
75335267917,67099824
75335267917,67099825
75335267917,67099847
75335267917,67099854
75335267917,67099863
75335267917,67099864
75335267917,67099865
75335267917,67099866
75335267917,67099872
75335267917,67099874
75335267917,67099875
75335267917,67099882
75335267917,67099889
75335267917,67099899
75335267917,67099900
75335267917,67099910
75335267917,67099911
75335267917,67099924
75335267917,67099951
75335267917,67101970
75335267917,67102031
75335267917,67102080
75335267917,67102561
75335267917,67103871
75335267917,67103913
75335267917,67104033
75335267917,67105594
75335267917,67105737
75335267917,67105768
75335267917,67105799
75335267917,67105867
75335267917,67106436
75335267917,67106545
75335267917,67106727
75335267917,67106761
75335267917,67106922
75335267917,67107247
75335267917,67107723
75335267917,67108452
75335267917,67108470
75335267917,67108472
75335267917,67108486
75335267917,67108491
75335267917,67108503
75335267917,67108515
75335267917,67108529
75335267917,67108537
75335267917,67108540
75335267917,67108571
75335267917,67108579
75335267917,67108602
75335267917,67108617
75335267917,67108618
75335267917,67108644
75335267917,67108645
75335267917,67108650
75335267917,67108651
75335267917,67108661
75335267917,67108663
75335267917,67108664
75335267917,67108665
75335267917,67108667
75335267917,67108668
75335267917,67108674
75335267917,67108690
75335267917,67108693
75335267917,67108697
75335267917,67108700
75335267917,67108707
75335267917,67108708
75335267917,67108714
75335267917,67108716
75335267917,67108717
75335267917,67108718
75335267917,67108725
75335267917,67108732
75335267917,67108741
75335267917,67108742
75335267917,67108763
75335267917,67108767
75335267917,67108775
75335267917,67108776
83613868787,131253
83613868787,131260
83613868787,67099589
83613868787,67099602
83613868787,67099608
83613868787,67099620
83613868787,67099629
83613868787,67099657
83613868787,67099669
83613868787,67099691
83613868787,67099694
83613868787,67099697
83613868787,67099701
83613868787,67099708
83613868787,67099712
83613868787,67099713
83613868787,67099719
83613868787,67099720
83613868787,67099722
83613868787,67099751
83613868787,67099756
83613868787,67099762
83613868787,67099770
83613868787,67099777
83613868787,67099778
83613868787,67099798
83613868787,67099803
83613868787,67099805
83613868787,67099814
83613868787,67099815
83613868787,67099816
83613868787,67099823
83613868787,67099828
83613868787,67099833
83613868787,67099838
83613868787,67099849
83613868787,67099850
83613868787,67099858
83613868787,67099884
83613868787,67099907
83613868787,67099914
83613868787,67099922
83613868787,67099925
83613868787,67099926
83613868787,67099930
83613868787,67099945
83613868787,67099949
83613868787,67099950
83613868787,67101242
83613868787,67101361
83613868787,67101565
83613868787,67101743
83613868787,67103275
83613868787,67103813
83613868787,67105321
83613868787,67106421
83613868787,67106444
83613868787,67106601
83613868787,67106730
83613868787,67108376
83613868787,67108377
83613868787,67108380
83613868787,67108382
83613868787,67108383
83613868787,67108384
83613868787,67108385
83613868787,67108390
83613868787,67108391
83613868787,67108399
83613868787,67108400
83613868787,67108407
83613868787,67108409
83613868787,67108413
83613868787,67108414
83613868787,67108427
83613868787,67108445
83613868787,67108451
83613868787,67108462
83613868787,67108466
83613868787,67108499
83613868787,67108500
83613868787,67108510
83613868787,67108513
83613868787,67108516
83613868787,67108526
83613868787,67108534
83613868787,67108539
83613868787,67108556
83613868787,67108563
83613868787,67108564
83613868787,67108565
83613868787,67108573
83613868787,67108589
83613868787,67108599
83613868787,67108604
83613868787,67108613
83613868787,67108619
83613868787,67108620
83613868787,67108632
83613868787,67108647
83613868787,67108648
83613868787,67108654
83613868787,67108657
83613868787,67108681
83613868787,67108692
83613868787,67108701
83613868787,67108703
83613868787,67108724
83613868787,67108727
83613868787,67108729
83613868787,67108738
83613868787,67108764
83613868787,67108768
83613868787,67108769
83613868787,67108771
83613868787,67108772
83613868787,67108791
83613868787,67108792
83613868787,67108793
83613868787,67108794
91892469657,131251
91892469657,67099634
91892469657,67099659
91892469657,67099661
91892469657,67099670
91892469657,67099714
91892469657,67099716
91892469657,67099721
91892469657,67099723
91892469657,67099727
91892469657,67099734
91892469657,67099741
91892469657,67099747
91892469657,67099753
91892469657,67099755
91892469657,67099758
91892469657,67099767
91892469657,67099769
91892469657,67099771
91892469657,67099772
91892469657,67099774
91892469657,67099776
91892469657,67099779
91892469657,67099792
91892469657,67099795
91892469657,67099810
91892469657,67099813
91892469657,67099870
91892469657,67099928
91892469657,67099929
91892469657,67101095
91892469657,67103219
91892469657,67103375
91892469657,67103515
91892469657,67103550
91892469657,67103563
91892469657,67103617
91892469657,67103619
91892469657,67103640
91892469657,67103641
91892469657,67103657
91892469657,67103662
91892469657,67103687
91892469657,67103749
91892469657,67103784
91892469657,67103919
91892469657,67103967
91892469657,67104056
91892469657,67104060
91892469657,67104274
91892469657,67104366
91892469657,67104377
91892469657,67104413
91892469657,67104599
91892469657,67104642
91892469657,67104668
91892469657,67104700
91892469657,67104734
91892469657,67104740
91892469657,67104759
91892469657,67104761
91892469657,67104766
91892469657,67104782
91892469657,67104799
91892469657,67104801
91892469657,67104803
91892469657,67104807
91892469657,67104831
91892469657,67104837
91892469657,67104846
91892469657,67105019
91892469657,67105107
91892469657,67105159
91892469657,67105384
91892469657,67105574
91892469657,67105602
91892469657,67105697
91892469657,67105725
91892469657,67107589
91892469657,67107866
91892469657,67108464
91892469657,67108471
91892469657,67108476
91892469657,67108477
91892469657,67108502
91892469657,67108504
91892469657,67108518
91892469657,67108544
91892469657,67108553
91892469657,67108559
91892469657,67108561
91892469657,67108566
91892469657,67108570
91892469657,67108577
91892469657,67108580
91892469657,67108584
91892469657,67108594
91892469657,67108596
91892469657,67108597
91892469657,67108598
91892469657,67108600
91892469657,67108609
91892469657,67108612
91892469657,67108615
91892469657,67108621
91892469657,67108622
91892469657,67108635
91892469657,67108637
91892469657,67108638
91892469657,67108656
91892469657,67108658
91892469657,67108712
91892469657,67108750
91892469657,67108752
91892469657,67108754
91892469657,67108761
91892469657,67108766
91892469657,67108770
100171070527,67099633
100171070527,67099935
100171070527,67099937
100171070527,67099938
100171070527,67101261
100171070527,67108446
100171070527,67108475
100171070527,67108520
100171070527,67108586
100171070527,67108777
100171070527,67108781
