827860087,67100687
827860087,67100715
827860087,67100721
827860087,67100726
827860087,67100728
827860087,67100729
827860087,67100740
827860087,67100742
827860087,67100751
827860087,67100762
827860087,67100764
827860087,67100773
827860087,67100776
827860087,67100777
827860087,67100781
827860087,67100786
827860087,67100787
827860087,67100788
827860087,67100790
827860087,67100793
827860087,67100794
827860087,67100798
827860087,67100802
827860087,67100804
827860087,67100812
827860087,67100824
827860087,67100826
827860087,67100830
827860087,67100835
827860087,67100837
827860087,67100839
827860087,67100840
827860087,67100841
827860087,67100844
827860087,67100847
827860087,67100849
827860087,67100853
827860087,67100861
827860087,67100870
827860087,67100872
827860087,67100880
827860087,67100883
827860087,67100884
827860087,67100891
827860087,67100893
827860087,67100895
827860087,67100896
827860087,67100898
827860087,67100899
827860087,67100900
827860087,67100902
827860087,67100903
827860087,67100904
827860087,67100906
827860087,67100908
827860087,67100909
827860087,67100910
827860087,67100913
827860087,67100914
827860087,67100915
827860087,67100916
827860087,67100918
827860087,67100919
827860087,67100920
827860087,67100923
827860087,67100925
827860087,67100926
827860087,67100927
827860087,67100929
827860087,67100931
827860087,67100932
827860087,67100934
827860087,67100936
827860087,67100937
827860087,67100938
827860087,67100940
827860087,67100944
827860087,67100945
827860087,67100950
827860087,67100951
827860087,67100953
827860087,67100954
827860087,67100958
827860087,67100959
827860087,67100960
827860087,67100962
827860087,67100964
827860087,67100965
827860087,67100966
827860087,67100967
827860087,67100968
827860087,67100969
827860087,67100970
827860087,67100973
827860087,67100974
827860087,67100977
827860087,67100979
827860087,67100980
827860087,67100981
827860087,67100984
827860087,67100985
827860087,67100986
827860087,67100987
827860087,67100988
827860087,67100989
827860087,67100991
827860087,67100993
827860087,67100995
827860087,67100996
827860087,67100997
827860087,67101001
827860087,67101006
827860087,67101007
827860087,67101008
827860087,67101009
827860087,67101010
827860087,67101011
827860087,67101013
827860087,67101014
827860087,67101019
827860087,67101020
827860087,67101022
827860087,67101023
827860087,67101025
827860087,67101027
827860087,67101028
827860087,67101029
827860087,67101034
9106460957,131245
9106460957,131246
9106460957,67100680
9106460957,67100684
9106460957,67100690
9106460957,67100692
9106460957,67100695
9106460957,67100697
9106460957,67100698
9106460957,67100699
9106460957,67100700
9106460957,67100701
9106460957,67100702
9106460957,67100703
9106460957,67100704
9106460957,67100705
9106460957,67100706
9106460957,67100707
9106460957,67100708
9106460957,67100709
9106460957,67100712
9106460957,67100714
9106460957,67100719
9106460957,67100722
9106460957,67100723
9106460957,67100725
9106460957,67100727
9106460957,67100730
9106460957,67100734
9106460957,67100736
9106460957,67100737
9106460957,67100738
9106460957,67100739
9106460957,67100741
9106460957,67100744
9106460957,67100747
9106460957,67100750
9106460957,67100753
9106460957,67100755
9106460957,67100756
9106460957,67100757
9106460957,67100760
9106460957,67100761
9106460957,67100765
9106460957,67100766
9106460957,67100767
9106460957,67100768
9106460957,67100769
9106460957,67100770
9106460957,67100771
9106460957,67100775
9106460957,67100780
9106460957,67100782
9106460957,67100783
9106460957,67100813
9106460957,67100842
9106460957,67100878
9106460957,67100881
9106460957,67101035
9106460957,67101037
