1096522560,134191616
1096522560,134192634
1096522560,134193622
1096522560,134193623
1096522560,134193624
1096522560,134193625
1096522560,134193626
1096522560,134193627
1096522560,134193628
1096522560,134193629
1096522560,134193630
1096522560,134193631
1096522560,134193632
1096522560,134193633
1096522560,134193634
1096522560,134193635
1096522560,134193636
1096522560,134193637
1096522560,134193638
1096522560,134193639
1096522560,134193640
1096522560,134193641
1096522560,134193642
1096522560,134193644
1096522560,134193645
1096522560,134193646
1096522560,134193647
1096522560,134193648
1096522560,134193649
1096522560,134193650
1096522560,134193651
1096522560,134193652
1096522560,134193653
1096522560,134193654
1096522560,134193655
1096522560,134193656
1096522560,134193657
1096522560,134193658
1096522560,134193683
1096522560,134193684
1096522560,134193685
1096522560,134193686
1096522560,134193687
1096522560,134193688
1096522560,134193689
1096522560,134193690
1096522560,134193691
1096522560,134193692
1096522560,134193693
1096522560,134193694
1096522560,134193695
1096522560,134193696
1096522560,134193697
1096522560,134193698
1096522560,134193699
1096522560,134193700
1096522560,134193701
1096522560,134193702
1096522560,134193703
1096522560,134193704
1096522560,134193706
1096522560,134193708
1096522560,134193710
1096522560,134193711
1096522560,134193712
1096522560,134193713
1096522560,134193714
1096522560,134193715
1096522560,134193718
1096522560,134194115
1096522560,134201604
33992199360,67231438
33992199360,134191628
33992199360,134192802
33992199360,134192803
33992199360,134193666
33992199360,134193671
33992199360,134193676
33992199360,134193680
33992199360,134193730
33992199360,134193731
33992199360,134193733
33992199360,134193738
33992199360,134193739
33992199360,134193743
33992199360,134193747
33992199360,134193748
33992199360,134193750
33992199360,134193751
33992199360,134193752
33992199360,134193753
33992199360,134193755
33992199360,134193756
33992199360,134193759
33992199360,134193761
33992199360,134193763
33992199360,134193768
33992199360,134193770
33992199360,134193778
33992199360,134193801
33992199360,134193805
33992199360,134198250
33992199360,134198321
33992199360,134198356
33992199360,134198366
33992199360,134198368
33992199360,134198381
33992199360,134198383
33992199360,134198386
33992199360,134198387
33992199360,134198388
33992199360,134198389
33992199360,134198403
33992199360,134198406
33992199360,134198407
33992199360,134198409
33992199360,134198410
33992199360,134198414
33992199360,134198416
33992199360,134198421
33992199360,134198422
33992199360,134198424
33992199360,134198425
33992199360,134198426
33992199360,134198431
33992199360,134198432
33992199360,134198434
33992199360,134198436
33992199360,134198437
33992199360,134198438
33992199360,134198452
33992199360,134198454
33992199360,134198459
33992199360,134198462
33992199360,134198463
33992199360,134198465
33992199360,134198466
33992199360,134198469
33992199360,134198470
33992199360,134198473
33992199360,134198474
33992199360,134198475
33992199360,134198476
33992199360,134198480
33992199360,134198500
33992199360,134198502
33992199360,134198507
33992199360,134198511
33992199360,134198517
33992199360,134198523
33992199360,134198533
33992199360,134198534
33992199360,134198827
33992199360,134198828
33992199360,134198829
33992199360,134198830
33992199360,134198833
33992199360,134198837
33992199360,134198839
33992199360,134198840
33992199360,134198841
33992199360,134198842
33992199360,134198843
33992199360,134198845
33992199360,134198846
33992199360,134198847
33992199360,134198848
33992199360,134198849
33992199360,134198851
33992199360,134198852
33992199360,134198853
33992199360,134198854
33992199360,134198855
33992199360,134198856
33992199360,134198857
33992199360,134198858
33992199360,134198859
33992199360,134198861
33992199360,134198863
33992199360,134198864
33992199360,134198865
33992199360,134198866
33992199360,134198869
33992199360,134198870
33992199360,134198871
33992199360,134198872
33992199360,134198873
33992199360,134198874
33992199360,134198875
33992199360,134198876
33992199360,134198877
33992199360,134198878
33992199360,134198879
33992199360,134198880
33992199360,134198881
33992199360,134198882
33992199360,134198883
33992199360,134198884
33992199360,134198885
33992199360,134198886
33992199360,134198888
33992199360,134198889
33992199360,134198890
33992199360,134198891
33992199360,134198892
33992199360,134198893
33992199360,134198895
33992199360,134198896
33992199360,134198897
33992199360,134198898
33992199360,134198899
33992199360,134198900
33992199360,134198901
33992199360,134198902
33992199360,134198903
33992199360,134198904
33992199360,134198905
33992199360,134198906
33992199360,134198907
33992199360,134198908
33992199360,134198909
33992199360,134198910
33992199360,134198911
33992199360,134198912
33992199360,134198913
33992199360,134198914
33992199360,134198915
33992199360,134198916
33992199360,134198917
33992199360,134198918
33992199360,134198919
33992199360,134198920
33992199360,134198921
33992199360,134198922
33992199360,134198923
33992199360,134198924
33992199360,134198925
33992199360,134198926
33992199360,134198927
33992199360,134198928
33992199360,134198929
33992199360,134198930
33992199360,134198931
33992199360,134198932
33992199360,134198933
33992199360,134198934
33992199360,134198935
33992199360,134198936
33992199360,134198937
33992199360,134198938
33992199360,134198939
33992199360,134198940
33992199360,134198941
33992199360,134198942
33992199360,134198943
33992199360,134198944
33992199360,134198945
33992199360,134198946
33992199360,134198947
33992199360,134198948
33992199360,134198949
33992199360,134198950
33992199360,134198951
33992199360,134198952
33992199360,134198953
33992199360,134198954
33992199360,134198955
33992199360,134198956
33992199360,134198957
33992199360,134198958
33992199360,134198959
33992199360,134198960
33992199360,134198961
33992199360,134198962
33992199360,134198963
33992199360,134198964
33992199360,134198965
33992199360,134198966
33992199360,134198967
33992199360,134198968
33992199360,134198969
33992199360,134198970
33992199360,134198971
33992199360,134198972
33992199360,134198973
33992199360,134198974
33992199360,134198975
33992199360,134198976
33992199360,134198977
33992199360,134198978
33992199360,134198979
33992199360,134198980
33992199360,134198981
33992199360,134198982
33992199360,134198983
33992199360,134198984
33992199360,134198985
33992199360,134198986
33992199360,134198987
33992199360,134198988
33992199360,134198989
33992199360,134198990
33992199360,134198991
33992199360,134198992
33992199360,134198993
33992199360,134198994
33992199360,134198995
33992199360,134198996
33992199360,134198997
33992199360,134198998
33992199360,134198999
33992199360,134199000
33992199360,134199001
33992199360,134199002
33992199360,134199003
33992199360,134199004
33992199360,134199005
33992199360,134199006
33992199360,134199007
33992199360,134199008
33992199360,134199009
33992199360,134199010
33992199360,134199011
33992199360,134199012
33992199360,134199013
33992199360,134199014
33992199360,134199015
33992199360,134199016
33992199360,134199017
33992199360,134199018
33992199360,134199019
33992199360,134199020
33992199360,134199021
33992199360,134199022
33992199360,134199023
33992199360,134199024
33992199360,134199025
33992199360,134199026
33992199360,134199027
33992199360,134199028
33992199360,134199029
33992199360,134199030
33992199360,134199031
33992199360,134205810
33992199360,134205836
33992199360,134205838
33992199360,134205857
33992199360,134205870
33992199360,134205876
33992199360,134205877
33992199360,134205878
33992199360,134205892
33992199360,134205895
33992199360,134205896
33992199360,134205899
33992199360,134205900
33992199360,134205903
33992199360,134205905
33992199360,134205906
33992199360,134205910
33992199360,134205911
33992199360,134205914
33992199360,134205915
33992199360,134205916
33992199360,134205920
33992199360,134205924
33992199360,134205926
33992199360,134205927
33992199360,134205934
33992199360,134205936
33992199360,134205941
33992199360,134205942
33992199360,134205945
33992199360,134205948
33992199360,134205949
33992199360,134205952
33992199360,134205953
33992199360,134205954
33992199360,134205955
33992199360,134205959
33992199360,134205963
33992199360,134205964
33992199360,134205965
33992199360,134205969
33992199360,134205970
33992199360,134205989
33992199360,134205996
33992199360,134206013
33992199360,134206023
33992199360,134206316
33992199360,134206317
33992199360,134206318
33992199360,134206322
33992199360,134206326
33992199360,134206327
33992199360,134206328
33992199360,134206329
33992199360,134206330
33992199360,134206331
33992199360,134206332
33992199360,134206334
33992199360,134206335
33992199360,134206336
33992199360,134206337
33992199360,134206338
33992199360,134206339
33992199360,134206340
33992199360,134206341
33992199360,134206342
33992199360,134206343
33992199360,134206345
33992199360,134206347
33992199360,134206348
33992199360,134206350
33992199360,134206352
33992199360,134206353
33992199360,134206354
33992199360,134206355
33992199360,134206359
33992199360,134206361
33992199360,134206362
33992199360,134206363
33992199360,134206364
33992199360,134206365
33992199360,134206366
33992199360,134206367
33992199360,134206368
33992199360,134206369
33992199360,134206370
33992199360,134206371
33992199360,134206372
33992199360,134206373
33992199360,134206374
33992199360,134206375
33992199360,134206376
33992199360,134206377
33992199360,134206378
33992199360,134206379
33992199360,134206380
33992199360,134206381
33992199360,134206382
33992199360,134206385
33992199360,134206386
33992199360,134206387
33992199360,134206388
33992199360,134206389
33992199360,134206390
33992199360,134206391
33992199360,134206392
33992199360,134206393
33992199360,134206394
33992199360,134206395
33992199360,134206396
33992199360,134206397
33992199360,134206398
33992199360,134206399
33992199360,134206401
33992199360,134206402
33992199360,134206403
33992199360,134206404
33992199360,134206405
33992199360,134206406
33992199360,134206407
33992199360,134206408
33992199360,134206409
33992199360,134206410
33992199360,134206411
33992199360,134206412
33992199360,134206413
33992199360,134206414
33992199360,134206415
33992199360,134206416
33992199360,134206417
33992199360,134206418
33992199360,134206419
33992199360,134206420
33992199360,134206421
33992199360,134206422
33992199360,134206423
33992199360,134206424
33992199360,134206425
33992199360,134206426
33992199360,134206427
33992199360,134206428
33992199360,134206429
33992199360,134206430
33992199360,134206431
33992199360,134206432
33992199360,134206433
33992199360,134206434
33992199360,134206435
33992199360,134206436
33992199360,134206437
33992199360,134206438
33992199360,134206439
33992199360,134206440
33992199360,134206441
33992199360,134206442
33992199360,134206443
33992199360,134206444
33992199360,134206445
33992199360,134206446
33992199360,134206447
33992199360,134206448
33992199360,134206449
33992199360,134206450
33992199360,134206451
33992199360,134206452
33992199360,134206453
33992199360,134206454
33992199360,134206455
33992199360,134206456
33992199360,134206457
33992199360,134206458
33992199360,134206459
33992199360,134206460
33992199360,134206461
33992199360,134206462
33992199360,134206463
33992199360,134206464
33992199360,134206465
33992199360,134206466
33992199360,134206467
33992199360,134206468
33992199360,134206469
33992199360,134206470
33992199360,134206471
33992199360,134206472
33992199360,134206473
33992199360,134206474
33992199360,134206475
33992199360,134206476
33992199360,134206477
33992199360,134206478
33992199360,134206479
33992199360,134206480
33992199360,134206481
33992199360,134206482
33992199360,134206483
33992199360,134206484
33992199360,134206485
33992199360,134206486
33992199360,134206487
33992199360,134206488
33992199360,134206489
33992199360,134206490
33992199360,134206491
33992199360,134206492
33992199360,134206493
33992199360,134206494
33992199360,134206495
33992199360,134206496
33992199360,134206497
33992199360,134206498
33992199360,134206499
33992199360,134206500
33992199360,134206501
33992199360,134206502
33992199360,134206503
33992199360,134206504
33992199360,134206505
33992199360,134206506
33992199360,134206507
33992199360,134206508
33992199360,134206509
33992199360,134206510
33992199360,134206511
33992199360,134206512
33992199360,134206513
33992199360,134206514
33992199360,134206515
33992199360,134206516
33992199360,134206517
33992199360,134206518
33992199360,134206519
33992199360,134206520
33992199360,134206521
33992199360,134208805
33992199360,134208806
33992199360,134208807
33992199360,134208808
33992199360,134208809
33992199360,134208810
66887876160,134193667
66887876160,134193672
66887876160,134193673
66887876160,134193674
66887876160,134193675
66887876160,134193677
66887876160,134193678
66887876160,134193679
66887876160,134193746
66887876160,134193758
66887876160,134193760
66887876160,134193762
66887876160,134193764
66887876160,134193765
66887876160,134193766
66887876160,134193767
66887876160,134193777
66887876160,134193788
66887876160,134193793
66887876160,134193800
66887876160,134193802
66887876160,134195921
66887876160,134195922
66887876160,134196345
66887876160,134196349
66887876160,134196350
66887876160,134196351
66887876160,134196353
66887876160,134196388
66887876160,134196392
66887876160,134196394
66887876160,134196427
66887876160,134196428
66887876160,134196434
66887876160,134196435
66887876160,134196436
66887876160,134196437
66887876160,134196438
66887876160,134196442
66887876160,134196445
66887876160,134203411
66887876160,134203834
66887876160,134203839
66887876160,134203840
66887876160,134203843
66887876160,134203878
66887876160,134203882
66887876160,134203884
66887876160,134203916
66887876160,134203917
66887876160,134203923
66887876160,134203924
66887876160,134203925
66887876160,134203926
66887876160,134203927
66887876160,134203928
66887876160,134203934
66887876160,134208802
