902036450,134193495
902036450,134193496
902036450,134193497
902036450,134193498
902036450,134193499
902036450,134193500
902036450,134193501
902036450,134193502
902036450,134193503
902036450,134193504
902036450,134193505
902036450,134193506
902036450,134193507
902036450,134193508
902036450,134193509
902036450,134193510
902036450,134193511
902036450,134193512
902036450,134193513
902036450,134193514
902036450,134193515
902036450,134193516
902036450,134193517
902036450,134193518
902036450,134193520
902036450,134193521
902036450,134193522
902036450,134193523
902036450,134193524
902036450,134193525
902036450,134193526
902036450,134193527
902036450,134193528
902036450,134193529
902036450,134193530
902036450,134193531
902036450,134193532
902036450,134193533
902036450,134193534
902036450,134193535
902036450,134193536
902036450,134193537
902036450,134193538
902036450,134193539
902036450,134193540
902036450,134193541
902036450,134193542
902036450,134193543
902036450,134193544
902036450,134193545
902036450,134193546
902036450,134193547
902036450,134193548
902036450,134193549
902036450,134193550
902036450,134193551
902036450,134193552
902036450,134193553
902036450,134193554
902036450,134193555
902036450,134193556
902036450,134193557
902036450,134193558
902036450,134193559
902036450,134193560
902036450,134193561
902036450,134193562
902036450,134193563
902036450,134193564
902036450,134193568
902036450,134193577
902036450,134193579
902036450,134193580
902036450,134193582
902036450,134193589
902036450,134193598
902036450,134193604
902036450,134193608
902036450,134193609
902036450,134193610
902036450,134193612
902036450,134193613
902036450,134193614
902036450,134193615
902036450,134193616
902036450,134193617
902036450,134193618
902036450,134193620
902036450,134193622
902036450,134193623
902036450,134193624
902036450,134193625
902036450,134193629
902036450,134193630
902036450,134193631
902036450,134193632
902036450,134193633
902036450,134193635
902036450,134193640
902036450,134193643
902036450,134193645
902036450,134193646
902036450,134193647
902036450,134193649
902036450,134193650
902036450,134193651
902036450,134193653
902036450,134193658
902036450,134193662
902036450,134193664
902036450,134193665
902036450,134193666
902036450,134193668
902036450,134193669
902036450,134193671
902036450,134193672
902036450,134193674
902036450,134193676
902036450,134193678
902036450,134193679
902036450,134193680
902036450,134193681
902036450,134193682
902036450,134193684
902036450,134193685
902036450,134193687
902036450,134193690
902036450,134193692
902036450,134193694
902036450,134193695
902036450,134193697
902036450,134193698
902036450,134193699
902036450,134193700
902036450,134193701
902036450,134193702
902036450,134193703
902036450,134193706
902036450,134193707
902036450,134193708
902036450,134193711
902036450,134193712
902036450,134193720
902036450,134193723
902036450,134193724
902036450,134193725
902036450,134193726
902036450,134193729
902036450,134193730
902036450,134193731
902036450,134193733
902036450,134193737
902036450,134193738
902036450,134193739
902036450,134193741
902036450,134193742
902036450,134193743
902036450,134193747
902036450,134193748
902036450,134193752
902036450,134193755
902036450,134193756
902036450,134193757
902036450,134193759
902036450,134193760
902036450,134193761
902036450,134193762
902036450,134193763
902036450,134193765
902036450,134193766
902036450,134193767
902036450,134193768
902036450,134193769
902036450,134193770
902036450,134193772
902036450,134193773
902036450,134193774
902036450,134193775
902036450,134193777
902036450,134193780
902036450,134193781
902036450,134193782
902036450,134193783
902036450,134193788
902036450,134193791
902036450,134193792
902036450,134193793
902036450,134193794
902036450,134193796
902036450,134193798
902036450,134193801
902036450,134193802
902036450,134193804
902036450,134193805
902036450,134193806
902036450,134193808
902036450,134193809
902036450,134193810
902036450,134193814
902036450,134193817
902036450,134193819
902036450,134193820
902036450,134193821
902036450,134193822
902036450,134193823
902036450,134193824
902036450,134193825
902036450,134193826
902036450,134193828
902036450,134193829
902036450,134193830
902036450,134193831
902036450,134193833
902036450,134193836
902036450,134193841
902036450,134193843
902036450,134193844
902036450,134193845
902036450,134193846
902036450,134193847
902036450,134193856
902036450,134195602
902036450,134202993
27963129950,67231438
27963129950,134190325
27963129950,134193897
27963129950,134193933
27963129950,134193949
27963129950,134194157
27963129950,134194167
27963129950,134194294
27963129950,134194701
27963129950,134194716
27963129950,134194717
27963129950,134194833
27963129950,134194863
27963129950,134194906
27963129950,134195253
27963129950,134195385
27963129950,134195386
27963129950,134195429
27963129950,134195435
27963129950,134195989
27963129950,134196037
27963129950,134196175
27963129950,134196273
27963129950,134196274
27963129950,134196341
27963129950,134196365
27963129950,134196372
27963129950,134196471
27963129950,134196476
27963129950,134197002
27963129950,134197102
27963129950,134197215
27963129950,134197386
27963129950,134198411
27963129950,134198578
27963129950,134198674
27963129950,134199118
27963129950,134199466
27963129950,134200186
27963129950,134200780
27963129950,134200844
27963129950,134200848
27963129950,134200853
27963129950,134200862
27963129950,134200864
27963129950,134200866
27963129950,134200869
27963129950,134200880
27963129950,134200881
27963129950,134200882
27963129950,134200884
27963129950,134200895
27963129950,134200908
27963129950,134200909
27963129950,134200911
27963129950,134200915
27963129950,134200920
27963129950,134200932
27963129950,134200934
27963129950,134200938
27963129950,134200943
27963129950,134200945
27963129950,134200965
27963129950,134200967
27963129950,134200969
27963129950,134200982
27963129950,134200988
27963129950,134200995
27963129950,134201001
27963129950,134201007
27963129950,134201008
27963129950,134201016
27963129950,134201023
27963129950,134201027
27963129950,134201029
27963129950,134201030
27963129950,134201037
27963129950,134201039
27963129950,134201042
27963129950,134201046
27963129950,134201049
27963129950,134201050
27963129950,134201053
27963129950,134201055
27963129950,134201059
27963129950,134201062
27963129950,134201079
27963129950,134201080
27963129950,134201085
27963129950,134201094
27963129950,134201097
27963129950,134201109
27963129950,134201110
27963129950,134201112
27963129950,134201127
27963129950,134201128
27963129950,134201148
27963129950,134201168
27963129950,134201171
27963129950,134201178
27963129950,134201182
27963129950,134201185
27963129950,134201186
27963129950,134201188
27963129950,134201192
27963129950,134201196
27963129950,134201200
27963129950,134201205
27963129950,134201206
27963129950,134201222
27963129950,134201223
27963129950,134201224
27963129950,134201227
27963129950,134201228
27963129950,134201233
27963129950,134201241
27963129950,134201242
27963129950,134201288
27963129950,134201324
27963129950,134201340
27963129950,134201548
27963129950,134201558
27963129950,134201685
27963129950,134202092
27963129950,134202107
27963129950,134202108
27963129950,134202224
27963129950,134202254
27963129950,134202297
27963129950,134202644
27963129950,134202776
27963129950,134202777
27963129950,134202820
27963129950,134202826
27963129950,134203380
27963129950,134203428
27963129950,134203566
27963129950,134203664
27963129950,134203732
27963129950,134203756
27963129950,134203763
27963129950,134203862
27963129950,134203867
27963129950,134204393
27963129950,134204493
27963129950,134204606
27963129950,134204777
27963129950,134205802
27963129950,134205969
27963129950,134206065
27963129950,134206509
27963129950,134206560
27963129950,134206857
27963129950,134207577
27963129950,134208144
27963129950,134208171
27963129950,134208204
27963129950,134208235
27963129950,134208239
27963129950,134208244
27963129950,134208253
27963129950,134208255
27963129950,134208257
27963129950,134208260
27963129950,134208271
27963129950,134208272
27963129950,134208275
27963129950,134208286
27963129950,134208299
27963129950,134208300
27963129950,134208302
27963129950,134208306
27963129950,134208311
27963129950,134208323
27963129950,134208325
27963129950,134208329
27963129950,134208334
27963129950,134208336
27963129950,134208356
27963129950,134208358
27963129950,134208360
27963129950,134208373
27963129950,134208379
27963129950,134208386
27963129950,134208392
27963129950,134208398
27963129950,134208399
27963129950,134208407
27963129950,134208414
27963129950,134208418
27963129950,134208420
27963129950,134208421
27963129950,134208428
27963129950,134208430
27963129950,134208433
27963129950,134208437
27963129950,134208440
27963129950,134208441
27963129950,134208444
27963129950,134208446
27963129950,134208450
27963129950,134208452
27963129950,134208453
27963129950,134208470
27963129950,134208471
27963129950,134208475
27963129950,134208485
27963129950,134208488
27963129950,134208500
27963129950,134208501
27963129950,134208503
27963129950,134208518
27963129950,134208539
27963129950,134208559
27963129950,134208561
27963129950,134208569
27963129950,134208576
27963129950,134208577
27963129950,134208579
27963129950,134208583
27963129950,134208587
27963129950,134208591
27963129950,134208596
27963129950,134208597
27963129950,134208613
27963129950,134208614
27963129950,134208615
27963129950,134208618
27963129950,134208619
27963129950,134208624
27963129950,134208632
27963129950,134208633
27963129950,134208639
27963129950,134208641
27963129950,134208642
27963129950,134208643
27963129950,134208644
27963129950,134208645
27963129950,134208646
27963129950,134208647
27963129950,134208648
27963129950,134208649
27963129950,134208650
27963129950,134208651
27963129950,134208652
27963129950,134208653
27963129950,134208654
27963129950,134208655
27963129950,134208656
27963129950,134208657
27963129950,134208658
27963129950,134208659
27963129950,134208660
27963129950,134208661
27963129950,134208664
27963129950,134208665
27963129950,134208666
27963129950,134208667
27963129950,134208668
27963129950,134208669
27963129950,134208670
27963129950,134208671
27963129950,134208672
27963129950,134208673
27963129950,134208674
27963129950,134208675
27963129950,134208676
27963129950,134208677
27963129950,134208678
27963129950,134208679
27963129950,134208680
27963129950,134208681
27963129950,134208682
27963129950,134208683
27963129950,134208686
27963129950,134208687
27963129950,134208688
27963129950,134208689
27963129950,134208690
27963129950,134208691
27963129950,134208692
27963129950,134208693
27963129950,134208694
27963129950,134208695
27963129950,134208696
27963129950,134208697
27963129950,134208698
27963129950,134208699
27963129950,134208700
27963129950,134208701
27963129950,134208702
27963129950,134208703
27963129950,134208705
27963129950,134208706
27963129950,134208707
27963129950,134208708
27963129950,134208720
27963129950,134208733
27963129950,134208740
27963129950,134208743
27963129950,134208744
27963129950,134208745
27963129950,134208746
27963129950,134208747
27963129950,134208752
27963129950,134208754
27963129950,134208755
27963129950,134208758
27963129950,134208761
27963129950,134208762
27963129950,134208767
27963129950,134208772
27963129950,134208774
27963129950,134208775
27963129950,134208776
27963129950,134208777
27963129950,134208778
27963129950,134208780
27963129950,134208783
27963129950,134208784
27963129950,134208789
27963129950,134208794
27963129950,134208795
27963129950,134208796
27963129950,134208801
27963129950,134208802
27963129950,134208804
27963129950,134208805
27963129950,134208806
27963129950,134208807
27963129950,134208811
27963129950,134208812
27963129950,134208813
27963129950,134208816
27963129950,134208819
27963129950,134208821
27963129950,134208824
27963129950,134208825
27963129950,134208826
27963129950,134208827
27963129950,134208828
27963129950,134208830
27963129950,134208831
27963129950,134208832
27963129950,134208837
27963129950,134208838
27963129950,134208839
27963129950,134208840
27963129950,134208841
27963129950,134208843
27963129950,134208844
27963129950,134208845
27963129950,134208846
27963129950,134208853
27963129950,134208854
27963129950,134208855
27963129950,134208856
27963129950,134208858
27963129950,134208859
27963129950,134208863
27963129950,134208865
27963129950,134208867
27963129950,134208869
27963129950,134208870
27963129950,134208872
27963129950,134208873
27963129950,134208875
27963129950,134208876
27963129950,134208877
27963129950,134208880
27963129950,134208883
27963129950,134208884
27963129950,134208885
27963129950,134208886
27963129950,134208887
27963129950,134208889
27963129950,134208890
27963129950,134208891
27963129950,134208892
27963129950,134208893
27963129950,134208894
27963129950,134208895
27963129950,134208896
27963129950,134208898
27963129950,134208899
27963129950,134208900
27963129950,134208901
27963129950,134208902
27963129950,134208903
27963129950,134208904
27963129950,134208911
27963129950,134208913
27963129950,134208914
27963129950,134208915
27963129950,134208918
27963129950,134208919
27963129950,134208920
27963129950,134208923
27963129950,134208927
27963129950,134208928
27963129950,134208929
27963129950,134208932
27963129950,134208935
27963129950,134208936
27963129950,134208937
27963129950,134208938
27963129950,134208939
27963129950,134208946
27963129950,134208947
27963129950,134208948
27963129950,134208949
27963129950,134208951
27963129950,134208952
27963129950,134208954
27963129950,134208957
27963129950,134208959
27963129950,134208963
27963129950,134208964
27963129950,134208965
27963129950,134208966
27963129950,134208967
27963129950,134208968
27963129950,134208971
27963129950,134208972
27963129950,134208973
27963129950,134208975
27963129950,134208976
27963129950,134208977
27963129950,134208978
27963129950,134208982
27963129950,134208983
27963129950,134208985
27963129950,134208987
27963129950,134208988
27963129950,134208989
27963129950,134208990
27963129950,134208994
27963129950,134208998
