1379256614,134200757
1379256614,134200758
1379256614,134200759
1379256614,134200760
1379256614,134200761
1379256614,134201166
1379256614,134205161
42756955034,67231452
42756955034,67231453
42756955034,67231460
42756955034,134200199
42756955034,134200894
42756955034,134200898
42756955034,134200903
42756955034,134200904
42756955034,134200909
42756955034,134200922
42756955034,134200923
42756955034,134200933
42756955034,134200935
42756955034,134200938
42756955034,134200939
42756955034,134200941
42756955034,134200949
42756955034,134200957
42756955034,134200958
42756955034,134200962
42756955034,134200965
42756955034,134200970
42756955034,134200973
42756955034,134200976
42756955034,134200977
42756955034,134200979
42756955034,134200981
42756955034,134201167
42756955034,134201170
42756955034,134201172
42756955034,134201174
42756955034,134201175
42756955034,134201176
42756955034,134201178
42756955034,134201179
42756955034,134201181
42756955034,134201182
42756955034,134201184
42756955034,134201186
42756955034,134201187
42756955034,134201189
42756955034,134201190
42756955034,134201191
42756955034,134201192
42756955034,134201193
42756955034,134201194
42756955034,134201195
42756955034,134201196
42756955034,134201198
42756955034,134201200
42756955034,134201203
42756955034,134201204
42756955034,134201207
42756955034,134201208
42756955034,134201212
42756955034,134201213
42756955034,134201215
42756955034,134201216
42756955034,134201217
42756955034,134201218
42756955034,134201220
42756955034,134201221
42756955034,134201222
42756955034,134201223
42756955034,134201224
42756955034,134201227
42756955034,134201229
42756955034,134201231
42756955034,134201232
42756955034,134201233
42756955034,134201234
42756955034,134201235
42756955034,134201237
42756955034,134201238
42756955034,134201240
42756955034,134201241
42756955034,134201242
42756955034,134201243
42756955034,134201244
42756955034,134201245
42756955034,134201246
42756955034,134201247
42756955034,134201249
42756955034,134201251
42756955034,134201253
42756955034,134201255
42756955034,134201257
42756955034,134201258
42756955034,134201262
42756955034,134201263
42756955034,134201264
42756955034,134201265
42756955034,134201268
42756955034,134201269
42756955034,134201270
42756955034,134201271
42756955034,134201272
42756955034,134201273
42756955034,134201274
42756955034,134201275
42756955034,134201276
42756955034,134201277
42756955034,134201279
42756955034,134201280
42756955034,134201281
42756955034,134201283
42756955034,134201285
42756955034,134201287
42756955034,134201288
42756955034,134201289
42756955034,134201290
42756955034,134201291
42756955034,134201294
42756955034,134201295
42756955034,134201296
42756955034,134201297
42756955034,134201298
42756955034,134201299
42756955034,134201300
42756955034,134201301
42756955034,134201302
42756955034,134201303
42756955034,134201304
42756955034,134201305
42756955034,134201306
42756955034,134201307
42756955034,134201308
42756955034,134201309
42756955034,134201310
42756955034,134202023
42756955034,134202024
42756955034,134202025
42756955034,134202026
42756955034,134202027
42756955034,134202028
42756955034,134202029
42756955034,134202030
42756955034,134202031
42756955034,134202033
42756955034,134204854
42756955034,134204855
42756955034,134204856
42756955034,134204857
42756955034,134204858
42756955034,134204859
42756955034,134204860
42756955034,134204861
42756955034,134204862
42756955034,134204863
42756955034,134204864
42756955034,134204865
42756955034,134204866
42756955034,134204867
42756955034,134204869
42756955034,134204870
42756955034,134204871
42756955034,134204872
42756955034,134204873
42756955034,134204874
42756955034,134204875
42756955034,134204876
42756955034,134204877
42756955034,134204878
42756955034,134204886
42756955034,134204888
42756955034,134204893
42756955034,134204898
42756955034,134204899
42756955034,134204904
42756955034,134204916
42756955034,134204918
42756955034,134204928
42756955034,134204930
42756955034,134204933
42756955034,134204934
42756955034,134204940
42756955034,134204945
42756955034,134204957
42756955034,134204960
42756955034,134204965
42756955034,134204968
42756955034,134204971
42756955034,134204972
42756955034,134204973
42756955034,134204974
42756955034,134205162
42756955034,134205164
42756955034,134205169
42756955034,134205170
42756955034,134205171
42756955034,134205173
42756955034,134205174
42756955034,134205176
42756955034,134205177
42756955034,134205179
42756955034,134205181
42756955034,134205182
42756955034,134205184
42756955034,134205185
42756955034,134205186
42756955034,134205187
42756955034,134205188
42756955034,134205189
42756955034,134205190
42756955034,134205193
42756955034,134205194
42756955034,134205195
42756955034,134205197
42756955034,134205198
42756955034,134205199
42756955034,134205202
42756955034,134205203
42756955034,134205206
42756955034,134205207
42756955034,134205208
42756955034,134205210
42756955034,134205211
42756955034,134205212
42756955034,134205213
42756955034,134205214
42756955034,134205215
42756955034,134205216
42756955034,134205217
42756955034,134205218
42756955034,134205222
42756955034,134205224
42756955034,134205226
42756955034,134205227
42756955034,134205229
42756955034,134205230
42756955034,134205232
42756955034,134205233
42756955034,134205235
42756955034,134205236
42756955034,134205237
42756955034,134205238
42756955034,134205240
42756955034,134205241
42756955034,134205242
42756955034,134205244
42756955034,134205246
42756955034,134205248
42756955034,134205249
42756955034,134205251
42756955034,134205252
42756955034,134205253
42756955034,134205254
42756955034,134205256
42756955034,134205258
42756955034,134205260
42756955034,134205263
42756955034,134205264
42756955034,134205265
42756955034,134205267
42756955034,134205268
42756955034,134205269
42756955034,134205270
42756955034,134205271
42756955034,134205272
42756955034,134205274
42756955034,134205276
42756955034,134205278
42756955034,134205279
42756955034,134205280
42756955034,134205282
42756955034,134205283
42756955034,134205284
42756955034,134205285
42756955034,134205289
42756955034,134205290
42756955034,134205291
42756955034,134205292
42756955034,134205293
42756955034,134205294
42756955034,134205295
42756955034,134205296
42756955034,134205297
42756955034,134205298
42756955034,134205299
42756955034,134205301
42756955034,134205302
42756955034,134205303
42756955034,134205304
42756955034,134205305
42756955034,134206018
42756955034,134206019
42756955034,134206020
42756955034,134206021
42756955034,134206022
42756955034,134206023
42756955034,134206024
42756955034,134206025
42756955034,134206026
42756955034,134206027
42756955034,134206028
42756955034,134208849
42756955034,134208850
42756955034,134208851
42756955034,134208852
42756955034,134208853
42756955034,134208854
42756955034,134208855
42756955034,134208856
42756955034,134208857
42756955034,134208858
42756955034,134208859
42756955034,134208860
42756955034,134208861
42756955034,134208862
42756955034,134208864
42756955034,134208865
42756955034,134208866
42756955034,134208867
42756955034,134208868
42756955034,134208869
42756955034,134208870
42756955034,134208871
42756955034,134208872
42756955034,134208874
42756955034,134208981
42756955034,134208982
42756955034,134208985
42756955034,134208986
42756955034,134208987
42756955034,134208988
42756955034,134208989
42756955034,134208990
42756955034,134208991
42756955034,134208992
42756955034,134208993
42756955034,134208994
42756955034,134208995
42756955034,134208996
42756955034,134208997
42756955034,134208998
42756955034,134208999
42756955034,134209000
42756955034,134209001
