732856447,134200812
732856447,134200813
732856447,134200814
732856447,134200815
732856447,134201001
732856447,134204996
22718549857,134200141
22718549857,134204113
22718549857,134204118
22718549857,134204119
22718549857,134204123
22718549857,134204125
22718549857,134204130
22718549857,134204131
22718549857,134204134
22718549857,134204135
22718549857,134204137
22718549857,134204138
22718549857,134204139
22718549857,134204140
22718549857,134204141
22718549857,134204143
22718549857,134204144
22718549857,134204150
22718549857,134204152
22718549857,134204154
22718549857,134204155
22718549857,134204156
22718549857,134204160
22718549857,134204161
22718549857,134204162
22718549857,134204169
22718549857,134204171
22718549857,134204172
22718549857,134204174
22718549857,134204179
22718549857,134204180
22718549857,134204182
22718549857,134204184
22718549857,134204187
22718549857,134204190
22718549857,134204191
22718549857,134204192
22718549857,134204193
22718549857,134204195
22718549857,134204197
22718549857,134204206
22718549857,134204209
22718549857,134204210
22718549857,134204211
22718549857,134204213
22718549857,134204215
22718549857,134204216
22718549857,134204219
22718549857,134204220
22718549857,134204221
22718549857,134204222
22718549857,134204224
22718549857,134204225
22718549857,134204227
22718549857,134204228
22718549857,134204232
22718549857,134204234
22718549857,134204235
22718549857,134204238
22718549857,134204239
22718549857,134204241
22718549857,134204242
22718549857,134204243
22718549857,134204244
22718549857,134204247
22718549857,134204250
22718549857,134204252
22718549857,134204253
22718549857,134204257
22718549857,134204258
22718549857,134204264
22718549857,134204265
22718549857,134204269
22718549857,134204270
22718549857,134204271
22718549857,134204273
22718549857,134204274
22718549857,134204275
22718549857,134204277
22718549857,134204278
22718549857,134204279
22718549857,134204281
22718549857,134204282
22718549857,134204288
22718549857,134204289
22718549857,134204293
22718549857,134204294
22718549857,134204295
22718549857,134204299
22718549857,134204304
22718549857,134204305
22718549857,134204306
22718549857,134204307
22718549857,134204313
22718549857,134204314
22718549857,134204315
22718549857,134204316
22718549857,134204320
22718549857,134204321
22718549857,134204322
22718549857,134204325
22718549857,134204326
22718549857,134204327
22718549857,134204328
22718549857,134204329
22718549857,134204332
22718549857,134204337
22718549857,134204340
22718549857,134204342
22718549857,134204343
22718549857,134204344
22718549857,134204349
22718549857,134204350
22718549857,134204352
22718549857,134204353
22718549857,134204354
22718549857,134204356
22718549857,134204358
22718549857,134204359
22718549857,134204361
22718549857,134204362
22718549857,134204363
22718549857,134204364
22718549857,134204365
22718549857,134204367
22718549857,134204372
22718549857,134204373
22718549857,134204374
22718549857,134204375
22718549857,134204376
22718549857,134204377
22718549857,134204378
22718549857,134204381
22718549857,134204382
22718549857,134204383
22718549857,134204384
22718549857,134204385
22718549857,134204386
22718549857,134204387
22718549857,134204389
22718549857,134204390
22718549857,134204392
22718549857,134204393
22718549857,134204394
22718549857,134204395
22718549857,134204396
22718549857,134204397
22718549857,134204398
22718549857,134204399
22718549857,134204400
22718549857,134204401
22718549857,134204402
22718549857,134204403
22718549857,134204405
22718549857,134204406
22718549857,134204407
22718549857,134204408
22718549857,134204409
22718549857,134204410
22718549857,134204412
22718549857,134204413
22718549857,134204414
22718549857,134204416
22718549857,134204417
22718549857,134204419
22718549857,134204420
22718549857,134204421
22718549857,134204422
22718549857,134204423
22718549857,134204425
22718549857,134208111
22718549857,134208113
22718549857,134208114
22718549857,134208118
22718549857,134208125
22718549857,134208130
22718549857,134208131
22718549857,134208132
22718549857,134208134
22718549857,134208136
22718549857,134208137
22718549857,134208139
22718549857,134208145
22718549857,134208147
22718549857,134208149
22718549857,134208151
22718549857,134208154
22718549857,134208156
22718549857,134208157
22718549857,134208164
22718549857,134208165
22718549857,134208166
22718549857,134208167
22718549857,134208169
22718549857,134208174
22718549857,134208175
22718549857,134208177
22718549857,134208179
22718549857,134208185
22718549857,134208186
22718549857,134208187
22718549857,134208188
22718549857,134208190
22718549857,134208192
22718549857,134208198
22718549857,134208201
22718549857,134208203
22718549857,134208205
22718549857,134208206
22718549857,134208207
22718549857,134208208
22718549857,134208210
22718549857,134208211
22718549857,134208214
22718549857,134208215
22718549857,134208216
22718549857,134208217
22718549857,134208219
22718549857,134208221
22718549857,134208222
22718549857,134208223
22718549857,134208226
22718549857,134208227
22718549857,134208229
22718549857,134208231
22718549857,134208233
22718549857,134208234
22718549857,134208236
22718549857,134208237
22718549857,134208238
22718549857,134208239
22718549857,134208243
22718549857,134208245
22718549857,134208248
22718549857,134208252
22718549857,134208253
22718549857,134208258
22718549857,134208259
22718549857,134208260
22718549857,134208265
22718549857,134208267
22718549857,134208269
22718549857,134208272
22718549857,134208274
22718549857,134208276
22718549857,134208277
22718549857,134208283
22718549857,134208284
22718549857,134208288
22718549857,134208289
22718549857,134208290
22718549857,134208294
22718549857,134208299
22718549857,134208300
22718549857,134208302
22718549857,134208307
22718549857,134208308
22718549857,134208310
22718549857,134208311
22718549857,134208315
22718549857,134208316
22718549857,134208317
22718549857,134208320
22718549857,134208321
22718549857,134208322
22718549857,134208323
22718549857,134208324
22718549857,134208327
22718549857,134208331
22718549857,134208332
22718549857,134208334
22718549857,134208337
22718549857,134208338
22718549857,134208339
22718549857,134208344
22718549857,134208345
22718549857,134208347
22718549857,134208348
22718549857,134208349
22718549857,134208351
22718549857,134208352
22718549857,134208353
22718549857,134208354
22718549857,134208355
22718549857,134208356
22718549857,134208357
22718549857,134208358
22718549857,134208359
22718549857,134208360
22718549857,134208362
22718549857,134208365
22718549857,134208367
22718549857,134208368
22718549857,134208369
22718549857,134208370
22718549857,134208371
22718549857,134208372
22718549857,134208373
22718549857,134208375
22718549857,134208376
22718549857,134208378
22718549857,134208379
22718549857,134208380
22718549857,134208381
22718549857,134208382
22718549857,134208384
22718549857,134208385
22718549857,134208387
22718549857,134208388
22718549857,134208389
22718549857,134208390
22718549857,134208391
22718549857,134208392
22718549857,134208393
22718549857,134208394
22718549857,134208396
22718549857,134208397
22718549857,134208398
22718549857,134208400
22718549857,134208401
22718549857,134208402
22718549857,134208403
22718549857,134208404
22718549857,134208405
22718549857,134208406
22718549857,134208407
22718549857,134208408
22718549857,134208409
22718549857,134208411
22718549857,134208412
22718549857,134208414
22718549857,134208415
22718549857,134208416
22718549857,134208417
22718549857,134208419
22718549857,134208420
22718549857,134208976
22718549857,134208977
