1093269888,134193622
1093269888,134193623
1093269888,134193624
1093269888,134193625
1093269888,134193626
1093269888,134193627
1093269888,134193628
1093269888,134193629
1093269888,134193630
1093269888,134193631
1093269888,134193632
1093269888,134193633
1093269888,134193634
1093269888,134193635
1093269888,134193636
1093269888,134193637
1093269888,134193638
1093269888,134193639
1093269888,134193640
1093269888,134193641
1093269888,134193642
1093269888,134193643
1093269888,134193646
1093269888,134193647
1093269888,134193648
1093269888,134193649
1093269888,134194122
1093269888,134201611
33891366528,67231438
33891366528,134191627
33891366528,134192801
33891366528,134193704
33891366528,134193716
33891366528,134193717
33891366528,134193723
33891366528,134193726
33891366528,134193727
33891366528,134193728
33891366528,134193729
33891366528,134193730
33891366528,134193732
33891366528,134193733
33891366528,134193734
33891366528,134193735
33891366528,134193736
33891366528,134193738
33891366528,134193740
33891366528,134193743
33891366528,134193744
33891366528,134193746
33891366528,134198659
33891366528,134198660
33891366528,134198661
33891366528,134198662
33891366528,134206149
33891366528,134206150
33891366528,134206151
33891366528,134208837
66689463168,67231439
66689463168,67231453
66689463168,67231454
66689463168,134193814
66689463168,134193815
66689463168,134193818
66689463168,134193832
66689463168,134193845
66689463168,134193847
66689463168,134193856
66689463168,134193864
66689463168,134193868
66689463168,134193880
66689463168,134193881
66689463168,134193885
66689463168,134193893
66689463168,134193901
66689463168,134193905
66689463168,134193921
66689463168,134194123
66689463168,134194127
66689463168,134194128
66689463168,134194131
66689463168,134194132
66689463168,134194137
66689463168,134194139
66689463168,134194140
66689463168,134194142
66689463168,134194144
66689463168,134194146
66689463168,134194147
66689463168,134194148
66689463168,134194151
66689463168,134194156
66689463168,134194157
66689463168,134194158
66689463168,134194160
66689463168,134194161
66689463168,134194162
66689463168,134194164
66689463168,134194165
66689463168,134194166
66689463168,134194167
66689463168,134194168
66689463168,134194181
66689463168,134194183
66689463168,134194186
66689463168,134194187
66689463168,134194188
66689463168,134194190
66689463168,134194191
66689463168,134194192
66689463168,134194194
66689463168,134194197
66689463168,134194202
66689463168,134194203
66689463168,134194204
66689463168,134194206
66689463168,134194213
66689463168,134194216
66689463168,134194219
66689463168,134194220
66689463168,134194223
66689463168,134194224
66689463168,134194227
66689463168,134194229
66689463168,134194230
66689463168,134194233
66689463168,134194234
66689463168,134194237
66689463168,134194239
66689463168,134194240
66689463168,134194242
66689463168,134194244
66689463168,134194251
66689463168,134194261
66689463168,134194262
66689463168,134194263
66689463168,134194270
66689463168,134194273
66689463168,134194280
66689463168,134194283
66689463168,134194291
66689463168,134194292
66689463168,134194296
66689463168,134194305
66689463168,134194307
66689463168,134194312
66689463168,134194328
66689463168,134194336
66689463168,134194338
66689463168,134194345
66689463168,134194346
66689463168,134194349
66689463168,134194355
66689463168,134194356
66689463168,134194360
66689463168,134194362
66689463168,134194368
66689463168,134194371
66689463168,134194381
66689463168,134194390
66689463168,134194393
66689463168,134194398
66689463168,134194404
66689463168,134194405
66689463168,134194406
66689463168,134194414
66689463168,134194415
66689463168,134194418
66689463168,134194419
66689463168,134194420
66689463168,134194421
66689463168,134194423
66689463168,134194425
66689463168,134194427
66689463168,134194428
66689463168,134194434
66689463168,134194436
66689463168,134194438
66689463168,134194444
66689463168,134194447
66689463168,134194448
66689463168,134194467
66689463168,134194469
66689463168,134194471
66689463168,134194477
66689463168,134194478
66689463168,134194479
66689463168,134194480
66689463168,134194481
66689463168,134194482
66689463168,134194489
66689463168,134194490
66689463168,134194491
66689463168,134194495
66689463168,134194496
66689463168,134194498
66689463168,134194503
66689463168,134194504
66689463168,134194505
66689463168,134194508
66689463168,134194509
66689463168,134194523
66689463168,134194524
66689463168,134194525
66689463168,134194527
66689463168,134194528
66689463168,134194530
66689463168,134194531
66689463168,134194532
66689463168,134194533
66689463168,134194534
66689463168,134194537
66689463168,134194538
66689463168,134194539
66689463168,134194543
66689463168,134194544
66689463168,134194545
66689463168,134194547
66689463168,134194548
66689463168,134194549
66689463168,134194550
66689463168,134194552
66689463168,134194553
66689463168,134194554
66689463168,134194555
66689463168,134194559
66689463168,134194563
66689463168,134194564
66689463168,134194565
66689463168,134194566
66689463168,134194569
66689463168,134194570
66689463168,134194571
66689463168,134194572
66689463168,134194573
66689463168,134194575
66689463168,134194576
66689463168,134194577
66689463168,134194578
66689463168,134194579
66689463168,134194580
66689463168,134194583
66689463168,134194584
66689463168,134194585
66689463168,134194586
66689463168,134194587
66689463168,134194589
66689463168,134194590
66689463168,134194591
66689463168,134194593
66689463168,134194594
66689463168,134194596
66689463168,134194597
66689463168,134194598
66689463168,134194599
66689463168,134194600
66689463168,134194601
66689463168,134194602
66689463168,134194603
66689463168,134194604
66689463168,134194605
66689463168,134194608
66689463168,134194609
66689463168,134194611
66689463168,134194613
66689463168,134194621
66689463168,134194622
66689463168,134194623
66689463168,134194624
66689463168,134194626
66689463168,134194627
66689463168,134194628
66689463168,134194631
66689463168,134194632
66689463168,134194634
66689463168,134194635
66689463168,134194636
66689463168,134194638
66689463168,134194639
66689463168,134194641
66689463168,134194642
66689463168,134194643
66689463168,134194644
66689463168,134194646
66689463168,134194647
66689463168,134194648
66689463168,134194649
66689463168,134194650
66689463168,134194651
66689463168,134194652
66689463168,134194653
66689463168,134194654
66689463168,134194655
66689463168,134194656
66689463168,134194657
66689463168,134194658
66689463168,134194659
66689463168,134194660
66689463168,134194662
66689463168,134194663
66689463168,134194664
66689463168,134194665
66689463168,134194666
66689463168,134194667
66689463168,134194668
66689463168,134194669
66689463168,134194670
66689463168,134194671
66689463168,134194672
66689463168,134194673
66689463168,134194674
66689463168,134194675
66689463168,134194676
66689463168,134195070
66689463168,134196682
66689463168,134196683
66689463168,134201322
66689463168,134201334
66689463168,134201336
66689463168,134201345
66689463168,134201353
66689463168,134201358
66689463168,134201367
66689463168,134201370
66689463168,134201374
66689463168,134201382
66689463168,134201394
66689463168,134201410
66689463168,134201616
66689463168,134201617
66689463168,134201620
66689463168,134201621
66689463168,134201626
66689463168,134201629
66689463168,134201630
66689463168,134201631
66689463168,134201633
66689463168,134201635
66689463168,134201636
66689463168,134201637
66689463168,134201640
66689463168,134201641
66689463168,134201645
66689463168,134201647
66689463168,134201649
66689463168,134201650
66689463168,134201651
66689463168,134201653
66689463168,134201655
66689463168,134201657
66689463168,134201670
66689463168,134201672
66689463168,134201675
66689463168,134201676
66689463168,134201677
66689463168,134201680
66689463168,134201681
66689463168,134201682
66689463168,134201683
66689463168,134201686
66689463168,134201687
66689463168,134201691
66689463168,134201692
66689463168,134201693
66689463168,134201695
66689463168,134201702
66689463168,134201706
66689463168,134201709
66689463168,134201713
66689463168,134201714
66689463168,134201716
66689463168,134201717
66689463168,134201718
66689463168,134201719
66689463168,134201721
66689463168,134201722
66689463168,134201723
66689463168,134201725
66689463168,134201728
66689463168,134201729
66689463168,134201730
66689463168,134201731
66689463168,134201733
66689463168,134201740
66689463168,134201751
66689463168,134201753
66689463168,134201755
66689463168,134201762
66689463168,134201769
66689463168,134201780
66689463168,134201781
66689463168,134201784
66689463168,134201786
66689463168,134201794
66689463168,134201796
66689463168,134201801
66689463168,134201802
66689463168,134201810
66689463168,134201817
66689463168,134201825
66689463168,134201827
66689463168,134201834
66689463168,134201835
66689463168,134201838
66689463168,134201844
66689463168,134201846
66689463168,134201849
66689463168,134201851
66689463168,134201857
66689463168,134201860
66689463168,134201863
66689463168,134201870
66689463168,134201883
66689463168,134201888
66689463168,134201894
66689463168,134201895
66689463168,134201904
66689463168,134201907
66689463168,134201908
66689463168,134201909
66689463168,134201911
66689463168,134201912
66689463168,134201916
66689463168,134201917
66689463168,134201923
66689463168,134201926
66689463168,134201933
66689463168,134201936
66689463168,134201937
66689463168,134201941
66689463168,134201956
66689463168,134201958
66689463168,134201961
66689463168,134201966
66689463168,134201967
66689463168,134201968
66689463168,134201969
66689463168,134201970
66689463168,134201971
66689463168,134201978
66689463168,134201979
66689463168,134201980
66689463168,134201984
66689463168,134201987
66689463168,134201992
66689463168,134201993
66689463168,134201994
66689463168,134201997
66689463168,134201998
66689463168,134202012
66689463168,134202014
66689463168,134202015
66689463168,134202016
66689463168,134202017
66689463168,134202019
66689463168,134202020
66689463168,134202022
66689463168,134202023
66689463168,134202026
66689463168,134202027
66689463168,134202029
66689463168,134202030
66689463168,134202032
66689463168,134202033
66689463168,134202034
66689463168,134202036
66689463168,134202038
66689463168,134202039
66689463168,134202041
66689463168,134202042
66689463168,134202043
66689463168,134202044
66689463168,134202049
66689463168,134202052
66689463168,134202053
66689463168,134202054
66689463168,134202055
66689463168,134202056
66689463168,134202058
66689463168,134202059
66689463168,134202060
66689463168,134202061
66689463168,134202062
66689463168,134202063
66689463168,134202064
66689463168,134202065
66689463168,134202066
66689463168,134202068
66689463168,134202069
66689463168,134202072
66689463168,134202073
66689463168,134202074
66689463168,134202075
66689463168,134202076
66689463168,134202077
66689463168,134202078
66689463168,134202079
66689463168,134202080
66689463168,134202081
66689463168,134202082
66689463168,134202083
66689463168,134202084
66689463168,134202085
66689463168,134202086
66689463168,134202087
66689463168,134202088
66689463168,134202089
66689463168,134202090
66689463168,134202091
66689463168,134202092
66689463168,134202093
66689463168,134202094
66689463168,134202095
66689463168,134202097
66689463168,134202098
66689463168,134202099
66689463168,134202101
66689463168,134202102
66689463168,134202103
66689463168,134202110
66689463168,134202112
66689463168,134202113
66689463168,134202115
66689463168,134202116
66689463168,134202117
66689463168,134202120
66689463168,134202121
66689463168,134202123
66689463168,134202124
66689463168,134202125
66689463168,134202127
66689463168,134202128
66689463168,134202129
66689463168,134202130
66689463168,134202131
66689463168,134202132
66689463168,134202133
66689463168,134202135
66689463168,134202137
66689463168,134202138
66689463168,134202139
66689463168,134202140
66689463168,134202141
66689463168,134202142
66689463168,134202143
66689463168,134202144
66689463168,134202145
66689463168,134202146
66689463168,134202147
66689463168,134202148
66689463168,134202149
66689463168,134202150
66689463168,134202151
66689463168,134202152
66689463168,134202153
66689463168,134202154
66689463168,134202155
66689463168,134202156
66689463168,134202157
66689463168,134202158
66689463168,134202159
66689463168,134202160
66689463168,134202161
66689463168,134202162
66689463168,134202163
66689463168,134202164
66689463168,134202165
66689463168,134204171
66689463168,134204172
99487559808,134191659
99487559808,134194134
99487559808,134194235
99487559808,134194256
99487559808,134194314
99487559808,134194319
99487559808,134194363
99487559808,134194385
99487559808,134194442
99487559808,134194445
99487559808,134194581
99487559808,134195000
99487559808,134195004
99487559808,134195005
99487559808,134195022
99487559808,134195023
99487559808,134195031
99487559808,134195160
99487559808,134195177
99487559808,134195182
99487559808,134195271
99487559808,134195281
99487559808,134195295
99487559808,134195299
99487559808,134195360
99487559808,134195425
99487559808,134195431
99487559808,134195443
99487559808,134195576
99487559808,134195599
99487559808,134195601
99487559808,134195606
99487559808,134201623
99487559808,134201694
99487559808,134201724
99487559808,134201745
99487559808,134201804
99487559808,134201808
99487559808,134201828
99487559808,134201853
99487559808,134201874
99487559808,134201931
99487559808,134201934
99487559808,134201982
99487559808,134202071
99487559808,134202489
99487559808,134202493
99487559808,134202494
99487559808,134202512
99487559808,134202645
99487559808,134202649
99487559808,134202667
99487559808,134202671
99487559808,134202760
99487559808,134202774
99487559808,134202788
99487559808,134202850
99487559808,134202914
99487559808,134202920
99487559808,134202933
99487559808,134203066
99487559808,134203088
99487559808,134203091
99487559808,134203113
99487559808,134208802
99487559808,134208803
99487559808,134208804
99487559808,134208805
99487559808,134208806
99487559808,134208807
99487559808,134208808
99487559808,134208809
