1,192
1,67100098
1,67100299
1,67100515
1,67100516
1,67100702
1,67100903
1,67100904
1,67100905
1,67100906
1,67100907
1,67100908
1,67100909
1,67100910
1,67100911
1,67100912
1,67100913
1,67100914
1,67100915
1,67100916
1,67100917
1,67100918
1,67100919
1,67100920
1,67100921
1,67100922
1,67100923
1,67100924
1,67100925
1,67100926
1,67100927
1,67100928
1,67100929
1,67100930
1,67100931
1,67100932
1,67100933
1,67100934
1,67100935
1,67100936
1,67100937
1,67100938
1,67100939
1,67100940
1,67100941
1,67100942
1,67100943
1,67100944
1,67100945
1,67100946
1,67100947
1,67100948
1,67100949
1,67100950
1,67100951
1,67100952
1,67100953
1,67100954
1,67100955
1,67100956
1,67100957
1,67100958
1,67100959
1,67100960
1,67100961
1,67100962
1,67100963
1,67100964
1,67100965
1,67100966
1,67100967
1,67100968
1,67100969
1,67100970
1,67100971
1,67100972
1,67100973
1,67100974
1,67100975
1,67100976
1,67100977
1,67100978
1,67100979
1,67100980
1,67100981
1,67100982
1,67100983
1,67100984
1,67100985
1,67100986
1,67100987
1,67100988
1,67100989
1,67100990
1,67100991
1,67100992
1,67100993
1,67100994
1,67100995
1,67100996
1,67100997
1,67100998
1,67100999
1,67101000
1,67101001
1,67101002
1,67101003
1,67101004
1,67101005
1,67101006
1,67101007
1,67101008
1,67101009
1,67101010
1,67101011
1,67101012
1,67101013
1,67101014
1,67101015
1,67101016
1,67101017
1,67101018
1,67101019
1,67101020
1,67101021
1,67101022
1,67101023
1,67101024
1,67101025
1,67101026
1,67101027
1,67101028
1,67101029
1,67101030
1,67101031
1,67101032
1,67101033
1,67101034
1,67101035
1,67101036
1,67101037
1,67101038
1,67101041
1,67101045
1,67101046
1,67101048
1,67101049
1,67101050
1,67101051
1,67101052
1,67101055
1,67101057
1,67101058
1,67101059
1,67101060
1,67101061
1,67101062
1,67101063
1,67101065
1,67101066
1,67101067
1,67101068
1,67101069
1,67101070
1,67101071
1,67101073
1,67101074
1,67101076
1,67101078
1,67101079
1,67101080
1,67101082
1,67101083
1,67101084
1,67101085
1,67101086
1,67101087
1,67101088
1,67101089
1,67101094
1,67101097
1,67101098
1,67101210
1,67101211
1,67101212
1,67101213
1,67101214
1,67101215
1,67101216
1,67101217
1,67101218
1,67101219
1,67101220
1,67101221
1,67101222
1,67101223
1,67101224
1,67101225
1,67101226
1,67101227
1,67101228
1,67101229
1,67101230
1,67101231
1,67101232
1,67101233
1,67101234
1,67101235
1,67101236
1,67101237
1,67101238
1,67101239
1,67101240
1,67101241
1,67101242
1,67101243
1,67101244
1,67101245
1,67101246
1,67101247
1,67101248
1,67101249
1,67101250
1,67101251
1,67101252
1,67101253
1,67101254
1,67101255
1,67101256
1,67101257
1,67101258
1,67101259
1,67101260
1,67101261
1,67101262
1,67101263
1,67101264
1,67101265
1,67101266
1,67101267
1,67101268
1,67101269
1,67101270
1,67101271
1,67101272
1,67101273
1,67101274
1,67101275
1,67101276
1,67101277
1,67101278
1,67101279
1,67101280
1,67101281
1,67108593
1,67109052
2,67101047
2,67101064
2,67101072
2,67101075
2,67101077
2,67101081
2,67101090
2,67101093
2,67101096
2,67101099
2,67101100
2,67101101
2,67101102
