1,2
1,3
1,67108271
1,67108272
1,67108273
1,67108274
1,67108275
1,67108276
1,67108277
1,67108278
1,67108279
1,67108280
1,67108632
1,67108633
1,67108634
1,67108635
1,67108636
1,67108638
1,67108640
1,67108642
1,67108643
1,67108644
1,67108798
1,67108799
1,67108863
3,131070
3,131071
5,67106078
5,67107098
5,67107099
5,67107107
5,67107108
5,67107109
5,67107110
5,67107111
5,67107113
5,67107114
5,67107115
5,67107121
5,67107122
5,67107123
5,67107124
5,67107135
5,67107136
5,67107137
5,67107138
5,67107140
5,67107141
5,67107142
5,67107164
5,67107166
5,67107173
5,67107175
5,67107176
5,67107177
5,67107225
5,67107230
5,67107239
5,67107248
5,67107353
5,67107371
5,67107389
5,67107567
5,67107600
5,67107636
5,67107672
5,67108027
5,67108093
