1,2
1,3
1,67108271
1,67108272
1,67108273
1,67108274
1,67108275
1,67108276
1,67108277
1,67108278
1,67108279
1,67108280
1,67108632
1,67108633
1,67108634
1,67108635
1,67108636
1,67108638
1,67108640
1,67108642
1,67108643
1,67108644
1,67108798
1,67108799
3,131070
3,131071
5,67106078
5,67107098
5,67107099
5,67107107
5,67107108
5,67107109
5,67107110
5,67107111
5,67107112
5,67107113
5,67107114
5,67107115
5,67107116
5,67107117
5,67107118
5,67107119
5,67107120
5,67107121
5,67107122
5,67107123
5,67107124
5,67107125
5,67107127
5,67107130
5,67107131
5,67107132
5,67107133
5,67107134
5,67107135
5,67107136
5,67107137
5,67107138
5,67107139
5,67107140
5,67107141
5,67107142
5,67107154
5,67107155
5,67107158
5,67107161
5,67107162
5,67107163
5,67107164
5,67107165
5,67107166
5,67107167
5,67107168
5,67107169
5,67107170
5,67107171
5,67107172
5,67107173
5,67107174
5,67107175
5,67107176
5,67107177
5,67107202
5,67107203
5,67107210
5,67107215
5,67107216
5,67107217
5,67107218
5,67107219
5,67107220
5,67107221
5,67107222
5,67107223
5,67107224
5,67107225
5,67107226
5,67107227
5,67107228
5,67107229
5,67107230
5,67107231
5,67107232
5,67107234
5,67107235
5,67107236
5,67107237
5,67107238
5,67107239
5,67107240
5,67107241
5,67107242
5,67107243
5,67107244
5,67107245
5,67107246
5,67107247
5,67107248
5,67107314
5,67107323
5,67107324
5,67107325
5,67107326
5,67107329
5,67107331
5,67107333
5,67107334
5,67107335
5,67107336
5,67107337
5,67107338
5,67107339
5,67107340
5,67107341
5,67107342
5,67107343
5,67107344
5,67107345
5,67107346
5,67107347
5,67107348
5,67107349
5,67107351
5,67107352
5,67107353
5,67107354
5,67107355
5,67107357
5,67107358
5,67107367
5,67107370
5,67107371
5,67107374
5,67107377
5,67107378
5,67107379
5,67107380
5,67107381
5,67107382
5,67107383
5,67107384
5,67107385
5,67107387
5,67107389
5,67107541
5,67107546
5,67107566
5,67107567
5,67107569
5,67107570
5,67107572
5,67107576
5,67107577
5,67107579
5,67107580
5,67107581
5,67107582
5,67107584
5,67107585
5,67107589
5,67107591
5,67107592
5,67107600
5,67107608
5,67107636
5,67107647
5,67107650
5,67107651
5,67107656
5,67107662
5,67107667
5,67107671
5,67107672
5,67107976
5,67108027
5,67108052
5,67108072
5,67108093
