1096522560,67100102
1096522560,67100512
1096522560,67100904
1096522560,67100905
1096522560,67100906
1096522560,67100907
1096522560,67100908
1096522560,67100909
1096522560,67100910
1096522560,67100911
1096522560,67100912
1096522560,67100913
1096522560,67100914
1096522560,67100915
1096522560,67100917
1096522560,67100918
1096522560,67100919
1096522560,67100920
1096522560,67100921
1096522560,67100927
1096522560,67100928
1096522560,67100929
1096522560,67100930
1096522560,67100965
1096522560,67100966
1096522560,67100967
1096522560,67100968
1096522560,67100969
1096522560,67100970
1096522560,67101754
12061748160,67100951
12061748160,67100953
12061748160,67100954
12061748160,67100957
12061748160,67101023
12061748160,67101024
12061748160,67101026
12061748160,67101028
12061748160,67101029
12061748160,67101031
12061748160,67101033
12061748160,67101035
12061748160,67101038
12061748160,67101042
12061748160,67101043
12061748160,67101046
12061748160,67101061
12061748160,67103053
12061748160,67103102
12061748160,67103123
12061748160,67103124
12061748160,67103125
12061748160,67103139
12061748160,67103813
12061748160,67103814
12061748160,67103816
12061748160,67103817
12061748160,67103902
12061748160,67103935
12061748160,67103957
12061748160,67103964
12061748160,67103992
12061748160,67103996
12061748160,67104012
12061748160,67104019
12061748160,67104020
12061748160,67106470
12061748160,67106924
12061748160,67108594
12061748160,67108595
12061748160,67108604
12061748160,67108605
12061748160,67108607
12061748160,67108608
12061748160,67108609
12061748160,67108610
12061748160,67108611
12061748160,67108617
12061748160,67108618
12061748160,67108623
