1379256614,67104547
1379256614,67104548
1379256614,67104549
1379256614,67104550
1379256614,67104551
1379256614,67105687
15171822754,131252
15171822754,67108469
15171822754,67108484
15171822754,67108485
15171822754,67108489
15171822754,67108499
15171822754,67108501
15171822754,67108504
15171822754,67108505
15171822754,67108517
15171822754,67108526
15171822754,67108530
15171822754,67108531
15171822754,67108536
15171822754,67108541
15171822754,67108552
15171822754,67108554
15171822754,67108557
15171822754,67108558
15171822754,67108559
15171822754,67108561
15171822754,67108568
15171822754,67108569
15171822754,67108571
15171822754,67108585
15171822754,67108651
15171822754,67108672
15171822754,67108673
15171822754,67108674
15171822754,67108675
15171822754,67108676
15171822754,67108677
15171822754,67108678
15171822754,67108679
15171822754,67108680
15171822754,67108681
15171822754,67108682
15171822754,67108685
15171822754,67108686
15171822754,67108687
15171822754,67108688
15171822754,67108689
15171822754,67108693
15171822754,67108695
15171822754,67108696
15171822754,67108699
15171822754,67108701
15171822754,67108702
15171822754,67108704
15171822754,67108705
15171822754,67108706
15171822754,67108707
15171822754,67108713
15171822754,67108714
15171822754,67108715
15171822754,67108718
15171822754,67108720
15171822754,67108721
15171822754,67108722
15171822754,67108723
15171822754,67108724
15171822754,67108726
15171822754,67108729
15171822754,67108732
15171822754,67108735
15171822754,67108736
15171822754,67108737
15171822754,67108738
15171822754,67108741
15171822754,67108742
15171822754,67108743
15171822754,67108747
15171822754,67108750
15171822754,67108753
15171822754,67108762
15171822754,67108780
15171822754,67108783
15171822754,67108785
15171822754,67108787
15171822754,67108789
15171822754,67108790
