902036450,67099230
902036450,67100679
902036450,67100680
902036450,67100681
902036450,67100682
902036450,67100683
902036450,67100684
902036450,67100685
902036450,67100686
902036450,67100687
902036450,67100688
902036450,67100689
902036450,67100690
902036450,67100691
902036450,67100692
902036450,67100693
902036450,67100694
902036450,67100695
902036450,67100696
902036450,67100697
902036450,67100698
902036450,67100699
902036450,67100700
902036450,67100701
902036450,67100702
902036450,67100703
902036450,67100704
902036450,67100705
902036450,67100706
902036450,67100707
902036450,67100708
902036450,67100709
902036450,67100710
902036450,67100711
902036450,67100712
902036450,67100713
902036450,67100714
902036450,67100715
902036450,67100716
902036450,67100717
902036450,67100718
902036450,67100719
902036450,67100720
902036450,67100721
902036450,67100735
902036450,67100736
902036450,67100739
902036450,67100745
902036450,67100782
902036450,67100810
902036450,67100823
902036450,67100845
902036450,67100853
902036450,67100863
902036450,67100868
902036450,67100871
902036450,67100878
902036450,67100879
902036450,67100880
902036450,67100881
902036450,67100885
902036450,67100886
902036450,67100887
902036450,67100888
902036450,67100889
902036450,67100891
902036450,67100892
902036450,67100893
902036450,67100896
902036450,67100897
902036450,67100898
902036450,67100902
902036450,67100906
902036450,67100908
902036450,67100909
902036450,67100910
902036450,67100911
902036450,67100912
902036450,67100914
902036450,67100915
902036450,67100924
902036450,67100925
902036450,67100932
902036450,67100933
902036450,67100935
902036450,67100937
902036450,67100938
902036450,67100939
902036450,67100941
902036450,67100942
902036450,67100943
902036450,67100946
902036450,67100953
902036450,67100957
902036450,67100965
902036450,67100975
902036450,67100980
902036450,67100981
902036450,67100983
902036450,67100986
902036450,67100987
902036450,67100991
902036450,67100992
902036450,67100995
902036450,67100998
902036450,67100999
902036450,67101004
902036450,67101005
902036450,67101006
902036450,67101007
902036450,67101008
902036450,67101009
902036450,67101010
902036450,67101013
902036450,67101014
902036450,67101016
902036450,67101018
902036450,67101022
902036450,67101025
902036450,67101028
902036450,67101030
902036450,67101035
902036450,67101036
902036450,67101037
902036450,67101038
902036450,67101041
902036450,67104065
902036450,67108433
9922400950,131246
9922400950,67100722
9922400950,67100723
9922400950,67100724
9922400950,67100725
9922400950,67100726
9922400950,67100727
9922400950,67100728
9922400950,67100729
9922400950,67100730
9922400950,67100731
9922400950,67100732
9922400950,67100733
9922400950,67100734
9922400950,67100737
9922400950,67100738
9922400950,67100740
9922400950,67100741
9922400950,67100742
9922400950,67100743
9922400950,67100744
9922400950,67100746
9922400950,67100747
9922400950,67100748
9922400950,67100806
9922400950,67100846
9922400950,67100854
9922400950,67100864
9922400950,67100917
9922400950,67100922
9922400950,67100926
9922400950,67100949
9922400950,67100950
9922400950,67100951
9922400950,67100952
9922400950,67101023
9922400950,67108704
9922400950,67108706
