902036450,67099230
902036450,67100679
902036450,67100680
902036450,67100681
902036450,67100682
902036450,67100683
902036450,67100684
902036450,67100685
902036450,67100686
902036450,67100687
902036450,67100688
902036450,67100689
902036450,67100690
902036450,67100691
902036450,67100692
902036450,67100693
902036450,67100694
902036450,67100695
902036450,67100696
902036450,67100697
902036450,67100698
902036450,67100699
902036450,67100700
902036450,67100701
902036450,67100702
902036450,67100703
902036450,67100704
902036450,67100705
902036450,67100706
902036450,67100707
902036450,67100708
902036450,67100709
902036450,67100710
902036450,67100711
902036450,67100712
902036450,67100713
902036450,67100714
902036450,67100715
902036450,67100716
902036450,67100717
902036450,67100718
902036450,67100719
902036450,67100720
902036450,67100721
902036450,67100735
902036450,67100736
902036450,67100739
902036450,67100745
902036450,67100782
902036450,67100810
902036450,67100823
902036450,67100845
902036450,67100853
902036450,67100863
902036450,67100868
902036450,67100871
902036450,67100878
902036450,67100879
902036450,67100880
902036450,67100881
902036450,67100885
902036450,67100886
902036450,67100887
902036450,67100888
902036450,67100889
902036450,67100891
902036450,67100892
902036450,67100893
902036450,67100896
902036450,67100897
902036450,67100898
902036450,67100902
902036450,67100906
902036450,67100908
902036450,67100909
902036450,67100910
902036450,67100911
902036450,67100912
902036450,67100914
902036450,67100915
902036450,67100924
902036450,67100925
902036450,67100932
902036450,67100933
902036450,67100935
902036450,67100937
902036450,67100938
902036450,67100939
902036450,67100941
902036450,67100942
902036450,67100943
902036450,67100946
902036450,67100953
902036450,67100957
902036450,67100965
902036450,67100975
902036450,67100980
902036450,67100981
902036450,67100983
902036450,67100986
902036450,67100987
902036450,67100991
902036450,67100992
902036450,67100995
902036450,67100998
902036450,67100999
902036450,67101004
902036450,67101005
902036450,67101006
902036450,67101007
902036450,67101008
902036450,67101009
902036450,67101010
902036450,67101013
902036450,67101014
902036450,67101016
902036450,67101018
902036450,67101022
902036450,67101025
902036450,67101028
902036450,67101030
902036450,67101035
902036450,67101036
902036450,67101037
902036450,67101038
902036450,67101041
902036450,67104065
902036450,67108433
9922400950,131245
9922400950,131246
9922400950,67100722
9922400950,67100723
9922400950,67100724
9922400950,67100725
9922400950,67100726
9922400950,67100727
9922400950,67100728
9922400950,67100729
9922400950,67100730
9922400950,67100731
9922400950,67100732
9922400950,67100733
9922400950,67100734
9922400950,67100737
9922400950,67100738
9922400950,67100740
9922400950,67100741
9922400950,67100742
9922400950,67100743
9922400950,67100744
9922400950,67100746
9922400950,67100747
9922400950,67100748
9922400950,67100760
9922400950,67100762
9922400950,67100773
9922400950,67100777
9922400950,67100778
9922400950,67100779
9922400950,67100780
9922400950,67100800
9922400950,67100803
9922400950,67100806
9922400950,67100811
9922400950,67100812
9922400950,67100814
9922400950,67100816
9922400950,67100819
9922400950,67100826
9922400950,67100827
9922400950,67100830
9922400950,67100832
9922400950,67100833
9922400950,67100834
9922400950,67100836
9922400950,67100838
9922400950,67100839
9922400950,67100846
9922400950,67100847
9922400950,67100848
9922400950,67100851
9922400950,67100852
9922400950,67100854
9922400950,67100857
9922400950,67100858
9922400950,67100864
9922400950,67100865
9922400950,67100867
9922400950,67100869
9922400950,67100872
9922400950,67100873
9922400950,67100882
9922400950,67100883
9922400950,67100895
9922400950,67100900
9922400950,67100901
9922400950,67100904
9922400950,67100905
9922400950,67100913
9922400950,67100916
9922400950,67100917
9922400950,67100918
9922400950,67100919
9922400950,67100920
9922400950,67100921
9922400950,67100922
9922400950,67100926
9922400950,67100927
9922400950,67100930
9922400950,67100931
9922400950,67100945
9922400950,67100947
9922400950,67100948
9922400950,67100949
9922400950,67100950
9922400950,67100951
9922400950,67100952
9922400950,67100954
9922400950,67100955
9922400950,67100959
9922400950,67100960
9922400950,67100964
9922400950,67100967
9922400950,67100969
9922400950,67100971
9922400950,67100972
9922400950,67100976
9922400950,67100977
9922400950,67100982
9922400950,67100984
9922400950,67100985
9922400950,67100989
9922400950,67100996
9922400950,67101017
9922400950,67101020
9922400950,67101021
9922400950,67101023
9922400950,67101024
9922400950,67101027
9922400950,67101040
9922400950,67107739
9922400950,67107977
9922400950,67108088
9922400950,67108266
9922400950,67108267
9922400950,67108379
9922400950,67108464
9922400950,67108515
9922400950,67108605
9922400950,67108617
9922400950,67108637
9922400950,67108704
9922400950,67108705
9922400950,67108706
9922400950,67108764
9922400950,67108766
18942765450,67100749
18942765450,67100751
18942765450,67100752
18942765450,67100754
18942765450,67100755
18942765450,67100756
18942765450,67100757
18942765450,67100759
18942765450,67100761
18942765450,67100763
18942765450,67100764
18942765450,67100765
18942765450,67100766
18942765450,67100767
18942765450,67100770
18942765450,67100771
18942765450,67100772
18942765450,67100774
18942765450,67100783
18942765450,67100786
18942765450,67100787
18942765450,67100789
18942765450,67100793
18942765450,67100794
18942765450,67100795
18942765450,67100797
18942765450,67100799
18942765450,67100801
18942765450,67100802
18942765450,67100808
18942765450,67100809
18942765450,67100815
18942765450,67100817
18942765450,67100818
18942765450,67100820
18942765450,67100821
18942765450,67100822
18942765450,67100824
18942765450,67100825
18942765450,67100831
18942765450,67100835
18942765450,67100840
18942765450,67100841
18942765450,67100842
18942765450,67100844
18942765450,67100850
18942765450,67100855
18942765450,67100856
18942765450,67100859
18942765450,67100860
18942765450,67100862
18942765450,67100870
18942765450,67100875
18942765450,67100876
18942765450,67100884
18942765450,67100903
18942765450,67100907
18942765450,67100923
18942765450,67100928
18942765450,67100929
18942765450,67100936
18942765450,67100940
18942765450,67100956
18942765450,67100961
18942765450,67100962
18942765450,67100963
18942765450,67100966
18942765450,67100968
18942765450,67100970
18942765450,67100973
18942765450,67100978
18942765450,67100979
18942765450,67100988
18942765450,67100990
18942765450,67100994
18942765450,67101000
18942765450,67101003
18942765450,67101012
18942765450,67101015
18942765450,67101019
18942765450,67101026
18942765450,67101029
18942765450,67101031
18942765450,67101034
18942765450,67101039
18942765450,67106597
18942765450,67106813
18942765450,67106901
18942765450,67107886
18942765450,67107890
18942765450,67107891
18942765450,67107892
18942765450,67107893
18942765450,67107894
18942765450,67107897
18942765450,67107956
18942765450,67108068
18942765450,67108080
18942765450,67108228
18942765450,67108319
18942765450,67108359
18942765450,67108378
18942765450,67108383
18942765450,67108409
18942765450,67108416
18942765450,67108450
18942765450,67108455
18942765450,67108505
18942765450,67108506
18942765450,67108507
18942765450,67108508
18942765450,67108510
18942765450,67108524
18942765450,67108546
18942765450,67108606
18942765450,67108613
18942765450,67108686
18942765450,67108722
18942765450,67108733
18942765450,67108746
18942765450,67108755
18942765450,67108765
18942765450,67108781
18942765450,67108785
18942765450,67108786
18942765450,67108787
27963129950,67105559
27963129950,67105560
27963129950,67105562
27963129950,67105566
27963129950,67105569
27963129950,67105570
27963129950,67105571
27963129950,67105572
27963129950,67105573
27963129950,67105574
27963129950,67105575
27963129950,67105576
27963129950,67105578
27963129950,67105579
27963129950,67105580
27963129950,67105581
27963129950,67105582
27963129950,67105583
27963129950,67105599
27963129950,67105604
27963129950,67105607
27963129950,67105612
27963129950,67105624
27963129950,67105636
27963129950,67105641
27963129950,67105643
27963129950,67105653
27963129950,67105667
27963129950,67105669
27963129950,67105671
27963129950,67105680
27963129950,67105683
27963129950,67105700
27963129950,67105705
27963129950,67105712
27963129950,67105721
27963129950,67105727
27963129950,67105744
27963129950,67105751
27963129950,67105758
27963129950,67105787
27963129950,67105790
27963129950,67105798
27963129950,67105811
27963129950,67105812
27963129950,67105814
27963129950,67105816
27963129950,67105822
27963129950,67105823
27963129950,67105825
27963129950,67105826
27963129950,67105858
27963129950,67105863
27963129950,67105866
27963129950,67105881
27963129950,67105886
27963129950,67105892
27963129950,67105900
27963129950,67105901
27963129950,67105902
27963129950,67105908
27963129950,67105910
27963129950,67105916
27963129950,67105918
27963129950,67105923
27963129950,67105925
27963129950,67105943
27963129950,67105944
27963129950,67105960
27963129950,67105962
27963129950,67105963
27963129950,67105980
27963129950,67105987
27963129950,67105991
27963129950,67105993
27963129950,67106006
27963129950,67106015
27963129950,67106019
27963129950,67106021
27963129950,67106028
27963129950,67106046
27963129950,67106050
27963129950,67106052
27963129950,67106054
27963129950,67106055
27963129950,67106056
27963129950,67106057
27963129950,67106058
27963129950,67106066
27963129950,67106069
27963129950,67106073
27963129950,67106076
27963129950,67106077
27963129950,67106086
27963129950,67106087
27963129950,67106102
27963129950,67106108
27963129950,67106109
27963129950,67106110
27963129950,67106111
27963129950,67106112
27963129950,67106115
27963129950,67106124
27963129950,67106130
27963129950,67106139
27963129950,67106159
27963129950,67106160
27963129950,67106164
27963129950,67106165
27963129950,67106176
27963129950,67106177
27963129950,67106179
27963129950,67106180
27963129950,67106186
27963129950,67106187
27963129950,67106188
27963129950,67106191
27963129950,67106194
27963129950,67106206
27963129950,67108437
27963129950,67108438
27963129950,67108439
27963129950,67108440
27963129950,67108441
27963129950,67108442
27963129950,67108443
