1093269888,67100512
1093269888,67100904
1093269888,67100905
1093269888,67100906
1093269888,67100907
1093269888,67100908
1093269888,67100909
1093269888,67100910
1093269888,67100911
1093269888,67100912
1093269888,67100913
1093269888,67100914
1093269888,67100915
1093269888,67100916
1093269888,67100917
1093269888,67100918
1093269888,67100919
1093269888,67100920
1093269888,67100921
1093269888,67100922
1093269888,67101792
12025968768,67100573
12025968768,67100989
12025968768,67100999
12025968768,67101010
12025968768,67101011
12025968768,67101012
12025968768,67101013
12025968768,67101015
12025968768,67101016
12025968768,67101018
12025968768,67101019
12025968768,67101020
12025968768,67101021
12025968768,67101024
12025968768,67101025
12025968768,67101026
12025968768,67101028
12025968768,67101030
12025968768,67101031
12025968768,67101032
12025968768,67101034
12025968768,67101035
12025968768,67101036
12025968768,67101037
12025968768,67101039
12025968768,67101040
12025968768,67101041
12025968768,67101042
12025968768,67101044
12025968768,67101045
12025968768,67101046
12025968768,67101047
12025968768,67101048
12025968768,67101049
12025968768,67101050
12025968768,67101051
12025968768,67101052
12025968768,67101053
12025968768,67101057
12025968768,67101059
12025968768,67101060
12025968768,67101061
12025968768,67101062
12025968768,67101064
12025968768,67101066
12025968768,67101067
12025968768,67101068
12025968768,67101069
12025968768,67101071
12025968768,67101073
12025968768,67101075
12025968768,67101076
12025968768,67101077
12025968768,67101078
12025968768,67101079
12025968768,67101080
12025968768,67101081
12025968768,67101083
12025968768,67101097
12025968768,67101338
12025968768,67101463
12025968768,67101507
12025968768,67101544
12025968768,67101548
12025968768,67101562
12025968768,67101564
12025968768,67101565
12025968768,67101574
12025968768,67101649
12025968768,67101651
12025968768,67101697
12025968768,67101699
12025968768,67101736
12025968768,67101859
12025968768,67101893
12025968768,67101978
12025968768,67101986
12025968768,67102018
12025968768,67102059
12025968768,67102074
12025968768,67102088
12025968768,67102096
12025968768,67102101
12025968768,67102102
12025968768,67102132
12025968768,67102150
12025968768,67102158
12025968768,67102159
12025968768,67102164
12025968768,67102166
12025968768,67102171
12025968768,67102172
12025968768,67102173
12025968768,67102174
12025968768,67102177
12025968768,67102180
12025968768,67102181
12025968768,67102182
12025968768,67102327
12025968768,67105743
12025968768,67108595
12025968768,67108596
12025968768,67108597
12025968768,67108598
12025968768,67108599
12025968768,67108600
12025968768,67108601
12025968768,67108602
12025968768,67108603
12025968768,67108604
12025968768,67108605
12025968768,67108606
12025968768,67108607
12025968768,67108608
12025968768,67108609
12025968768,67108610
12025968768,67108611
12025968768,67108612
12025968768,67108614
12025968768,67108615
12025968768,67108618
12025968768,67108619
12025968768,67108620
12025968768,67108621
12025968768,67108622
12025968768,67108623
12025968768,67108624
12025968768,67108625
22958667648,67101043
22958667648,67101065
22958667648,67105346
22958667648,67106459
22958667648,67106651
22958667648,67106652
22958667648,67108633
22958667648,67108635
22958667648,67108638
22958667648,67108639
22958667648,67108641
22958667648,67108649
