1093269888,67100512
1093269888,67100904
1093269888,67100905
1093269888,67100906
1093269888,67100907
1093269888,67100908
1093269888,67100909
1093269888,67100910
1093269888,67100911
1093269888,67100912
1093269888,67100913
1093269888,67100914
1093269888,67100915
1093269888,67100916
1093269888,67100917
1093269888,67100918
1093269888,67100919
1093269888,67100920
1093269888,67100921
1093269888,67100922
1093269888,67101792
12025968768,67100989
12025968768,67100999
12025968768,67101010
12025968768,67101011
12025968768,67101012
12025968768,67101013
12025968768,67101015
12025968768,67101016
12025968768,67101018
12025968768,67101019
12025968768,67101020
12025968768,67101021
12025968768,67101024
12025968768,67101025
12025968768,67101026
12025968768,67101028
12025968768,67101030
12025968768,67101031
12025968768,67101032
12025968768,67101034
12025968768,67101035
12025968768,67101036
12025968768,67101037
12025968768,67101039
12025968768,67101041
12025968768,67101042
12025968768,67101048
12025968768,67101049
12025968768,67101050
12025968768,67101051
12025968768,67101060
12025968768,67101061
12025968768,67101067
12025968768,67101076
12025968768,67101078
12025968768,67101079
12025968768,67101080
12025968768,67101081
12025968768,67101083
12025968768,67102102
12025968768,67102158
12025968768,67105743
12025968768,67108595
12025968768,67108598
12025968768,67108599
12025968768,67108600
12025968768,67108601
12025968768,67108602
12025968768,67108603
12025968768,67108604
12025968768,67108605
12025968768,67108606
12025968768,67108609
12025968768,67108610
12025968768,67108611
12025968768,67108618
12025968768,67108620
12025968768,67108621
12025968768,67108622
