1379256614,67100550
1379256614,67100551
1379256614,67100552
1379256614,67100553
1379256614,67100554
1379256614,67100959
1379256614,67104954
42756955034,131245
42756955034,131246
42756955034,131253
42756955034,67099992
42756955034,67100679
42756955034,67100684
42756955034,67100685
42756955034,67100687
42756955034,67100688
42756955034,67100689
42756955034,67100691
42756955034,67100692
42756955034,67100693
42756955034,67100694
42756955034,67100696
42756955034,67100697
42756955034,67100698
42756955034,67100701
42756955034,67100702
42756955034,67100704
42756955034,67100705
42756955034,67100706
42756955034,67100711
42756955034,67100714
42756955034,67100715
42756955034,67100716
42756955034,67100720
42756955034,67100722
42756955034,67100724
42756955034,67100726
42756955034,67100727
42756955034,67100728
42756955034,67100731
42756955034,67100732
42756955034,67100734
42756955034,67100738
42756955034,67100739
42756955034,67100740
42756955034,67100742
42756955034,67100743
42756955034,67100744
42756955034,67100745
42756955034,67100750
42756955034,67100751
42756955034,67100754
42756955034,67100755
42756955034,67100756
42756955034,67100758
42756955034,67100762
42756955034,67100763
42756955034,67100765
42756955034,67100766
42756955034,67100769
42756955034,67100770
42756955034,67100771
42756955034,67100772
42756955034,67100774
42756955034,67100960
42756955034,67100961
42756955034,67100962
42756955034,67100963
42756955034,67100965
42756955034,67100967
42756955034,67100968
42756955034,67100969
42756955034,67100971
42756955034,67100972
42756955034,67100974
42756955034,67100975
42756955034,67100976
42756955034,67100977
42756955034,67100978
42756955034,67100979
42756955034,67100980
42756955034,67100981
42756955034,67100982
42756955034,67100983
42756955034,67100984
42756955034,67100985
42756955034,67100986
42756955034,67100987
42756955034,67100988
42756955034,67100989
42756955034,67100990
42756955034,67100991
42756955034,67100992
42756955034,67100993
42756955034,67100995
42756955034,67100996
42756955034,67100997
42756955034,67100998
42756955034,67100999
42756955034,67101000
42756955034,67101001
42756955034,67101002
42756955034,67101003
42756955034,67101004
42756955034,67101005
42756955034,67101006
42756955034,67101007
42756955034,67101008
42756955034,67101009
42756955034,67101010
42756955034,67101011
42756955034,67101012
42756955034,67101013
42756955034,67101014
42756955034,67101015
42756955034,67101016
42756955034,67101017
42756955034,67101018
42756955034,67101019
42756955034,67101020
42756955034,67101021
42756955034,67101022
42756955034,67101023
42756955034,67101024
42756955034,67101025
42756955034,67101026
42756955034,67101027
42756955034,67101028
42756955034,67101030
42756955034,67101031
42756955034,67101033
42756955034,67101034
42756955034,67101035
42756955034,67101036
42756955034,67101037
42756955034,67101038
42756955034,67101039
42756955034,67101040
42756955034,67101041
42756955034,67101042
42756955034,67101043
42756955034,67101044
42756955034,67101045
42756955034,67101046
42756955034,67101047
42756955034,67101048
42756955034,67101049
42756955034,67101050
42756955034,67101051
42756955034,67101052
42756955034,67101053
42756955034,67101054
42756955034,67101055
42756955034,67101056
42756955034,67101057
42756955034,67101058
42756955034,67101060
42756955034,67101061
42756955034,67101062
42756955034,67101063
42756955034,67101064
42756955034,67101065
42756955034,67101066
42756955034,67101067
42756955034,67101068
42756955034,67101069
42756955034,67101070
42756955034,67101071
42756955034,67101072
42756955034,67101073
42756955034,67101074
42756955034,67101075
42756955034,67101076
42756955034,67101077
42756955034,67101078
42756955034,67101079
42756955034,67101080
42756955034,67101081
42756955034,67101082
42756955034,67101083
42756955034,67101084
42756955034,67101085
42756955034,67101086
42756955034,67101087
42756955034,67101088
42756955034,67101089
42756955034,67101090
42756955034,67101091
42756955034,67101092
42756955034,67101093
42756955034,67101094
42756955034,67101095
42756955034,67101096
42756955034,67101097
42756955034,67101098
42756955034,67101099
42756955034,67101100
42756955034,67101101
42756955034,67101102
42756955034,67101103
42756955034,67101815
42756955034,67101816
42756955034,67101817
42756955034,67101818
42756955034,67101819
42756955034,67101820
42756955034,67101821
42756955034,67101822
42756955034,67101823
42756955034,67101824
42756955034,67101826
42756955034,67102397
42756955034,67104633
42756955034,67104634
42756955034,67104635
42756955034,67104636
42756955034,67104637
42756955034,67104638
42756955034,67104639
42756955034,67104640
42756955034,67104641
42756955034,67104642
42756955034,67104643
42756955034,67104644
42756955034,67104645
42756955034,67104646
42756955034,67104647
42756955034,67104648
42756955034,67104649
42756955034,67104650
42756955034,67104651
42756955034,67104652
42756955034,67104653
42756955034,67104654
42756955034,67104655
42756955034,67104656
42756955034,67104657
42756955034,67104658
42756955034,67104659
42756955034,67104660
42756955034,67104661
42756955034,67104662
42756955034,67104663
42756955034,67104664
42756955034,67104665
42756955034,67104666
42756955034,67104667
42756955034,67104668
42756955034,67104669
42756955034,67104670
42756955034,67104671
42756955034,67104674
42756955034,67104679
42756955034,67104680
42756955034,67104681
42756955034,67104682
42756955034,67104683
42756955034,67104686
42756955034,67104688
42756955034,67104689
42756955034,67104690
42756955034,67104691
42756955034,67104692
42756955034,67104696
42756955034,67104697
42756955034,67104699
42756955034,67104700
42756955034,67104701
42756955034,67104705
42756955034,67104706
42756955034,67104709
42756955034,67104710
42756955034,67104711
42756955034,67104717
42756955034,67104718
42756955034,67104719
42756955034,67104720
42756955034,67104721
42756955034,67104722
42756955034,67104723
42756955034,67104725
42756955034,67104726
42756955034,67104727
42756955034,67104728
42756955034,67104729
42756955034,67104732
42756955034,67104733
42756955034,67104735
42756955034,67104736
42756955034,67104737
42756955034,67104738
42756955034,67104739
42756955034,67104740
42756955034,67104744
42756955034,67104745
42756955034,67104746
42756955034,67104748
42756955034,67104749
42756955034,67104750
42756955034,67104751
42756955034,67104753
42756955034,67104757
42756955034,67104758
42756955034,67104760
42756955034,67104761
42756955034,67104764
42756955034,67104765
42756955034,67104766
42756955034,67104767
42756955034,67104955
42756955034,67104956
42756955034,67104957
42756955034,67104958
42756955034,67104959
42756955034,67104960
42756955034,67104962
42756955034,67104963
42756955034,67104964
42756955034,67104966
42756955034,67104967
42756955034,67104969
42756955034,67104970
42756955034,67104971
42756955034,67104972
42756955034,67104973
42756955034,67104974
42756955034,67104975
42756955034,67104977
42756955034,67104978
42756955034,67104979
42756955034,67104980
42756955034,67104981
42756955034,67104982
42756955034,67104983
42756955034,67104984
42756955034,67104985
42756955034,67104986
42756955034,67104987
42756955034,67104988
42756955034,67104990
42756955034,67104991
42756955034,67104992
42756955034,67104993
42756955034,67104994
42756955034,67104995
42756955034,67104996
42756955034,67104997
42756955034,67104999
42756955034,67105000
42756955034,67105001
42756955034,67105002
42756955034,67105003
42756955034,67105004
42756955034,67105005
42756955034,67105006
42756955034,67105007
42756955034,67105008
42756955034,67105009
42756955034,67105010
42756955034,67105011
42756955034,67105012
42756955034,67105013
42756955034,67105014
42756955034,67105015
42756955034,67105016
42756955034,67105017
42756955034,67105018
42756955034,67105019
42756955034,67105020
42756955034,67105021
42756955034,67105022
42756955034,67105023
42756955034,67105025
42756955034,67105026
42756955034,67105028
42756955034,67105029
42756955034,67105030
42756955034,67105031
42756955034,67105032
42756955034,67105033
42756955034,67105034
42756955034,67105035
42756955034,67105036
42756955034,67105037
42756955034,67105038
42756955034,67105039
42756955034,67105041
42756955034,67105042
42756955034,67105043
42756955034,67105044
42756955034,67105045
42756955034,67105046
42756955034,67105047
42756955034,67105049
42756955034,67105050
42756955034,67105051
42756955034,67105052
42756955034,67105053
42756955034,67105054
42756955034,67105055
42756955034,67105056
42756955034,67105057
42756955034,67105058
42756955034,67105059
42756955034,67105060
42756955034,67105061
42756955034,67105062
42756955034,67105063
42756955034,67105064
42756955034,67105065
42756955034,67105066
42756955034,67105067
42756955034,67105068
42756955034,67105069
42756955034,67105070
42756955034,67105071
42756955034,67105072
42756955034,67105073
42756955034,67105074
42756955034,67105075
42756955034,67105076
42756955034,67105077
42756955034,67105078
42756955034,67105079
42756955034,67105080
42756955034,67105081
42756955034,67105082
42756955034,67105083
42756955034,67105084
42756955034,67105085
42756955034,67105086
42756955034,67105087
42756955034,67105088
42756955034,67105089
42756955034,67105090
42756955034,67105091
42756955034,67105092
42756955034,67105093
42756955034,67105094
42756955034,67105095
42756955034,67105096
42756955034,67105097
42756955034,67105098
42756955034,67105810
42756955034,67105811
42756955034,67105812
42756955034,67105813
42756955034,67105814
42756955034,67105815
42756955034,67105816
42756955034,67105817
42756955034,67105818
42756955034,67105819
42756955034,67105820
42756955034,67105821
42756955034,67108628
42756955034,67108629
42756955034,67108630
42756955034,67108631
42756955034,67108632
42756955034,67108634
42756955034,67108635
42756955034,67108636
42756955034,67108637
42756955034,67108638
42756955034,67108639
42756955034,67108640
42756955034,67108641
42756955034,67108642
42756955034,67108643
42756955034,67108644
42756955034,67108645
42756955034,67108646
42756955034,67108647
42756955034,67108648
42756955034,67108649
42756955034,67108650
42756955034,67108651
42756955034,67108652
42756955034,67108653
42756955034,67108654
42756955034,67108655
42756955034,67108656
42756955034,67108657
42756955034,67108658
42756955034,67108659
42756955034,67108660
42756955034,67108661
42756955034,67108662
42756955034,67108663
42756955034,67108664
42756955034,67108665
42756955034,67108667
42756955034,67108767
42756955034,67108769
42756955034,67108770
42756955034,67108771
42756955034,67108772
42756955034,67108774
42756955034,67108775
42756955034,67108776
42756955034,67108777
42756955034,67108778
42756955034,67108779
42756955034,67108780
42756955034,67108781
42756955034,67108782
42756955034,67108783
42756955034,67108784
42756955034,67108785
42756955034,67108786
42756955034,67108787
42756955034,67108788
42756955034,67108789
42756955034,67108790
42756955034,67108791
42756955034,67108792
42756955034,67108793
42756955034,67108794
84134653454,67099282
84134653454,67100019
84134653454,67103064
84134653454,67103065
84134653454,67103067
84134653454,67103068
84134653454,67103069
84134653454,67103070
84134653454,67103071
84134653454,67103072
84134653454,67103073
84134653454,67103075
84134653454,67103076
84134653454,67103078
84134653454,67103080
84134653454,67103081
84134653454,67103082
84134653454,67103083
84134653454,67103084
84134653454,67103086
84134653454,67103087
84134653454,67103088
84134653454,67103089
84134653454,67103091
84134653454,67103092
84134653454,67103095
84134653454,67103097
84134653454,67103098
84134653454,67103100
84134653454,67103101
84134653454,67103102
84134653454,67103103
84134653454,67103104
84134653454,67103105
84134653454,67103106
84134653454,67103107
84134653454,67103108
84134653454,67103110
84134653454,67103112
84134653454,67103113
84134653454,67103114
84134653454,67103115
84134653454,67103117
84134653454,67103118
84134653454,67103120
84134653454,67103121
84134653454,67103122
84134653454,67103124
84134653454,67103125
84134653454,67103127
84134653454,67103128
84134653454,67103131
84134653454,67103133
84134653454,67103134
84134653454,67103135
84134653454,67103136
84134653454,67103138
84134653454,67103139
84134653454,67103140
84134653454,67103141
84134653454,67103142
84134653454,67103143
84134653454,67103145
84134653454,67103146
84134653454,67103147
84134653454,67103149
84134653454,67103151
84134653454,67103152
84134653454,67103153
84134653454,67103154
84134653454,67103155
84134653454,67103157
84134653454,67103159
84134653454,67103160
84134653454,67103161
84134653454,67103163
84134653454,67103164
84134653454,67103165
84134653454,67103166
84134653454,67103168
84134653454,67103169
84134653454,67103170
84134653454,67103171
84134653454,67103172
84134653454,67103175
84134653454,67103177
84134653454,67103178
84134653454,67103179
84134653454,67103181
84134653454,67103182
84134653454,67103184
84134653454,67103186
84134653454,67103187
84134653454,67103188
84134653454,67103189
84134653454,67103190
84134653454,67103191
84134653454,67103192
84134653454,67103193
84134653454,67103194
84134653454,67103196
84134653454,67103197
84134653454,67103198
84134653454,67103199
84134653454,67103201
84134653454,67103202
84134653454,67103203
84134653454,67103206
84134653454,67103207
84134653454,67103208
84134653454,67103209
84134653454,67103210
84134653454,67103211
84134653454,67103213
84134653454,67103214
84134653454,67103215
84134653454,67103216
84134653454,67103217
84134653454,67103218
84134653454,67103220
84134653454,67103221
84134653454,67103222
84134653454,67103223
84134653454,67103224
84134653454,67103225
84134653454,67103227
84134653454,67103229
84134653454,67103231
84134653454,67103232
84134653454,67103233
84134653454,67103235
84134653454,67103236
84134653454,67103237
84134653454,67103238
84134653454,67103241
84134653454,67103242
84134653454,67103243
84134653454,67103244
84134653454,67103245
84134653454,67103246
84134653454,67103247
84134653454,67103249
84134653454,67103250
84134653454,67103251
84134653454,67103252
84134653454,67103255
84134653454,67103256
84134653454,67103257
84134653454,67103258
84134653454,67103259
84134653454,67103260
84134653454,67103261
84134653454,67103262
84134653454,67103263
84134653454,67103264
84134653454,67103266
84134653454,67103267
84134653454,67103268
84134653454,67103269
84134653454,67103270
84134653454,67103272
84134653454,67103273
84134653454,67103274
84134653454,67103275
84134653454,67103276
84134653454,67103278
84134653454,67103279
84134653454,67103280
84134653454,67103281
84134653454,67103282
84134653454,67103284
84134653454,67103285
84134653454,67103287
84134653454,67103288
84134653454,67103290
84134653454,67103291
84134653454,67103292
84134653454,67103293
84134653454,67103294
84134653454,67103295
84134653454,67103299
84134653454,67103301
84134653454,67103302
84134653454,67103303
84134653454,67103304
84134653454,67103305
84134653454,67103306
84134653454,67103307
84134653454,67103308
84134653454,67103309
84134653454,67103310
84134653454,67103311
84134653454,67103312
84134653454,67103313
84134653454,67103314
84134653454,67103315
84134653454,67103316
84134653454,67103317
84134653454,67103318
84134653454,67103319
84134653454,67103320
84134653454,67103321
84134653454,67103322
84134653454,67103323
84134653454,67103324
84134653454,67103325
84134653454,67103326
84134653454,67103327
84134653454,67103328
84134653454,67103329
84134653454,67103330
84134653454,67103331
84134653454,67103332
84134653454,67103333
84134653454,67103334
84134653454,67103335
84134653454,67103336
84134653454,67103337
84134653454,67103338
84134653454,67103339
84134653454,67103340
84134653454,67103341
84134653454,67103342
84134653454,67103343
84134653454,67103344
84134653454,67103345
84134653454,67103346
84134653454,67103347
84134653454,67103348
84134653454,67103349
84134653454,67103350
84134653454,67103351
84134653454,67103352
84134653454,67103353
84134653454,67103354
84134653454,67103355
84134653454,67103356
84134653454,67103357
84134653454,67103358
84134653454,67103359
84134653454,67103360
84134653454,67103361
84134653454,67103362
84134653454,67103363
84134653454,67103364
84134653454,67103365
84134653454,67103366
84134653454,67103367
84134653454,67103368
84134653454,67103369
84134653454,67103370
84134653454,67103371
84134653454,67103372
84134653454,67107059
84134653454,67107060
84134653454,67107061
84134653454,67107062
84134653454,67107063
84134653454,67107065
84134653454,67107066
84134653454,67107068
84134653454,67107069
84134653454,67107070
84134653454,67107073
84134653454,67107074
84134653454,67107075
84134653454,67107076
84134653454,67107077
84134653454,67107078
84134653454,67107079
84134653454,67107081
84134653454,67107082
84134653454,67107083
84134653454,67107084
84134653454,67107086
84134653454,67107087
84134653454,67107089
84134653454,67107090
84134653454,67107091
84134653454,67107092
84134653454,67107093
84134653454,67107095
84134653454,67107096
84134653454,67107097
84134653454,67107098
84134653454,67107099
84134653454,67107100
84134653454,67107101
84134653454,67107102
84134653454,67107103
84134653454,67107104
84134653454,67107105
84134653454,67107107
84134653454,67107108
84134653454,67107109
84134653454,67107110
84134653454,67107111
84134653454,67107112
84134653454,67107113
84134653454,67107115
84134653454,67107116
84134653454,67107117
84134653454,67107118
84134653454,67107119
84134653454,67107120
84134653454,67107122
84134653454,67107123
84134653454,67107125
84134653454,67107126
84134653454,67107128
84134653454,67107129
84134653454,67107130
84134653454,67107131
84134653454,67107133
84134653454,67107134
84134653454,67107135
84134653454,67107136
84134653454,67107137
84134653454,67107138
84134653454,67107140
84134653454,67107141
84134653454,67107142
84134653454,67107144
84134653454,67107145
84134653454,67107146
84134653454,67107147
84134653454,67107149
84134653454,67107150
84134653454,67107151
84134653454,67107152
84134653454,67107155
84134653454,67107157
84134653454,67107158
84134653454,67107159
84134653454,67107162
84134653454,67107163
84134653454,67107165
84134653454,67107166
84134653454,67107167
84134653454,67107168
84134653454,67107170
84134653454,67107171
84134653454,67107172
84134653454,67107174
84134653454,67107175
84134653454,67107176
84134653454,67107179
84134653454,67107180
84134653454,67107181
84134653454,67107182
84134653454,67107183
84134653454,67107185
84134653454,67107186
84134653454,67107187
84134653454,67107188
84134653454,67107189
84134653454,67107191
84134653454,67107192
84134653454,67107193
84134653454,67107194
84134653454,67107196
84134653454,67107197
84134653454,67107198
84134653454,67107201
84134653454,67107202
84134653454,67107203
84134653454,67107204
84134653454,67107205
84134653454,67107208
84134653454,67107209
84134653454,67107210
84134653454,67107211
84134653454,67107212
84134653454,67107213
84134653454,67107214
84134653454,67107215
84134653454,67107217
84134653454,67107218
84134653454,67107219
84134653454,67107220
84134653454,67107222
84134653454,67107223
84134653454,67107224
84134653454,67107225
84134653454,67107226
84134653454,67107227
84134653454,67107228
84134653454,67107230
84134653454,67107231
84134653454,67107232
84134653454,67107233
84134653454,67107236
84134653454,67107237
84134653454,67107240
84134653454,67107242
84134653454,67107244
84134653454,67107245
84134653454,67107246
84134653454,67107247
84134653454,67107249
84134653454,67107250
84134653454,67107251
84134653454,67107252
84134653454,67107253
84134653454,67107255
84134653454,67107256
84134653454,67107257
84134653454,67107258
84134653454,67107259
84134653454,67107260
84134653454,67107261
84134653454,67107262
84134653454,67107263
84134653454,67107264
84134653454,67107265
84134653454,67107267
84134653454,67107268
84134653454,67107269
84134653454,67107270
84134653454,67107271
84134653454,67107273
84134653454,67107274
84134653454,67107275
84134653454,67107276
84134653454,67107277
84134653454,67107279
84134653454,67107280
84134653454,67107282
84134653454,67107283
84134653454,67107285
84134653454,67107286
84134653454,67107287
84134653454,67107288
84134653454,67107289
84134653454,67107290
84134653454,67107292
84134653454,67107294
84134653454,67107295
84134653454,67107296
84134653454,67107297
84134653454,67107298
84134653454,67107299
84134653454,67107300
84134653454,67107301
84134653454,67107302
84134653454,67107303
84134653454,67107304
84134653454,67107305
84134653454,67107306
84134653454,67107307
84134653454,67107308
84134653454,67107309
84134653454,67107310
84134653454,67107311
84134653454,67107312
84134653454,67107313
84134653454,67107314
84134653454,67107315
84134653454,67107316
84134653454,67107317
84134653454,67107318
84134653454,67107319
84134653454,67107320
84134653454,67107321
84134653454,67107322
84134653454,67107323
84134653454,67107324
84134653454,67107325
84134653454,67107326
84134653454,67107327
84134653454,67107328
84134653454,67107329
84134653454,67107330
84134653454,67107331
84134653454,67107332
84134653454,67107333
84134653454,67107334
84134653454,67107335
84134653454,67107336
84134653454,67107337
84134653454,67107338
84134653454,67107339
84134653454,67107340
84134653454,67107341
84134653454,67107342
84134653454,67107343
84134653454,67107344
84134653454,67107345
84134653454,67107346
84134653454,67107347
84134653454,67107348
84134653454,67107349
84134653454,67107350
84134653454,67107351
84134653454,67107352
84134653454,67107353
84134653454,67107354
84134653454,67107355
84134653454,67107356
84134653454,67107357
84134653454,67107358
84134653454,67107359
84134653454,67107360
84134653454,67107361
84134653454,67107362
84134653454,67107363
84134653454,67107364
84134653454,67107365
84134653454,67107366
84134653454,67107367
84134653454,67108668
125512351874,67101902
125512351874,67101903
125512351874,67101904
125512351874,67101905
125512351874,67101906
125512351874,67101911
125512351874,67101912
125512351874,67101916
125512351874,67101917
125512351874,67101918
125512351874,67101919
125512351874,67101921
125512351874,67101924
125512351874,67101927
125512351874,67101928
125512351874,67101929
125512351874,67101931
125512351874,67101932
125512351874,67101933
125512351874,67101936
125512351874,67101937
125512351874,67101939
125512351874,67101940
125512351874,67101942
125512351874,67101943
125512351874,67101945
125512351874,67101946
125512351874,67101947
125512351874,67101948
125512351874,67101951
125512351874,67101952
125512351874,67101953
125512351874,67101954
125512351874,67101955
125512351874,67101956
125512351874,67101958
125512351874,67101959
125512351874,67101962
125512351874,67101964
125512351874,67101965
125512351874,67101966
125512351874,67101968
125512351874,67101969
125512351874,67101972
125512351874,67101974
125512351874,67101975
125512351874,67101978
125512351874,67101979
125512351874,67101980
125512351874,67101982
125512351874,67101983
125512351874,67101985
125512351874,67101987
125512351874,67101988
125512351874,67101989
125512351874,67101991
125512351874,67101992
125512351874,67101994
125512351874,67101995
125512351874,67101996
125512351874,67101997
125512351874,67102002
125512351874,67102004
125512351874,67102006
125512351874,67102008
125512351874,67102011
125512351874,67102012
125512351874,67102014
125512351874,67102016
125512351874,67102017
125512351874,67102019
125512351874,67102020
125512351874,67102022
125512351874,67102023
125512351874,67102024
125512351874,67102025
125512351874,67102026
125512351874,67102028
125512351874,67102030
125512351874,67102031
125512351874,67102034
125512351874,67102035
125512351874,67102036
125512351874,67102037
125512351874,67102039
125512351874,67102040
125512351874,67102042
125512351874,67102043
125512351874,67102046
125512351874,67102047
125512351874,67102049
125512351874,67102051
125512351874,67102052
125512351874,67102053
125512351874,67102056
125512351874,67102057
125512351874,67102058
125512351874,67102061
125512351874,67102062
125512351874,67102065
125512351874,67102066
125512351874,67102070
125512351874,67102071
125512351874,67102073
125512351874,67102074
125512351874,67102077
125512351874,67102078
125512351874,67102079
125512351874,67102080
125512351874,67102081
125512351874,67102082
125512351874,67102084
125512351874,67102085
125512351874,67102086
125512351874,67102087
125512351874,67102088
125512351874,67102090
125512351874,67102091
125512351874,67102092
125512351874,67102093
125512351874,67102094
125512351874,67102095
125512351874,67102098
125512351874,67102099
125512351874,67102100
125512351874,67102101
125512351874,67102102
125512351874,67102103
125512351874,67102104
125512351874,67102105
125512351874,67102107
125512351874,67102108
125512351874,67102110
125512351874,67102112
125512351874,67102113
125512351874,67102116
125512351874,67102117
125512351874,67102119
125512351874,67102121
125512351874,67102122
125512351874,67102123
125512351874,67102124
125512351874,67102126
125512351874,67102127
125512351874,67102129
125512351874,67102131
125512351874,67102132
125512351874,67102133
125512351874,67102136
125512351874,67102137
125512351874,67102138
125512351874,67102139
125512351874,67102140
125512351874,67102141
125512351874,67102145
125512351874,67102146
125512351874,67102148
125512351874,67102150
125512351874,67102151
125512351874,67102153
125512351874,67102154
125512351874,67102155
125512351874,67102156
125512351874,67102157
125512351874,67102158
125512351874,67102160
125512351874,67102161
125512351874,67102162
125512351874,67102163
125512351874,67102165
125512351874,67102169
125512351874,67102170
125512351874,67102171
125512351874,67102172
125512351874,67102173
125512351874,67102178
125512351874,67102179
125512351874,67102180
125512351874,67102181
125512351874,67105897
125512351874,67105898
125512351874,67105899
125512351874,67105900
125512351874,67105901
125512351874,67105906
125512351874,67105908
125512351874,67105912
125512351874,67105913
125512351874,67105914
125512351874,67105916
125512351874,67105919
125512351874,67105922
125512351874,67105923
125512351874,67105926
125512351874,67105927
125512351874,67105928
125512351874,67105929
125512351874,67105931
125512351874,67105932
125512351874,67105934
125512351874,67105937
125512351874,67105938
125512351874,67105940
125512351874,67105941
125512351874,67105942
125512351874,67105943
125512351874,67105946
125512351874,67105947
125512351874,67105948
125512351874,67105949
125512351874,67105950
125512351874,67105951
125512351874,67105952
125512351874,67105953
125512351874,67105954
125512351874,67105957
125512351874,67105958
125512351874,67105959
125512351874,67105960
125512351874,67105963
125512351874,67105964
125512351874,67105966
125512351874,67105967
125512351874,67105969
125512351874,67105970
125512351874,67105973
125512351874,67105974
125512351874,67105977
125512351874,67105980
125512351874,67105981
125512351874,67105982
125512351874,67105983
125512351874,67105984
125512351874,67105986
125512351874,67105987
125512351874,67105988
125512351874,67105989
125512351874,67105991
125512351874,67105992
125512351874,67105997
125512351874,67105999
125512351874,67106001
125512351874,67106003
125512351874,67106005
125512351874,67106006
125512351874,67106008
125512351874,67106011
125512351874,67106012
125512351874,67106014
125512351874,67106015
125512351874,67106017
125512351874,67106018
125512351874,67106019
125512351874,67106021
125512351874,67106024
125512351874,67106025
125512351874,67106026
125512351874,67106029
125512351874,67106030
125512351874,67106031
125512351874,67106032
125512351874,67106034
125512351874,67106035
125512351874,67106037
125512351874,67106039
125512351874,67106041
125512351874,67106042
125512351874,67106044
125512351874,67106046
125512351874,67106047
125512351874,67106048
125512351874,67106051
125512351874,67106052
125512351874,67106055
125512351874,67106056
125512351874,67106057
125512351874,67106060
125512351874,67106065
125512351874,67106066
125512351874,67106068
125512351874,67106069
125512351874,67106072
125512351874,67106073
125512351874,67106074
125512351874,67106075
125512351874,67106077
125512351874,67106079
125512351874,67106080
125512351874,67106081
125512351874,67106082
125512351874,67106083
125512351874,67106084
125512351874,67106085
125512351874,67106086
125512351874,67106087
125512351874,67106088
125512351874,67106089
125512351874,67106090
125512351874,67106093
125512351874,67106095
125512351874,67106096
125512351874,67106097
125512351874,67106098
125512351874,67106099
125512351874,67106100
125512351874,67106103
125512351874,67106104
125512351874,67106107
125512351874,67106111
125512351874,67106112
125512351874,67106116
125512351874,67106117
125512351874,67106118
125512351874,67106120
125512351874,67106122
125512351874,67106123
125512351874,67106124
125512351874,67106126
125512351874,67106127
125512351874,67106128
125512351874,67106131
125512351874,67106132
125512351874,67106133
125512351874,67106134
125512351874,67106135
125512351874,67106136
125512351874,67106139
125512351874,67106140
125512351874,67106141
125512351874,67106142
125512351874,67106143
125512351874,67106145
125512351874,67106146
125512351874,67106147
125512351874,67106148
125512351874,67106150
125512351874,67106151
125512351874,67106152
125512351874,67106155
125512351874,67106156
125512351874,67106157
125512351874,67106158
125512351874,67106160
125512351874,67106164
125512351874,67106165
125512351874,67106166
125512351874,67106167
125512351874,67106168
125512351874,67106172
125512351874,67106174
125512351874,67106175
