1379256614,67100550
1379256614,67100551
1379256614,67100552
1379256614,67100553
1379256614,67100554
1379256614,67100959
1379256614,67104954
42756955034,131245
42756955034,131246
42756955034,131253
42756955034,67099992
42756955034,67100731
42756955034,67100732
42756955034,67100755
42756955034,67100758
42756955034,67100763
42756955034,67100766
42756955034,67100960
42756955034,67100969
42756955034,67100972
42756955034,67100975
42756955034,67100977
42756955034,67100979
42756955034,67100982
42756955034,67100983
42756955034,67100985
42756955034,67100987
42756955034,67100988
42756955034,67100996
42756955034,67100997
42756955034,67101001
42756955034,67101006
42756955034,67101008
42756955034,67101009
42756955034,67101011
42756955034,67101013
42756955034,67101014
42756955034,67101015
42756955034,67101017
42756955034,67101020
42756955034,67101028
42756955034,67101034
42756955034,67101036
42756955034,67101038
42756955034,67101039
42756955034,67101040
42756955034,67101044
42756955034,67101046
42756955034,67101056
42756955034,67101058
42756955034,67101062
42756955034,67101066
42756955034,67101074
42756955034,67101078
42756955034,67101088
42756955034,67101089
42756955034,67101092
42756955034,67101093
42756955034,67101094
42756955034,67101096
42756955034,67101100
42756955034,67101816
42756955034,67101817
42756955034,67101818
42756955034,67101819
42756955034,67101820
42756955034,67101821
42756955034,67101822
42756955034,67101823
42756955034,67101824
42756955034,67101826
42756955034,67104662
42756955034,67104663
42756955034,67104664
42756955034,67104665
42756955034,67104666
42756955034,67104667
42756955034,67104668
42756955034,67104669
42756955034,67104670
42756955034,67104671
42756955034,67104726
42756955034,67104727
42756955034,67104750
42756955034,67104753
42756955034,67104758
42756955034,67104761
42756955034,67104955
42756955034,67104966
42756955034,67104967
42756955034,67104970
42756955034,67104972
42756955034,67104974
42756955034,67104977
42756955034,67104978
42756955034,67104980
42756955034,67104981
42756955034,67104982
42756955034,67104983
42756955034,67104991
42756955034,67104992
42756955034,67104995
42756955034,67104996
42756955034,67105001
42756955034,67105003
42756955034,67105004
42756955034,67105006
42756955034,67105008
42756955034,67105010
42756955034,67105011
42756955034,67105015
42756955034,67105023
42756955034,67105029
42756955034,67105031
42756955034,67105033
42756955034,67105034
42756955034,67105035
42756955034,67105039
42756955034,67105041
42756955034,67105051
42756955034,67105053
42756955034,67105057
42756955034,67105058
42756955034,67105060
42756955034,67105061
42756955034,67105063
42756955034,67105069
42756955034,67105072
42756955034,67105073
42756955034,67105082
42756955034,67105084
42756955034,67105086
42756955034,67105087
42756955034,67105088
42756955034,67105089
42756955034,67105091
42756955034,67105092
42756955034,67105095
42756955034,67105096
42756955034,67105811
42756955034,67105812
42756955034,67105813
42756955034,67105814
42756955034,67105815
42756955034,67105816
42756955034,67105817
42756955034,67105818
42756955034,67105820
42756955034,67105821
42756955034,67108657
42756955034,67108658
42756955034,67108659
42756955034,67108660
42756955034,67108661
42756955034,67108662
42756955034,67108663
42756955034,67108664
42756955034,67108665
42756955034,67108667
42756955034,67108782
42756955034,67108783
42756955034,67108784
42756955034,67108785
42756955034,67108786
42756955034,67108787
42756955034,67108788
42756955034,67108789
42756955034,67108790
42756955034,67108791
42756955034,67108792
42756955034,67108793
42756955034,67108794
