1096522560,67091409
1096522560,67092427
1096522560,67093415
1096522560,67093416
1096522560,67093417
1096522560,67093418
1096522560,67093419
1096522560,67093420
1096522560,67093421
1096522560,67093422
1096522560,67093423
1096522560,67093424
1096522560,67093425
1096522560,67093426
1096522560,67093427
1096522560,67093428
1096522560,67093429
1096522560,67093430
1096522560,67093431
1096522560,67093432
1096522560,67093433
1096522560,67093434
1096522560,67093435
1096522560,67093437
1096522560,67093438
1096522560,67093439
1096522560,67093440
1096522560,67093441
1096522560,67093442
1096522560,67093443
1096522560,67093444
1096522560,67093445
1096522560,67093446
1096522560,67093447
1096522560,67093448
1096522560,67093449
1096522560,67093450
1096522560,67093451
1096522560,67093476
1096522560,67093477
1096522560,67093478
1096522560,67093479
1096522560,67093480
1096522560,67093481
1096522560,67093482
1096522560,67093483
1096522560,67093484
1096522560,67093485
1096522560,67093486
1096522560,67093487
1096522560,67093488
1096522560,67093489
1096522560,67093490
1096522560,67093491
1096522560,67093492
1096522560,67093493
1096522560,67093494
1096522560,67093495
1096522560,67093496
1096522560,67093497
1096522560,67093499
1096522560,67093501
1096522560,67093503
1096522560,67093504
1096522560,67093505
1096522560,67093506
1096522560,67093507
1096522560,67093508
1096522560,67093511
1096522560,67093908
1096522560,67101397
33992199360,131231
33992199360,67091421
33992199360,67092595
33992199360,67092596
33992199360,67093459
33992199360,67093464
33992199360,67093469
33992199360,67093473
33992199360,67093523
33992199360,67093524
33992199360,67093526
33992199360,67093531
33992199360,67093532
33992199360,67093536
33992199360,67093540
33992199360,67093541
33992199360,67093543
33992199360,67093544
33992199360,67093545
33992199360,67093546
33992199360,67093548
33992199360,67093549
33992199360,67093552
33992199360,67093554
33992199360,67093556
33992199360,67093561
33992199360,67093563
33992199360,67093571
33992199360,67093594
33992199360,67093598
33992199360,67098043
33992199360,67098114
33992199360,67098149
33992199360,67098159
33992199360,67098161
33992199360,67098174
33992199360,67098176
33992199360,67098179
33992199360,67098180
33992199360,67098181
33992199360,67098182
33992199360,67098196
33992199360,67098199
33992199360,67098200
33992199360,67098202
33992199360,67098203
33992199360,67098207
33992199360,67098209
33992199360,67098214
33992199360,67098215
33992199360,67098217
33992199360,67098218
33992199360,67098219
33992199360,67098224
33992199360,67098225
33992199360,67098227
33992199360,67098229
33992199360,67098230
33992199360,67098231
33992199360,67098245
33992199360,67098247
33992199360,67098252
33992199360,67098255
33992199360,67098256
33992199360,67098258
33992199360,67098259
33992199360,67098262
33992199360,67098263
33992199360,67098266
33992199360,67098267
33992199360,67098268
33992199360,67098269
33992199360,67098273
33992199360,67098293
33992199360,67098295
33992199360,67098300
33992199360,67098304
33992199360,67098310
33992199360,67098316
33992199360,67098326
33992199360,67098327
33992199360,67098620
33992199360,67098621
33992199360,67098622
33992199360,67098623
33992199360,67098626
33992199360,67098630
33992199360,67098632
33992199360,67098633
33992199360,67098634
33992199360,67098635
33992199360,67098636
33992199360,67098638
33992199360,67098639
33992199360,67098640
33992199360,67098641
33992199360,67098642
33992199360,67098644
33992199360,67098645
33992199360,67098646
33992199360,67098647
33992199360,67098648
33992199360,67098649
33992199360,67098650
33992199360,67098651
33992199360,67098652
33992199360,67098654
33992199360,67098656
33992199360,67098657
33992199360,67098658
33992199360,67098659
33992199360,67098662
33992199360,67098663
33992199360,67098664
33992199360,67098665
33992199360,67098666
33992199360,67098667
33992199360,67098668
33992199360,67098669
33992199360,67098670
33992199360,67098671
33992199360,67098672
33992199360,67098673
33992199360,67098674
33992199360,67098675
33992199360,67098676
33992199360,67098677
33992199360,67098678
33992199360,67098679
33992199360,67098681
33992199360,67098682
33992199360,67098683
33992199360,67098684
33992199360,67098685
33992199360,67098686
33992199360,67098688
33992199360,67098689
33992199360,67098690
33992199360,67098691
33992199360,67098692
33992199360,67098693
33992199360,67098694
33992199360,67098695
33992199360,67098696
33992199360,67098697
33992199360,67098698
33992199360,67098699
33992199360,67098700
33992199360,67098701
33992199360,67098702
33992199360,67098703
33992199360,67098704
33992199360,67098705
33992199360,67098706
33992199360,67098707
33992199360,67098708
33992199360,67098709
33992199360,67098710
33992199360,67098711
33992199360,67098712
33992199360,67098713
33992199360,67098714
33992199360,67098715
33992199360,67098716
33992199360,67098717
33992199360,67098718
33992199360,67098719
33992199360,67098720
33992199360,67098721
33992199360,67098722
33992199360,67098723
33992199360,67098724
33992199360,67098725
33992199360,67098726
33992199360,67098727
33992199360,67098728
33992199360,67098729
33992199360,67098730
33992199360,67098731
33992199360,67098732
33992199360,67098733
33992199360,67098734
33992199360,67098735
33992199360,67098736
33992199360,67098737
33992199360,67098738
33992199360,67098739
33992199360,67098740
33992199360,67098741
33992199360,67098742
33992199360,67098743
33992199360,67098744
33992199360,67098745
33992199360,67098746
33992199360,67098747
33992199360,67098748
33992199360,67098749
33992199360,67098750
33992199360,67098751
33992199360,67098752
33992199360,67098753
33992199360,67098754
33992199360,67098755
33992199360,67098756
33992199360,67098757
33992199360,67098758
33992199360,67098759
33992199360,67098760
33992199360,67098761
33992199360,67098762
33992199360,67098763
33992199360,67098764
33992199360,67098765
33992199360,67098766
33992199360,67098767
33992199360,67098768
33992199360,67098769
33992199360,67098770
33992199360,67098771
33992199360,67098772
33992199360,67098773
33992199360,67098774
33992199360,67098775
33992199360,67098776
33992199360,67098777
33992199360,67098778
33992199360,67098779
33992199360,67098780
33992199360,67098781
33992199360,67098782
33992199360,67098783
33992199360,67098784
33992199360,67098785
33992199360,67098786
33992199360,67098787
33992199360,67098788
33992199360,67098789
33992199360,67098790
33992199360,67098791
33992199360,67098792
33992199360,67098793
33992199360,67098794
33992199360,67098795
33992199360,67098796
33992199360,67098797
33992199360,67098798
33992199360,67098799
33992199360,67098800
33992199360,67098801
33992199360,67098802
33992199360,67098803
33992199360,67098804
33992199360,67098805
33992199360,67098806
33992199360,67098807
33992199360,67098808
33992199360,67098809
33992199360,67098810
33992199360,67098811
33992199360,67098812
33992199360,67098813
33992199360,67098814
33992199360,67098815
33992199360,67098816
33992199360,67098817
33992199360,67098818
33992199360,67098819
33992199360,67098820
33992199360,67098821
33992199360,67098822
33992199360,67098823
33992199360,67098824
33992199360,67105603
33992199360,67105629
33992199360,67105631
33992199360,67105650
33992199360,67105663
33992199360,67105669
33992199360,67105670
33992199360,67105671
33992199360,67105685
33992199360,67105688
33992199360,67105689
33992199360,67105692
33992199360,67105693
33992199360,67105696
33992199360,67105698
33992199360,67105699
33992199360,67105703
33992199360,67105704
33992199360,67105707
33992199360,67105708
33992199360,67105709
33992199360,67105713
33992199360,67105717
33992199360,67105719
33992199360,67105720
33992199360,67105727
33992199360,67105729
33992199360,67105734
33992199360,67105735
33992199360,67105738
33992199360,67105741
33992199360,67105742
33992199360,67105745
33992199360,67105746
33992199360,67105747
33992199360,67105748
33992199360,67105752
33992199360,67105756
33992199360,67105757
33992199360,67105758
33992199360,67105762
33992199360,67105763
33992199360,67105782
33992199360,67105789
33992199360,67105806
33992199360,67105816
33992199360,67106109
33992199360,67106110
33992199360,67106111
33992199360,67106115
33992199360,67106119
33992199360,67106120
33992199360,67106121
33992199360,67106122
33992199360,67106123
33992199360,67106124
33992199360,67106125
33992199360,67106127
33992199360,67106128
33992199360,67106129
33992199360,67106130
33992199360,67106131
33992199360,67106132
33992199360,67106133
33992199360,67106134
33992199360,67106135
33992199360,67106136
33992199360,67106138
33992199360,67106140
33992199360,67106141
33992199360,67106143
33992199360,67106145
33992199360,67106146
33992199360,67106147
33992199360,67106148
33992199360,67106152
33992199360,67106154
33992199360,67106155
33992199360,67106156
33992199360,67106157
33992199360,67106158
33992199360,67106159
33992199360,67106160
33992199360,67106161
33992199360,67106162
33992199360,67106163
33992199360,67106164
33992199360,67106165
33992199360,67106166
33992199360,67106167
33992199360,67106168
33992199360,67106169
33992199360,67106170
33992199360,67106171
33992199360,67106172
33992199360,67106173
33992199360,67106174
33992199360,67106175
33992199360,67106178
33992199360,67106179
33992199360,67106180
33992199360,67106181
33992199360,67106182
33992199360,67106183
33992199360,67106184
33992199360,67106185
33992199360,67106186
33992199360,67106187
33992199360,67106188
33992199360,67106189
33992199360,67106190
33992199360,67106191
33992199360,67106192
33992199360,67106194
33992199360,67106195
33992199360,67106196
33992199360,67106197
33992199360,67106198
33992199360,67106199
33992199360,67106200
33992199360,67106201
33992199360,67106202
33992199360,67106203
33992199360,67106204
33992199360,67106205
33992199360,67106206
33992199360,67106207
33992199360,67106208
33992199360,67106209
33992199360,67106210
33992199360,67106211
33992199360,67106212
33992199360,67106213
33992199360,67106214
33992199360,67106215
33992199360,67106216
33992199360,67106217
33992199360,67106218
33992199360,67106219
33992199360,67106220
33992199360,67106221
33992199360,67106222
33992199360,67106223
33992199360,67106224
33992199360,67106225
33992199360,67106226
33992199360,67106227
33992199360,67106228
33992199360,67106229
33992199360,67106230
33992199360,67106231
33992199360,67106232
33992199360,67106233
33992199360,67106234
33992199360,67106235
33992199360,67106236
33992199360,67106237
33992199360,67106238
33992199360,67106239
33992199360,67106240
33992199360,67106241
33992199360,67106242
33992199360,67106243
33992199360,67106244
33992199360,67106245
33992199360,67106246
33992199360,67106247
33992199360,67106248
33992199360,67106249
33992199360,67106250
33992199360,67106251
33992199360,67106252
33992199360,67106253
33992199360,67106254
33992199360,67106255
33992199360,67106256
33992199360,67106257
33992199360,67106258
33992199360,67106259
33992199360,67106260
33992199360,67106261
33992199360,67106262
33992199360,67106263
33992199360,67106264
33992199360,67106265
33992199360,67106266
33992199360,67106267
33992199360,67106268
33992199360,67106269
33992199360,67106270
33992199360,67106271
33992199360,67106272
33992199360,67106273
33992199360,67106274
33992199360,67106275
33992199360,67106276
33992199360,67106277
33992199360,67106278
33992199360,67106279
33992199360,67106280
33992199360,67106281
33992199360,67106282
33992199360,67106283
33992199360,67106284
33992199360,67106285
33992199360,67106286
33992199360,67106287
33992199360,67106288
33992199360,67106289
33992199360,67106290
33992199360,67106291
33992199360,67106292
33992199360,67106293
33992199360,67106294
33992199360,67106295
33992199360,67106296
33992199360,67106297
33992199360,67106298
33992199360,67106299
33992199360,67106300
33992199360,67106301
33992199360,67106302
33992199360,67106303
33992199360,67106304
33992199360,67106305
33992199360,67106306
33992199360,67106307
33992199360,67106308
33992199360,67106309
33992199360,67106310
33992199360,67106311
33992199360,67106312
33992199360,67106313
33992199360,67106314
33992199360,67108598
33992199360,67108599
33992199360,67108600
33992199360,67108601
33992199360,67108602
33992199360,67108603
66887876160,67091412
66887876160,67092412
66887876160,67093460
66887876160,67093465
66887876160,67093466
66887876160,67093467
66887876160,67093468
66887876160,67093470
66887876160,67093471
66887876160,67093472
66887876160,67093474
66887876160,67093475
66887876160,67093539
66887876160,67093551
66887876160,67093553
66887876160,67093555
66887876160,67093557
66887876160,67093558
66887876160,67093559
66887876160,67093560
66887876160,67093562
66887876160,67093564
66887876160,67093565
66887876160,67093566
66887876160,67093567
66887876160,67093568
66887876160,67093569
66887876160,67093570
66887876160,67093572
66887876160,67093574
66887876160,67093575
66887876160,67093576
66887876160,67093577
66887876160,67093578
66887876160,67093579
66887876160,67093580
66887876160,67093581
66887876160,67093582
66887876160,67093583
66887876160,67093584
66887876160,67093585
66887876160,67093586
66887876160,67093587
66887876160,67093588
66887876160,67093589
66887876160,67093590
66887876160,67093591
66887876160,67093592
66887876160,67093593
66887876160,67093595
66887876160,67093596
66887876160,67093597
66887876160,67093599
66887876160,67093601
66887876160,67093602
66887876160,67093603
66887876160,67093604
66887876160,67093605
66887876160,67093606
66887876160,67093607
66887876160,67093608
66887876160,67093609
66887876160,67093610
66887876160,67093611
66887876160,67093612
66887876160,67093615
66887876160,67095713
66887876160,67095714
66887876160,67095715
66887876160,67096133
66887876160,67096135
66887876160,67096136
66887876160,67096137
66887876160,67096138
66887876160,67096139
66887876160,67096140
66887876160,67096141
66887876160,67096142
66887876160,67096143
66887876160,67096144
66887876160,67096145
66887876160,67096146
66887876160,67096147
66887876160,67096148
66887876160,67096149
66887876160,67096150
66887876160,67096152
66887876160,67096153
66887876160,67096154
66887876160,67096155
66887876160,67096156
66887876160,67096157
66887876160,67096158
66887876160,67096159
66887876160,67096160
66887876160,67096161
66887876160,67096162
66887876160,67096163
66887876160,67096164
66887876160,67096165
66887876160,67096166
66887876160,67096167
66887876160,67096168
66887876160,67096169
66887876160,67096170
66887876160,67096171
66887876160,67096172
66887876160,67096173
66887876160,67096174
66887876160,67096175
66887876160,67096176
66887876160,67096177
66887876160,67096178
66887876160,67096179
66887876160,67096180
66887876160,67096181
66887876160,67096182
66887876160,67096183
66887876160,67096184
66887876160,67096185
66887876160,67096186
66887876160,67096187
66887876160,67096188
66887876160,67096189
66887876160,67096190
66887876160,67096191
66887876160,67096192
66887876160,67096193
66887876160,67096194
66887876160,67096195
66887876160,67096196
66887876160,67096197
66887876160,67096198
66887876160,67096199
66887876160,67096200
66887876160,67096201
66887876160,67096202
66887876160,67096203
66887876160,67096204
66887876160,67096205
66887876160,67096206
66887876160,67096207
66887876160,67096208
66887876160,67096209
66887876160,67096210
66887876160,67096211
66887876160,67096212
66887876160,67096213
66887876160,67096214
66887876160,67096216
66887876160,67096217
66887876160,67096218
66887876160,67096219
66887876160,67096220
66887876160,67096221
66887876160,67096222
66887876160,67096223
66887876160,67096224
66887876160,67096225
66887876160,67096226
66887876160,67096227
66887876160,67096228
66887876160,67096229
66887876160,67096230
66887876160,67096231
66887876160,67096232
66887876160,67096233
66887876160,67096234
66887876160,67096235
66887876160,67096236
66887876160,67096237
66887876160,67096238
66887876160,67096239
66887876160,67096240
66887876160,67096241
66887876160,67096242
66887876160,67096243
66887876160,67096244
66887876160,67096245
66887876160,67096246
66887876160,67096247
66887876160,67096248
66887876160,67103203
66887876160,67103204
66887876160,67103622
66887876160,67103624
66887876160,67103625
66887876160,67103626
66887876160,67103627
66887876160,67103628
66887876160,67103629
66887876160,67103630
66887876160,67103631
66887876160,67103632
66887876160,67103633
66887876160,67103634
66887876160,67103635
66887876160,67103636
66887876160,67103637
66887876160,67103638
66887876160,67103639
66887876160,67103641
66887876160,67103642
66887876160,67103643
66887876160,67103644
66887876160,67103645
66887876160,67103646
66887876160,67103647
66887876160,67103648
66887876160,67103649
66887876160,67103650
66887876160,67103651
66887876160,67103652
66887876160,67103653
66887876160,67103654
66887876160,67103655
66887876160,67103656
66887876160,67103657
66887876160,67103658
66887876160,67103659
66887876160,67103660
66887876160,67103661
66887876160,67103662
66887876160,67103663
66887876160,67103664
66887876160,67103665
66887876160,67103666
66887876160,67103667
66887876160,67103668
66887876160,67103669
66887876160,67103670
66887876160,67103671
66887876160,67103672
66887876160,67103673
66887876160,67103674
66887876160,67103675
66887876160,67103676
66887876160,67103677
66887876160,67103678
66887876160,67103679
66887876160,67103680
66887876160,67103681
66887876160,67103682
66887876160,67103683
66887876160,67103684
66887876160,67103685
66887876160,67103686
66887876160,67103687
66887876160,67103688
66887876160,67103689
66887876160,67103690
66887876160,67103691
66887876160,67103692
66887876160,67103693
66887876160,67103694
66887876160,67103695
66887876160,67103696
66887876160,67103697
66887876160,67103698
66887876160,67103699
66887876160,67103700
66887876160,67103701
66887876160,67103702
66887876160,67103703
66887876160,67103704
66887876160,67103705
66887876160,67103706
66887876160,67103707
66887876160,67103708
66887876160,67103709
66887876160,67103710
66887876160,67103711
66887876160,67103712
66887876160,67103713
66887876160,67103714
66887876160,67103715
66887876160,67103716
66887876160,67103717
66887876160,67103718
66887876160,67103719
66887876160,67103720
66887876160,67103721
66887876160,67103722
66887876160,67103723
66887876160,67103724
66887876160,67103725
66887876160,67103726
66887876160,67103727
66887876160,67103728
66887876160,67103729
66887876160,67103730
66887876160,67103731
66887876160,67103732
66887876160,67103733
66887876160,67103734
66887876160,67103735
66887876160,67103736
66887876160,67103737
66887876160,67108595
99783552960,131232
99783552960,131235
99783552960,131236
99783552960,131241
99783552960,131246
99783552960,131250
99783552960,131251
99783552960,131256
99783552960,67091452
99783552960,67093630
99783552960,67093647
99783552960,67093648
99783552960,67093660
99783552960,67093661
99783552960,67093692
99783552960,67093693
99783552960,67093694
99783552960,67093698
99783552960,67093910
99783552960,67093921
99783552960,67093929
99783552960,67093945
99783552960,67093951
99783552960,67093972
99783552960,67093977
99783552960,67093985
99783552960,67093986
99783552960,67093987
99783552960,67094001
99783552960,67094002
99783552960,67094003
99783552960,67094009
99783552960,67094012
99783552960,67094017
99783552960,67094024
99783552960,67094042
99783552960,67094050
99783552960,67094057
99783552960,67094067
99783552960,67094069
99783552960,67094081
99783552960,67094087
99783552960,67094093
99783552960,67094120
99783552960,67094122
99783552960,67094123
99783552960,67094125
99783552960,67094126
99783552960,67094129
99783552960,67094137
99783552960,67094141
99783552960,67094144
99783552960,67094145
99783552960,67094146
99783552960,67094151
99783552960,67094158
99783552960,67094161
99783552960,67094165
99783552960,67094169
99783552960,67094170
99783552960,67094180
99783552960,67094191
99783552960,67094192
99783552960,67094196
99783552960,67094197
99783552960,67094198
99783552960,67094215
99783552960,67094216
99783552960,67094218
99783552960,67094223
99783552960,67094243
99783552960,67094250
99783552960,67094251
99783552960,67094255
99783552960,67094260
99783552960,67094265
99783552960,67094280
99783552960,67094421
99783552960,67094423
99783552960,67094427
99783552960,67094428
99783552960,67094429
99783552960,67094443
99783552960,67094451
99783552960,67094458
99783552960,67094464
99783552960,67094465
99783552960,67094467
99783552960,67094469
99783552960,67094471
99783552960,67094472
99783552960,67094484
99783552960,67094486
99783552960,67094487
99783552960,67094489
99783552960,67094493
99783552960,67094496
99783552960,67094497
99783552960,67094498
99783552960,67094506
99783552960,67094508
99783552960,67094511
99783552960,67094513
99783552960,67094523
99783552960,67094535
99783552960,67094614
99783552960,67094688
99783552960,67094705
99783552960,67094712
99783552960,67094714
99783552960,67094715
99783552960,67094717
99783552960,67094718
99783552960,67094719
99783552960,67094720
99783552960,67094722
99783552960,67094723
99783552960,67094724
99783552960,67094725
99783552960,67094726
99783552960,67094727
99783552960,67094729
99783552960,67094730
99783552960,67094731
99783552960,67094733
99783552960,67094734
99783552960,67094735
99783552960,67094736
99783552960,67094737
99783552960,67094738
99783552960,67094739
99783552960,67094740
99783552960,67094741
99783552960,67094742
99783552960,67094743
99783552960,67094744
99783552960,67094745
99783552960,67094746
99783552960,67094747
99783552960,67094748
99783552960,67094749
99783552960,67094750
99783552960,67094759
99783552960,67094766
99783552960,67094767
99783552960,67094769
99783552960,67094773
99783552960,67094774
99783552960,67094784
99783552960,67094785
99783552960,67094786
99783552960,67094787
99783552960,67094790
99783552960,67094791
99783552960,67094794
99783552960,67094796
99783552960,67094799
99783552960,67094801
99783552960,67094802
99783552960,67094803
99783552960,67094804
99783552960,67094806
99783552960,67094807
99783552960,67094808
99783552960,67094809
99783552960,67094810
99783552960,67094812
99783552960,67094813
99783552960,67094814
99783552960,67094816
99783552960,67094819
99783552960,67094824
99783552960,67094826
99783552960,67094831
99783552960,67094832
99783552960,67094833
99783552960,67094837
99783552960,67094839
99783552960,67094842
99783552960,67094843
99783552960,67094844
99783552960,67094845
99783552960,67094847
99783552960,67094848
99783552960,67094849
99783552960,67094850
99783552960,67094851
99783552960,67094856
99783552960,67094860
99783552960,67094864
99783552960,67094867
99783552960,67094868
99783552960,67094869
99783552960,67094870
99783552960,67094871
99783552960,67094875
99783552960,67094877
99783552960,67094878
99783552960,67094881
99783552960,67094882
99783552960,67094883
99783552960,67094884
99783552960,67094885
99783552960,67094887
99783552960,67094888
99783552960,67094889
99783552960,67094890
99783552960,67094893
99783552960,67094894
99783552960,67094895
99783552960,67094896
99783552960,67094897
99783552960,67094898
99783552960,67094900
99783552960,67094902
99783552960,67094905
99783552960,67094907
99783552960,67094908
99783552960,67094909
99783552960,67095144
99783552960,67095146
99783552960,67095148
99783552960,67095150
99783552960,67095151
99783552960,67095154
99783552960,67095156
99783552960,67095157
99783552960,67095158
99783552960,67095160
99783552960,67095165
99783552960,67095168
99783552960,67095169
99783552960,67095171
99783552960,67095175
99783552960,67095176
99783552960,67095177
99783552960,67095179
99783552960,67095181
99783552960,67095182
99783552960,67095184
99783552960,67095186
99783552960,67095188
99783552960,67095189
99783552960,67095367
99783552960,67095737
99783552960,67096383
99783552960,67096541
99783552960,67096635
99783552960,67096637
99783552960,67097334
99783552960,67097413
99783552960,67097422
99783552960,67097423
99783552960,67098143
99783552960,67101119
99783552960,67101137
99783552960,67101150
99783552960,67101181
99783552960,67101183
99783552960,67101187
99783552960,67101399
99783552960,67101410
99783552960,67101419
99783552960,67101435
99783552960,67101440
99783552960,67101461
99783552960,67101466
99783552960,67101467
99783552960,67101474
99783552960,67101475
99783552960,67101476
99783552960,67101491
99783552960,67101492
99783552960,67101498
99783552960,67101501
99783552960,67101502
99783552960,67101506
99783552960,67101513
99783552960,67101532
99783552960,67101539
99783552960,67101546
99783552960,67101556
99783552960,67101558
99783552960,67101570
99783552960,67101576
99783552960,67101582
99783552960,67101609
99783552960,67101611
99783552960,67101612
99783552960,67101615
99783552960,67101626
99783552960,67101630
99783552960,67101633
99783552960,67101635
99783552960,67101636
99783552960,67101640
99783552960,67101647
99783552960,67101650
99783552960,67101654
99783552960,67101655
99783552960,67101658
99783552960,67101659
99783552960,67101669
99783552960,67101680
99783552960,67101681
99783552960,67101685
99783552960,67101686
99783552960,67101687
99783552960,67101688
99783552960,67101704
99783552960,67101705
99783552960,67101707
99783552960,67101712
99783552960,67101733
99783552960,67101739
99783552960,67101740
99783552960,67101744
99783552960,67101749
99783552960,67101754
99783552960,67101769
99783552960,67101910
99783552960,67101912
99783552960,67101917
99783552960,67101918
99783552960,67101932
99783552960,67101940
99783552960,67101947
99783552960,67101953
99783552960,67101954
99783552960,67101957
99783552960,67101958
99783552960,67101961
99783552960,67101973
99783552960,67101975
99783552960,67101976
99783552960,67101979
99783552960,67101982
99783552960,67101985
99783552960,67101986
99783552960,67101987
99783552960,67101995
99783552960,67101998
99783552960,67102001
99783552960,67102002
99783552960,67102013
99783552960,67102024
99783552960,67102103
99783552960,67102178
99783552960,67102194
99783552960,67102195
99783552960,67102201
99783552960,67102203
99783552960,67102204
99783552960,67102205
99783552960,67102206
99783552960,67102207
99783552960,67102209
99783552960,67102210
99783552960,67102211
99783552960,67102212
99783552960,67102213
99783552960,67102214
99783552960,67102215
99783552960,67102216
99783552960,67102218
99783552960,67102219
99783552960,67102220
99783552960,67102221
99783552960,67102222
99783552960,67102223
99783552960,67102224
99783552960,67102225
99783552960,67102226
99783552960,67102227
99783552960,67102228
99783552960,67102229
99783552960,67102230
99783552960,67102231
99783552960,67102232
99783552960,67102233
99783552960,67102234
99783552960,67102235
99783552960,67102236
99783552960,67102237
99783552960,67102238
99783552960,67102239
99783552960,67102248
99783552960,67102249
99783552960,67102255
99783552960,67102256
99783552960,67102259
99783552960,67102262
99783552960,67102263
99783552960,67102264
99783552960,67102273
99783552960,67102274
99783552960,67102275
99783552960,67102276
99783552960,67102279
99783552960,67102280
99783552960,67102283
99783552960,67102285
99783552960,67102288
99783552960,67102290
99783552960,67102291
99783552960,67102292
99783552960,67102293
99783552960,67102296
99783552960,67102297
99783552960,67102298
99783552960,67102299
99783552960,67102302
99783552960,67102303
99783552960,67102305
99783552960,67102308
99783552960,67102313
99783552960,67102315
99783552960,67102320
99783552960,67102321
99783552960,67102322
99783552960,67102323
99783552960,67102326
99783552960,67102329
99783552960,67102331
99783552960,67102332
99783552960,67102333
99783552960,67102334
99783552960,67102337
99783552960,67102338
99783552960,67102339
99783552960,67102340
99783552960,67102345
99783552960,67102349
99783552960,67102350
99783552960,67102353
99783552960,67102356
99783552960,67102358
99783552960,67102360
99783552960,67102361
99783552960,67102364
99783552960,67102366
99783552960,67102367
99783552960,67102368
99783552960,67102370
99783552960,67102371
99783552960,67102372
99783552960,67102373
99783552960,67102375
99783552960,67102377
99783552960,67102378
99783552960,67102379
99783552960,67102380
99783552960,67102382
99783552960,67102383
99783552960,67102384
99783552960,67102386
99783552960,67102388
99783552960,67102390
99783552960,67102391
99783552960,67102392
99783552960,67102394
99783552960,67102396
99783552960,67102397
99783552960,67102398
99783552960,67102633
99783552960,67102634
99783552960,67102635
99783552960,67102636
99783552960,67102637
99783552960,67102639
99783552960,67102640
99783552960,67102644
99783552960,67102645
99783552960,67102646
99783552960,67102647
99783552960,67102649
99783552960,67102654
99783552960,67102657
99783552960,67102658
99783552960,67102660
99783552960,67102664
99783552960,67102665
99783552960,67102666
99783552960,67102668
99783552960,67102670
99783552960,67102671
99783552960,67102672
99783552960,67102673
99783552960,67102675
99783552960,67102678
99783552960,67102855
99783552960,67102856
99783552960,67103226
99783552960,67103872
99783552960,67104030
99783552960,67104031
99783552960,67104124
99783552960,67104126
99783552960,67104823
99783552960,67104903
99783552960,67104911
99783552960,67104912
99783552960,67105632
99783552960,67106752
99783552960,67108596
99783552960,67108597
99783552960,67108607
99783552960,67108608
99783552960,67108617
99783552960,67108655
99783552960,67108656
132679229760,131234
132679229760,131240
132679229760,131242
132679229760,131247
132679229760,131248
132679229760,131249
132679229760,131255
132679229760,131261
132679229760,67091497
132679229760,67093617
132679229760,67093620
132679229760,67093632
132679229760,67093662
132679229760,67093684
132679229760,67093696
132679229760,67093709
132679229760,67093949
132679229760,67094023
132679229760,67094039
132679229760,67094138
132679229760,67094148
132679229760,67094214
132679229760,67094253
132679229760,67094273
132679229760,67094292
132679229760,67094293
132679229760,67094350
132679229760,67094448
132679229760,67094476
132679229760,67094492
132679229760,67094517
132679229760,67094543
132679229760,67094595
132679229760,67094609
132679229760,67094626
132679229760,67094631
132679229760,67094634
132679229760,67094655
132679229760,67094666
132679229760,67094668
132679229760,67094692
132679229760,67094713
132679229760,67094752
132679229760,67094852
132679229760,67094912
132679229760,67094923
132679229760,67094950
132679229760,67094967
132679229760,67094969
132679229760,67094993
132679229760,67095009
132679229760,67095020
132679229760,67095021
132679229760,67095023
132679229760,67095040
132679229760,67095043
132679229760,67095134
132679229760,67095135
132679229760,67095136
132679229760,67095137
132679229760,67095140
132679229760,67095147
132679229760,67095173
132679229760,67095200
132679229760,67095201
132679229760,67095209
132679229760,67095214
132679229760,67095252
132679229760,67095267
132679229760,67095313
132679229760,67095349
132679229760,67095366
132679229760,67095370
132679229760,67095397
132679229760,67095416
132679229760,67095432
132679229760,67095438
132679229760,67095439
132679229760,67095455
132679229760,67095463
132679229760,67095513
132679229760,67095517
132679229760,67095518
132679229760,67095519
132679229760,67095520
132679229760,67095528
132679229760,67095534
132679229760,67095541
132679229760,67095543
132679229760,67095547
132679229760,67095552
132679229760,67095722
132679229760,67095736
132679229760,67095756
132679229760,67095763
132679229760,67095764
132679229760,67095768
132679229760,67095793
132679229760,67095807
132679229760,67095849
132679229760,67095853
132679229760,67095856
132679229760,67095868
132679229760,67095877
132679229760,67095896
132679229760,67096134
132679229760,67096260
132679229760,67096284
132679229760,67096293
132679229760,67096319
132679229760,67096327
132679229760,67096328
132679229760,67096331
132679229760,67096386
132679229760,67096399
132679229760,67096414
132679229760,67096429
132679229760,67096458
132679229760,67096461
132679229760,67096564
132679229760,67096590
132679229760,67096600
132679229760,67096630
132679229760,67096638
132679229760,67096639
132679229760,67096645
132679229760,67096932
132679229760,67097125
132679229760,67097138
132679229760,67097144
132679229760,67097228
132679229760,67097270
132679229760,67097282
132679229760,67097285
132679229760,67097304
132679229760,67097373
132679229760,67097409
132679229760,67097449
132679229760,67097537
132679229760,67097540
132679229760,67097541
132679229760,67097547
132679229760,67097552
132679229760,67097914
132679229760,67097933
132679229760,67097940
132679229760,67097981
132679229760,67097992
132679229760,67098065
132679229760,67098100
132679229760,67098136
132679229760,67098148
132679229760,67098192
132679229760,67098238
132679229760,67098274
132679229760,67098275
132679229760,67098278
132679229760,67098285
132679229760,67098286
132679229760,67098299
132679229760,67098301
132679229760,67098444
132679229760,67098619
132679229760,67098655
132679229760,67098836
132679229760,67098877
132679229760,67098894
132679229760,67098896
132679229760,67098911
132679229760,67098918
132679229760,67098924
132679229760,67098928
132679229760,67098934
132679229760,67098938
132679229760,67098941
132679229760,67098965
132679229760,67098989
132679229760,67098993
132679229760,67099032
132679229760,67099041
132679229760,67099055
132679229760,67099175
132679229760,67099181
132679229760,67099188
132679229760,67099212
132679229760,67099213
132679229760,67099220
132679229760,67099221
132679229760,67099253
132679229760,67099255
132679229760,67099329
132679229760,67099339
132679229760,67099380
132679229760,67099387
132679229760,67099479
132679229760,67099494
132679229760,67099508
132679229760,67099541
132679229760,67099589
132679229760,67099686
132679229760,67099698
132679229760,67099704
132679229760,67099727
132679229760,67099771
132679229760,67099795
132679229760,67099805
132679229760,67099812
132679229760,67099824
132679229760,67099847
132679229760,67099911
132679229760,67099925
132679229760,67099936
132679229760,67099937
132679229760,67099950
132679229760,67099982
132679229760,67100025
132679229760,67100049
132679229760,67100059
132679229760,67100572
132679229760,67100573
132679229760,67100574
132679229760,67100576
132679229760,67100578
132679229760,67100589
132679229760,67100592
132679229760,67100597
132679229760,67100607
132679229760,67100646
132679229760,67100662
132679229760,67100687
132679229760,67100690
132679229760,67100698
132679229760,67100729
132679229760,67100747
132679229760,67100751
132679229760,67100796
132679229760,67100797
132679229760,67101106
132679229760,67101110
132679229760,67101121
132679229760,67101122
132679229760,67101151
132679229760,67101173
132679229760,67101186
132679229760,67101198
132679229760,67101438
132679229760,67101512
132679229760,67101529
132679229760,67101627
132679229760,67101637
132679229760,67101742
132679229760,67101763
132679229760,67101782
132679229760,67101839
132679229760,67101937
132679229760,67101966
132679229760,67101981
132679229760,67102006
132679229760,67102032
132679229760,67102084
132679229760,67102098
132679229760,67102116
132679229760,67102120
132679229760,67102123
132679229760,67102145
132679229760,67102155
132679229760,67102157
132679229760,67102158
132679229760,67102181
132679229760,67102202
132679229760,67102241
132679229760,67102301
132679229760,67102341
132679229760,67102401
132679229760,67102412
132679229760,67102439
132679229760,67102457
132679229760,67102459
132679229760,67102482
132679229760,67102498
132679229760,67102509
132679229760,67102511
132679229760,67102512
132679229760,67102529
132679229760,67102533
132679229760,67102623
132679229760,67102624
132679229760,67102625
132679229760,67102629
132679229760,67102662
132679229760,67102689
132679229760,67102690
132679229760,67102698
132679229760,67102702
132679229760,67102703
132679229760,67102741
132679229760,67102756
132679229760,67102802
132679229760,67102838
132679229760,67102859
132679229760,67102887
132679229760,67102906
132679229760,67102922
132679229760,67102927
132679229760,67102928
132679229760,67102944
132679229760,67103006
132679229760,67103007
132679229760,67103008
132679229760,67103009
132679229760,67103017
132679229760,67103023
132679229760,67103030
132679229760,67103032
132679229760,67103036
132679229760,67103041
132679229760,67103211
132679229760,67103225
132679229760,67103245
132679229760,67103253
132679229760,67103257
132679229760,67103282
132679229760,67103296
132679229760,67103339
132679229760,67103342
132679229760,67103345
132679229760,67103357
132679229760,67103366
132679229760,67103386
132679229760,67103750
132679229760,67103773
132679229760,67103782
132679229760,67103809
132679229760,67103816
132679229760,67103817
132679229760,67103820
132679229760,67103875
132679229760,67103903
132679229760,67103919
132679229760,67103948
132679229760,67103951
132679229760,67104054
132679229760,67104079
132679229760,67104089
132679229760,67104095
132679229760,67104119
132679229760,67104127
132679229760,67104129
132679229760,67104135
132679229760,67104421
132679229760,67104615
132679229760,67104628
132679229760,67104633
132679229760,67104717
132679229760,67104760
132679229760,67104771
132679229760,67104774
132679229760,67104793
132679229760,67104862
132679229760,67104898
132679229760,67104938
132679229760,67105026
132679229760,67105030
132679229760,67105036
132679229760,67105037
132679229760,67105041
132679229760,67105403
132679229760,67105422
132679229760,67105429
132679229760,67105470
132679229760,67105481
132679229760,67105554
132679229760,67105589
132679229760,67105625
132679229760,67105638
132679229760,67105764
132679229760,67105767
132679229760,67105768
132679229760,67105774
132679229760,67105775
132679229760,67105788
132679229760,67105790
132679229760,67105934
132679229760,67106108
132679229760,67106112
132679229760,67106137
132679229760,67106144
132679229760,67106367
132679229760,67106383
132679229760,67106385
132679229760,67106400
132679229760,67106413
132679229760,67106417
132679229760,67106423
132679229760,67106424
132679229760,67106430
132679229760,67106454
132679229760,67106478
132679229760,67106482
132679229760,67106530
132679229760,67106544
132679229760,67106665
132679229760,67106670
132679229760,67106677
132679229760,67106701
132679229760,67106702
132679229760,67106709
132679229760,67106710
132679229760,67106742
132679229760,67106744
132679229760,67106818
132679229760,67106829
132679229760,67106870
132679229760,67106876
132679229760,67106910
132679229760,67106968
132679229760,67106998
132679229760,67107019
132679229760,67107030
132679229760,67107078
132679229760,67107175
132679229760,67107188
132679229760,67107193
132679229760,67107216
132679229760,67107260
132679229760,67107284
132679229760,67107295
132679229760,67107302
132679229760,67107313
132679229760,67107336
132679229760,67107400
132679229760,67107414
132679229760,67107425
132679229760,67107426
132679229760,67107439
132679229760,67107472
132679229760,67107514
132679229760,67107538
132679229760,67107548
132679229760,67108062
132679229760,67108063
132679229760,67108065
132679229760,67108066
132679229760,67108067
132679229760,67108079
132679229760,67108082
132679229760,67108086
132679229760,67108096
132679229760,67108125
132679229760,67108135
132679229760,67108152
132679229760,67108176
132679229760,67108177
132679229760,67108179
132679229760,67108187
132679229760,67108219
132679229760,67108236
132679229760,67108240
132679229760,67108286
132679229760,67108604
132679229760,67108605
132679229760,67108606
132679229760,67108609
132679229760,67108610
132679229760,67108611
132679229760,67108612
132679229760,67108613
132679229760,67108614
132679229760,67108616
132679229760,67108618
132679229760,67108619
132679229760,67108620
132679229760,67108621
132679229760,67108622
132679229760,67108623
132679229760,67108624
132679229760,67108625
132679229760,67108626
132679229760,67108627
132679229760,67108628
132679229760,67108629
132679229760,67108630
132679229760,67108631
132679229760,67108657
132679229760,67108658
132679229760,67108659
132679229760,67108660
132679229760,67108661
132679229760,67108663
132679229760,67108664
132679229760,67108665
132679229760,67108666
132679229760,67108667
132679229760,67108668
132679229760,67108670
132679229760,67108672
132679229760,67108673
132679229760,67108674
132679229760,67108675
132679229760,67108676
132679229760,67108680
132679229760,67108683
132679229760,67108684
132679229760,67108692
165574906560,131243
165574906560,131245
165574906560,131257
165574906560,131258
165574906560,131260
165574906560,67091562
165574906560,67092443
165574906560,67093711
165574906560,67093968
165574906560,67094077
165574906560,67094094
165574906560,67094097
165574906560,67094339
165574906560,67094342
165574906560,67095431
165574906560,67096358
165574906560,67096419
165574906560,67096420
165574906560,67096479
165574906560,67096544
165574906560,67096734
165574906560,67097082
165574906560,67097085
165574906560,67097096
165574906560,67097108
165574906560,67097113
165574906560,67097122
165574906560,67097129
165574906560,67097139
165574906560,67097147
165574906560,67097148
165574906560,67097165
165574906560,67097171
165574906560,67097175
165574906560,67097189
165574906560,67097245
165574906560,67097297
165574906560,67097453
165574906560,67097900
165574906560,67097904
165574906560,67097905
165574906560,67097906
165574906560,67097909
165574906560,67097911
165574906560,67097916
165574906560,67097917
165574906560,67097920
165574906560,67097929
165574906560,67097931
165574906560,67097938
165574906560,67097941
165574906560,67097951
165574906560,67097954
165574906560,67097958
165574906560,67097959
165574906560,67097965
165574906560,67097970
165574906560,67097972
165574906560,67097974
165574906560,67097995
165574906560,67098002
165574906560,67098009
165574906560,67098014
165574906560,67098036
165574906560,67098047
165574906560,67098052
165574906560,67098053
165574906560,67098059
165574906560,67098080
165574906560,67098096
165574906560,67098097
165574906560,67098099
165574906560,67098101
165574906560,67098103
165574906560,67098135
165574906560,67098144
165574906560,67098164
165574906560,67098281
165574906560,67098305
165574906560,67098404
165574906560,67098625
165574906560,67098628
165574906560,67098629
165574906560,67098631
165574906560,67098637
165574906560,67098653
165574906560,67098680
165574906560,67098835
165574906560,67098839
165574906560,67098841
165574906560,67098843
165574906560,67098844
165574906560,67098847
165574906560,67098851
165574906560,67098857
165574906560,67098867
165574906560,67098868
165574906560,67098872
165574906560,67098900
165574906560,67098907
165574906560,67098940
165574906560,67098946
165574906560,67098952
165574906560,67098956
165574906560,67098957
165574906560,67098958
165574906560,67098959
165574906560,67098960
165574906560,67098978
165574906560,67098984
165574906560,67098986
165574906560,67099013
165574906560,67099017
165574906560,67099022
165574906560,67099023
165574906560,67099063
165574906560,67099174
165574906560,67099180
165574906560,67099183
165574906560,67099185
165574906560,67099187
165574906560,67099189
165574906560,67099194
165574906560,67099195
165574906560,67099198
165574906560,67099199
165574906560,67099204
165574906560,67099208
165574906560,67099209
165574906560,67099210
165574906560,67099218
165574906560,67099222
165574906560,67099227
165574906560,67099229
165574906560,67099234
165574906560,67099236
165574906560,67099240
165574906560,67099243
165574906560,67099249
165574906560,67099250
165574906560,67099254
165574906560,67099259
165574906560,67099262
165574906560,67099274
165574906560,67099276
165574906560,67099277
165574906560,67099281
165574906560,67099282
165574906560,67099285
165574906560,67099286
165574906560,67099294
165574906560,67099299
165574906560,67099303
165574906560,67099304
165574906560,67099307
165574906560,67099310
165574906560,67099312
165574906560,67099313
165574906560,67099317
165574906560,67099323
165574906560,67099324
165574906560,67099343
165574906560,67099355
165574906560,67099367
165574906560,67099407
165574906560,67099409
165574906560,67099411
165574906560,67099412
165574906560,67099434
165574906560,67099459
165574906560,67099483
165574906560,67099490
165574906560,67099497
165574906560,67099501
165574906560,67099516
165574906560,67099522
165574906560,67099533
165574906560,67099564
165574906560,67099687
165574906560,67099688
165574906560,67099689
165574906560,67099690
165574906560,67099694
165574906560,67099696
165574906560,67099701
165574906560,67099703
165574906560,67099708
165574906560,67099711
165574906560,67099717
165574906560,67099719
165574906560,67099720
165574906560,67099721
165574906560,67099724
165574906560,67099733
165574906560,67099737
165574906560,67099763
165574906560,67099766
165574906560,67099768
165574906560,67099775
165574906560,67099791
165574906560,67099802
165574906560,67099841
165574906560,67099848
165574906560,67099854
165574906560,67099855
165574906560,67099856
165574906560,67099874
165574906560,67099904
165574906560,67099929
165574906560,67099940
165574906560,67099944
165574906560,67099951
165574906560,67099961
165574906560,67099965
165574906560,67099969
165574906560,67099986
165574906560,67100577
165574906560,67100581
165574906560,67100582
165574906560,67100583
165574906560,67100586
165574906560,67100587
165574906560,67100588
165574906560,67100590
165574906560,67100596
165574906560,67100601
165574906560,67100602
165574906560,67100604
165574906560,67100605
165574906560,67100610
165574906560,67100622
165574906560,67100625
165574906560,67100634
165574906560,67100642
165574906560,67100648
165574906560,67100673
165574906560,67100676
165574906560,67100718
165574906560,67100721
165574906560,67100728
165574906560,67100734
165574906560,67101201
165574906560,67101457
165574906560,67101566
165574906560,67101583
165574906560,67101587
165574906560,67101828
165574906560,67101831
165574906560,67102354
165574906560,67102920
165574906560,67103847
165574906560,67103909
165574906560,67103918
165574906560,67103969
165574906560,67104033
165574906560,67104223
165574906560,67104571
165574906560,67104574
165574906560,67104585
165574906560,67104598
165574906560,67104602
165574906560,67104611
165574906560,67104618
165574906560,67104636
165574906560,67104637
165574906560,67104655
165574906560,67104660
165574906560,67104664
165574906560,67104679
165574906560,67104734
165574906560,67104786
165574906560,67105389
165574906560,67105393
165574906560,67105394
165574906560,67105395
165574906560,67105399
165574906560,67105400
165574906560,67105405
165574906560,67105406
165574906560,67105409
165574906560,67105418
165574906560,67105420
165574906560,67105427
165574906560,67105430
165574906560,67105434
165574906560,67105441
165574906560,67105443
165574906560,67105447
165574906560,67105448
165574906560,67105454
165574906560,67105459
165574906560,67105462
165574906560,67105463
165574906560,67105484
165574906560,67105492
165574906560,67105498
165574906560,67105503
165574906560,67105525
165574906560,67105536
165574906560,67105542
165574906560,67105548
165574906560,67105569
165574906560,67105585
165574906560,67105586
165574906560,67105591
165574906560,67105592
165574906560,67105593
165574906560,67105634
165574906560,67105653
165574906560,67105770
165574906560,67105794
165574906560,67105797
165574906560,67105893
165574906560,67106114
165574906560,67106118
165574906560,67106126
165574906560,67106139
165574906560,67106142
165574906560,67106177
165574906560,67106325
165574906560,67106328
165574906560,67106330
165574906560,67106333
165574906560,67106336
165574906560,67106340
165574906560,67106346
165574906560,67106354
165574906560,67106356
165574906560,67106357
165574906560,67106361
165574906560,67106362
165574906560,67106382
165574906560,67106389
165574906560,67106396
165574906560,67106429
165574906560,67106434
165574906560,67106436
165574906560,67106440
165574906560,67106445
165574906560,67106446
165574906560,67106447
165574906560,67106448
165574906560,67106449
165574906560,67106456
165574906560,67106468
165574906560,67106473
165574906560,67106476
165574906560,67106489
165574906560,67106506
165574906560,67106511
165574906560,67106512
165574906560,67106538
165574906560,67106539
165574906560,67106545
165574906560,67106552
165574906560,67106663
165574906560,67106664
165574906560,67106666
165574906560,67106672
165574906560,67106674
165574906560,67106676
165574906560,67106679
165574906560,67106683
165574906560,67106685
165574906560,67106688
165574906560,67106689
165574906560,67106693
165574906560,67106694
165574906560,67106698
165574906560,67106699
165574906560,67106708
165574906560,67106711
165574906560,67106717
165574906560,67106718
165574906560,67106723
165574906560,67106724
165574906560,67106725
165574906560,67106729
165574906560,67106733
165574906560,67106735
165574906560,67106738
165574906560,67106739
165574906560,67106741
165574906560,67106751
165574906560,67106763
165574906560,67106766
165574906560,67106767
165574906560,67106768
165574906560,67106770
165574906560,67106772
165574906560,67106774
165574906560,67106775
165574906560,67106783
165574906560,67106788
165574906560,67106790
165574906560,67106793
165574906560,67106799
165574906560,67106801
165574906560,67106802
165574906560,67106806
165574906560,67106813
165574906560,67106833
165574906560,67106844
165574906560,67106856
165574906560,67106865
165574906560,67106894
165574906560,67106898
165574906560,67106899
165574906560,67106900
165574906560,67106901
165574906560,67106902
165574906560,67106922
165574906560,67106923
165574906560,67106942
165574906560,67106944
165574906560,67106948
165574906560,67106965
165574906560,67106969
165574906560,67106972
165574906560,67106979
165574906560,67106983
165574906560,67106996
165574906560,67107001
165574906560,67107005
165574906560,67107008
165574906560,67107012
165574906560,67107023
165574906560,67107053
165574906560,67107177
165574906560,67107178
165574906560,67107179
165574906560,67107183
165574906560,67107185
165574906560,67107187
165574906560,67107192
165574906560,67107197
165574906560,67107200
165574906560,67107204
165574906560,67107206
165574906560,67107208
165574906560,67107209
165574906560,67107211
165574906560,67107213
165574906560,67107223
165574906560,67107226
165574906560,67107252
165574906560,67107256
165574906560,67107257
165574906560,67107261
165574906560,67107264
165574906560,67107289
165574906560,67107291
165574906560,67107331
165574906560,67107344
165574906560,67107345
165574906560,67107363
165574906560,67107394
165574906560,67107418
165574906560,67107433
165574906560,67107434
165574906560,67107455
165574906560,67107459
165574906560,67107467
165574906560,67107475
165574906560,67108068
165574906560,67108070
165574906560,67108071
165574906560,67108072
165574906560,67108075
165574906560,67108076
165574906560,67108077
165574906560,67108081
165574906560,67108091
165574906560,67108092
165574906560,67108094
165574906560,67108095
165574906560,67108100
165574906560,67108111
165574906560,67108131
165574906560,67108137
165574906560,67108162
165574906560,67108164
165574906560,67108178
165574906560,67108183
165574906560,67108200
165574906560,67108207
165574906560,67108217
165574906560,67108220
165574906560,67108223
165574906560,67108615
165574906560,67108634
165574906560,67108635
165574906560,67108636
165574906560,67108642
165574906560,67108662
165574906560,67108669
165574906560,67108671
165574906560,67108677
165574906560,67108678
165574906560,67108679
165574906560,67108681
165574906560,67108685
165574906560,67108696
198470583360,131233
198470583360,131237
198470583360,131239
198470583360,131244
198470583360,131253
198470583360,131254
198470583360,67091622
198470583360,67093645
198470583360,67093708
198470583360,67093923
198470583360,67093935
198470583360,67093952
198470583360,67093953
198470583360,67094016
198470583360,67094037
198470583360,67094047
198470583360,67094055
198470583360,67094085
198470583360,67094104
198470583360,67094130
198470583360,67094153
198470583360,67094182
198470583360,67094207
198470583360,67094227
198470583360,67094237
198470583360,67094258
198470583360,67094271
198470583360,67094272
198470583360,67094294
198470583360,67094315
198470583360,67094335
198470583360,67094363
198470583360,67094372
198470583360,67094379
198470583360,67094387
198470583360,67094405
198470583360,67094407
198470583360,67094408
198470583360,67094422
198470583360,67094432
198470583360,67094434
198470583360,67094439
198470583360,67094444
198470583360,67094449
198470583360,67094455
198470583360,67094479
198470583360,67094480
198470583360,67094491
198470583360,67094495
198470583360,67094501
198470583360,67094504
198470583360,67094516
198470583360,67094522
198470583360,67094553
198470583360,67094557
198470583360,67094569
198470583360,67094576
198470583360,67094579
198470583360,67094617
198470583360,67094632
198470583360,67094650
198470583360,67094658
198470583360,67094660
198470583360,67094669
198470583360,67094670
198470583360,67094677
198470583360,67094693
198470583360,67094695
198470583360,67094700
198470583360,67094788
198470583360,67094793
198470583360,67094805
198470583360,67094834
198470583360,67094838
198470583360,67094917
198470583360,67094936
198470583360,67094949
198470583360,67094957
198470583360,67094970
198470583360,67094972
198470583360,67094982
198470583360,67095004
198470583360,67095010
198470583360,67095022
198470583360,67095034
198470583360,67095035
198470583360,67095036
198470583360,67095051
198470583360,67095055
198470583360,67095058
198470583360,67095067
198470583360,67095079
198470583360,67095089
198470583360,67095096
198470583360,67095102
198470583360,67095114
198470583360,67095117
198470583360,67095132
198470583360,67095167
198470583360,67095180
198470583360,67095190
198470583360,67095199
198470583360,67095206
198470583360,67095221
198470583360,67095224
198470583360,67095226
198470583360,67095233
198470583360,67095259
198470583360,67095260
198470583360,67095261
198470583360,67095276
198470583360,67095293
198470583360,67095295
198470583360,67095299
198470583360,67095304
198470583360,67095307
198470583360,67095334
198470583360,67095341
198470583360,67095357
198470583360,67095376
198470583360,67095378
198470583360,67095385
198470583360,67095389
198470583360,67095396
198470583360,67095414
198470583360,67095415
198470583360,67095441
198470583360,67095457
198470583360,67095467
198470583360,67095468
198470583360,67095471
198470583360,67095473
198470583360,67095474
198470583360,67095481
198470583360,67095490
198470583360,67095496
198470583360,67095507
198470583360,67095531
198470583360,67095535
198470583360,67095544
198470583360,67095581
198470583360,67095586
198470583360,67095608
198470583360,67095618
198470583360,67095628
198470583360,67095771
198470583360,67095822
198470583360,67095874
198470583360,67095926
198470583360,67096265
198470583360,67096275
198470583360,67096280
198470583360,67096283
198470583360,67096291
198470583360,67096294
198470583360,67096295
198470583360,67096300
198470583360,67096301
198470583360,67096306
198470583360,67096316
198470583360,67096320
198470583360,67096321
198470583360,67096324
198470583360,67096325
198470583360,67096334
198470583360,67096335
198470583360,67096337
198470583360,67096338
198470583360,67096349
198470583360,67096371
198470583360,67096389
198470583360,67096402
198470583360,67096404
198470583360,67096411
198470583360,67096413
198470583360,67096422
198470583360,67096433
198470583360,67096434
198470583360,67096437
198470583360,67096439
198470583360,67096447
198470583360,67096460
198470583360,67096472
198470583360,67096480
198470583360,67096482
198470583360,67096495
198470583360,67096497
198470583360,67096539
198470583360,67096543
198470583360,67096546
198470583360,67096606
198470583360,67096610
198470583360,67096623
198470583360,67096649
198470583360,67096650
198470583360,67096714
198470583360,67096782
198470583360,67096785
198470583360,67096801
198470583360,67096807
198470583360,67096829
198470583360,67096833
198470583360,67096886
198470583360,67096891
198470583360,67096892
198470583360,67097222
198470583360,67097225
198470583360,67097227
198470583360,67097234
198470583360,67097242
198470583360,67097255
198470583360,67097259
198470583360,67097260
198470583360,67097261
198470583360,67097262
198470583360,67097273
198470583360,67097284
198470583360,67097291
198470583360,67097299
198470583360,67097300
198470583360,67097309
198470583360,67097310
198470583360,67097315
198470583360,67097317
198470583360,67097326
198470583360,67097328
198470583360,67097333
198470583360,67097346
198470583360,67097357
198470583360,67097364
198470583360,67097366
198470583360,67097682
198470583360,67097918
198470583360,67097976
198470583360,67098067
198470583360,67098068
198470583360,67099191
198470583360,67099319
198470583360,67099390
198470583360,67099473
198470583360,67099765
198470583360,67099928
198470583360,67099977
198470583360,67099995
198470583360,67100593
198470583360,67100637
198470583360,67100741
198470583360,67101134
198470583360,67101197
198470583360,67101413
198470583360,67101418
198470583360,67101424
198470583360,67101441
198470583360,67101442
198470583360,67101526
198470583360,67101536
198470583360,67101544
198470583360,67101571
198470583360,67101574
198470583360,67101594
198470583360,67101620
198470583360,67101643
198470583360,67101672
198470583360,67101696
198470583360,67101717
198470583360,67101726
198470583360,67101747
198470583360,67101750
198470583360,67101760
198470583360,67101762
198470583360,67101783
198470583360,67101804
198470583360,67101824
198470583360,67101852
198470583360,67101861
198470583360,67101862
198470583360,67101868
198470583360,67101877
198470583360,67101894
198470583360,67101896
198470583360,67101898
198470583360,67101922
198470583360,67101923
198470583360,67101928
198470583360,67101933
198470583360,67101938
198470583360,67101944
198470583360,67101968
198470583360,67101970
198470583360,67101980
198470583360,67101984
198470583360,67101991
198470583360,67101993
198470583360,67102005
198470583360,67102011
198470583360,67102033
198470583360,67102042
198470583360,67102047
198470583360,67102058
198470583360,67102059
198470583360,67102066
198470583360,67102068
198470583360,67102106
198470583360,67102121
198470583360,67102140
198470583360,67102148
198470583360,67102149
198470583360,67102156
198470583360,67102159
198470583360,67102166
198470583360,67102182
198470583360,67102184
198470583360,67102190
198470583360,67102258
198470583360,67102277
198470583360,67102294
198470583360,67102327
198470583360,67102406
198470583360,67102426
198470583360,67102438
198470583360,67102446
198470583360,67102456
198470583360,67102458
198470583360,67102461
198470583360,67102471
198470583360,67102493
198470583360,67102499
198470583360,67102500
198470583360,67102523
198470583360,67102524
198470583360,67102526
198470583360,67102541
198470583360,67102544
198470583360,67102547
198470583360,67102556
198470583360,67102568
198470583360,67102578
198470583360,67102586
198470583360,67102592
198470583360,67102603
198470583360,67102606
198470583360,67102621
198470583360,67102679
198470583360,67102695
198470583360,67102696
198470583360,67102710
198470583360,67102712
198470583360,67102713
198470583360,67102715
198470583360,67102722
198470583360,67102748
198470583360,67102749
198470583360,67102751
198470583360,67102765
198470583360,67102782
198470583360,67102784
198470583360,67102789
198470583360,67102794
198470583360,67102797
198470583360,67102823
198470583360,67102831
198470583360,67102846
198470583360,67102848
198470583360,67102866
198470583360,67102867
198470583360,67102874
198470583360,67102879
198470583360,67102903
198470583360,67102905
198470583360,67102930
198470583360,67102947
198470583360,67102957
198470583360,67102960
198470583360,67102963
198470583360,67102970
198470583360,67102979
198470583360,67102986
198470583360,67102996
198470583360,67103020
198470583360,67103024
198470583360,67103031
198470583360,67103033
198470583360,67103040
198470583360,67103070
198470583360,67103075
198470583360,67103097
198470583360,67103098
198470583360,67103107
198470583360,67103118
198470583360,67103178
198470583360,67103260
198470583360,67103311
198470583360,67103364
198470583360,67103415
198470583360,67103754
198470583360,67103765
198470583360,67103769
198470583360,67103772
198470583360,67103780
198470583360,67103784
198470583360,67103790
198470583360,67103796
198470583360,67103805
198470583360,67103810
198470583360,67103812
198470583360,67103813
198470583360,67103815
198470583360,67103823
198470583360,67103825
198470583360,67103826
198470583360,67103827
198470583360,67103837
198470583360,67103839
198470583360,67103860
198470583360,67103878
198470583360,67103891
198470583360,67103900
198470583360,67103902
198470583360,67103912
198470583360,67103922
198470583360,67103923
198470583360,67103926
198470583360,67103928
198470583360,67103929
198470583360,67103936
198470583360,67103937
198470583360,67103945
198470583360,67103949
198470583360,67103961
198470583360,67103971
198470583360,67103985
198470583360,67104029
198470583360,67104032
198470583360,67104035
198470583360,67104058
198470583360,67104063
198470583360,67104099
198470583360,67104112
198470583360,67104139
198470583360,67104203
198470583360,67104271
198470583360,67104274
198470583360,67104290
198470583360,67104296
198470583360,67104318
198470583360,67104322
198470583360,67104375
198470583360,67104380
198470583360,67104381
198470583360,67104711
198470583360,67104714
198470583360,67104716
198470583360,67104723
198470583360,67104731
198470583360,67104744
198470583360,67104748
198470583360,67104750
198470583360,67104751
198470583360,67104762
198470583360,67104773
198470583360,67104780
198470583360,67104788
198470583360,67104789
198470583360,67104798
198470583360,67104800
198470583360,67104804
198470583360,67104806
198470583360,67104815
198470583360,67104817
198470583360,67104822
198470583360,67104835
198470583360,67104847
198470583360,67104853
198470583360,67104855
198470583360,67104902
198470583360,67105130
198470583360,67105171
198470583360,67105407
198470583360,67105445
198470583360,67105465
198470583360,67105531
198470583360,67105557
198470583360,67106680
198470583360,67106809
198470583360,67106879
198470583360,67106962
198470583360,67107484
198470583360,67108112
198470583360,67108127
198470583360,67108682
231366260160,131238
231366260160,67092522
231366260160,67093704
231366260160,67093944
231366260160,67094065
231366260160,67094108
231366260160,67094128
231366260160,67094142
231366260160,67094208
231366260160,67094276
231366260160,67094290
231366260160,67094327
231366260160,67094367
231366260160,67094606
231366260160,67094757
231366260160,67094891
231366260160,67094913
231366260160,67094942
231366260160,67094953
231366260160,67095026
231366260160,67095111
231366260160,67095124
231366260160,67095345
231366260160,67095381
231366260160,67095390
231366260160,67095409
231366260160,67095419
231366260160,67095495
231366260160,67095527
231366260160,67095836
231366260160,67095996
231366260160,67096006
231366260160,67096071
231366260160,67096329
231366260160,67096330
231366260160,67096347
231366260160,67096351
231366260160,67096352
231366260160,67096400
231366260160,67096462
231366260160,67096490
231366260160,67096518
231366260160,67096532
231366260160,67096599
231366260160,67096629
231366260160,67096631
231366260160,67096666
231366260160,67096910
231366260160,67096911
231366260160,67097075
231366260160,67097080
231366260160,67097084
231366260160,67097086
231366260160,67097087
231366260160,67097090
231366260160,67097095
231366260160,67097128
231366260160,67097160
231366260160,67097188
231366260160,67097200
231366260160,67097201
231366260160,67097226
231366260160,67097274
231366260160,67097314
231366260160,67097322
231366260160,67097375
231366260160,67097379
231366260160,67097484
231366260160,67097503
231366260160,67097548
231366260160,67097615
231366260160,67097650
231366260160,67097699
231366260160,67097756
231366260160,67097903
231366260160,67097907
231366260160,67097908
231366260160,67097926
231366260160,67097928
231366260160,67097934
231366260160,67097949
231366260160,67098004
231366260160,67098016
231366260160,67098039
231366260160,67098044
231366260160,67098051
231366260160,67098071
231366260160,67098082
231366260160,67098089
231366260160,67098137
231366260160,67098178
231366260160,67098212
231366260160,67098290
231366260160,67098306
231366260160,67098312
231366260160,67098339
231366260160,67098364
231366260160,67098381
231366260160,67098414
231366260160,67098455
231366260160,67098468
231366260160,67098687
231366260160,67098829
231366260160,67098849
231366260160,67098901
231366260160,67098912
231366260160,67098930
231366260160,67098939
231366260160,67098951
231366260160,67098955
231366260160,67098967
231366260160,67098980
231366260160,67098991
231366260160,67099020
231366260160,67099102
231366260160,67099178
231366260160,67099179
231366260160,67099182
231366260160,67099184
231366260160,67099190
231366260160,67099193
231366260160,67099197
231366260160,67099202
231366260160,67099206
231366260160,67099215
231366260160,67099223
231366260160,67099238
231366260160,67099239
231366260160,67099245
231366260160,67099266
231366260160,67099279
231366260160,67099280
231366260160,67099287
231366260160,67099316
231366260160,67099321
231366260160,67099344
231366260160,67099348
231366260160,67099372
231366260160,67099377
231366260160,67099394
231366260160,67099408
231366260160,67099420
231366260160,67099451
231366260160,67099461
231366260160,67099463
231366260160,67099489
231366260160,67099519
231366260160,67099560
231366260160,67099562
231366260160,67099577
231366260160,67099625
231366260160,67099692
231366260160,67099693
231366260160,67099697
231366260160,67099699
231366260160,67099700
231366260160,67099705
231366260160,67099706
231366260160,67099712
231366260160,67099713
231366260160,67099715
231366260160,67099722
231366260160,67099723
231366260160,67099728
231366260160,67099735
231366260160,67099739
231366260160,67099740
231366260160,67099767
231366260160,67099770
231366260160,67099773
231366260160,67099774
231366260160,67099794
231366260160,67099843
231366260160,67099881
231366260160,67099882
231366260160,67099903
231366260160,67099910
231366260160,67099942
231366260160,67099945
231366260160,67099984
231366260160,67099994
231366260160,67099999
231366260160,67100017
231366260160,67100132
231366260160,67100575
231366260160,67100579
231366260160,67100580
231366260160,67100584
231366260160,67100591
231366260160,67100594
231366260160,67100595
231366260160,67100600
231366260160,67100603
231366260160,67100608
231366260160,67100609
231366260160,67100611
231366260160,67100615
231366260160,67100618
231366260160,67100619
231366260160,67100629
231366260160,67100631
231366260160,67100638
231366260160,67100639
231366260160,67100641
231366260160,67100643
231366260160,67100644
231366260160,67100645
231366260160,67100649
231366260160,67100650
231366260160,67100651
231366260160,67100652
231366260160,67100659
231366260160,67100661
231366260160,67100663
231366260160,67100667
231366260160,67100669
231366260160,67100672
231366260160,67100695
231366260160,67100699
231366260160,67100719
231366260160,67100746
231366260160,67100760
231366260160,67100773
231366260160,67100847
231366260160,67100857
231366260160,67100859
231366260160,67100868
231366260160,67100884
231366260160,67100920
231366260160,67101193
231366260160,67101433
231366260160,67101555
231366260160,67101597
231366260160,67101598
231366260160,67101617
231366260160,67101618
231366260160,67101631
231366260160,67101697
231366260160,67101765
231366260160,67101780
231366260160,67101817
231366260160,67101857
231366260160,67102095
231366260160,67102246
231366260160,67102381
231366260160,67102402
231366260160,67102432
231366260160,67102443
231366260160,67102515
231366260160,67102600
231366260160,67102613
231366260160,67102870
231366260160,67102880
231366260160,67102899
231366260160,67102908
231366260160,67102984
231366260160,67103016
231366260160,67103326
231366260160,67103485
231366260160,67103496
231366260160,67103560
231366260160,67103787
231366260160,67103818
231366260160,67103819
231366260160,67103836
231366260160,67103840
231366260160,67103841
231366260160,67103889
231366260160,67103952
231366260160,67103979
231366260160,67104007
231366260160,67104021
231366260160,67104088
231366260160,67104118
231366260160,67104121
231366260160,67104155
231366260160,67104400
231366260160,67104564
231366260160,67104569
231366260160,67104573
231366260160,67104575
231366260160,67104576
231366260160,67104580
231366260160,67104584
231366260160,67104604
231366260160,67104608
231366260160,67104617
231366260160,67104649
231366260160,67104677
231366260160,67104689
231366260160,67104690
231366260160,67104715
231366260160,67104763
231366260160,67104812
231366260160,67104854
231366260160,67104864
231366260160,67104868
231366260160,67104973
231366260160,67104992
231366260160,67105105
231366260160,67105140
231366260160,67105189
231366260160,67105246
231366260160,67105397
231366260160,67105398
231366260160,67105415
231366260160,67105417
231366260160,67105423
231366260160,67105438
231366260160,67105493
231366260160,67105506
231366260160,67105529
231366260160,67105533
231366260160,67105540
231366260160,67105560
231366260160,67105571
231366260160,67105578
231366260160,67105610
231366260160,67105626
231366260160,67105654
231366260160,67105667
231366260160,67105691
231366260160,67105701
231366260160,67105737
231366260160,67105779
231366260160,67105795
231366260160,67105801
231366260160,67105828
231366260160,67105853
231366260160,67105870
231366260160,67105903
231366260160,67105945
231366260160,67105958
231366260160,67106153
231366260160,67106318
231366260160,67106338
231366260160,67106358
231366260160,67106390
231366260160,67106402
231366260160,67106408
231366260160,67106419
231366260160,67106428
231366260160,67106444
231366260160,67106469
231366260160,67106480
231366260160,67106509
231366260160,67106515
231366260160,67106591
231366260160,67106667
231366260160,67106668
231366260160,67106671
231366260160,67106673
231366260160,67106681
231366260160,67106684
231366260160,67106686
231366260160,67106691
231366260160,67106695
231366260160,67106696
231366260160,67106704
231366260160,67106707
231366260160,67106712
231366260160,67106728
231366260160,67106743
231366260160,67106755
231366260160,67106764
231366260160,67106769
231366260160,67106776
231366260160,67106805
231366260160,67106810
231366260160,67106834
231366260160,67106837
231366260160,67106861
231366260160,67106866
231366260160,67106872
231366260160,67106883
231366260160,67106897
231366260160,67106909
231366260160,67106941
231366260160,67106950
231366260160,67106953
231366260160,67106978
231366260160,67106985
231366260160,67107049
231366260160,67107051
231366260160,67107115
231366260160,67107181
231366260160,67107182
231366260160,67107184
231366260160,67107186
231366260160,67107190
231366260160,67107195
231366260160,67107199
231366260160,67107201
231366260160,67107202
231366260160,67107203
231366260160,67107212
231366260160,67107217
231366260160,67107224
231366260160,67107225
231366260160,67107228
231366260160,67107229
231366260160,67107250
231366260160,67107262
231366260160,67107263
231366260160,67107283
231366260160,67107332
231366260160,67107337
231366260160,67107370
231366260160,67107371
231366260160,67107392
231366260160,67107399
231366260160,67107431
231366260160,67107483
231366260160,67107488
231366260160,67107503
231366260160,67107506
231366260160,67107621
231366260160,67108064
231366260160,67108069
231366260160,67108073
231366260160,67108078
231366260160,67108080
231366260160,67108083
231366260160,67108084
231366260160,67108089
231366260160,67108093
231366260160,67108097
231366260160,67108098
231366260160,67108104
231366260160,67108105
231366260160,67108108
231366260160,67108115
231366260160,67108118
231366260160,67108120
231366260160,67108124
231366260160,67108126
231366260160,67108129
231366260160,67108130
231366260160,67108132
231366260160,67108134
231366260160,67108139
231366260160,67108141
231366260160,67108148
231366260160,67108149
231366260160,67108150
231366260160,67108151
231366260160,67108157
231366260160,67108158
231366260160,67108161
231366260160,67108163
231366260160,67108184
231366260160,67108208
231366260160,67108230
231366260160,67108235
231366260160,67108249
231366260160,67108263
231366260160,67108346
231366260160,67108348
231366260160,67108357
231366260160,67108409
231366260160,67108632
231366260160,67108633
231366260160,67108686
231366260160,67108687
231366260160,67108688
231366260160,67108689
231366260160,67108690
231366260160,67108691
231366260160,67108693
231366260160,67108694
231366260160,67108695
231366260160,67108697
231366260160,67108698
231366260160,67108699
231366260160,67108704
231366260160,67108705
231366260160,67108706
231366260160,67108707
231366260160,67108708
231366260160,67108710
231366260160,67108711
231366260160,67108712
231366260160,67108713
231366260160,67108716
231366260160,67108717
231366260160,67108720
231366260160,67108721
231366260160,67108722
264261936960,131252
264261936960,67091701
264261936960,67095340
264261936960,67095772
264261936960,67095780
264261936960,67095787
264261936960,67095811
264261936960,67095861
264261936960,67095863
264261936960,67095875
264261936960,67095890
264261936960,67095898
264261936960,67095935
264261936960,67095951
264261936960,67095999
264261936960,67096012
264261936960,67096021
264261936960,67096030
264261936960,67096048
264261936960,67096057
264261936960,67096070
264261936960,67096076
264261936960,67096078
264261936960,67096081
264261936960,67096088
264261936960,67096093
264261936960,67096106
264261936960,67096110
264261936960,67096114
264261936960,67096117
264261936960,67096119
264261936960,67096124
264261936960,67096408
264261936960,67096509
264261936960,67096547
264261936960,67096672
264261936960,67096700
264261936960,67096724
264261936960,67096728
264261936960,67096747
264261936960,67096750
264261936960,67096777
264261936960,67096811
264261936960,67096813
264261936960,67096834
264261936960,67096874
264261936960,67096876
264261936960,67096921
264261936960,67096940
264261936960,67096956
264261936960,67096980
264261936960,67097006
264261936960,67097019
264261936960,67097025
264261936960,67097040
264261936960,67097469
264261936960,67097654
264261936960,67097661
264261936960,67097728
264261936960,67097730
264261936960,67097825
264261936960,67098104
264261936960,67098125
264261936960,67098361
264261936960,67098377
264261936960,67098386
264261936960,67098483
264261936960,67098523
264261936960,67098874
264261936960,67099004
264261936960,67099010
264261936960,67099038
264261936960,67099045
264261936960,67099070
264261936960,67099121
264261936960,67099130
264261936960,67099141
264261936960,67099201
264261936960,67099340
264261936960,67099356
264261936960,67099361
264261936960,67099403
264261936960,67099450
264261936960,67099492
264261936960,67099510
264261936960,67099523
264261936960,67099550
264261936960,67099558
264261936960,67099569
264261936960,67099600
264261936960,67099618
264261936960,67099631
264261936960,67099637
264261936960,67099638
264261936960,67099653
264261936960,67099660
264261936960,67099663
264261936960,67099789
264261936960,67099803
264261936960,67099820
264261936960,67099832
264261936960,67099861
264261936960,67099862
264261936960,67099875
264261936960,67099915
264261936960,67099918
264261936960,67099930
264261936960,67099939
264261936960,67099941
264261936960,67099972
264261936960,67099989
264261936960,67100039
264261936960,67100094
264261936960,67100103
264261936960,67100104
264261936960,67100119
264261936960,67100131
264261936960,67100173
264261936960,67100217
264261936960,67100219
264261936960,67100240
264261936960,67100255
264261936960,67100285
264261936960,67100286
264261936960,67100291
264261936960,67100298
264261936960,67100302
264261936960,67100304
264261936960,67100307
264261936960,67100319
264261936960,67100349
264261936960,67100617
264261936960,67100628
264261936960,67100630
264261936960,67100632
264261936960,67100635
264261936960,67100636
264261936960,67100640
264261936960,67100653
264261936960,67100656
264261936960,67100657
264261936960,67100658
264261936960,67100678
264261936960,67100679
264261936960,67100682
264261936960,67100683
264261936960,67100686
264261936960,67100693
264261936960,67100694
264261936960,67100696
264261936960,67100697
264261936960,67100700
264261936960,67100706
264261936960,67100707
264261936960,67100709
264261936960,67100710
264261936960,67100717
264261936960,67100724
264261936960,67100737
264261936960,67100745
264261936960,67100748
264261936960,67100750
264261936960,67100753
264261936960,67100755
264261936960,67100759
264261936960,67100763
264261936960,67100764
264261936960,67100770
264261936960,67100771
264261936960,67100777
264261936960,67100778
264261936960,67100781
264261936960,67100782
264261936960,67100783
264261936960,67100787
264261936960,67100788
264261936960,67100790
264261936960,67100795
264261936960,67100799
264261936960,67100804
264261936960,67100805
264261936960,67100807
264261936960,67100811
264261936960,67100814
264261936960,67100815
264261936960,67100816
264261936960,67100819
264261936960,67100821
264261936960,67100824
264261936960,67100826
264261936960,67100832
264261936960,67100834
264261936960,67100839
264261936960,67100845
264261936960,67100855
264261936960,67100856
264261936960,67100861
264261936960,67100864
264261936960,67100867
264261936960,67100870
264261936960,67100873
264261936960,67100874
264261936960,67100875
264261936960,67100876
264261936960,67100885
264261936960,67100887
264261936960,67100888
264261936960,67100889
264261936960,67100892
264261936960,67100894
264261936960,67100896
264261936960,67100897
264261936960,67100902
264261936960,67100903
264261936960,67100905
264261936960,67100907
264261936960,67100910
264261936960,67100917
264261936960,67100922
264261936960,67100926
264261936960,67100928
264261936960,67100929
264261936960,67100934
264261936960,67100936
264261936960,67100945
264261936960,67100950
264261936960,67100955
264261936960,67100956
264261936960,67100960
264261936960,67100961
264261936960,67100963
264261936960,67100965
264261936960,67100977
264261936960,67100978
264261936960,67100980
264261936960,67100982
264261936960,67100983
264261936960,67100984
264261936960,67102829
264261936960,67103261
264261936960,67103269
264261936960,67103276
264261936960,67103301
264261936960,67103350
264261936960,67103352
264261936960,67103379
264261936960,67103387
264261936960,67103424
264261936960,67103441
264261936960,67103488
264261936960,67103501
264261936960,67103510
264261936960,67103519
264261936960,67103537
264261936960,67103546
264261936960,67103565
264261936960,67103567
264261936960,67103570
264261936960,67103577
264261936960,67103578
264261936960,67103582
264261936960,67103596
264261936960,67103599
264261936960,67103604
264261936960,67103607
264261936960,67103608
264261936960,67103613
264261936960,67103897
264261936960,67103998
264261936960,67103999
264261936960,67104036
264261936960,67104162
264261936960,67104190
264261936960,67104213
264261936960,67104217
264261936960,67104236
264261936960,67104239
264261936960,67104266
264261936960,67104301
264261936960,67104302
264261936960,67104323
264261936960,67104363
264261936960,67104365
264261936960,67104411
264261936960,67104429
264261936960,67104445
264261936960,67104469
264261936960,67104495
264261936960,67104508
264261936960,67104515
264261936960,67104529
264261936960,67104958
264261936960,67105144
264261936960,67105150
264261936960,67105217
264261936960,67105219
264261936960,67105614
264261936960,67105850
264261936960,67105866
264261936960,67105875
264261936960,67105972
264261936960,67106012
264261936960,67106363
264261936960,67106493
264261936960,67106500
264261936960,67106528
264261936960,67106534
264261936960,67106559
264261936960,67106610
264261936960,67106619
264261936960,67106620
264261936960,67106630
264261936960,67106845
264261936960,67106851
264261936960,67106854
264261936960,67106892
264261936960,67106939
264261936960,67106982
264261936960,67106999
264261936960,67107011
264261936960,67107022
264261936960,67107040
264261936960,67107047
264261936960,67107059
264261936960,67107089
264261936960,67107108
264261936960,67107120
264261936960,67107126
264261936960,67107127
264261936960,67107149
264261936960,67107152
264261936960,67107278
264261936960,67107292
264261936960,67107322
264261936960,67107350
264261936960,67107352
264261936960,67107364
264261936960,67107405
264261936960,67107407
264261936960,67107419
264261936960,67107428
264261936960,67107430
264261936960,67107461
264261936960,67107478
264261936960,67107583
264261936960,67107592
264261936960,67107593
264261936960,67107608
264261936960,67107620
264261936960,67107662
264261936960,67107709
264261936960,67107729
264261936960,67107768
264261936960,67107774
264261936960,67107775
264261936960,67107780
264261936960,67107788
264261936960,67107791
264261936960,67107793
264261936960,67107796
264261936960,67107808
264261936960,67107839
264261936960,67108099
264261936960,67108107
264261936960,67108117
264261936960,67108119
264261936960,67108122
264261936960,67108128
264261936960,67108140
264261936960,67108142
264261936960,67108146
264261936960,67108168
264261936960,67108169
264261936960,67108172
264261936960,67108182
264261936960,67108185
264261936960,67108186
264261936960,67108188
264261936960,67108190
264261936960,67108196
264261936960,67108199
264261936960,67108206
264261936960,67108209
264261936960,67108213
264261936960,67108226
264261936960,67108229
264261936960,67108234
264261936960,67108237
264261936960,67108239
264261936960,67108242
264261936960,67108244
264261936960,67108250
264261936960,67108252
264261936960,67108254
264261936960,67108256
264261936960,67108259
264261936960,67108260
264261936960,67108267
264261936960,67108268
264261936960,67108271
264261936960,67108276
264261936960,67108279
264261936960,67108284
264261936960,67108285
264261936960,67108293
264261936960,67108294
264261936960,67108296
264261936960,67108300
264261936960,67108303
264261936960,67108304
264261936960,67108305
264261936960,67108306
264261936960,67108308
264261936960,67108310
264261936960,67108314
264261936960,67108316
264261936960,67108318
264261936960,67108323
264261936960,67108328
264261936960,67108332
264261936960,67108334
264261936960,67108337
264261936960,67108341
264261936960,67108345
264261936960,67108351
264261936960,67108354
264261936960,67108356
264261936960,67108358
264261936960,67108359
264261936960,67108362
264261936960,67108363
264261936960,67108364
264261936960,67108365
264261936960,67108366
264261936960,67108373
264261936960,67108376
264261936960,67108377
264261936960,67108378
264261936960,67108381
264261936960,67108383
264261936960,67108385
264261936960,67108386
264261936960,67108389
264261936960,67108392
264261936960,67108394
264261936960,67108396
264261936960,67108399
264261936960,67108400
264261936960,67108406
264261936960,67108407
264261936960,67108416
264261936960,67108423
264261936960,67108434
264261936960,67108440
264261936960,67108444
264261936960,67108445
264261936960,67108451
264261936960,67108454
264261936960,67108466
264261936960,67108468
264261936960,67108469
264261936960,67108472
264261936960,67108473
264261936960,67108474
264261936960,67108637
264261936960,67108638
264261936960,67108639
264261936960,67108640
264261936960,67108641
264261936960,67108643
264261936960,67108644
264261936960,67108700
264261936960,67108701
264261936960,67108702
264261936960,67108703
264261936960,67108709
264261936960,67108714
264261936960,67108715
264261936960,67108718
264261936960,67108719
264261936960,67108723
264261936960,67108724
264261936960,67108725
264261936960,67108726
264261936960,67108727
264261936960,67108728
264261936960,67108729
264261936960,67108730
264261936960,67108731
264261936960,67108732
264261936960,67108733
264261936960,67108734
264261936960,67108736
264261936960,67108737
264261936960,67108738
297157613760,131259
297157613760,67091475
297157613760,67095388
297157613760,67095967
297157613760,67096754
297157613760,67096778
297157613760,67096879
297157613760,67097529
297157613760,67097738
297157613760,67097749
297157613760,67097953
297157613760,67098315
297157613760,67098323
297157613760,67098347
297157613760,67098365
297157613760,67098547
297157613760,67098561
297157613760,67099143
297157613760,67099424
297157613760,67099456
297157613760,67099482
297157613760,67099579
297157613760,67099607
297157613760,67099645
297157613760,67099666
297157613760,67099725
297157613760,67099753
297157613760,67099813
297157613760,67099818
297157613760,67099819
297157613760,67099830
297157613760,67099869
297157613760,67099876
297157613760,67099894
297157613760,67099900
297157613760,67099958
297157613760,67100040
297157613760,67100068
297157613760,67100082
297157613760,67100092
297157613760,67100106
297157613760,67100134
297157613760,67100135
297157613760,67100144
297157613760,67100145
297157613760,67100156
297157613760,67100160
297157613760,67100164
297157613760,67100177
297157613760,67100188
297157613760,67100200
297157613760,67100202
297157613760,67100204
297157613760,67100205
297157613760,67100206
297157613760,67100210
297157613760,67100213
297157613760,67100218
297157613760,67100221
297157613760,67100222
297157613760,67100225
297157613760,67100227
297157613760,67100229
297157613760,67100238
297157613760,67100244
297157613760,67100245
297157613760,67100246
297157613760,67100248
297157613760,67100251
297157613760,67100257
297157613760,67100258
297157613760,67100260
297157613760,67100277
297157613760,67100278
297157613760,67100281
297157613760,67100297
297157613760,67100299
297157613760,67100300
297157613760,67100315
297157613760,67100322
297157613760,67100340
297157613760,67100355
297157613760,67100357
297157613760,67100384
297157613760,67100385
297157613760,67100391
297157613760,67100397
297157613760,67100429
297157613760,67100441
297157613760,67100500
297157613760,67100613
297157613760,67100626
297157613760,67100654
297157613760,67100660
297157613760,67100666
297157613760,67100675
297157613760,67100688
297157613760,67100691
297157613760,67100692
297157613760,67100704
297157613760,67100705
297157613760,67100708
297157613760,67100714
297157613760,67100730
297157613760,67100733
297157613760,67100752
297157613760,67100754
297157613760,67100756
297157613760,67100762
297157613760,67100766
297157613760,67100769
297157613760,67100779
297157613760,67100791
297157613760,67100798
297157613760,67100800
297157613760,67100802
297157613760,67100809
297157613760,67100823
297157613760,67100829
297157613760,67100831
297157613760,67100835
297157613760,67100842
297157613760,67100846
297157613760,67100848
297157613760,67100850
297157613760,67100854
297157613760,67100871
297157613760,67100878
297157613760,67100883
297157613760,67100893
297157613760,67100900
297157613760,67100901
297157613760,67100906
297157613760,67100908
297157613760,67100909
297157613760,67100911
297157613760,67100912
297157613760,67100913
297157613760,67100914
297157613760,67100915
297157613760,67100916
297157613760,67100921
297157613760,67100924
297157613760,67100925
297157613760,67100927
297157613760,67100933
297157613760,67100937
297157613760,67100939
297157613760,67100940
297157613760,67100949
297157613760,67100966
297157613760,67100967
297157613760,67100968
297157613760,67100972
297157613760,67100981
297157613760,67100985
297157613760,67100993
297157613760,67100999
297157613760,67101002
297157613760,67101006
297157613760,67101016
297157613760,67101026
297157613760,67101036
297157613760,67101049
297157613760,67102877
297157613760,67103456
297157613760,67104244
297157613760,67104267
297157613760,67104368
297157613760,67105018
297157613760,67105227
297157613760,67105238
297157613760,67105442
297157613760,67105805
297157613760,67105812
297157613760,67105836
297157613760,67105854
297157613760,67106036
297157613760,67106050
297157613760,67106632
297157613760,67106871
297157613760,67106913
297157613760,67106945
297157613760,67106971
297157613760,67107068
297157613760,67107096
297157613760,67107134
297157613760,67107155
297157613760,67107160
297157613760,67107215
297157613760,67107241
297157613760,67107242
297157613760,67107307
297157613760,67107308
297157613760,67107384
297157613760,67107389
297157613760,67107447
297157613760,67107557
297157613760,67107578
297157613760,67107623
297157613760,67107624
297157613760,67107633
297157613760,67107645
297157613760,67107653
297157613760,67107666
297157613760,67107678
297157613760,67107681
297157613760,67107688
297157613760,67107691
297157613760,67107693
297157613760,67107694
297157613760,67107695
297157613760,67107696
297157613760,67107703
297157613760,67107706
297157613760,67107707
297157613760,67107710
297157613760,67107711
297157613760,67107714
297157613760,67107716
297157613760,67107727
297157613760,67107732
297157613760,67107733
297157613760,67107734
297157613760,67107735
297157613760,67107737
297157613760,67107740
297157613760,67107747
297157613760,67107749
297157613760,67107766
297157613760,67107767
297157613760,67107770
297157613760,67107771
297157613760,67107787
297157613760,67107789
297157613760,67107804
297157613760,67107811
297157613760,67107829
297157613760,67107842
297157613760,67107845
297157613760,67107875
297157613760,67107880
297157613760,67107886
297157613760,67107890
297157613760,67107918
297157613760,67107930
297157613760,67107959
297157613760,67108102
297157613760,67108138
297157613760,67108143
297157613760,67108144
297157613760,67108155
297157613760,67108165
297157613760,67108171
297157613760,67108181
297157613760,67108193
297157613760,67108201
297157613760,67108210
297157613760,67108218
297157613760,67108227
297157613760,67108241
297157613760,67108245
297157613760,67108246
297157613760,67108261
297157613760,67108272
297157613760,67108275
297157613760,67108280
297157613760,67108287
297157613760,67108291
297157613760,67108295
297157613760,67108298
297157613760,67108313
297157613760,67108315
297157613760,67108320
297157613760,67108321
297157613760,67108324
297157613760,67108326
297157613760,67108331
297157613760,67108336
297157613760,67108344
297157613760,67108347
297157613760,67108360
297157613760,67108361
297157613760,67108367
297157613760,67108369
297157613760,67108371
297157613760,67108374
297157613760,67108379
297157613760,67108382
297157613760,67108388
297157613760,67108390
297157613760,67108391
297157613760,67108398
297157613760,67108401
297157613760,67108402
297157613760,67108404
297157613760,67108405
297157613760,67108410
297157613760,67108411
297157613760,67108412
297157613760,67108413
297157613760,67108414
297157613760,67108415
297157613760,67108422
297157613760,67108424
297157613760,67108425
297157613760,67108426
297157613760,67108430
297157613760,67108435
297157613760,67108438
297157613760,67108446
297157613760,67108452
297157613760,67108455
297157613760,67108456
297157613760,67108457
297157613760,67108458
297157613760,67108461
297157613760,67108463
297157613760,67108467
297157613760,67108482
297157613760,67108490
297157613760,67108491
297157613760,67108493
297157613760,67108505
297157613760,67108513
297157613760,67108515
297157613760,67108525
297157613760,67108538
297157613760,67108645
297157613760,67108646
297157613760,67108647
297157613760,67108648
297157613760,67108649
297157613760,67108650
297157613760,67108651
297157613760,67108652
297157613760,67108653
297157613760,67108735
297157613760,67108739
297157613760,67108740
297157613760,67108741
297157613760,67108743
297157613760,67108744
297157613760,67108747
297157613760,67108748
297157613760,67108749
297157613760,67108750
297157613760,67108752
297157613760,67108753
297157613760,67108754
297157613760,67108755
297157613760,67108757
297157613760,67108758
297157613760,67108760
297157613760,67108761
297157613760,67108762
297157613760,67108763
297157613760,67108764
297157613760,67108765
297157613760,67108766
297157613760,67108767
297157613760,67108768
297157613760,67108771
297157613760,67108772
297157613760,67108773
297157613760,67108774
297157613760,67108775
