1379256614,67100550
1379256614,67100551
1379256614,67100552
1379256614,67100553
1379256614,67100554
1379256614,67100959
1379256614,67104954
42756955034,131245
42756955034,131246
42756955034,131253
42756955034,67099992
42756955034,67100679
42756955034,67100684
42756955034,67100685
42756955034,67100687
42756955034,67100688
42756955034,67100689
42756955034,67100691
42756955034,67100692
42756955034,67100693
42756955034,67100694
42756955034,67100696
42756955034,67100697
42756955034,67100698
42756955034,67100701
42756955034,67100702
42756955034,67100704
42756955034,67100705
42756955034,67100706
42756955034,67100711
42756955034,67100714
42756955034,67100715
42756955034,67100716
42756955034,67100720
42756955034,67100722
42756955034,67100724
42756955034,67100726
42756955034,67100727
42756955034,67100728
42756955034,67100731
42756955034,67100732
42756955034,67100734
42756955034,67100738
42756955034,67100739
42756955034,67100740
42756955034,67100742
42756955034,67100743
42756955034,67100744
42756955034,67100745
42756955034,67100750
42756955034,67100751
42756955034,67100754
42756955034,67100755
42756955034,67100756
42756955034,67100758
42756955034,67100762
42756955034,67100763
42756955034,67100765
42756955034,67100766
42756955034,67100769
42756955034,67100770
42756955034,67100771
42756955034,67100772
42756955034,67100774
42756955034,67100960
42756955034,67100961
42756955034,67100962
42756955034,67100963
42756955034,67100965
42756955034,67100967
42756955034,67100968
42756955034,67100969
42756955034,67100971
42756955034,67100972
42756955034,67100974
42756955034,67100975
42756955034,67100976
42756955034,67100977
42756955034,67100978
42756955034,67100979
42756955034,67100980
42756955034,67100981
42756955034,67100982
42756955034,67100983
42756955034,67100984
42756955034,67100985
42756955034,67100986
42756955034,67100987
42756955034,67100988
42756955034,67100989
42756955034,67100990
42756955034,67100991
42756955034,67100992
42756955034,67100993
42756955034,67100995
42756955034,67100996
42756955034,67100997
42756955034,67100998
42756955034,67100999
42756955034,67101000
42756955034,67101001
42756955034,67101002
42756955034,67101003
42756955034,67101004
42756955034,67101005
42756955034,67101006
42756955034,67101007
42756955034,67101008
42756955034,67101009
42756955034,67101010
42756955034,67101011
42756955034,67101012
42756955034,67101013
42756955034,67101014
42756955034,67101015
42756955034,67101016
42756955034,67101017
42756955034,67101018
42756955034,67101019
42756955034,67101020
42756955034,67101021
42756955034,67101022
42756955034,67101023
42756955034,67101024
42756955034,67101025
42756955034,67101026
42756955034,67101027
42756955034,67101028
42756955034,67101030
42756955034,67101031
42756955034,67101033
42756955034,67101034
42756955034,67101035
42756955034,67101036
42756955034,67101037
42756955034,67101038
42756955034,67101039
42756955034,67101040
42756955034,67101041
42756955034,67101042
42756955034,67101043
42756955034,67101044
42756955034,67101045
42756955034,67101046
42756955034,67101047
42756955034,67101048
42756955034,67101049
42756955034,67101050
42756955034,67101051
42756955034,67101052
42756955034,67101053
42756955034,67101054
42756955034,67101055
42756955034,67101056
42756955034,67101057
42756955034,67101058
42756955034,67101060
42756955034,67101061
42756955034,67101062
42756955034,67101063
42756955034,67101064
42756955034,67101065
42756955034,67101066
42756955034,67101067
42756955034,67101068
42756955034,67101069
42756955034,67101070
42756955034,67101071
42756955034,67101072
42756955034,67101073
42756955034,67101074
42756955034,67101075
42756955034,67101076
42756955034,67101077
42756955034,67101078
42756955034,67101079
42756955034,67101080
42756955034,67101081
42756955034,67101082
42756955034,67101083
42756955034,67101084
42756955034,67101085
42756955034,67101086
42756955034,67101087
42756955034,67101088
42756955034,67101089
42756955034,67101090
42756955034,67101091
42756955034,67101092
42756955034,67101093
42756955034,67101094
42756955034,67101095
42756955034,67101096
42756955034,67101097
42756955034,67101098
42756955034,67101099
42756955034,67101100
42756955034,67101101
42756955034,67101102
42756955034,67101103
42756955034,67101815
42756955034,67101816
42756955034,67101817
42756955034,67101818
42756955034,67101819
42756955034,67101820
42756955034,67101821
42756955034,67101822
42756955034,67101823
42756955034,67101824
42756955034,67101826
42756955034,67102397
42756955034,67104633
42756955034,67104634
42756955034,67104635
42756955034,67104636
42756955034,67104637
42756955034,67104638
42756955034,67104639
42756955034,67104640
42756955034,67104641
42756955034,67104642
42756955034,67104643
42756955034,67104644
42756955034,67104645
42756955034,67104646
42756955034,67104647
42756955034,67104648
42756955034,67104649
42756955034,67104650
42756955034,67104651
42756955034,67104652
42756955034,67104653
42756955034,67104654
42756955034,67104655
42756955034,67104656
42756955034,67104657
42756955034,67104658
42756955034,67104659
42756955034,67104660
42756955034,67104661
42756955034,67104662
42756955034,67104663
42756955034,67104664
42756955034,67104665
42756955034,67104666
42756955034,67104667
42756955034,67104668
42756955034,67104669
42756955034,67104670
42756955034,67104671
42756955034,67104674
42756955034,67104679
42756955034,67104680
42756955034,67104681
42756955034,67104682
42756955034,67104683
42756955034,67104686
42756955034,67104688
42756955034,67104689
42756955034,67104690
42756955034,67104691
42756955034,67104692
42756955034,67104696
42756955034,67104697
42756955034,67104699
42756955034,67104700
42756955034,67104701
42756955034,67104705
42756955034,67104706
42756955034,67104709
42756955034,67104710
42756955034,67104711
42756955034,67104717
42756955034,67104718
42756955034,67104719
42756955034,67104720
42756955034,67104721
42756955034,67104722
42756955034,67104723
42756955034,67104725
42756955034,67104726
42756955034,67104727
42756955034,67104728
42756955034,67104729
42756955034,67104732
42756955034,67104733
42756955034,67104735
42756955034,67104736
42756955034,67104737
42756955034,67104738
42756955034,67104739
42756955034,67104740
42756955034,67104744
42756955034,67104745
42756955034,67104746
42756955034,67104748
42756955034,67104749
42756955034,67104750
42756955034,67104751
42756955034,67104753
42756955034,67104757
42756955034,67104758
42756955034,67104760
42756955034,67104761
42756955034,67104764
42756955034,67104765
42756955034,67104766
42756955034,67104767
42756955034,67104955
42756955034,67104956
42756955034,67104957
42756955034,67104958
42756955034,67104959
42756955034,67104960
42756955034,67104962
42756955034,67104963
42756955034,67104964
42756955034,67104966
42756955034,67104967
42756955034,67104969
42756955034,67104970
42756955034,67104971
42756955034,67104972
42756955034,67104973
42756955034,67104974
42756955034,67104975
42756955034,67104977
42756955034,67104978
42756955034,67104979
42756955034,67104980
42756955034,67104981
42756955034,67104982
42756955034,67104983
42756955034,67104984
42756955034,67104985
42756955034,67104986
42756955034,67104987
42756955034,67104988
42756955034,67104990
42756955034,67104991
42756955034,67104992
42756955034,67104993
42756955034,67104994
42756955034,67104995
42756955034,67104996
42756955034,67104997
42756955034,67104999
42756955034,67105000
42756955034,67105001
42756955034,67105002
42756955034,67105003
42756955034,67105004
42756955034,67105005
42756955034,67105006
42756955034,67105007
42756955034,67105008
42756955034,67105009
42756955034,67105010
42756955034,67105011
42756955034,67105012
42756955034,67105013
42756955034,67105014
42756955034,67105015
42756955034,67105016
42756955034,67105017
42756955034,67105018
42756955034,67105019
42756955034,67105020
42756955034,67105021
42756955034,67105022
42756955034,67105023
42756955034,67105025
42756955034,67105026
42756955034,67105028
42756955034,67105029
42756955034,67105030
42756955034,67105031
42756955034,67105032
42756955034,67105033
42756955034,67105034
42756955034,67105035
42756955034,67105036
42756955034,67105037
42756955034,67105038
42756955034,67105039
42756955034,67105041
42756955034,67105042
42756955034,67105043
42756955034,67105044
42756955034,67105045
42756955034,67105046
42756955034,67105047
42756955034,67105049
42756955034,67105050
42756955034,67105051
42756955034,67105052
42756955034,67105053
42756955034,67105054
42756955034,67105055
42756955034,67105056
42756955034,67105057
42756955034,67105058
42756955034,67105059
42756955034,67105060
42756955034,67105061
42756955034,67105062
42756955034,67105063
42756955034,67105064
42756955034,67105065
42756955034,67105066
42756955034,67105067
42756955034,67105068
42756955034,67105069
42756955034,67105070
42756955034,67105071
42756955034,67105072
42756955034,67105073
42756955034,67105074
42756955034,67105075
42756955034,67105076
42756955034,67105077
42756955034,67105078
42756955034,67105079
42756955034,67105080
42756955034,67105081
42756955034,67105082
42756955034,67105083
42756955034,67105084
42756955034,67105085
42756955034,67105086
42756955034,67105087
42756955034,67105088
42756955034,67105089
42756955034,67105090
42756955034,67105091
42756955034,67105092
42756955034,67105093
42756955034,67105094
42756955034,67105095
42756955034,67105096
42756955034,67105097
42756955034,67105098
42756955034,67105810
42756955034,67105811
42756955034,67105812
42756955034,67105813
42756955034,67105814
42756955034,67105815
42756955034,67105816
42756955034,67105817
42756955034,67105818
42756955034,67105819
42756955034,67105820
42756955034,67105821
42756955034,67108628
42756955034,67108629
42756955034,67108630
42756955034,67108631
42756955034,67108632
42756955034,67108634
42756955034,67108635
42756955034,67108636
42756955034,67108637
42756955034,67108638
42756955034,67108639
42756955034,67108640
42756955034,67108641
42756955034,67108642
42756955034,67108643
42756955034,67108644
42756955034,67108645
42756955034,67108646
42756955034,67108647
42756955034,67108648
42756955034,67108649
42756955034,67108650
42756955034,67108651
42756955034,67108652
42756955034,67108653
42756955034,67108654
42756955034,67108655
42756955034,67108656
42756955034,67108657
42756955034,67108658
42756955034,67108659
42756955034,67108660
42756955034,67108661
42756955034,67108662
42756955034,67108663
42756955034,67108664
42756955034,67108665
42756955034,67108667
42756955034,67108767
42756955034,67108769
42756955034,67108770
42756955034,67108771
42756955034,67108772
42756955034,67108774
42756955034,67108775
42756955034,67108776
42756955034,67108777
42756955034,67108778
42756955034,67108779
42756955034,67108780
42756955034,67108781
42756955034,67108782
42756955034,67108783
42756955034,67108784
42756955034,67108785
42756955034,67108786
42756955034,67108787
42756955034,67108788
42756955034,67108789
42756955034,67108790
42756955034,67108791
42756955034,67108792
42756955034,67108793
42756955034,67108794
84134653454,67099282
84134653454,67100019
84134653454,67103064
84134653454,67103065
84134653454,67103067
84134653454,67103068
84134653454,67103069
84134653454,67103070
84134653454,67103071
84134653454,67103072
84134653454,67103073
84134653454,67103075
84134653454,67103076
84134653454,67103078
84134653454,67103080
84134653454,67103081
84134653454,67103082
84134653454,67103083
84134653454,67103084
84134653454,67103086
84134653454,67103087
84134653454,67103088
84134653454,67103089
84134653454,67103091
84134653454,67103092
84134653454,67103095
84134653454,67103097
84134653454,67103098
84134653454,67103100
84134653454,67103101
84134653454,67103102
84134653454,67103103
84134653454,67103104
84134653454,67103105
84134653454,67103106
84134653454,67103107
84134653454,67103108
84134653454,67103110
84134653454,67103112
84134653454,67103113
84134653454,67103114
84134653454,67103115
84134653454,67103117
84134653454,67103118
84134653454,67103120
84134653454,67103121
84134653454,67103122
84134653454,67103124
84134653454,67103125
84134653454,67103127
84134653454,67103128
84134653454,67103131
84134653454,67103133
84134653454,67103134
84134653454,67103135
84134653454,67103136
84134653454,67103138
84134653454,67103139
84134653454,67103140
84134653454,67103141
84134653454,67103142
84134653454,67103143
84134653454,67103145
84134653454,67103146
84134653454,67103147
84134653454,67103149
84134653454,67103151
84134653454,67103152
84134653454,67103153
84134653454,67103154
84134653454,67103155
84134653454,67103157
84134653454,67103159
84134653454,67103160
84134653454,67103161
84134653454,67103163
84134653454,67103164
84134653454,67103165
84134653454,67103166
84134653454,67103168
84134653454,67103169
84134653454,67103170
84134653454,67103171
84134653454,67103172
84134653454,67103175
84134653454,67103177
84134653454,67103178
84134653454,67103179
84134653454,67103181
84134653454,67103182
84134653454,67103184
84134653454,67103186
84134653454,67103187
84134653454,67103188
84134653454,67103189
84134653454,67103190
84134653454,67103191
84134653454,67103192
84134653454,67103193
84134653454,67103194
84134653454,67103196
84134653454,67103197
84134653454,67103198
84134653454,67103199
84134653454,67103201
84134653454,67103202
84134653454,67103203
84134653454,67103206
84134653454,67103207
84134653454,67103208
84134653454,67103209
84134653454,67103210
84134653454,67103211
84134653454,67103213
84134653454,67103214
84134653454,67103215
84134653454,67103216
84134653454,67103217
84134653454,67103218
84134653454,67103220
84134653454,67103221
84134653454,67103222
84134653454,67103223
84134653454,67103224
84134653454,67103225
84134653454,67103227
84134653454,67103229
84134653454,67103231
84134653454,67103232
84134653454,67103233
84134653454,67103235
84134653454,67103236
84134653454,67103237
84134653454,67103238
84134653454,67103241
84134653454,67103242
84134653454,67103243
84134653454,67103244
84134653454,67103245
84134653454,67103246
84134653454,67103247
84134653454,67103249
84134653454,67103250
84134653454,67103251
84134653454,67103252
84134653454,67103255
84134653454,67103256
84134653454,67103257
84134653454,67103258
84134653454,67103259
84134653454,67103260
84134653454,67103261
84134653454,67103262
84134653454,67103263
84134653454,67103264
84134653454,67103266
84134653454,67103267
84134653454,67103268
84134653454,67103269
84134653454,67103270
84134653454,67103272
84134653454,67103273
84134653454,67103274
84134653454,67103275
84134653454,67103276
84134653454,67103278
84134653454,67103279
84134653454,67103280
84134653454,67103281
84134653454,67103282
84134653454,67103284
84134653454,67103285
84134653454,67103287
84134653454,67103288
84134653454,67103290
84134653454,67103291
84134653454,67103292
84134653454,67103293
84134653454,67103294
84134653454,67103295
84134653454,67103299
84134653454,67103301
84134653454,67103302
84134653454,67103303
84134653454,67103304
84134653454,67103305
84134653454,67103306
84134653454,67103307
84134653454,67103308
84134653454,67103309
84134653454,67103310
84134653454,67103311
84134653454,67103312
84134653454,67103313
84134653454,67103314
84134653454,67103315
84134653454,67103316
84134653454,67103317
84134653454,67103318
84134653454,67103319
84134653454,67103320
84134653454,67103321
84134653454,67103322
84134653454,67103323
84134653454,67103324
84134653454,67103325
84134653454,67103326
84134653454,67103327
84134653454,67103328
84134653454,67103329
84134653454,67103330
84134653454,67103331
84134653454,67103332
84134653454,67103333
84134653454,67103334
84134653454,67103335
84134653454,67103336
84134653454,67103337
84134653454,67103338
84134653454,67103339
84134653454,67103340
84134653454,67103341
84134653454,67103342
84134653454,67103343
84134653454,67103344
84134653454,67103345
84134653454,67103346
84134653454,67103347
84134653454,67103348
84134653454,67103349
84134653454,67103350
84134653454,67103351
84134653454,67103352
84134653454,67103353
84134653454,67103354
84134653454,67103355
84134653454,67103356
84134653454,67103357
84134653454,67103358
84134653454,67103359
84134653454,67103360
84134653454,67103361
84134653454,67103362
84134653454,67103363
84134653454,67103364
84134653454,67103365
84134653454,67103366
84134653454,67103367
84134653454,67103368
84134653454,67103369
84134653454,67103370
84134653454,67103371
84134653454,67103372
84134653454,67107059
84134653454,67107060
84134653454,67107061
84134653454,67107062
84134653454,67107063
84134653454,67107065
84134653454,67107066
84134653454,67107068
84134653454,67107069
84134653454,67107070
84134653454,67107073
84134653454,67107074
84134653454,67107075
84134653454,67107076
84134653454,67107077
84134653454,67107078
84134653454,67107079
84134653454,67107081
84134653454,67107082
84134653454,67107083
84134653454,67107084
84134653454,67107086
84134653454,67107087
84134653454,67107089
84134653454,67107090
84134653454,67107091
84134653454,67107092
84134653454,67107093
84134653454,67107095
84134653454,67107096
84134653454,67107097
84134653454,67107098
84134653454,67107099
84134653454,67107100
84134653454,67107101
84134653454,67107102
84134653454,67107103
84134653454,67107104
84134653454,67107105
84134653454,67107107
84134653454,67107108
84134653454,67107109
84134653454,67107110
84134653454,67107111
84134653454,67107112
84134653454,67107113
84134653454,67107115
84134653454,67107116
84134653454,67107117
84134653454,67107118
84134653454,67107119
84134653454,67107120
84134653454,67107122
84134653454,67107123
84134653454,67107125
84134653454,67107126
84134653454,67107128
84134653454,67107129
84134653454,67107130
84134653454,67107131
84134653454,67107133
84134653454,67107134
84134653454,67107135
84134653454,67107136
84134653454,67107137
84134653454,67107138
84134653454,67107140
84134653454,67107141
84134653454,67107142
84134653454,67107144
84134653454,67107145
84134653454,67107146
84134653454,67107147
84134653454,67107149
84134653454,67107150
84134653454,67107151
84134653454,67107152
84134653454,67107155
84134653454,67107157
84134653454,67107158
84134653454,67107159
84134653454,67107162
84134653454,67107163
84134653454,67107165
84134653454,67107166
84134653454,67107167
84134653454,67107168
84134653454,67107170
84134653454,67107171
84134653454,67107172
84134653454,67107174
84134653454,67107175
84134653454,67107176
84134653454,67107179
84134653454,67107180
84134653454,67107181
84134653454,67107182
84134653454,67107183
84134653454,67107185
84134653454,67107186
84134653454,67107187
84134653454,67107188
84134653454,67107189
84134653454,67107191
84134653454,67107192
84134653454,67107193
84134653454,67107194
84134653454,67107196
84134653454,67107197
84134653454,67107198
84134653454,67107201
84134653454,67107202
84134653454,67107203
84134653454,67107204
84134653454,67107205
84134653454,67107208
84134653454,67107209
84134653454,67107210
84134653454,67107211
84134653454,67107212
84134653454,67107213
84134653454,67107214
84134653454,67107215
84134653454,67107217
84134653454,67107218
84134653454,67107219
84134653454,67107220
84134653454,67107222
84134653454,67107223
84134653454,67107224
84134653454,67107225
84134653454,67107226
84134653454,67107227
84134653454,67107228
84134653454,67107230
84134653454,67107231
84134653454,67107232
84134653454,67107233
84134653454,67107236
84134653454,67107237
84134653454,67107240
84134653454,67107242
84134653454,67107244
84134653454,67107245
84134653454,67107246
84134653454,67107247
84134653454,67107249
84134653454,67107250
84134653454,67107251
84134653454,67107252
84134653454,67107253
84134653454,67107255
84134653454,67107256
84134653454,67107257
84134653454,67107258
84134653454,67107259
84134653454,67107260
84134653454,67107261
84134653454,67107262
84134653454,67107263
84134653454,67107264
84134653454,67107265
84134653454,67107267
84134653454,67107268
84134653454,67107269
84134653454,67107270
84134653454,67107271
84134653454,67107273
84134653454,67107274
84134653454,67107275
84134653454,67107276
84134653454,67107277
84134653454,67107279
84134653454,67107280
84134653454,67107282
84134653454,67107283
84134653454,67107285
84134653454,67107286
84134653454,67107287
84134653454,67107288
84134653454,67107289
84134653454,67107290
84134653454,67107292
84134653454,67107294
84134653454,67107295
84134653454,67107296
84134653454,67107297
84134653454,67107298
84134653454,67107299
84134653454,67107300
84134653454,67107301
84134653454,67107302
84134653454,67107303
84134653454,67107304
84134653454,67107305
84134653454,67107306
84134653454,67107307
84134653454,67107308
84134653454,67107309
84134653454,67107310
84134653454,67107311
84134653454,67107312
84134653454,67107313
84134653454,67107314
84134653454,67107315
84134653454,67107316
84134653454,67107317
84134653454,67107318
84134653454,67107319
84134653454,67107320
84134653454,67107321
84134653454,67107322
84134653454,67107323
84134653454,67107324
84134653454,67107325
84134653454,67107326
84134653454,67107327
84134653454,67107328
84134653454,67107329
84134653454,67107330
84134653454,67107331
84134653454,67107332
84134653454,67107333
84134653454,67107334
84134653454,67107335
84134653454,67107336
84134653454,67107337
84134653454,67107338
84134653454,67107339
84134653454,67107340
84134653454,67107341
84134653454,67107342
84134653454,67107343
84134653454,67107344
84134653454,67107345
84134653454,67107346
84134653454,67107347
84134653454,67107348
84134653454,67107349
84134653454,67107350
84134653454,67107351
84134653454,67107352
84134653454,67107353
84134653454,67107354
84134653454,67107355
84134653454,67107356
84134653454,67107357
84134653454,67107358
84134653454,67107359
84134653454,67107360
84134653454,67107361
84134653454,67107362
84134653454,67107363
84134653454,67107364
84134653454,67107365
84134653454,67107366
84134653454,67107367
84134653454,67108668
125512351874,67101902
125512351874,67101903
125512351874,67101904
125512351874,67101905
125512351874,67101906
125512351874,67101907
125512351874,67101908
125512351874,67101910
125512351874,67101911
125512351874,67101912
125512351874,67101913
125512351874,67101914
125512351874,67101915
125512351874,67101916
125512351874,67101917
125512351874,67101918
125512351874,67101919
125512351874,67101921
125512351874,67101924
125512351874,67101925
125512351874,67101926
125512351874,67101927
125512351874,67101928
125512351874,67101929
125512351874,67101930
125512351874,67101931
125512351874,67101932
125512351874,67101933
125512351874,67101934
125512351874,67101935
125512351874,67101936
125512351874,67101937
125512351874,67101938
125512351874,67101939
125512351874,67101940
125512351874,67101942
125512351874,67101943
125512351874,67101944
125512351874,67101945
125512351874,67101946
125512351874,67101947
125512351874,67101948
125512351874,67101949
125512351874,67101950
125512351874,67101951
125512351874,67101952
125512351874,67101953
125512351874,67101954
125512351874,67101955
125512351874,67101956
125512351874,67101957
125512351874,67101958
125512351874,67101959
125512351874,67101960
125512351874,67101961
125512351874,67101962
125512351874,67101963
125512351874,67101964
125512351874,67101965
125512351874,67101966
125512351874,67101967
125512351874,67101968
125512351874,67101969
125512351874,67101970
125512351874,67101971
125512351874,67101972
125512351874,67101973
125512351874,67101974
125512351874,67101975
125512351874,67101978
125512351874,67101979
125512351874,67101980
125512351874,67101982
125512351874,67101983
125512351874,67101984
125512351874,67101985
125512351874,67101987
125512351874,67101988
125512351874,67101989
125512351874,67101990
125512351874,67101991
125512351874,67101992
125512351874,67101994
125512351874,67101995
125512351874,67101996
125512351874,67101997
125512351874,67101999
125512351874,67102001
125512351874,67102002
125512351874,67102003
125512351874,67102004
125512351874,67102005
125512351874,67102006
125512351874,67102007
125512351874,67102008
125512351874,67102009
125512351874,67102010
125512351874,67102011
125512351874,67102012
125512351874,67102013
125512351874,67102014
125512351874,67102015
125512351874,67102016
125512351874,67102017
125512351874,67102019
125512351874,67102020
125512351874,67102021
125512351874,67102022
125512351874,67102023
125512351874,67102024
125512351874,67102025
125512351874,67102026
125512351874,67102028
125512351874,67102029
125512351874,67102030
125512351874,67102031
125512351874,67102032
125512351874,67102033
125512351874,67102034
125512351874,67102035
125512351874,67102036
125512351874,67102037
125512351874,67102038
125512351874,67102039
125512351874,67102040
125512351874,67102041
125512351874,67102042
125512351874,67102043
125512351874,67102044
125512351874,67102045
125512351874,67102046
125512351874,67102047
125512351874,67102049
125512351874,67102050
125512351874,67102051
125512351874,67102052
125512351874,67102053
125512351874,67102056
125512351874,67102057
125512351874,67102058
125512351874,67102059
125512351874,67102060
125512351874,67102061
125512351874,67102062
125512351874,67102063
125512351874,67102065
125512351874,67102066
125512351874,67102068
125512351874,67102070
125512351874,67102071
125512351874,67102072
125512351874,67102073
125512351874,67102074
125512351874,67102075
125512351874,67102076
125512351874,67102077
125512351874,67102078
125512351874,67102079
125512351874,67102080
125512351874,67102081
125512351874,67102082
125512351874,67102083
125512351874,67102084
125512351874,67102085
125512351874,67102086
125512351874,67102087
125512351874,67102088
125512351874,67102089
125512351874,67102090
125512351874,67102091
125512351874,67102092
125512351874,67102093
125512351874,67102094
125512351874,67102095
125512351874,67102096
125512351874,67102097
125512351874,67102098
125512351874,67102099
125512351874,67102100
125512351874,67102101
125512351874,67102102
125512351874,67102103
125512351874,67102104
125512351874,67102105
125512351874,67102107
125512351874,67102108
125512351874,67102109
125512351874,67102110
125512351874,67102111
125512351874,67102112
125512351874,67102113
125512351874,67102116
125512351874,67102117
125512351874,67102118
125512351874,67102119
125512351874,67102120
125512351874,67102121
125512351874,67102122
125512351874,67102123
125512351874,67102124
125512351874,67102126
125512351874,67102127
125512351874,67102129
125512351874,67102130
125512351874,67102131
125512351874,67102132
125512351874,67102133
125512351874,67102134
125512351874,67102135
125512351874,67102136
125512351874,67102137
125512351874,67102138
125512351874,67102139
125512351874,67102140
125512351874,67102141
125512351874,67102142
125512351874,67102143
125512351874,67102144
125512351874,67102145
125512351874,67102146
125512351874,67102147
125512351874,67102148
125512351874,67102150
125512351874,67102151
125512351874,67102153
125512351874,67102154
125512351874,67102155
125512351874,67102156
125512351874,67102157
125512351874,67102158
125512351874,67102159
125512351874,67102160
125512351874,67102161
125512351874,67102162
125512351874,67102163
125512351874,67102164
125512351874,67102165
125512351874,67102166
125512351874,67102167
125512351874,67102168
125512351874,67102169
125512351874,67102170
125512351874,67102171
125512351874,67102172
125512351874,67102173
125512351874,67102174
125512351874,67102175
125512351874,67102176
125512351874,67102177
125512351874,67102178
125512351874,67102179
125512351874,67102180
125512351874,67102181
125512351874,67102318
125512351874,67105897
125512351874,67105898
125512351874,67105899
125512351874,67105900
125512351874,67105901
125512351874,67105902
125512351874,67105903
125512351874,67105905
125512351874,67105906
125512351874,67105907
125512351874,67105908
125512351874,67105909
125512351874,67105910
125512351874,67105911
125512351874,67105912
125512351874,67105913
125512351874,67105914
125512351874,67105916
125512351874,67105919
125512351874,67105920
125512351874,67105922
125512351874,67105923
125512351874,67105924
125512351874,67105926
125512351874,67105927
125512351874,67105928
125512351874,67105929
125512351874,67105931
125512351874,67105932
125512351874,67105933
125512351874,67105934
125512351874,67105935
125512351874,67105937
125512351874,67105938
125512351874,67105940
125512351874,67105941
125512351874,67105942
125512351874,67105943
125512351874,67105944
125512351874,67105945
125512351874,67105946
125512351874,67105947
125512351874,67105948
125512351874,67105949
125512351874,67105950
125512351874,67105951
125512351874,67105952
125512351874,67105953
125512351874,67105954
125512351874,67105955
125512351874,67105956
125512351874,67105957
125512351874,67105958
125512351874,67105959
125512351874,67105960
125512351874,67105961
125512351874,67105962
125512351874,67105963
125512351874,67105964
125512351874,67105966
125512351874,67105967
125512351874,67105968
125512351874,67105969
125512351874,67105970
125512351874,67105972
125512351874,67105973
125512351874,67105974
125512351874,67105975
125512351874,67105977
125512351874,67105978
125512351874,67105979
125512351874,67105980
125512351874,67105981
125512351874,67105982
125512351874,67105983
125512351874,67105984
125512351874,67105986
125512351874,67105987
125512351874,67105988
125512351874,67105989
125512351874,67105990
125512351874,67105991
125512351874,67105992
125512351874,67105993
125512351874,67105994
125512351874,67105996
125512351874,67105997
125512351874,67105998
125512351874,67105999
125512351874,67106001
125512351874,67106002
125512351874,67106003
125512351874,67106004
125512351874,67106005
125512351874,67106006
125512351874,67106007
125512351874,67106008
125512351874,67106009
125512351874,67106010
125512351874,67106011
125512351874,67106012
125512351874,67106013
125512351874,67106014
125512351874,67106015
125512351874,67106016
125512351874,67106017
125512351874,67106018
125512351874,67106019
125512351874,67106021
125512351874,67106022
125512351874,67106023
125512351874,67106024
125512351874,67106025
125512351874,67106026
125512351874,67106027
125512351874,67106028
125512351874,67106029
125512351874,67106030
125512351874,67106031
125512351874,67106032
125512351874,67106033
125512351874,67106034
125512351874,67106035
125512351874,67106036
125512351874,67106037
125512351874,67106038
125512351874,67106039
125512351874,67106040
125512351874,67106041
125512351874,67106042
125512351874,67106044
125512351874,67106045
125512351874,67106046
125512351874,67106047
125512351874,67106048
125512351874,67106051
125512351874,67106052
125512351874,67106053
125512351874,67106054
125512351874,67106055
125512351874,67106056
125512351874,67106057
125512351874,67106058
125512351874,67106059
125512351874,67106060
125512351874,67106061
125512351874,67106063
125512351874,67106064
125512351874,67106065
125512351874,67106066
125512351874,67106067
125512351874,67106068
125512351874,67106069
125512351874,67106070
125512351874,67106071
125512351874,67106072
125512351874,67106073
125512351874,67106074
125512351874,67106075
125512351874,67106076
125512351874,67106077
125512351874,67106078
125512351874,67106079
125512351874,67106080
125512351874,67106081
125512351874,67106082
125512351874,67106083
125512351874,67106084
125512351874,67106085
125512351874,67106086
125512351874,67106087
125512351874,67106088
125512351874,67106089
125512351874,67106090
125512351874,67106092
125512351874,67106093
125512351874,67106094
125512351874,67106095
125512351874,67106096
125512351874,67106097
125512351874,67106098
125512351874,67106099
125512351874,67106100
125512351874,67106101
125512351874,67106102
125512351874,67106103
125512351874,67106104
125512351874,67106105
125512351874,67106106
125512351874,67106107
125512351874,67106108
125512351874,67106110
125512351874,67106111
125512351874,67106112
125512351874,67106113
125512351874,67106114
125512351874,67106115
125512351874,67106116
125512351874,67106117
125512351874,67106118
125512351874,67106119
125512351874,67106120
125512351874,67106121
125512351874,67106122
125512351874,67106123
125512351874,67106124
125512351874,67106125
125512351874,67106126
125512351874,67106127
125512351874,67106128
125512351874,67106129
125512351874,67106130
125512351874,67106131
125512351874,67106132
125512351874,67106133
125512351874,67106134
125512351874,67106135
125512351874,67106136
125512351874,67106137
125512351874,67106138
125512351874,67106139
125512351874,67106140
125512351874,67106141
125512351874,67106142
125512351874,67106143
125512351874,67106144
125512351874,67106145
125512351874,67106146
125512351874,67106147
125512351874,67106148
125512351874,67106149
125512351874,67106150
125512351874,67106151
125512351874,67106152
125512351874,67106153
125512351874,67106154
125512351874,67106155
125512351874,67106156
125512351874,67106157
125512351874,67106158
125512351874,67106159
125512351874,67106160
125512351874,67106161
125512351874,67106162
125512351874,67106163
125512351874,67106164
125512351874,67106165
125512351874,67106166
125512351874,67106167
125512351874,67106168
125512351874,67106170
125512351874,67106171
125512351874,67106172
125512351874,67106173
125512351874,67106174
125512351874,67106175
125512351874,67106176
166890050294,131247
166890050294,131248
166890050294,131250
166890050294,131254
166890050294,131255
166890050294,131256
166890050294,131258
166890050294,131261
166890050294,67100680
166890050294,67100681
166890050294,67100686
166890050294,67100690
166890050294,67100707
166890050294,67100717
166890050294,67100718
166890050294,67100723
166890050294,67100730
166890050294,67100733
166890050294,67100735
166890050294,67100737
166890050294,67100747
166890050294,67100753
166890050294,67100764
166890050294,67100964
166890050294,67100970
166890050294,67100994
166890050294,67101029
166890050294,67101109
166890050294,67101110
166890050294,67101112
166890050294,67101115
166890050294,67101117
166890050294,67101118
166890050294,67101119
166890050294,67101120
166890050294,67101123
166890050294,67101124
166890050294,67101125
166890050294,67101129
166890050294,67101130
166890050294,67101132
166890050294,67101133
166890050294,67101134
166890050294,67101141
166890050294,67101142
166890050294,67101143
166890050294,67101145
166890050294,67101146
166890050294,67101147
166890050294,67101148
166890050294,67101149
166890050294,67101151
166890050294,67101157
166890050294,67101158
166890050294,67101159
166890050294,67101160
166890050294,67101162
166890050294,67101163
166890050294,67101164
166890050294,67101165
166890050294,67101166
166890050294,67101167
166890050294,67101169
166890050294,67101171
166890050294,67101172
166890050294,67101179
166890050294,67101181
166890050294,67101184
166890050294,67101189
166890050294,67101191
166890050294,67101194
166890050294,67101195
166890050294,67101196
166890050294,67101197
166890050294,67101203
166890050294,67101204
166890050294,67101207
166890050294,67101208
166890050294,67101209
166890050294,67101210
166890050294,67101212
166890050294,67101214
166890050294,67101215
166890050294,67101219
166890050294,67101220
166890050294,67101222
166890050294,67101225
166890050294,67101226
166890050294,67101227
166890050294,67101228
166890050294,67101229
166890050294,67101230
166890050294,67101233
166890050294,67101234
166890050294,67101235
166890050294,67101236
166890050294,67101237
166890050294,67101238
166890050294,67101240
166890050294,67101241
166890050294,67101243
166890050294,67101244
166890050294,67101247
166890050294,67101252
166890050294,67101254
166890050294,67101255
166890050294,67101256
166890050294,67101260
166890050294,67101261
166890050294,67101263
166890050294,67101265
166890050294,67101266
166890050294,67101270
166890050294,67101271
166890050294,67101272
166890050294,67101273
166890050294,67101276
166890050294,67101278
166890050294,67101279
166890050294,67101285
166890050294,67101288
166890050294,67101291
166890050294,67101293
166890050294,67101294
166890050294,67101296
166890050294,67101297
166890050294,67101298
166890050294,67101299
166890050294,67101300
166890050294,67101301
166890050294,67101302
166890050294,67101303
166890050294,67101306
166890050294,67101310
166890050294,67101311
166890050294,67101313
166890050294,67101315
166890050294,67101317
166890050294,67101319
166890050294,67101323
166890050294,67101326
166890050294,67101328
166890050294,67101330
166890050294,67101331
166890050294,67101332
166890050294,67101334
166890050294,67101337
166890050294,67101338
166890050294,67101339
166890050294,67101340
166890050294,67101341
166890050294,67101342
166890050294,67101345
166890050294,67101348
166890050294,67101349
166890050294,67101351
166890050294,67101353
166890050294,67101354
166890050294,67101355
166890050294,67101357
166890050294,67101358
166890050294,67101359
166890050294,67101360
166890050294,67101362
166890050294,67101363
166890050294,67101364
166890050294,67101367
166890050294,67101369
166890050294,67101370
166890050294,67101373
166890050294,67101374
166890050294,67101378
166890050294,67101380
166890050294,67101382
166890050294,67101384
166890050294,67101386
166890050294,67101388
166890050294,67101390
166890050294,67101391
166890050294,67101825
166890050294,67101827
166890050294,67101830
166890050294,67101831
166890050294,67101832
166890050294,67101836
166890050294,67101838
166890050294,67101840
166890050294,67101842
166890050294,67101843
166890050294,67101844
166890050294,67101846
166890050294,67101848
166890050294,67101849
166890050294,67101850
166890050294,67101851
166890050294,67101853
166890050294,67101854
166890050294,67101856
166890050294,67101857
166890050294,67101858
166890050294,67101860
166890050294,67101863
166890050294,67101865
166890050294,67101866
166890050294,67101867
166890050294,67101869
166890050294,67101870
166890050294,67101871
166890050294,67101872
166890050294,67101873
166890050294,67101874
166890050294,67101876
166890050294,67101877
166890050294,67101878
166890050294,67101880
166890050294,67101881
166890050294,67101885
166890050294,67101886
166890050294,67101887
166890050294,67101888
166890050294,67101892
166890050294,67101893
166890050294,67101896
166890050294,67101897
166890050294,67101898
166890050294,67101900
166890050294,67101901
166890050294,67101909
166890050294,67101922
166890050294,67101923
166890050294,67101941
166890050294,67101976
166890050294,67101981
166890050294,67101993
166890050294,67101998
166890050294,67102000
166890050294,67102027
166890050294,67102048
166890050294,67102054
166890050294,67102055
166890050294,67102064
166890050294,67102067
166890050294,67102069
166890050294,67102115
166890050294,67102125
166890050294,67102128
166890050294,67102149
166890050294,67102152
166890050294,67102183
166890050294,67102184
166890050294,67102185
166890050294,67102186
166890050294,67102187
166890050294,67102188
166890050294,67102191
166890050294,67102192
166890050294,67102193
166890050294,67102194
166890050294,67102196
166890050294,67102197
166890050294,67102198
166890050294,67102199
166890050294,67102385
166890050294,67102985
166890050294,67104675
166890050294,67104676
166890050294,67104684
166890050294,67104702
166890050294,67104712
166890050294,67104713
166890050294,67104742
166890050294,67104965
166890050294,67104976
166890050294,67104989
166890050294,67105024
166890050294,67105104
166890050294,67105107
166890050294,67105110
166890050294,67105112
166890050294,67105113
166890050294,67105114
166890050294,67105115
166890050294,67105118
166890050294,67105120
166890050294,67105124
166890050294,67105125
166890050294,67105127
166890050294,67105129
166890050294,67105136
166890050294,67105137
166890050294,67105138
166890050294,67105140
166890050294,67105142
166890050294,67105143
166890050294,67105144
166890050294,67105146
166890050294,67105152
166890050294,67105154
166890050294,67105157
166890050294,67105158
166890050294,67105159
166890050294,67105160
166890050294,67105161
166890050294,67105163
166890050294,67105164
166890050294,67105166
166890050294,67105167
166890050294,67105174
166890050294,67105176
166890050294,67105179
166890050294,67105183
166890050294,67105184
166890050294,67105185
166890050294,67105188
166890050294,67105190
166890050294,67105191
166890050294,67105193
166890050294,67105198
166890050294,67105201
166890050294,67105202
166890050294,67105203
166890050294,67105204
166890050294,67105205
166890050294,67105206
166890050294,67105207
166890050294,67105208
166890050294,67105209
166890050294,67105210
166890050294,67105214
166890050294,67105215
166890050294,67105217
166890050294,67105220
166890050294,67105221
166890050294,67105222
166890050294,67105223
166890050294,67105224
166890050294,67105225
166890050294,67105228
166890050294,67105229
166890050294,67105230
166890050294,67105232
166890050294,67105233
166890050294,67105234
166890050294,67105235
166890050294,67105236
166890050294,67105238
166890050294,67105242
166890050294,67105247
166890050294,67105248
166890050294,67105249
166890050294,67105251
166890050294,67105255
166890050294,67105256
166890050294,67105258
166890050294,67105260
166890050294,67105261
166890050294,67105265
166890050294,67105267
166890050294,67105268
166890050294,67105270
166890050294,67105273
166890050294,67105274
166890050294,67105280
166890050294,67105283
166890050294,67105285
166890050294,67105286
166890050294,67105288
166890050294,67105289
166890050294,67105291
166890050294,67105292
166890050294,67105293
166890050294,67105294
166890050294,67105295
166890050294,67105296
166890050294,67105297
166890050294,67105301
166890050294,67105305
166890050294,67105306
166890050294,67105308
166890050294,67105310
166890050294,67105312
166890050294,67105314
166890050294,67105317
166890050294,67105321
166890050294,67105323
166890050294,67105324
166890050294,67105325
166890050294,67105326
166890050294,67105327
166890050294,67105329
166890050294,67105332
166890050294,67105333
166890050294,67105334
166890050294,67105336
166890050294,67105337
166890050294,67105339
166890050294,67105340
166890050294,67105343
166890050294,67105344
166890050294,67105345
166890050294,67105346
166890050294,67105348
166890050294,67105349
166890050294,67105350
166890050294,67105352
166890050294,67105353
166890050294,67105354
166890050294,67105357
166890050294,67105358
166890050294,67105362
166890050294,67105364
166890050294,67105368
166890050294,67105373
166890050294,67105375
166890050294,67105379
166890050294,67105381
166890050294,67105382
166890050294,67105384
166890050294,67105385
166890050294,67105386
166890050294,67105824
166890050294,67105826
166890050294,67105827
166890050294,67105830
166890050294,67105833
166890050294,67105835
166890050294,67105836
166890050294,67105838
166890050294,67105841
166890050294,67105843
166890050294,67105844
166890050294,67105845
166890050294,67105846
166890050294,67105848
166890050294,67105851
166890050294,67105852
166890050294,67105853
166890050294,67105855
166890050294,67105858
166890050294,67105859
166890050294,67105860
166890050294,67105862
166890050294,67105863
166890050294,67105865
166890050294,67105866
166890050294,67105867
166890050294,67105868
166890050294,67105870
166890050294,67105872
166890050294,67105873
166890050294,67105875
166890050294,67105876
166890050294,67105880
166890050294,67105881
166890050294,67105882
166890050294,67105883
166890050294,67105886
166890050294,67105887
166890050294,67105888
166890050294,67105891
166890050294,67105892
166890050294,67105893
166890050294,67105895
166890050294,67105896
166890050294,67105917
166890050294,67105918
166890050294,67105921
166890050294,67105925
166890050294,67105930
166890050294,67105936
166890050294,67105939
166890050294,67105965
166890050294,67105971
166890050294,67105976
166890050294,67105995
166890050294,67106000
166890050294,67106020
166890050294,67106049
166890050294,67106050
166890050294,67106062
166890050294,67106178
166890050294,67106179
166890050294,67106180
166890050294,67106181
166890050294,67106182
166890050294,67106183
166890050294,67106186
166890050294,67106187
166890050294,67106188
166890050294,67106189
166890050294,67106190
166890050294,67106191
166890050294,67106192
166890050294,67106193
166890050294,67106980
166890050294,67108669
166890050294,67108670
166890050294,67108671
166890050294,67108672
166890050294,67108673
166890050294,67108674
166890050294,67108675
166890050294,67108676
166890050294,67108677
166890050294,67108678
166890050294,67108679
166890050294,67108680
166890050294,67108681
166890050294,67108682
208267748714,67100700
208267748714,67100729
208267748714,67100736
208267748714,67100741
208267748714,67100748
208267748714,67100752
208267748714,67100757
208267748714,67100761
208267748714,67100768
208267748714,67100773
208267748714,67101059
208267748714,67101104
208267748714,67101105
208267748714,67101106
208267748714,67101107
208267748714,67101108
208267748714,67101111
208267748714,67101113
208267748714,67101114
208267748714,67101116
208267748714,67101121
208267748714,67101122
208267748714,67101126
208267748714,67101128
208267748714,67101131
208267748714,67101135
208267748714,67101136
208267748714,67101137
208267748714,67101138
208267748714,67101139
208267748714,67101144
208267748714,67101150
208267748714,67101152
208267748714,67101153
208267748714,67101154
208267748714,67101155
208267748714,67101156
208267748714,67101161
208267748714,67101168
208267748714,67101174
208267748714,67101175
208267748714,67101176
208267748714,67101178
208267748714,67101180
208267748714,67101182
208267748714,67101183
208267748714,67101185
208267748714,67101186
208267748714,67101187
208267748714,67101188
208267748714,67101190
208267748714,67101192
208267748714,67101199
208267748714,67101200
208267748714,67101202
208267748714,67101205
208267748714,67101211
208267748714,67101213
208267748714,67101216
208267748714,67101217
208267748714,67101218
208267748714,67101221
208267748714,67101223
208267748714,67101224
208267748714,67101231
208267748714,67101232
208267748714,67101239
208267748714,67101242
208267748714,67101246
208267748714,67101248
208267748714,67101249
208267748714,67101250
208267748714,67101251
208267748714,67101253
208267748714,67101257
208267748714,67101259
208267748714,67101262
208267748714,67101264
208267748714,67101267
208267748714,67101268
208267748714,67101269
208267748714,67101274
208267748714,67101275
208267748714,67101277
208267748714,67101281
208267748714,67101282
208267748714,67101283
208267748714,67101286
208267748714,67101287
208267748714,67101289
208267748714,67101290
208267748714,67101292
208267748714,67101295
208267748714,67101304
208267748714,67101305
208267748714,67101307
208267748714,67101308
208267748714,67101309
208267748714,67101312
208267748714,67101314
208267748714,67101316
208267748714,67101318
208267748714,67101321
208267748714,67101322
208267748714,67101324
208267748714,67101325
208267748714,67101329
208267748714,67101333
208267748714,67101335
208267748714,67101336
208267748714,67101343
208267748714,67101344
208267748714,67101347
208267748714,67101350
208267748714,67101352
208267748714,67101356
208267748714,67101361
208267748714,67101365
208267748714,67101366
208267748714,67101368
208267748714,67101371
208267748714,67101372
208267748714,67101376
208267748714,67101377
208267748714,67101379
208267748714,67101381
208267748714,67101387
208267748714,67101389
208267748714,67101392
208267748714,67101394
208267748714,67101395
208267748714,67101396
208267748714,67101397
208267748714,67101398
208267748714,67101399
208267748714,67101400
208267748714,67101401
208267748714,67101402
208267748714,67101403
208267748714,67101404
208267748714,67101405
208267748714,67101407
208267748714,67101408
208267748714,67101409
208267748714,67101410
208267748714,67101411
208267748714,67101412
208267748714,67101413
208267748714,67101414
208267748714,67101416
208267748714,67101417
208267748714,67101418
208267748714,67101419
208267748714,67101420
208267748714,67101421
208267748714,67101423
208267748714,67101424
208267748714,67101425
208267748714,67101426
208267748714,67101427
208267748714,67101428
208267748714,67101430
208267748714,67101431
208267748714,67101432
208267748714,67101433
208267748714,67101434
208267748714,67101435
208267748714,67101436
208267748714,67101437
208267748714,67101438
208267748714,67101439
208267748714,67101440
208267748714,67101441
208267748714,67101443
208267748714,67101444
208267748714,67101445
208267748714,67101446
208267748714,67101447
208267748714,67101448
208267748714,67101449
208267748714,67101450
208267748714,67101451
208267748714,67101452
208267748714,67101453
208267748714,67101455
208267748714,67101456
208267748714,67101457
208267748714,67101458
208267748714,67101459
208267748714,67101460
208267748714,67101461
208267748714,67101462
208267748714,67101463
208267748714,67101464
208267748714,67101465
208267748714,67101466
208267748714,67101467
208267748714,67101468
208267748714,67101469
208267748714,67101470
208267748714,67101471
208267748714,67101472
208267748714,67101474
208267748714,67101475
208267748714,67101476
208267748714,67101477
208267748714,67101480
208267748714,67101481
208267748714,67101482
208267748714,67101483
208267748714,67101484
208267748714,67101485
208267748714,67101486
208267748714,67101487
208267748714,67101489
208267748714,67101490
208267748714,67101491
208267748714,67101492
208267748714,67101493
208267748714,67101494
208267748714,67101828
208267748714,67101829
208267748714,67101833
208267748714,67101834
208267748714,67101835
208267748714,67101837
208267748714,67101839
208267748714,67101841
208267748714,67101845
208267748714,67101847
208267748714,67101852
208267748714,67101855
208267748714,67101859
208267748714,67101861
208267748714,67101862
208267748714,67101864
208267748714,67101868
208267748714,67101875
208267748714,67101879
208267748714,67101889
208267748714,67101890
208267748714,67101891
208267748714,67101894
208267748714,67101895
208267748714,67101899
208267748714,67101920
208267748714,67104685
208267748714,67104693
208267748714,67104695
208267748714,67104716
208267748714,67104724
208267748714,67104731
208267748714,67104734
208267748714,67104743
208267748714,67104747
208267748714,67104752
208267748714,67104754
208267748714,67104756
208267748714,67104763
208267748714,67104768
208267748714,67104961
208267748714,67104968
208267748714,67105027
208267748714,67105048
208267748714,67105099
208267748714,67105100
208267748714,67105101
208267748714,67105102
208267748714,67105103
208267748714,67105105
208267748714,67105106
208267748714,67105109
208267748714,67105111
208267748714,67105116
208267748714,67105117
208267748714,67105119
208267748714,67105121
208267748714,67105123
208267748714,67105126
208267748714,67105128
208267748714,67105130
208267748714,67105131
208267748714,67105132
208267748714,67105134
208267748714,67105139
208267748714,67105141
208267748714,67105145
208267748714,67105147
208267748714,67105148
208267748714,67105149
208267748714,67105150
208267748714,67105151
208267748714,67105153
208267748714,67105156
208267748714,67105162
208267748714,67105168
208267748714,67105169
208267748714,67105170
208267748714,67105171
208267748714,67105173
208267748714,67105175
208267748714,67105177
208267748714,67105178
208267748714,67105180
208267748714,67105181
208267748714,67105182
208267748714,67105186
208267748714,67105192
208267748714,67105194
208267748714,67105195
208267748714,67105197
208267748714,67105199
208267748714,67105200
208267748714,67105211
208267748714,67105212
208267748714,67105213
208267748714,67105216
208267748714,67105218
208267748714,67105219
208267748714,67105226
208267748714,67105227
208267748714,67105231
208267748714,67105237
208267748714,67105239
208267748714,67105241
208267748714,67105243
208267748714,67105244
208267748714,67105245
208267748714,67105246
208267748714,67105250
208267748714,67105252
208267748714,67105254
208267748714,67105257
208267748714,67105259
208267748714,67105262
208267748714,67105263
208267748714,67105264
208267748714,67105266
208267748714,67105269
208267748714,67105271
208267748714,67105272
208267748714,67105275
208267748714,67105276
208267748714,67105277
208267748714,67105278
208267748714,67105281
208267748714,67105282
208267748714,67105284
208267748714,67105287
208267748714,67105290
208267748714,67105298
208267748714,67105299
208267748714,67105300
208267748714,67105302
208267748714,67105303
208267748714,67105307
208267748714,67105309
208267748714,67105311
208267748714,67105313
208267748714,67105316
208267748714,67105319
208267748714,67105320
208267748714,67105328
208267748714,67105330
208267748714,67105331
208267748714,67105335
208267748714,67105338
208267748714,67105342
208267748714,67105347
208267748714,67105351
208267748714,67105355
208267748714,67105356
208267748714,67105359
208267748714,67105360
208267748714,67105363
208267748714,67105365
208267748714,67105366
208267748714,67105367
208267748714,67105371
208267748714,67105372
208267748714,67105374
208267748714,67105376
208267748714,67105377
208267748714,67105380
208267748714,67105383
208267748714,67105387
208267748714,67105388
208267748714,67105390
208267748714,67105391
208267748714,67105392
208267748714,67105393
208267748714,67105394
208267748714,67105395
208267748714,67105396
208267748714,67105397
208267748714,67105398
208267748714,67105399
208267748714,67105400
208267748714,67105402
208267748714,67105403
208267748714,67105404
208267748714,67105405
208267748714,67105406
208267748714,67105407
208267748714,67105408
208267748714,67105409
208267748714,67105411
208267748714,67105412
208267748714,67105413
208267748714,67105414
208267748714,67105415
208267748714,67105416
208267748714,67105418
208267748714,67105419
208267748714,67105420
208267748714,67105421
208267748714,67105422
208267748714,67105423
208267748714,67105425
208267748714,67105426
208267748714,67105427
208267748714,67105428
208267748714,67105429
208267748714,67105430
208267748714,67105431
208267748714,67105432
208267748714,67105433
208267748714,67105434
208267748714,67105435
208267748714,67105436
208267748714,67105438
208267748714,67105439
208267748714,67105440
208267748714,67105441
208267748714,67105442
208267748714,67105443
208267748714,67105444
208267748714,67105446
208267748714,67105448
208267748714,67105449
208267748714,67105450
208267748714,67105452
208267748714,67105453
208267748714,67105454
208267748714,67105456
208267748714,67105458
208267748714,67105459
208267748714,67105460
208267748714,67105461
208267748714,67105462
208267748714,67105463
208267748714,67105464
208267748714,67105466
208267748714,67105467
208267748714,67105469
208267748714,67105470
208267748714,67105471
208267748714,67105472
208267748714,67105474
208267748714,67105475
208267748714,67105476
208267748714,67105477
208267748714,67105478
208267748714,67105479
208267748714,67105480
208267748714,67105482
208267748714,67105483
208267748714,67105484
208267748714,67105485
208267748714,67105486
208267748714,67105487
208267748714,67105488
208267748714,67105489
208267748714,67105822
208267748714,67105823
208267748714,67105825
208267748714,67105828
208267748714,67105829
208267748714,67105831
208267748714,67105832
208267748714,67105834
208267748714,67105839
208267748714,67105840
208267748714,67105842
208267748714,67105847
208267748714,67105849
208267748714,67105850
208267748714,67105854
208267748714,67105856
208267748714,67105857
208267748714,67105861
208267748714,67105864
208267748714,67105869
208267748714,67105871
208267748714,67105874
208267748714,67105884
208267748714,67105885
208267748714,67105889
208267748714,67105890
208267748714,67105894
208267748714,67105904
208267748714,67105915
249645447134,67101193
249645447134,67101514
249645447134,67101523
249645447134,67101552
249645447134,67101569
249645447134,67101576
249645447134,67102243
249645447134,67104535
249645447134,67104537
249645447134,67104539
249645447134,67104541
249645447134,67104542
249645447134,67104543
249645447134,67104545
249645447134,67104546
249645447134,67104556
249645447134,67104560
249645447134,67104561
249645447134,67104562
249645447134,67104564
249645447134,67104567
249645447134,67104568
249645447134,67104570
249645447134,67104571
249645447134,67104572
249645447134,67104573
249645447134,67104578
249645447134,67104579
249645447134,67104581
249645447134,67104582
249645447134,67104584
249645447134,67104586
249645447134,67104587
249645447134,67104591
249645447134,67104592
249645447134,67104593
249645447134,67104594
249645447134,67104595
249645447134,67104596
249645447134,67104597
249645447134,67104598
249645447134,67104599
249645447134,67104600
249645447134,67104601
249645447134,67104602
249645447134,67104603
249645447134,67104604
249645447134,67104605
249645447134,67104606
249645447134,67104607
249645447134,67104608
249645447134,67104609
249645447134,67104610
249645447134,67104611
249645447134,67104612
249645447134,67104613
249645447134,67104615
249645447134,67104616
249645447134,67104617
249645447134,67104618
249645447134,67104619
249645447134,67104620
249645447134,67104621
249645447134,67104622
249645447134,67104623
249645447134,67104624
249645447134,67104625
249645447134,67104626
249645447134,67104627
249645447134,67104628
249645447134,67104629
249645447134,67104630
249645447134,67104631
249645447134,67104632
249645447134,67105187
249645447134,67105509
249645447134,67105518
249645447134,67105547
249645447134,67105564
249645447134,67105571
249645447134,67105879
249645447134,67106238
249645447134,67108530
249645447134,67108532
249645447134,67108536
249645447134,67108537
249645447134,67108538
249645447134,67108539
249645447134,67108541
249645447134,67108544
249645447134,67108551
249645447134,67108555
249645447134,67108556
249645447134,67108557
249645447134,67108561
249645447134,67108562
249645447134,67108563
249645447134,67108564
249645447134,67108565
249645447134,67108566
249645447134,67108567
249645447134,67108571
249645447134,67108572
249645447134,67108576
249645447134,67108577
249645447134,67108580
249645447134,67108581
249645447134,67108586
249645447134,67108587
249645447134,67108588
249645447134,67108589
249645447134,67108590
249645447134,67108591
249645447134,67108592
249645447134,67108593
249645447134,67108594
249645447134,67108595
249645447134,67108596
249645447134,67108597
249645447134,67108598
249645447134,67108600
249645447134,67108601
249645447134,67108602
249645447134,67108603
249645447134,67108604
249645447134,67108605
249645447134,67108606
249645447134,67108607
249645447134,67108608
249645447134,67108609
249645447134,67108610
249645447134,67108611
249645447134,67108612
249645447134,67108613
249645447134,67108614
249645447134,67108615
249645447134,67108616
249645447134,67108617
249645447134,67108618
249645447134,67108619
249645447134,67108620
249645447134,67108621
249645447134,67108622
249645447134,67108623
249645447134,67108624
249645447134,67108625
249645447134,67108626
249645447134,67108627
249645447134,67108633
249645447134,67108683
249645447134,67108687
249645447134,67108689
249645447134,67108693
249645447134,67108696
249645447134,67108697
249645447134,67108706
249645447134,67108709
249645447134,67108710
249645447134,67108712
249645447134,67108714
249645447134,67108715
249645447134,67108716
249645447134,67108721
249645447134,67108722
249645447134,67108723
249645447134,67108724
249645447134,67108725
249645447134,67108726
249645447134,67108727
249645447134,67108728
249645447134,67108729
249645447134,67108730
249645447134,67108731
249645447134,67108732
249645447134,67108733
249645447134,67108734
249645447134,67108735
249645447134,67108736
249645447134,67108737
249645447134,67108738
249645447134,67108739
249645447134,67108740
249645447134,67108741
249645447134,67108742
249645447134,67108743
249645447134,67108744
249645447134,67108745
249645447134,67108746
249645447134,67108747
249645447134,67108748
249645447134,67108749
249645447134,67108750
249645447134,67108751
249645447134,67108752
249645447134,67108753
249645447134,67108754
249645447134,67108755
249645447134,67108756
249645447134,67108757
249645447134,67108758
249645447134,67108759
249645447134,67108760
249645447134,67108761
249645447134,67108762
249645447134,67108763
249645447134,67108764
249645447134,67108765
249645447134,67108766
249645447134,67108768
249645447134,67108773
