902036450,67093288
902036450,67093289
902036450,67093290
902036450,67093291
902036450,67093292
902036450,67093293
902036450,67093294
902036450,67093295
902036450,67093296
902036450,67093297
902036450,67093298
902036450,67093299
902036450,67093300
902036450,67093301
902036450,67093302
902036450,67093303
902036450,67093304
902036450,67093305
902036450,67093306
902036450,67093307
902036450,67093308
902036450,67093309
902036450,67093310
902036450,67093311
902036450,67093313
902036450,67093314
902036450,67093315
902036450,67093316
902036450,67093317
902036450,67093318
902036450,67093319
902036450,67093320
902036450,67093321
902036450,67093322
902036450,67093323
902036450,67093324
902036450,67093325
902036450,67093326
902036450,67093327
902036450,67093328
902036450,67093329
902036450,67093330
902036450,67093331
902036450,67093332
902036450,67093333
902036450,67093334
902036450,67093335
902036450,67093336
902036450,67093337
902036450,67093338
902036450,67093339
902036450,67093340
902036450,67093341
902036450,67093342
902036450,67093343
902036450,67093344
902036450,67093345
902036450,67093346
902036450,67093347
902036450,67093348
902036450,67093349
902036450,67093350
902036450,67093351
902036450,67093352
902036450,67093353
902036450,67093354
902036450,67093355
902036450,67093356
902036450,67093357
902036450,67093361
902036450,67093370
902036450,67093372
902036450,67093373
902036450,67093375
902036450,67093382
902036450,67093391
902036450,67093397
902036450,67093401
902036450,67093402
902036450,67093403
902036450,67093405
902036450,67093406
902036450,67093407
902036450,67093408
902036450,67093409
902036450,67093410
902036450,67093411
902036450,67093413
902036450,67093415
902036450,67093416
902036450,67093417
902036450,67093418
902036450,67093422
902036450,67093423
902036450,67093424
902036450,67093425
902036450,67093426
902036450,67093428
902036450,67093433
902036450,67093436
902036450,67093438
902036450,67093439
902036450,67093440
902036450,67093442
902036450,67093443
902036450,67093444
902036450,67093446
902036450,67093451
902036450,67093455
902036450,67093457
902036450,67093458
902036450,67093459
902036450,67093461
902036450,67093462
902036450,67093464
902036450,67093465
902036450,67093467
902036450,67093469
902036450,67093471
902036450,67093472
902036450,67093473
902036450,67093474
902036450,67093475
902036450,67093477
902036450,67093478
902036450,67093480
902036450,67093483
902036450,67093485
902036450,67093487
902036450,67093488
902036450,67093490
902036450,67093491
902036450,67093492
902036450,67093493
902036450,67093494
902036450,67093495
902036450,67093496
902036450,67093499
902036450,67093500
902036450,67093501
902036450,67093504
902036450,67093505
902036450,67093513
902036450,67093516
902036450,67093517
902036450,67093518
902036450,67093519
902036450,67093522
902036450,67093523
902036450,67093524
902036450,67093526
902036450,67093530
902036450,67093531
902036450,67093532
902036450,67093534
902036450,67093535
902036450,67093536
902036450,67093540
902036450,67093541
902036450,67093545
902036450,67093548
902036450,67093549
902036450,67093550
902036450,67093552
902036450,67093553
902036450,67093554
902036450,67093555
902036450,67093556
902036450,67093558
902036450,67093559
902036450,67093560
902036450,67093561
902036450,67093562
902036450,67093563
902036450,67093565
902036450,67093566
902036450,67093567
902036450,67093568
902036450,67093570
902036450,67093573
902036450,67093574
902036450,67093575
902036450,67093576
902036450,67093581
902036450,67093584
902036450,67093585
902036450,67093586
902036450,67093587
902036450,67093589
902036450,67093591
902036450,67093594
902036450,67093595
902036450,67093597
902036450,67093598
902036450,67093599
902036450,67093601
902036450,67093602
902036450,67093603
902036450,67093607
902036450,67093610
902036450,67093612
902036450,67093613
902036450,67093614
902036450,67093615
902036450,67093616
902036450,67093617
902036450,67093618
902036450,67093619
902036450,67093621
902036450,67093622
902036450,67093623
902036450,67093624
902036450,67093626
902036450,67093629
902036450,67093634
902036450,67093636
902036450,67093637
902036450,67093638
902036450,67093639
902036450,67093640
902036450,67093649
902036450,67095395
902036450,67102786
27963129950,131231
27963129950,67090118
27963129950,67093690
27963129950,67093726
27963129950,67093742
27963129950,67093950
27963129950,67093960
27963129950,67094087
27963129950,67094494
27963129950,67094509
27963129950,67094510
27963129950,67094626
27963129950,67094656
27963129950,67094699
27963129950,67094831
27963129950,67095033
27963129950,67095046
27963129950,67095178
27963129950,67095179
27963129950,67095222
27963129950,67095228
27963129950,67095680
27963129950,67095782
27963129950,67095830
27963129950,67095880
27963129950,67095968
27963129950,67095975
27963129950,67096066
27963129950,67096067
27963129950,67096134
27963129950,67096158
27963129950,67096165
27963129950,67096264
27963129950,67096269
27963129950,67096452
27963129950,67096795
27963129950,67096895
27963129950,67097008
27963129950,67097179
27963129950,67098204
27963129950,67098371
27963129950,67098467
27963129950,67098911
27963129950,67099259
27963129950,67099979
27963129950,67100546
27963129950,67100564
27963129950,67100570
27963129950,67100573
27963129950,67100607
27963129950,67100623
27963129950,67100632
27963129950,67100637
27963129950,67100641
27963129950,67100644
27963129950,67100646
27963129950,67100655
27963129950,67100657
27963129950,67100658
27963129950,67100659
27963129950,67100662
27963129950,67100673
27963129950,67100674
27963129950,67100675
27963129950,67100677
27963129950,67100688
27963129950,67100701
27963129950,67100702
27963129950,67100704
27963129950,67100708
27963129950,67100713
27963129950,67100725
27963129950,67100727
27963129950,67100731
27963129950,67100736
27963129950,67100737
27963129950,67100738
27963129950,67100758
27963129950,67100760
27963129950,67100762
27963129950,67100775
27963129950,67100781
27963129950,67100788
27963129950,67100794
27963129950,67100797
27963129950,67100800
27963129950,67100801
27963129950,67100809
27963129950,67100816
27963129950,67100820
27963129950,67100822
27963129950,67100823
27963129950,67100830
27963129950,67100832
27963129950,67100835
27963129950,67100839
27963129950,67100842
27963129950,67100843
27963129950,67100846
27963129950,67100848
27963129950,67100852
27963129950,67100855
27963129950,67100872
27963129950,67100873
27963129950,67100878
27963129950,67100887
27963129950,67100890
27963129950,67100902
27963129950,67100903
27963129950,67100905
27963129950,67100920
27963129950,67100921
27963129950,67100939
27963129950,67100941
27963129950,67100942
27963129950,67100944
27963129950,67100961
27963129950,67100964
27963129950,67100971
27963129950,67100975
27963129950,67100978
27963129950,67100979
27963129950,67100980
27963129950,67100981
27963129950,67100985
27963129950,67100988
27963129950,67100989
27963129950,67100993
27963129950,67100996
27963129950,67100998
27963129950,67100999
27963129950,67101007
27963129950,67101015
27963129950,67101016
27963129950,67101017
27963129950,67101020
27963129950,67101021
27963129950,67101023
27963129950,67101026
27963129950,67101034
27963129950,67101035
27963129950,67101080
27963129950,67101081
27963129950,67101117
27963129950,67101133
27963129950,67101341
27963129950,67101351
27963129950,67101478
27963129950,67101885
27963129950,67101900
27963129950,67101901
27963129950,67102017
27963129950,67102047
27963129950,67102090
27963129950,67102222
27963129950,67102424
27963129950,67102437
27963129950,67102569
27963129950,67102570
27963129950,67102613
27963129950,67102619
27963129950,67103071
27963129950,67103173
27963129950,67103221
27963129950,67103271
27963129950,67103359
27963129950,67103366
27963129950,67103457
27963129950,67103525
27963129950,67103549
27963129950,67103556
27963129950,67103655
27963129950,67103660
27963129950,67103843
27963129950,67104186
27963129950,67104286
27963129950,67104399
27963129950,67104570
27963129950,67105595
27963129950,67105762
27963129950,67105858
27963129950,67106302
27963129950,67106353
27963129950,67106650
27963129950,67107370
27963129950,67107903
27963129950,67107937
27963129950,67107955
27963129950,67107961
27963129950,67107964
27963129950,67107997
27963129950,67108014
27963129950,67108023
27963129950,67108028
27963129950,67108032
27963129950,67108035
27963129950,67108037
27963129950,67108046
27963129950,67108048
27963129950,67108049
27963129950,67108050
27963129950,67108053
27963129950,67108054
27963129950,67108064
27963129950,67108065
27963129950,67108068
27963129950,67108079
27963129950,67108092
27963129950,67108093
27963129950,67108095
27963129950,67108099
27963129950,67108104
27963129950,67108116
27963129950,67108118
27963129950,67108122
27963129950,67108127
27963129950,67108129
27963129950,67108149
27963129950,67108151
27963129950,67108153
27963129950,67108166
27963129950,67108172
27963129950,67108179
27963129950,67108185
27963129950,67108191
27963129950,67108192
27963129950,67108200
27963129950,67108207
27963129950,67108211
27963129950,67108213
27963129950,67108214
27963129950,67108221
27963129950,67108223
27963129950,67108226
27963129950,67108230
27963129950,67108233
27963129950,67108234
27963129950,67108237
27963129950,67108239
27963129950,67108243
27963129950,67108245
27963129950,67108246
27963129950,67108263
27963129950,67108264
27963129950,67108268
27963129950,67108278
27963129950,67108281
27963129950,67108293
27963129950,67108294
27963129950,67108296
27963129950,67108311
27963129950,67108312
27963129950,67108330
27963129950,67108332
27963129950,67108333
27963129950,67108335
27963129950,67108352
27963129950,67108354
27963129950,67108362
27963129950,67108366
27963129950,67108369
27963129950,67108370
27963129950,67108372
27963129950,67108376
27963129950,67108379
27963129950,67108380
27963129950,67108384
27963129950,67108387
27963129950,67108389
27963129950,67108390
27963129950,67108398
27963129950,67108406
27963129950,67108407
27963129950,67108408
27963129950,67108411
27963129950,67108412
27963129950,67108414
27963129950,67108417
27963129950,67108425
27963129950,67108426
27963129950,67108432
27963129950,67108434
27963129950,67108435
27963129950,67108436
27963129950,67108437
27963129950,67108438
27963129950,67108439
27963129950,67108440
27963129950,67108441
27963129950,67108442
27963129950,67108443
27963129950,67108444
27963129950,67108445
27963129950,67108446
27963129950,67108447
27963129950,67108448
27963129950,67108449
27963129950,67108450
27963129950,67108451
27963129950,67108452
27963129950,67108453
27963129950,67108454
27963129950,67108457
27963129950,67108458
27963129950,67108459
27963129950,67108460
27963129950,67108461
27963129950,67108462
27963129950,67108463
27963129950,67108464
27963129950,67108465
27963129950,67108466
27963129950,67108467
27963129950,67108468
27963129950,67108469
27963129950,67108470
27963129950,67108471
27963129950,67108472
27963129950,67108473
27963129950,67108474
27963129950,67108475
27963129950,67108476
27963129950,67108479
27963129950,67108480
27963129950,67108481
27963129950,67108482
27963129950,67108483
27963129950,67108484
27963129950,67108485
27963129950,67108486
27963129950,67108487
27963129950,67108488
27963129950,67108489
27963129950,67108490
27963129950,67108491
27963129950,67108492
27963129950,67108493
27963129950,67108494
27963129950,67108495
27963129950,67108496
27963129950,67108497
27963129950,67108498
27963129950,67108499
27963129950,67108500
27963129950,67108501
27963129950,67108513
27963129950,67108525
27963129950,67108526
27963129950,67108530
27963129950,67108531
27963129950,67108533
27963129950,67108536
27963129950,67108537
27963129950,67108538
27963129950,67108539
27963129950,67108540
27963129950,67108545
27963129950,67108547
27963129950,67108548
27963129950,67108549
27963129950,67108550
27963129950,67108551
27963129950,67108553
27963129950,67108554
27963129950,67108555
27963129950,67108557
27963129950,67108560
27963129950,67108564
27963129950,67108565
27963129950,67108567
27963129950,67108568
27963129950,67108569
27963129950,67108570
27963129950,67108571
27963129950,67108572
27963129950,67108573
27963129950,67108576
27963129950,67108577
27963129950,67108582
27963129950,67108583
27963129950,67108586
27963129950,67108587
27963129950,67108588
27963129950,67108589
27963129950,67108590
27963129950,67108594
27963129950,67108595
27963129950,67108597
27963129950,67108598
27963129950,67108599
27963129950,67108600
27963129950,67108601
27963129950,67108602
27963129950,67108604
27963129950,67108605
27963129950,67108606
27963129950,67108608
27963129950,67108609
27963129950,67108612
27963129950,67108614
27963129950,67108617
27963129950,67108618
27963129950,67108619
27963129950,67108620
27963129950,67108621
27963129950,67108623
27963129950,67108624
27963129950,67108625
27963129950,67108626
27963129950,67108630
27963129950,67108631
27963129950,67108632
27963129950,67108633
27963129950,67108634
27963129950,67108636
27963129950,67108637
27963129950,67108638
27963129950,67108639
27963129950,67108646
27963129950,67108647
27963129950,67108648
27963129950,67108649
27963129950,67108651
27963129950,67108652
27963129950,67108653
27963129950,67108654
27963129950,67108656
27963129950,67108658
27963129950,67108660
27963129950,67108662
27963129950,67108663
27963129950,67108665
27963129950,67108666
27963129950,67108668
27963129950,67108669
27963129950,67108670
27963129950,67108673
27963129950,67108676
27963129950,67108677
27963129950,67108678
27963129950,67108679
27963129950,67108680
27963129950,67108682
27963129950,67108683
27963129950,67108684
27963129950,67108685
27963129950,67108686
27963129950,67108687
27963129950,67108688
27963129950,67108689
27963129950,67108691
27963129950,67108692
27963129950,67108693
27963129950,67108694
27963129950,67108695
27963129950,67108696
27963129950,67108697
27963129950,67108701
27963129950,67108704
27963129950,67108706
27963129950,67108707
27963129950,67108708
27963129950,67108711
27963129950,67108712
27963129950,67108713
27963129950,67108716
27963129950,67108719
27963129950,67108720
27963129950,67108721
27963129950,67108722
27963129950,67108725
27963129950,67108728
27963129950,67108729
27963129950,67108730
27963129950,67108731
27963129950,67108732
27963129950,67108735
27963129950,67108738
27963129950,67108739
27963129950,67108740
27963129950,67108741
27963129950,67108742
27963129950,67108744
27963129950,67108745
27963129950,67108747
27963129950,67108749
27963129950,67108750
27963129950,67108752
27963129950,67108756
27963129950,67108757
27963129950,67108758
27963129950,67108759
27963129950,67108760
27963129950,67108761
27963129950,67108764
27963129950,67108765
27963129950,67108766
27963129950,67108768
27963129950,67108769
27963129950,67108770
27963129950,67108771
27963129950,67108775
27963129950,67108776
27963129950,67108778
27963129950,67108780
27963129950,67108781
27963129950,67108782
27963129950,67108783
27963129950,67108784
27963129950,67108787
27963129950,67108790
27963129950,67108791
55024223450,131245
55024223450,131246
55024223450,131259
55024223450,131260
55024223450,131261
55024223450,67089682
55024223450,67091499
55024223450,67093791
55024223450,67093954
55024223450,67094218
55024223450,67094440
55024223450,67094466
55024223450,67094478
55024223450,67094824
55024223450,67094919
55024223450,67095172
55024223450,67095483
55024223450,67095691
55024223450,67095858
55024223450,67096073
55024223450,67096212
55024223450,67096396
55024223450,67096712
55024223450,67096746
55024223450,67096987
55024223450,67097101
55024223450,67097119
55024223450,67097148
55024223450,67097459
55024223450,67097479
55024223450,67097513
55024223450,67097573
55024223450,67097610
55024223450,67097833
55024223450,67097834
55024223450,67097837
55024223450,67097838
55024223450,67097945
55024223450,67098376
55024223450,67098537
55024223450,67098629
55024223450,67098658
55024223450,67098826
55024223450,67098878
55024223450,67098990
55024223450,67099005
55024223450,67099057
55024223450,67099227
55024223450,67099238
55024223450,67099403
55024223450,67099507
55024223450,67099508
55024223450,67099646
55024223450,67099691
55024223450,67099696
55024223450,67099781
55024223450,67099796
55024223450,67099801
55024223450,67099849
55024223450,67099962
55024223450,67099973
55024223450,67100100
55024223450,67100171
55024223450,67100225
55024223450,67100230
55024223450,67100307
55024223450,67100330
55024223450,67100462
55024223450,67100510
55024223450,67100511
55024223450,67100514
55024223450,67100515
55024223450,67100517
55024223450,67100518
55024223450,67100519
55024223450,67100529
55024223450,67100533
55024223450,67100535
55024223450,67100538
55024223450,67100540
55024223450,67100541
55024223450,67100551
55024223450,67100552
55024223450,67100553
55024223450,67100556
55024223450,67100563
55024223450,67100571
55024223450,67100574
55024223450,67100578
55024223450,67100582
55024223450,67100583
55024223450,67100584
55024223450,67100587
55024223450,67100588
55024223450,67100591
55024223450,67100592
55024223450,67100604
55024223450,67100606
55024223450,67100608
55024223450,67100609
55024223450,67100610
55024223450,67100611
55024223450,67100615
55024223450,67100617
55024223450,67100626
55024223450,67100628
55024223450,67100633
55024223450,67100647
55024223450,67100649
55024223450,67100651
55024223450,67100653
55024223450,67100660
55024223450,67100661
55024223450,67100668
55024223450,67100670
55024223450,67100679
55024223450,67100684
55024223450,67100686
55024223450,67100687
55024223450,67100692
55024223450,67100693
55024223450,67100699
55024223450,67100703
55024223450,67100716
55024223450,67100720
55024223450,67100744
55024223450,67100751
55024223450,67100752
55024223450,67100753
55024223450,67100768
55024223450,67100771
55024223450,67100772
55024223450,67100773
55024223450,67100774
55024223450,67100777
55024223450,67100785
55024223450,67100786
55024223450,67100787
55024223450,67100792
55024223450,67100798
55024223450,67100802
55024223450,67100804
55024223450,67100811
55024223450,67100818
55024223450,67100825
55024223450,67100831
55024223450,67100851
55024223450,67100860
55024223450,67100864
55024223450,67100865
55024223450,67100876
55024223450,67100881
55024223450,67100882
55024223450,67100886
55024223450,67100889
55024223450,67100891
55024223450,67100892
55024223450,67100894
55024223450,67100898
55024223450,67100899
55024223450,67100908
55024223450,67100915
55024223450,67100916
55024223450,67100918
55024223450,67100923
55024223450,67100935
55024223450,67100936
55024223450,67100947
55024223450,67100948
55024223450,67100954
55024223450,67100968
55024223450,67100974
55024223450,67100991
55024223450,67100995
55024223450,67101005
55024223450,67101008
55024223450,67101182
55024223450,67101345
55024223450,67101609
55024223450,67101831
55024223450,67101857
55024223450,67101869
55024223450,67102215
55024223450,67102310
55024223450,67102563
55024223450,67102874
55024223450,67103082
55024223450,67103249
55024223450,67103464
55024223450,67103603
55024223450,67103786
55024223450,67104103
55024223450,67104137
55024223450,67104378
55024223450,67104492
55024223450,67104510
55024223450,67104539
55024223450,67104850
55024223450,67104870
55024223450,67104904
55024223450,67104964
55024223450,67105001
55024223450,67105224
55024223450,67105225
55024223450,67105228
55024223450,67105229
55024223450,67105336
55024223450,67105767
55024223450,67105928
55024223450,67105944
55024223450,67106020
55024223450,67106049
55024223450,67106217
55024223450,67106269
55024223450,67106381
55024223450,67106396
55024223450,67106448
55024223450,67106618
55024223450,67106629
55024223450,67106794
55024223450,67106898
55024223450,67106899
55024223450,67107037
55024223450,67107082
55024223450,67107087
55024223450,67107172
55024223450,67107187
55024223450,67107192
55024223450,67107240
55024223450,67107353
55024223450,67107364
55024223450,67107491
55024223450,67107562
55024223450,67107616
55024223450,67107621
55024223450,67107721
55024223450,67107853
55024223450,67107902
55024223450,67107905
55024223450,67107906
55024223450,67107908
55024223450,67107909
55024223450,67107910
55024223450,67107916
55024223450,67107920
55024223450,67107924
55024223450,67107926
55024223450,67107929
55024223450,67107931
55024223450,67107932
55024223450,67107942
55024223450,67107944
55024223450,67107947
55024223450,67107954
55024223450,67107962
55024223450,67107963
55024223450,67107965
55024223450,67107969
55024223450,67107973
55024223450,67107974
55024223450,67107975
55024223450,67107976
55024223450,67107978
55024223450,67107979
55024223450,67107983
55024223450,67107995
55024223450,67107999
55024223450,67108000
55024223450,67108001
55024223450,67108002
55024223450,67108006
55024223450,67108008
55024223450,67108017
55024223450,67108019
55024223450,67108024
55024223450,67108042
55024223450,67108044
55024223450,67108051
55024223450,67108052
55024223450,67108059
55024223450,67108061
55024223450,67108070
55024223450,67108075
55024223450,67108077
55024223450,67108078
55024223450,67108083
55024223450,67108084
55024223450,67108090
55024223450,67108094
55024223450,67108107
55024223450,67108111
55024223450,67108135
55024223450,67108142
55024223450,67108143
55024223450,67108144
55024223450,67108159
55024223450,67108162
55024223450,67108163
55024223450,67108164
55024223450,67108165
55024223450,67108167
55024223450,67108168
55024223450,67108176
55024223450,67108177
55024223450,67108178
55024223450,67108183
55024223450,67108189
55024223450,67108193
55024223450,67108194
55024223450,67108195
55024223450,67108202
55024223450,67108209
55024223450,67108216
55024223450,67108222
55024223450,67108242
55024223450,67108249
55024223450,67108251
55024223450,67108256
55024223450,67108267
55024223450,67108272
55024223450,67108277
55024223450,67108280
55024223450,67108282
55024223450,67108283
55024223450,67108285
55024223450,67108289
55024223450,67108298
55024223450,67108299
55024223450,67108306
55024223450,67108307
55024223450,67108309
55024223450,67108326
55024223450,67108327
55024223450,67108338
55024223450,67108339
55024223450,67108345
55024223450,67108359
55024223450,67108360
55024223450,67108365
55024223450,67108378
55024223450,67108382
55024223450,67108383
55024223450,67108399
55024223450,67108455
55024223450,67108456
55024223450,67108477
55024223450,67108478
55024223450,67108502
55024223450,67108508
55024223450,67108512
55024223450,67108514
55024223450,67108515
55024223450,67108516
55024223450,67108517
55024223450,67108518
55024223450,67108519
55024223450,67108520
55024223450,67108522
55024223450,67108523
55024223450,67108524
55024223450,67108527
55024223450,67108528
55024223450,67108529
55024223450,67108532
55024223450,67108541
55024223450,67108542
55024223450,67108546
55024223450,67108552
55024223450,67108556
55024223450,67108558
55024223450,67108559
55024223450,67108561
55024223450,67108562
55024223450,67108563
55024223450,67108566
55024223450,67108574
55024223450,67108575
55024223450,67108578
55024223450,67108579
55024223450,67108580
55024223450,67108585
55024223450,67108591
55024223450,67108592
55024223450,67108593
55024223450,67108596
55024223450,67108603
55024223450,67108607
55024223450,67108610
55024223450,67108611
55024223450,67108613
55024223450,67108615
55024223450,67108627
55024223450,67108628
55024223450,67108629
55024223450,67108635
55024223450,67108640
55024223450,67108642
55024223450,67108643
55024223450,67108644
55024223450,67108645
55024223450,67108650
55024223450,67108655
55024223450,67108657
55024223450,67108659
55024223450,67108661
55024223450,67108664
55024223450,67108667
55024223450,67108671
55024223450,67108672
55024223450,67108674
55024223450,67108675
55024223450,67108681
55024223450,67108690
55024223450,67108698
55024223450,67108699
55024223450,67108700
55024223450,67108702
55024223450,67108703
55024223450,67108705
55024223450,67108709
55024223450,67108710
55024223450,67108714
55024223450,67108715
55024223450,67108717
55024223450,67108718
55024223450,67108723
55024223450,67108724
55024223450,67108726
55024223450,67108727
55024223450,67108734
55024223450,67108736
55024223450,67108737
55024223450,67108743
55024223450,67108746
55024223450,67108748
55024223450,67108751
55024223450,67108753
55024223450,67108754
55024223450,67108755
55024223450,67108762
55024223450,67108763
55024223450,67108767
55024223450,67108772
55024223450,67108773
55024223450,67108774
55024223450,67108777
55024223450,67108779
55024223450,67108792
55024223450,67108793
82085316950,131244
82085316950,67089787
82085316950,67091596
82085316950,67094385
82085316950,67095202
82085316950,67096588
82085316950,67100525
82085316950,67100527
82085316950,67100536
82085316950,67100542
82085316950,67100543
82085316950,67100544
82085316950,67100550
82085316950,67100554
82085316950,67100561
82085316950,67100575
82085316950,67100579
82085316950,67100589
82085316950,67100590
82085316950,67100602
82085316950,67100603
82085316950,67100618
82085316950,67100620
82085316950,67100624
82085316950,67100629
82085316950,67100634
82085316950,67100645
82085316950,67100650
82085316950,67100652
82085316950,67100656
82085316950,67100669
82085316950,67100671
82085316950,67100676
82085316950,67100678
82085316950,67100681
82085316950,67100682
82085316950,67100683
82085316950,67100685
82085316950,67100695
82085316950,67100696
82085316950,67100698
82085316950,67100700
82085316950,67100709
82085316950,67100710
82085316950,67100719
82085316950,67100724
82085316950,67100726
82085316950,67100730
82085316950,67100732
82085316950,67100735
82085316950,67100742
82085316950,67100750
82085316950,67100759
82085316950,67100761
82085316950,67100763
82085316950,67100765
82085316950,67100776
82085316950,67100779
82085316950,67100780
82085316950,67100783
82085316950,67100790
82085316950,67100803
82085316950,67100806
82085316950,67100810
82085316950,67100813
82085316950,67100814
82085316950,67101776
82085316950,67102593
82085316950,67103979
82085316950,67107918
82085316950,67107933
82085316950,67107934
82085316950,67107935
82085316950,67107941
82085316950,67107945
82085316950,67107951
82085316950,67107952
82085316950,67107966
82085316950,67107970
82085316950,67107980
82085316950,67107981
82085316950,67107993
82085316950,67107994
82085316950,67107998
82085316950,67108009
82085316950,67108011
82085316950,67108015
82085316950,67108020
82085316950,67108025
82085316950,67108036
82085316950,67108041
82085316950,67108043
82085316950,67108047
82085316950,67108060
82085316950,67108062
82085316950,67108063
82085316950,67108066
82085316950,67108067
82085316950,67108069
82085316950,67108072
82085316950,67108074
82085316950,67108076
82085316950,67108082
82085316950,67108086
82085316950,67108087
82085316950,67108091
82085316950,67108100
82085316950,67108101
82085316950,67108108
82085316950,67108110
82085316950,67108115
82085316950,67108117
82085316950,67108121
82085316950,67108123
82085316950,67108126
82085316950,67108133
82085316950,67108141
82085316950,67108150
82085316950,67108152
82085316950,67108154
82085316950,67108156
82085316950,67108169
82085316950,67108171
82085316950,67108174
82085316950,67108175
82085316950,67108181
82085316950,67108188
82085316950,67108197
82085316950,67108201
82085316950,67108204
82085316950,67108205
82085316950,67108505
82085316950,67108521
82085316950,67108535
82085316950,67108581
82085316950,67108584
82085316950,67108616
82085316950,67108622
82085316950,67108641
