732856447,67100605
732856447,67100606
732856447,67100607
732856447,67100608
732856447,67100794
732856447,67104789
22718549857,67099934
22718549857,67103912
22718549857,67103930
22718549857,67103943
22718549857,67103945
22718549857,67103953
22718549857,67103962
22718549857,67103964
22718549857,67103965
22718549857,67103967
22718549857,67103972
22718549857,67103975
22718549857,67103980
22718549857,67103983
22718549857,67103990
22718549857,67103999
22718549857,67104002
22718549857,67104006
22718549857,67104009
22718549857,67104017
22718549857,67104020
22718549857,67104025
22718549857,67104031
22718549857,67104036
22718549857,67104037
22718549857,67104046
22718549857,67104051
22718549857,67104057
22718549857,67104062
22718549857,67104067
22718549857,67104070
22718549857,67104072
22718549857,67104074
22718549857,67104082
22718549857,67104086
22718549857,67104087
22718549857,67104088
22718549857,67104097
22718549857,67104114
22718549857,67104115
22718549857,67104118
22718549857,67104121
22718549857,67104130
22718549857,67104135
22718549857,67104137
22718549857,67104142
22718549857,67104143
22718549857,67104149
22718549857,67104151
22718549857,67104155
22718549857,67104156
22718549857,67104157
22718549857,67104160
22718549857,67104165
22718549857,67104166
22718549857,67104167
22718549857,67104168
22718549857,67104169
22718549857,67104174
22718549857,67104177
22718549857,67104178
22718549857,67104179
22718549857,67104180
22718549857,67104183
22718549857,67104187
22718549857,67104188
22718549857,67104190
22718549857,67104191
22718549857,67104192
22718549857,67104193
22718549857,67104198
22718549857,67104200
22718549857,67104203
22718549857,67104205
22718549857,67104206
22718549857,67104209
22718549857,67104210
22718549857,67104212
22718549857,67104213
22718549857,67104215
22718549857,67104216
22718549857,67104218
22718549857,67107907
22718549857,67107918
22718549857,67107925
22718549857,67107927
22718549857,67107932
22718549857,67107938
22718549857,67107940
22718549857,67107942
22718549857,67107957
22718549857,67107960
22718549857,67107962
22718549857,67107967
22718549857,67107970
22718549857,67107978
22718549857,67107985
22718549857,67107994
22718549857,67107996
22718549857,67108000
22718549857,67108001
22718549857,67108004
22718549857,67108010
22718549857,67108014
22718549857,67108015
22718549857,67108020
22718549857,67108026
22718549857,67108031
22718549857,67108032
22718549857,67108041
22718549857,67108046
22718549857,67108060
22718549857,67108062
22718549857,67108065
22718549857,67108067
22718549857,67108069
22718549857,67108077
22718549857,67108081
22718549857,67108082
22718549857,67108083
22718549857,67108092
22718549857,67108108
22718549857,67108109
22718549857,67108110
22718549857,67108125
22718549857,67108130
22718549857,67108132
22718549857,67108137
22718549857,67108138
22718549857,67108140
22718549857,67108144
22718549857,67108146
22718549857,67108149
22718549857,67108150
22718549857,67108151
22718549857,67108152
22718549857,67108155
22718549857,67108160
22718549857,67108161
22718549857,67108162
22718549857,67108163
22718549857,67108164
22718549857,67108169
22718549857,67108172
22718549857,67108174
22718549857,67108175
22718549857,67108180
22718549857,67108182
22718549857,67108184
22718549857,67108185
22718549857,67108186
22718549857,67108187
22718549857,67108193
22718549857,67108195
22718549857,67108197
22718549857,67108198
22718549857,67108200
22718549857,67108201
22718549857,67108204
22718549857,67108205
22718549857,67108207
22718549857,67108208
22718549857,67108210
22718549857,67108213
22718549857,67108769
22718549857,67108770
