1093269888,67093415
1093269888,67093416
1093269888,67093417
1093269888,67093418
1093269888,67093419
1093269888,67093420
1093269888,67093421
1093269888,67093422
1093269888,67093423
1093269888,67093424
1093269888,67093425
1093269888,67093426
1093269888,67093427
1093269888,67093428
1093269888,67093429
1093269888,67093430
1093269888,67093431
1093269888,67093432
1093269888,67093433
1093269888,67093434
1093269888,67093435
1093269888,67093436
1093269888,67093439
1093269888,67093440
1093269888,67093441
1093269888,67093442
1093269888,67093915
1093269888,67101404
33891366528,131231
33891366528,67091420
33891366528,67092594
33891366528,67093497
33891366528,67093509
33891366528,67093510
33891366528,67093516
33891366528,67093519
33891366528,67093520
33891366528,67093521
33891366528,67093522
33891366528,67093523
33891366528,67093525
33891366528,67093526
33891366528,67093527
33891366528,67093528
33891366528,67093529
33891366528,67093531
33891366528,67093533
33891366528,67093536
33891366528,67093537
33891366528,67093539
33891366528,67098452
33891366528,67098453
33891366528,67098454
33891366528,67098455
33891366528,67105942
33891366528,67105943
33891366528,67105944
33891366528,67108630
66689463168,131232
66689463168,131246
66689463168,67093608
66689463168,67093611
66689463168,67093625
66689463168,67093640
66689463168,67093649
66689463168,67093661
66689463168,67093674
66689463168,67093678
66689463168,67093698
66689463168,67093925
66689463168,67093933
66689463168,67093935
66689463168,67093937
66689463168,67093944
66689463168,67093953
66689463168,67093959
66689463168,67093960
66689463168,67093961
66689463168,67093974
66689463168,67093979
66689463168,67093984
66689463168,67093985
66689463168,67093995
66689463168,67093997
66689463168,67094016
66689463168,67094017
66689463168,67094020
66689463168,67094026
66689463168,67094027
66689463168,67094032
66689463168,67094033
66689463168,67094035
66689463168,67094044
66689463168,67094056
66689463168,67094085
66689463168,67094098
66689463168,67094105
66689463168,67094138
66689463168,67094142
66689463168,67094148
66689463168,67094153
66689463168,67094161
66689463168,67094164
66689463168,67094174
66689463168,67094186
66689463168,67094191
66689463168,67094199
66689463168,67094211
66689463168,67094214
66689463168,67094220
66689463168,67094240
66689463168,67094241
66689463168,67094262
66689463168,67094272
66689463168,67094273
66689463168,67094274
66689463168,67094275
66689463168,67094284
66689463168,67094296
66689463168,67094301
66689463168,67094302
66689463168,67094317
66689463168,67094320
66689463168,67094321
66689463168,67094325
66689463168,67094326
66689463168,67094327
66689463168,67094336
66689463168,67094337
66689463168,67094342
66689463168,67094343
66689463168,67094345
66689463168,67094346
66689463168,67094347
66689463168,67094356
66689463168,67094357
66689463168,67094358
66689463168,67094359
66689463168,67094362
66689463168,67094366
66689463168,67094368
66689463168,67094370
66689463168,67094372
66689463168,67094378
66689463168,67094379
66689463168,67094380
66689463168,67094382
66689463168,67094384
66689463168,67094386
66689463168,67094387
66689463168,67094389
66689463168,67094390
66689463168,67094391
66689463168,67094392
66689463168,67094393
66689463168,67094394
66689463168,67094395
66689463168,67094396
66689463168,67094398
66689463168,67094401
66689463168,67094416
66689463168,67094419
66689463168,67094425
66689463168,67094432
66689463168,67094435
66689463168,67094441
66689463168,67094442
66689463168,67094443
66689463168,67094444
66689463168,67094445
66689463168,67094446
66689463168,67094447
66689463168,67094448
66689463168,67094449
66689463168,67094451
66689463168,67094453
66689463168,67094455
66689463168,67094456
66689463168,67094457
66689463168,67094458
66689463168,67094459
66689463168,67094460
66689463168,67094461
66689463168,67094462
66689463168,67094463
66689463168,67094465
66689463168,67094466
66689463168,67094467
66689463168,67094468
66689463168,67094469
66689463168,67096475
66689463168,67096476
66689463168,67101115
66689463168,67101129
66689463168,67101138
66689463168,67101151
66689463168,67101163
66689463168,67101167
66689463168,67101187
66689463168,67101414
66689463168,67101419
66689463168,67101423
66689463168,67101426
66689463168,67101440
66689463168,67101443
66689463168,67101448
66689463168,67101450
66689463168,67101463
66689463168,67101468
66689463168,67101473
66689463168,67101474
66689463168,67101485
66689463168,67101486
66689463168,67101502
66689463168,67101506
66689463168,67101509
66689463168,67101510
66689463168,67101512
66689463168,67101515
66689463168,67101516
66689463168,67101521
66689463168,67101524
66689463168,67101526
66689463168,67101533
66689463168,67101544
66689463168,67101574
66689463168,67101587
66689463168,67101594
66689463168,67101620
66689463168,67101628
66689463168,67101631
66689463168,67101637
66689463168,67101639
66689463168,67101653
66689463168,67101663
66689463168,67101676
66689463168,67101681
66689463168,67101687
66689463168,67101688
66689463168,67101697
66689463168,67101700
66689463168,67101704
66689463168,67101709
66689463168,67101729
66689463168,67101730
66689463168,67101751
66689463168,67101761
66689463168,67101762
66689463168,67101764
66689463168,67101773
66689463168,67101785
66689463168,67101790
66689463168,67101791
66689463168,67101807
66689463168,67101810
66689463168,67101815
66689463168,67101816
66689463168,67101820
66689463168,67101825
66689463168,67101831
66689463168,67101832
66689463168,67101835
66689463168,67101837
66689463168,67101845
66689463168,67101846
66689463168,67101847
66689463168,67101848
66689463168,67101853
66689463168,67101855
66689463168,67101857
66689463168,67101859
66689463168,67101861
66689463168,67101868
66689463168,67101869
66689463168,67101871
66689463168,67101873
66689463168,67101874
66689463168,67101875
66689463168,67101876
66689463168,67101878
66689463168,67101879
66689463168,67101880
66689463168,67101881
66689463168,67101882
66689463168,67101883
66689463168,67101884
66689463168,67101885
66689463168,67101887
66689463168,67101890
66689463168,67101905
66689463168,67101906
66689463168,67101908
66689463168,67101914
66689463168,67101921
66689463168,67101924
66689463168,67101930
66689463168,67101931
66689463168,67101932
66689463168,67101934
66689463168,67101935
66689463168,67101936
66689463168,67101937
66689463168,67101938
66689463168,67101940
66689463168,67101941
66689463168,67101942
66689463168,67101945
66689463168,67101946
66689463168,67101947
66689463168,67101948
66689463168,67101949
66689463168,67101950
66689463168,67101951
66689463168,67101952
66689463168,67101955
66689463168,67101956
66689463168,67101957
66689463168,67101958
66689463168,67103964
66689463168,67103965
