1093269888,67093415
1093269888,67093416
1093269888,67093417
1093269888,67093418
1093269888,67093419
1093269888,67093420
1093269888,67093421
1093269888,67093422
1093269888,67093423
1093269888,67093424
1093269888,67093425
1093269888,67093426
1093269888,67093427
1093269888,67093428
1093269888,67093429
1093269888,67093430
1093269888,67093431
1093269888,67093432
1093269888,67093433
1093269888,67093434
1093269888,67093435
1093269888,67093436
1093269888,67093439
1093269888,67093440
1093269888,67093441
1093269888,67093442
1093269888,67093915
1093269888,67101404
33891366528,131231
33891366528,67091420
33891366528,67092594
33891366528,67093497
33891366528,67093509
33891366528,67093510
33891366528,67093516
33891366528,67093519
33891366528,67093520
33891366528,67093521
33891366528,67093522
33891366528,67093523
33891366528,67093525
33891366528,67093526
33891366528,67093527
33891366528,67093528
33891366528,67093529
33891366528,67093531
33891366528,67093533
33891366528,67093536
33891366528,67093537
33891366528,67093539
33891366528,67098452
33891366528,67098453
33891366528,67098454
33891366528,67098455
33891366528,67105942
33891366528,67105943
33891366528,67105944
33891366528,67108630
66689463168,131232
66689463168,131246
66689463168,131247
66689463168,67093607
66689463168,67093608
66689463168,67093611
66689463168,67093625
66689463168,67093638
66689463168,67093640
66689463168,67093649
66689463168,67093657
66689463168,67093661
66689463168,67093673
66689463168,67093674
66689463168,67093678
66689463168,67093686
66689463168,67093694
66689463168,67093698
66689463168,67093714
66689463168,67093916
66689463168,67093920
66689463168,67093921
66689463168,67093924
66689463168,67093925
66689463168,67093930
66689463168,67093932
66689463168,67093933
66689463168,67093935
66689463168,67093937
66689463168,67093939
66689463168,67093940
66689463168,67093941
66689463168,67093944
66689463168,67093949
66689463168,67093950
66689463168,67093951
66689463168,67093953
66689463168,67093954
66689463168,67093955
66689463168,67093957
66689463168,67093958
66689463168,67093959
66689463168,67093960
66689463168,67093961
66689463168,67093974
66689463168,67093976
66689463168,67093979
66689463168,67093980
66689463168,67093981
66689463168,67093983
66689463168,67093984
66689463168,67093985
66689463168,67093987
66689463168,67093990
66689463168,67093995
66689463168,67093996
66689463168,67093997
66689463168,67093999
66689463168,67094006
66689463168,67094009
66689463168,67094012
66689463168,67094013
66689463168,67094016
66689463168,67094017
66689463168,67094020
66689463168,67094022
66689463168,67094023
66689463168,67094026
66689463168,67094027
66689463168,67094030
66689463168,67094032
66689463168,67094033
66689463168,67094035
66689463168,67094037
66689463168,67094044
66689463168,67094054
66689463168,67094055
66689463168,67094056
66689463168,67094063
66689463168,67094066
66689463168,67094073
66689463168,67094076
66689463168,67094084
66689463168,67094085
66689463168,67094089
66689463168,67094098
66689463168,67094100
66689463168,67094105
66689463168,67094121
66689463168,67094129
66689463168,67094131
66689463168,67094138
66689463168,67094139
66689463168,67094142
66689463168,67094148
66689463168,67094149
66689463168,67094153
66689463168,67094155
66689463168,67094161
66689463168,67094164
66689463168,67094174
66689463168,67094183
66689463168,67094186
66689463168,67094191
66689463168,67094197
66689463168,67094198
66689463168,67094199
66689463168,67094207
66689463168,67094208
66689463168,67094211
66689463168,67094212
66689463168,67094213
66689463168,67094214
66689463168,67094216
66689463168,67094218
66689463168,67094220
66689463168,67094221
66689463168,67094227
66689463168,67094229
66689463168,67094231
66689463168,67094237
66689463168,67094240
66689463168,67094241
66689463168,67094260
66689463168,67094262
66689463168,67094264
66689463168,67094270
66689463168,67094271
66689463168,67094272
66689463168,67094273
66689463168,67094274
66689463168,67094275
66689463168,67094282
66689463168,67094283
66689463168,67094284
66689463168,67094288
66689463168,67094289
66689463168,67094291
66689463168,67094296
66689463168,67094297
66689463168,67094298
66689463168,67094301
66689463168,67094302
66689463168,67094316
66689463168,67094317
66689463168,67094318
66689463168,67094320
66689463168,67094321
66689463168,67094323
66689463168,67094324
66689463168,67094325
66689463168,67094326
66689463168,67094327
66689463168,67094330
66689463168,67094331
66689463168,67094332
66689463168,67094336
66689463168,67094337
66689463168,67094338
66689463168,67094340
66689463168,67094341
66689463168,67094342
66689463168,67094343
66689463168,67094345
66689463168,67094346
66689463168,67094347
66689463168,67094348
66689463168,67094352
66689463168,67094356
66689463168,67094357
66689463168,67094358
66689463168,67094359
66689463168,67094362
66689463168,67094363
66689463168,67094364
66689463168,67094365
66689463168,67094366
66689463168,67094368
66689463168,67094369
66689463168,67094370
66689463168,67094371
66689463168,67094372
66689463168,67094373
66689463168,67094376
66689463168,67094377
66689463168,67094378
66689463168,67094379
66689463168,67094380
66689463168,67094382
66689463168,67094383
66689463168,67094384
66689463168,67094386
66689463168,67094387
66689463168,67094389
66689463168,67094390
66689463168,67094391
66689463168,67094392
66689463168,67094393
66689463168,67094394
66689463168,67094395
66689463168,67094396
66689463168,67094397
66689463168,67094398
66689463168,67094401
66689463168,67094402
66689463168,67094404
66689463168,67094406
66689463168,67094414
66689463168,67094415
66689463168,67094416
66689463168,67094417
66689463168,67094419
66689463168,67094420
66689463168,67094421
66689463168,67094424
66689463168,67094425
66689463168,67094427
66689463168,67094428
66689463168,67094429
66689463168,67094431
66689463168,67094432
66689463168,67094434
66689463168,67094435
66689463168,67094436
66689463168,67094437
66689463168,67094439
66689463168,67094440
66689463168,67094441
66689463168,67094442
66689463168,67094443
66689463168,67094444
66689463168,67094445
66689463168,67094446
66689463168,67094447
66689463168,67094448
66689463168,67094449
66689463168,67094450
66689463168,67094451
66689463168,67094452
66689463168,67094453
66689463168,67094455
66689463168,67094456
66689463168,67094457
66689463168,67094458
66689463168,67094459
66689463168,67094460
66689463168,67094461
66689463168,67094462
66689463168,67094463
66689463168,67094464
66689463168,67094465
66689463168,67094466
66689463168,67094467
66689463168,67094468
66689463168,67094469
66689463168,67094863
66689463168,67096475
66689463168,67096476
66689463168,67101115
66689463168,67101127
66689463168,67101129
66689463168,67101138
66689463168,67101146
66689463168,67101151
66689463168,67101160
66689463168,67101163
66689463168,67101167
66689463168,67101175
66689463168,67101187
66689463168,67101203
66689463168,67101409
66689463168,67101410
66689463168,67101413
66689463168,67101414
66689463168,67101419
66689463168,67101422
66689463168,67101423
66689463168,67101424
66689463168,67101426
66689463168,67101428
66689463168,67101429
66689463168,67101430
66689463168,67101433
66689463168,67101434
66689463168,67101438
66689463168,67101440
66689463168,67101442
66689463168,67101443
66689463168,67101444
66689463168,67101446
66689463168,67101448
66689463168,67101450
66689463168,67101463
66689463168,67101465
66689463168,67101468
66689463168,67101469
66689463168,67101470
66689463168,67101473
66689463168,67101474
66689463168,67101475
66689463168,67101476
66689463168,67101479
66689463168,67101480
66689463168,67101484
66689463168,67101485
66689463168,67101486
66689463168,67101488
66689463168,67101495
66689463168,67101499
66689463168,67101502
66689463168,67101506
66689463168,67101507
66689463168,67101509
66689463168,67101510
66689463168,67101511
66689463168,67101512
66689463168,67101514
66689463168,67101515
66689463168,67101516
66689463168,67101518
66689463168,67101521
66689463168,67101522
66689463168,67101523
66689463168,67101524
66689463168,67101526
66689463168,67101533
66689463168,67101544
66689463168,67101546
66689463168,67101548
66689463168,67101555
66689463168,67101562
66689463168,67101573
66689463168,67101574
66689463168,67101577
66689463168,67101579
66689463168,67101587
66689463168,67101589
66689463168,67101594
66689463168,67101595
66689463168,67101603
66689463168,67101610
66689463168,67101618
66689463168,67101620
66689463168,67101627
66689463168,67101628
66689463168,67101631
66689463168,67101637
66689463168,67101639
66689463168,67101642
66689463168,67101644
66689463168,67101650
66689463168,67101653
66689463168,67101656
66689463168,67101663
66689463168,67101676
66689463168,67101681
66689463168,67101687
66689463168,67101688
66689463168,67101697
66689463168,67101700
66689463168,67101701
66689463168,67101702
66689463168,67101704
66689463168,67101705
66689463168,67101709
66689463168,67101710
66689463168,67101716
66689463168,67101719
66689463168,67101726
66689463168,67101729
66689463168,67101730
66689463168,67101734
66689463168,67101749
66689463168,67101751
66689463168,67101754
66689463168,67101759
66689463168,67101760
66689463168,67101761
66689463168,67101762
66689463168,67101763
66689463168,67101764
66689463168,67101771
66689463168,67101772
66689463168,67101773
66689463168,67101777
66689463168,67101780
66689463168,67101785
66689463168,67101786
66689463168,67101787
66689463168,67101790
66689463168,67101791
66689463168,67101805
66689463168,67101807
66689463168,67101808
66689463168,67101809
66689463168,67101810
66689463168,67101812
66689463168,67101813
66689463168,67101815
66689463168,67101816
66689463168,67101819
66689463168,67101820
66689463168,67101822
66689463168,67101823
66689463168,67101825
66689463168,67101826
66689463168,67101827
66689463168,67101829
66689463168,67101831
66689463168,67101832
66689463168,67101834
66689463168,67101835
66689463168,67101836
66689463168,67101837
66689463168,67101842
66689463168,67101845
66689463168,67101846
66689463168,67101847
66689463168,67101848
66689463168,67101849
66689463168,67101851
66689463168,67101852
66689463168,67101853
66689463168,67101854
66689463168,67101855
66689463168,67101856
66689463168,67101857
66689463168,67101858
66689463168,67101859
66689463168,67101861
66689463168,67101862
66689463168,67101865
66689463168,67101866
66689463168,67101867
66689463168,67101868
66689463168,67101869
66689463168,67101870
66689463168,67101871
66689463168,67101872
66689463168,67101873
66689463168,67101874
66689463168,67101875
66689463168,67101876
66689463168,67101877
66689463168,67101878
66689463168,67101879
66689463168,67101880
66689463168,67101881
66689463168,67101882
66689463168,67101883
66689463168,67101884
66689463168,67101885
66689463168,67101886
66689463168,67101887
66689463168,67101888
66689463168,67101890
66689463168,67101891
66689463168,67101892
66689463168,67101894
66689463168,67101895
66689463168,67101896
66689463168,67101903
66689463168,67101905
66689463168,67101906
66689463168,67101908
66689463168,67101909
66689463168,67101910
66689463168,67101913
66689463168,67101914
66689463168,67101916
66689463168,67101917
66689463168,67101918
66689463168,67101920
66689463168,67101921
66689463168,67101922
66689463168,67101923
66689463168,67101924
66689463168,67101925
66689463168,67101926
66689463168,67101928
66689463168,67101930
66689463168,67101931
66689463168,67101932
66689463168,67101933
66689463168,67101934
66689463168,67101935
66689463168,67101936
66689463168,67101937
66689463168,67101938
66689463168,67101939
66689463168,67101940
66689463168,67101941
66689463168,67101942
66689463168,67101943
66689463168,67101944
66689463168,67101945
66689463168,67101946
66689463168,67101947
66689463168,67101948
66689463168,67101949
66689463168,67101950
66689463168,67101951
66689463168,67101952
66689463168,67101953
66689463168,67101954
66689463168,67101955
66689463168,67101956
66689463168,67101957
66689463168,67101958
66689463168,67103964
66689463168,67103965
99487559808,131233
99487559808,131248
99487559808,67091452
99487559808,67093612
99487559808,67093918
99487559808,67093927
99487559808,67094028
99487559808,67094049
99487559808,67094052
99487559808,67094062
99487559808,67094081
99487559808,67094083
99487559808,67094086
99487559808,67094107
99487559808,67094112
99487559808,67094150
99487559808,67094154
99487559808,67094156
99487559808,67094178
99487559808,67094181
99487559808,67094235
99487559808,67094238
99487559808,67094239
99487559808,67094279
99487559808,67094281
99487559808,67094285
99487559808,67094286
99487559808,67094307
99487559808,67094335
99487559808,67094374
99487559808,67094470
99487559808,67094472
99487559808,67094479
99487559808,67094484
99487559808,67094490
99487559808,67094492
99487559808,67094495
99487559808,67094498
99487559808,67094511
99487559808,67094513
99487559808,67094788
99487559808,67094791
99487559808,67094792
99487559808,67094793
99487559808,67094794
99487559808,67094795
99487559808,67094796
99487559808,67094797
99487559808,67094798
99487559808,67094800
99487559808,67094801
99487559808,67094815
99487559808,67094816
99487559808,67094824
99487559808,67094831
99487559808,67094857
99487559808,67094867
99487559808,67094868
99487559808,67094870
99487559808,67094876
99487559808,67094898
99487559808,67094902
99487559808,67094910
99487559808,67094923
99487559808,67094928
99487559808,67094934
99487559808,67094937
99487559808,67094940
99487559808,67094942
99487559808,67094945
99487559808,67094948
99487559808,67094949
99487559808,67094953
99487559808,67094954
99487559808,67094955
99487559808,67094956
99487559808,67094958
99487559808,67094970
99487559808,67094972
99487559808,67094973
99487559808,67094975
99487559808,67094976
99487559808,67094978
99487559808,67094986
99487559808,67094988
99487559808,67094999
99487559808,67095006
99487559808,67095007
99487559808,67095010
99487559808,67095015
99487559808,67095028
99487559808,67095038
99487559808,67095046
99487559808,67095053
99487559808,67095064
99487559808,67095066
99487559808,67095070
99487559808,67095072
99487559808,67095074
99487559808,67095076
99487559808,67095077
99487559808,67095078
99487559808,67095079
99487559808,67095080
99487559808,67095081
99487559808,67095085
99487559808,67095086
99487559808,67095088
99487559808,67095089
99487559808,67095091
99487559808,67095092
99487559808,67095094
99487559808,67095101
99487559808,67095103
99487559808,67095116
99487559808,67095126
99487559808,67095127
99487559808,67095129
99487559808,67095130
99487559808,67095138
99487559808,67095139
99487559808,67095153
99487559808,67095166
99487559808,67095168
99487559808,67095197
99487559808,67095205
99487559808,67095210
99487559808,67095218
99487559808,67095222
99487559808,67095224
99487559808,67095225
99487559808,67095226
99487559808,67095227
99487559808,67095229
99487559808,67095230
99487559808,67095231
99487559808,67095232
99487559808,67095233
99487559808,67095234
99487559808,67095236
99487559808,67095237
99487559808,67095238
99487559808,67095244
99487559808,67095254
99487559808,67095257
99487559808,67095259
99487559808,67095269
99487559808,67095271
99487559808,67095272
99487559808,67095279
99487559808,67095285
99487559808,67095290
99487559808,67095310
99487559808,67095315
99487559808,67095320
99487559808,67095321
99487559808,67095333
99487559808,67095339
99487559808,67095351
99487559808,67095358
99487559808,67095360
99487559808,67095362
99487559808,67095364
99487559808,67095366
99487559808,67095367
99487559808,67095368
99487559808,67095369
99487559808,67095370
99487559808,67095384
99487559808,67095385
99487559808,67095387
99487559808,67095388
99487559808,67095389
99487559808,67095390
99487559808,67095392
99487559808,67095393
99487559808,67095394
99487559808,67095395
99487559808,67095396
99487559808,67095398
99487559808,67095399
99487559808,67095413
99487559808,67095414
99487559808,67095416
99487559808,67095417
99487559808,67095418
99487559808,67095997
99487559808,67096350
99487559808,67096352
99487559808,67096358
99487559808,67096365
99487559808,67096407
99487559808,67096408
99487559808,67096542
99487559808,67096546
99487559808,67096547
99487559808,67096550
99487559808,67096554
99487559808,67096559
99487559808,67096567
99487559808,67096587
99487559808,67096596
99487559808,67096607
99487559808,67096611
99487559808,67096613
99487559808,67096616
99487559808,67096617
99487559808,67096618
99487559808,67096619
99487559808,67096627
99487559808,67096630
99487559808,67096633
99487559808,67096637
99487559808,67096641
99487559808,67096643
99487559808,67096646
99487559808,67096647
99487559808,67096648
99487559808,67096649
99487559808,67096650
99487559808,67096655
99487559808,67096669
99487559808,67096674
99487559808,67096693
99487559808,67096694
99487559808,67096709
99487559808,67096715
99487559808,67096717
99487559808,67096718
99487559808,67096719
99487559808,67096720
99487559808,67096728
99487559808,67096733
99487559808,67096736
99487559808,67096744
99487559808,67096745
99487559808,67096746
99487559808,67096752
99487559808,67096756
99487559808,67096763
99487559808,67096765
99487559808,67096768
99487559808,67096769
99487559808,67096770
99487559808,67096779
99487559808,67096792
99487559808,67096797
99487559808,67096804
99487559808,67096805
99487559808,67096806
99487559808,67096812
99487559808,67096813
99487559808,67096815
99487559808,67096816
99487559808,67096818
99487559808,67096822
99487559808,67101407
99487559808,67101416
99487559808,67101487
99487559808,67101517
99487559808,67101538
99487559808,67101542
99487559808,67101551
99487559808,67101570
99487559808,67101572
99487559808,67101575
99487559808,67101597
99487559808,67101601
99487559808,67101621
99487559808,67101643
99487559808,67101645
99487559808,67101646
99487559808,67101667
99487559808,67101670
99487559808,67101724
99487559808,67101727
99487559808,67101728
99487559808,67101768
99487559808,67101770
99487559808,67101775
99487559808,67101796
99487559808,67101824
99487559808,67101863
99487559808,67101864
99487559808,67101959
99487559808,67101961
99487559808,67101968
99487559808,67101973
99487559808,67101979
99487559808,67101981
99487559808,67101984
99487559808,67101988
99487559808,67102000
99487559808,67102002
99487559808,67102003
99487559808,67102277
99487559808,67102279
99487559808,67102280
99487559808,67102282
99487559808,67102283
99487559808,67102284
99487559808,67102286
99487559808,67102287
99487559808,67102289
99487559808,67102290
99487559808,67102304
99487559808,67102305
99487559808,67102313
99487559808,67102314
99487559808,67102320
99487559808,67102346
99487559808,67102357
99487559808,67102359
99487559808,67102365
99487559808,67102387
99487559808,67102391
99487559808,67102400
99487559808,67102412
99487559808,67102417
99487559808,67102423
99487559808,67102426
99487559808,67102429
99487559808,67102431
99487559808,67102434
99487559808,67102438
99487559808,67102442
99487559808,67102443
99487559808,67102444
99487559808,67102445
99487559808,67102446
99487559808,67102447
99487559808,67102448
99487559808,67102460
99487559808,67102462
99487559808,67102464
99487559808,67102465
99487559808,67102466
99487559808,67102468
99487559808,67102475
99487559808,67102477
99487559808,67102488
99487559808,67102495
99487559808,67102496
99487559808,67102499
99487559808,67102504
99487559808,67102517
99487559808,67102528
99487559808,67102535
99487559808,67102543
99487559808,67102553
99487559808,67102555
99487559808,67102560
99487559808,67102561
99487559808,67102563
99487559808,67102564
99487559808,67102566
99487559808,67102567
99487559808,67102568
99487559808,67102569
99487559808,67102570
99487559808,67102574
99487559808,67102575
99487559808,67102577
99487559808,67102578
99487559808,67102580
99487559808,67102581
99487559808,67102583
99487559808,67102590
99487559808,67102591
99487559808,67102592
99487559808,67102593
99487559808,67102606
99487559808,67102615
99487559808,67102616
99487559808,67102618
99487559808,67102619
99487559808,67102627
99487559808,67102628
99487559808,67102642
99487559808,67102643
99487559808,67102655
99487559808,67102657
99487559808,67102686
99487559808,67102695
99487559808,67102700
99487559808,67102707
99487559808,67102711
99487559808,67102713
99487559808,67102715
99487559808,67102717
99487559808,67102718
99487559808,67102719
99487559808,67102720
99487559808,67102722
99487559808,67102723
99487559808,67102725
99487559808,67102726
99487559808,67102727
99487559808,67102733
99487559808,67102743
99487559808,67102746
99487559808,67102749
99487559808,67102758
99487559808,67102760
99487559808,67102761
99487559808,67102768
99487559808,67102775
99487559808,67102780
99487559808,67102799
99487559808,67102804
99487559808,67102810
99487559808,67102822
99487559808,67102828
99487559808,67102840
99487559808,67102847
99487559808,67102849
99487559808,67102852
99487559808,67102853
99487559808,67102855
99487559808,67102856
99487559808,67102857
99487559808,67102858
99487559808,67102859
99487559808,67102873
99487559808,67102874
99487559808,67102877
99487559808,67102878
99487559808,67102880
99487559808,67102881
99487559808,67102882
99487559808,67102883
99487559808,67102884
99487559808,67102885
99487559808,67102887
99487559808,67102888
99487559808,67102889
99487559808,67102902
99487559808,67102904
99487559808,67102905
99487559808,67102906
99487559808,67102907
99487559808,67103841
99487559808,67103842
99487559808,67103847
99487559808,67103855
99487559808,67103897
99487559808,67104026
99487559808,67104036
99487559808,67104043
99487559808,67104047
99487559808,67104048
99487559808,67104085
99487559808,67104097
99487559808,67104100
99487559808,67104102
99487559808,67104105
99487559808,67104106
99487559808,67104107
99487559808,67104108
99487559808,67104110
99487559808,67104116
99487559808,67104121
99487559808,67104122
99487559808,67104126
99487559808,67104132
99487559808,67104135
99487559808,67104136
99487559808,67104137
99487559808,67104139
99487559808,67104143
99487559808,67104148
99487559808,67104163
99487559808,67104182
99487559808,67104183
99487559808,67104204
99487559808,67104206
99487559808,67104207
99487559808,67104208
99487559808,67104210
99487559808,67104217
99487559808,67104222
99487559808,67104233
99487559808,67104235
99487559808,67104241
99487559808,67104246
99487559808,67104256
99487559808,67104257
99487559808,67104258
99487559808,67104259
99487559808,67104268
99487559808,67104281
99487559808,67104286
99487559808,67104288
99487559808,67104293
99487559808,67104295
99487559808,67104301
99487559808,67104302
99487559808,67104304
99487559808,67104312
99487559808,67104315
99487559808,67108595
99487559808,67108596
99487559808,67108597
99487559808,67108598
99487559808,67108599
99487559808,67108600
99487559808,67108601
99487559808,67108602
132285656448,131234
132285656448,131235
132285656448,131237
132285656448,131238
132285656448,131240
132285656448,131241
132285656448,131249
132285656448,131252
132285656448,131255
132285656448,131261
132285656448,67091496
132285656448,67093660
132285656448,67093663
132285656448,67093703
132285656448,67093720
132285656448,67093945
132285656448,67093946
132285656448,67094024
132285656448,67094025
132285656448,67094045
132285656448,67094059
132285656448,67094088
132285656448,67094103
132285656448,67094123
132285656448,67094151
132285656448,67094163
132285656448,67094223
132285656448,67094226
132285656448,67094243
132285656448,67094245
132285656448,67094277
132285656448,67094350
132285656448,67094480
132285656448,67094489
132285656448,67094501
132285656448,67094509
132285656448,67094534
132285656448,67094552
132285656448,67094561
132285656448,67094565
132285656448,67094572
132285656448,67094576
132285656448,67094585
132285656448,67094587
132285656448,67094588
132285656448,67094589
132285656448,67094594
132285656448,67094612
132285656448,67094616
132285656448,67094646
132285656448,67094652
132285656448,67094661
132285656448,67094677
132285656448,67094686
132285656448,67094692
132285656448,67094701
132285656448,67094707
132285656448,67094712
132285656448,67094717
132285656448,67094731
132285656448,67094760
132285656448,67094770
132285656448,67094774
132285656448,67094837
132285656448,67094843
132285656448,67094844
132285656448,67094845
132285656448,67094849
132285656448,67094850
132285656448,67094852
132285656448,67094853
132285656448,67094854
132285656448,67094855
132285656448,67094859
132285656448,67094861
132285656448,67094873
132285656448,67094877
132285656448,67094899
132285656448,67094903
132285656448,67094933
132285656448,67095011
132285656448,67095039
132285656448,67095061
132285656448,67095107
132285656448,67095140
132285656448,67095348
132285656448,67095365
132285656448,67095605
132285656448,67095690
132285656448,67095709
132285656448,67095895
132285656448,67095902
132285656448,67095918
132285656448,67096136
132285656448,67096401
132285656448,67096939
132285656448,67097418
132285656448,67097555
132285656448,67099404
132285656448,67101149
132285656448,67101150
132285656448,67101153
132285656448,67101192
132285656448,67101210
132285656448,67101435
132285656448,67101534
132285656448,67101592
132285656448,67101613
132285656448,67101640
132285656448,67101652
132285656448,67101712
132285656448,67101717
132285656448,67101732
132285656448,67101735
132285656448,67101753
132285656448,67101766
132285656448,67101840
132285656448,67101860
132285656448,67101970
132285656448,67101990
132285656448,67101998
132285656448,67102024
132285656448,67102041
132285656448,67102050
132285656448,67102055
132285656448,67102061
132285656448,67102065
132285656448,67102074
132285656448,67102077
132285656448,67102078
132285656448,67102083
132285656448,67102101
132285656448,67102106
132285656448,67102136
132285656448,67102141
132285656448,67102150
132285656448,67102166
132285656448,67102181
132285656448,67102190
132285656448,67102197
132285656448,67102201
132285656448,67102206
132285656448,67102220
132285656448,67102243
132285656448,67102249
132285656448,67102260
132285656448,67102263
132285656448,67102332
132285656448,67102333
132285656448,67102334
132285656448,67102338
132285656448,67102339
132285656448,67102342
132285656448,67102343
132285656448,67102344
132285656448,67102348
132285656448,67102350
132285656448,67102366
132285656448,67102388
132285656448,67102392
132285656448,67102422
132285656448,67102500
132285656448,67102529
132285656448,67102550
132285656448,67102579
132285656448,67102596
132285656448,67102629
132285656448,67102837
132285656448,67102854
132285656448,67103094
132285656448,67103179
132285656448,67103198
132285656448,67103391
132285656448,67103407
132285656448,67103625
132285656448,67103890
132285656448,67104150
132285656448,67104429
132285656448,67104907
132285656448,67105044
132285656448,67106893
132285656448,67108603
132285656448,67108604
132285656448,67108605
132285656448,67108606
132285656448,67108607
132285656448,67108608
132285656448,67108609
132285656448,67108610
132285656448,67108611
132285656448,67108612
132285656448,67108613
132285656448,67108614
132285656448,67108615
132285656448,67108616
132285656448,67108619
132285656448,67108620
132285656448,67108621
132285656448,67108622
132285656448,67108632
132285656448,67108634
132285656448,67108638
132285656448,67108640
132285656448,67108641
132285656448,67108643
