827860087,67089668
827860087,67091526
827860087,67093289
827860087,67093290
827860087,67093291
827860087,67093292
827860087,67093293
827860087,67093294
827860087,67093295
827860087,67093296
827860087,67093297
827860087,67093298
827860087,67093299
827860087,67093300
827860087,67093301
827860087,67093302
827860087,67093303
827860087,67093304
827860087,67093305
827860087,67093306
827860087,67093307
827860087,67093308
827860087,67093309
827860087,67093310
827860087,67093311
827860087,67093312
827860087,67093313
827860087,67093314
827860087,67093315
827860087,67093316
827860087,67093317
827860087,67093318
827860087,67093319
827860087,67093320
827860087,67093321
827860087,67093322
827860087,67093323
827860087,67093324
827860087,67093325
827860087,67093326
827860087,67093327
827860087,67093328
827860087,67093330
827860087,67093331
827860087,67093332
827860087,67093333
827860087,67093334
827860087,67093335
827860087,67093336
827860087,67093337
827860087,67093338
827860087,67093339
827860087,67093340
827860087,67093341
827860087,67093342
827860087,67093343
827860087,67093344
827860087,67093345
827860087,67093346
827860087,67093347
827860087,67093348
827860087,67093349
827860087,67093350
827860087,67093351
827860087,67093352
827860087,67093353
827860087,67093354
827860087,67093355
827860087,67093356
827860087,67093357
827860087,67093358
827860087,67093359
827860087,67093360
827860087,67093361
827860087,67093362
827860087,67093363
827860087,67093364
827860087,67093365
827860087,67093366
827860087,67093367
827860087,67093368
827860087,67093369
827860087,67093370
827860087,67093371
827860087,67093372
827860087,67093373
827860087,67093374
827860087,67093375
827860087,67093376
827860087,67093377
827860087,67093378
827860087,67093379
827860087,67093380
827860087,67093381
827860087,67093382
827860087,67093383
827860087,67093384
827860087,67093385
827860087,67093386
827860087,67093387
827860087,67093388
827860087,67093389
827860087,67093390
827860087,67093391
827860087,67093392
827860087,67093393
827860087,67093394
827860087,67093395
827860087,67093396
827860087,67093397
827860087,67093398
827860087,67093399
827860087,67093400
827860087,67093401
827860087,67093402
827860087,67093403
827860087,67093404
827860087,67093405
827860087,67093406
827860087,67093407
827860087,67093408
827860087,67093409
827860087,67093410
827860087,67093411
827860087,67093412
827860087,67093413
827860087,67093414
827860087,67093415
827860087,67093416
827860087,67093417
827860087,67093418
827860087,67093419
827860087,67093420
827860087,67093421
827860087,67093422
827860087,67093423
827860087,67093424
827860087,67093425
827860087,67093426
827860087,67093427
827860087,67093428
827860087,67093429
827860087,67093430
827860087,67093431
827860087,67093432
827860087,67093433
827860087,67093434
827860087,67093435
827860087,67093436
827860087,67093437
827860087,67093438
827860087,67093439
827860087,67093440
827860087,67093441
827860087,67093442
827860087,67093443
827860087,67093444
827860087,67093445
827860087,67093446
827860087,67093447
827860087,67093448
827860087,67093449
827860087,67093450
827860087,67093451
827860087,67093452
827860087,67093453
827860087,67093454
827860087,67093455
827860087,67093456
827860087,67093457
827860087,67093458
827860087,67093459
827860087,67093460
827860087,67093461
827860087,67093462
827860087,67093463
827860087,67093464
827860087,67093465
827860087,67093466
827860087,67093467
827860087,67093468
827860087,67093469
827860087,67093470
827860087,67093471
827860087,67093472
827860087,67093473
827860087,67093474
827860087,67093475
827860087,67093476
827860087,67093477
827860087,67093478
827860087,67093479
827860087,67093480
827860087,67093481
827860087,67093482
827860087,67093483
827860087,67093484
827860087,67093485
827860087,67093486
827860087,67093487
827860087,67093488
827860087,67093489
827860087,67093490
827860087,67093491
827860087,67093492
827860087,67093493
827860087,67093494
827860087,67093495
827860087,67093496
827860087,67093497
827860087,67093498
827860087,67093499
827860087,67093500
827860087,67093501
827860087,67093502
827860087,67093503
827860087,67093504
827860087,67093505
827860087,67093506
827860087,67093507
827860087,67093508
827860087,67093509
827860087,67093510
827860087,67093511
827860087,67093512
827860087,67093513
827860087,67093514
827860087,67093515
827860087,67093516
827860087,67093517
827860087,67093518
827860087,67093519
827860087,67093520
827860087,67093521
827860087,67093522
827860087,67093523
827860087,67093524
827860087,67093525
827860087,67093526
827860087,67093527
827860087,67093528
827860087,67093529
827860087,67093530
827860087,67093531
827860087,67093532
827860087,67093533
827860087,67093534
827860087,67093535
827860087,67093536
827860087,67093537
827860087,67093538
827860087,67093539
827860087,67093540
827860087,67093541
827860087,67093542
827860087,67093543
827860087,67093544
827860087,67093545
827860087,67093546
827860087,67093547
827860087,67093548
827860087,67093549
827860087,67093550
827860087,67093551
827860087,67093552
827860087,67093553
827860087,67093554
827860087,67093555
827860087,67093556
827860087,67093557
827860087,67093558
827860087,67093559
827860087,67093560
827860087,67093561
827860087,67093562
827860087,67093563
827860087,67093564
827860087,67093565
827860087,67093566
827860087,67093567
827860087,67093568
827860087,67093569
827860087,67093570
827860087,67093571
827860087,67093572
827860087,67093573
827860087,67093574
827860087,67093575
827860087,67093576
827860087,67093577
827860087,67093578
827860087,67093579
827860087,67093580
827860087,67093581
827860087,67093582
827860087,67093583
827860087,67093584
827860087,67093585
827860087,67093586
827860087,67093587
827860087,67093588
827860087,67093589
827860087,67093590
827860087,67093591
827860087,67093592
827860087,67093593
827860087,67093594
827860087,67093595
827860087,67093596
827860087,67093597
827860087,67093598
827860087,67093599
827860087,67093600
827860087,67093601
827860087,67093602
827860087,67093603
827860087,67093604
827860087,67093605
827860087,67093606
827860087,67093607
827860087,67093608
827860087,67093609
827860087,67093610
827860087,67093611
827860087,67093612
827860087,67093613
827860087,67093614
827860087,67093615
827860087,67093616
827860087,67093617
827860087,67093618
827860087,67093619
827860087,67093620
827860087,67093621
827860087,67093622
827860087,67093623
827860087,67093624
827860087,67093625
827860087,67093626
827860087,67093627
827860087,67093628
827860087,67093629
827860087,67093630
827860087,67093631
827860087,67093632
827860087,67093633
827860087,67093634
827860087,67093635
827860087,67093636
827860087,67093637
827860087,67093638
827860087,67093639
827860087,67093640
827860087,67093641
827860087,67093642
827860087,67093643
827860087,67093644
827860087,67093645
827860087,67093646
827860087,67093647
827860087,67093648
827860087,67093649
827860087,67093650
827860087,67095809
827860087,67095810
827860087,67095811
827860087,67095812
827860087,67095813
827860087,67095814
827860087,67103200
827860087,67103201
827860087,67103202
827860087,67103203
827860087,67103204
827860087,67103205
827860087,67108543
25663662697,131231
25663662697,131236
25663662697,131250
25663662697,131260
25663662697,131261
25663662697,67090069
25663662697,67093895
25663662697,67093905
25663662697,67093960
25663662697,67093965
25663662697,67093996
25663662697,67094019
25663662697,67094067
25663662697,67094138
25663662697,67094149
25663662697,67094150
25663662697,67094151
25663662697,67094153
25663662697,67094154
25663662697,67094155
25663662697,67094218
25663662697,67094236
25663662697,67094281
25663662697,67094285
25663662697,67094291
25663662697,67094300
25663662697,67094306
25663662697,67094321
25663662697,67094347
25663662697,67094357
25663662697,67094400
25663662697,67094456
25663662697,67094463
25663662697,67094533
25663662697,67094649
25663662697,67094795
25663662697,67094910
25663662697,67094948
25663662697,67094999
25663662697,67095097
25663662697,67095098
25663662697,67095186
25663662697,67095225
25663662697,67095264
25663662697,67095305
25663662697,67095324
25663662697,67095327
25663662697,67095353
25663662697,67095382
25663662697,67095429
25663662697,67095486
25663662697,67095490
25663662697,67095491
25663662697,67095496
25663662697,67095509
25663662697,67095521
25663662697,67095535
25663662697,67095542
25663662697,67095544
25663662697,67095553
25663662697,67095556
25663662697,67095621
25663662697,67095634
25663662697,67095635
25663662697,67095636
25663662697,67095649
25663662697,67095658
25663662697,67095669
25663662697,67095688
25663662697,67095699
25663662697,67095701
25663662697,67095716
25663662697,67095729
25663662697,67095732
25663662697,67095820
25663662697,67095822
25663662697,67095825
25663662697,67095883
25663662697,67095948
25663662697,67096403
25663662697,67096871
25663662697,67096877
25663662697,67096888
25663662697,67096936
25663662697,67097513
25663662697,67097747
25663662697,67097765
25663662697,67097770
25663662697,67097954
25663662697,67098081
25663662697,67098230
25663662697,67098439
25663662697,67098487
25663662697,67098852
25663662697,67099290
25663662697,67099459
25663662697,67099520
25663662697,67099558
25663662697,67099786
25663662697,67099933
25663662697,67099969
25663662697,67100103
25663662697,67100104
25663662697,67100154
25663662697,67100186
25663662697,67100236
25663662697,67100415
25663662697,67100435
25663662697,67100693
25663662697,67100765
25663662697,67100802
25663662697,67101286
25663662697,67101296
25663662697,67101351
25663662697,67101356
25663662697,67101387
25663662697,67101410
25663662697,67101458
25663662697,67101529
25663662697,67101540
25663662697,67101541
25663662697,67101542
25663662697,67101544
25663662697,67101545
25663662697,67101546
25663662697,67101609
25663662697,67101627
25663662697,67101672
25663662697,67101676
25663662697,67101682
25663662697,67101691
25663662697,67101697
25663662697,67101712
25663662697,67101738
25663662697,67101748
25663662697,67101791
25663662697,67101847
25663662697,67101854
25663662697,67101924
25663662697,67102040
25663662697,67102186
25663662697,67102301
25663662697,67102339
25663662697,67102390
25663662697,67102407
25663662697,67102488
25663662697,67102489
25663662697,67102577
25663662697,67102616
25663662697,67102655
25663662697,67102696
25663662697,67102715
25663662697,67102718
25663662697,67102744
25663662697,67102773
25663662697,67102820
25663662697,67102881
25663662697,67102882
25663662697,67102887
25663662697,67102900
25663662697,67102912
25663662697,67102926
25663662697,67102933
25663662697,67102935
25663662697,67102944
25663662697,67102947
25663662697,67103012
25663662697,67103025
25663662697,67103026
25663662697,67103040
25663662697,67103049
25663662697,67103060
25663662697,67103079
25663662697,67103089
25663662697,67103092
25663662697,67103107
25663662697,67103120
25663662697,67103123
25663662697,67103211
25663662697,67103213
25663662697,67103216
25663662697,67103274
25663662697,67103339
25663662697,67103794
25663662697,67104262
25663662697,67104268
25663662697,67104279
25663662697,67104327
25663662697,67104904
25663662697,67105138
25663662697,67105156
25663662697,67105161
25663662697,67105345
25663662697,67105472
25663662697,67105621
25663662697,67105830
25663662697,67105878
25663662697,67106243
25663662697,67106681
25663662697,67106850
25663662697,67106911
25663662697,67106949
25663662697,67107177
25663662697,67107324
25663662697,67107360
25663662697,67107449
25663662697,67107494
25663662697,67107545
25663662697,67107577
25663662697,67107627
25663662697,67107806
25663662697,67107826
25663662697,67108083
25663662697,67108084
25663662697,67108193
25663662697,67108434
25663662697,67108437
25663662697,67108447
25663662697,67108448
25663662697,67108449
25663662697,67108450
25663662697,67108451
25663662697,67108452
25663662697,67108453
25663662697,67108454
25663662697,67108455
25663662697,67108456
25663662697,67108457
25663662697,67108459
25663662697,67108460
25663662697,67108461
25663662697,67108462
25663662697,67108463
25663662697,67108464
25663662697,67108465
25663662697,67108466
25663662697,67108468
25663662697,67108469
25663662697,67108470
25663662697,67108471
25663662697,67108472
25663662697,67108478
25663662697,67108479
25663662697,67108480
25663662697,67108483
25663662697,67108486
25663662697,67108488
25663662697,67108489
25663662697,67108490
25663662697,67108492
25663662697,67108493
25663662697,67108495
25663662697,67108496
25663662697,67108497
25663662697,67108498
25663662697,67108500
25663662697,67108501
25663662697,67108502
25663662697,67108503
25663662697,67108504
25663662697,67108505
25663662697,67108506
25663662697,67108507
25663662697,67108508
25663662697,67108509
25663662697,67108510
25663662697,67108511
25663662697,67108512
25663662697,67108513
25663662697,67108514
25663662697,67108515
25663662697,67108516
25663662697,67108517
25663662697,67108518
25663662697,67108519
25663662697,67108520
25663662697,67108521
25663662697,67108522
25663662697,67108524
25663662697,67108526
25663662697,67108527
25663662697,67108528
25663662697,67108529
25663662697,67108530
25663662697,67108533
25663662697,67108534
25663662697,67108535
25663662697,67108536
25663662697,67108537
25663662697,67108538
25663662697,67108544
25663662697,67108545
25663662697,67108546
25663662697,67108547
25663662697,67108548
25663662697,67108550
25663662697,67108551
25663662697,67108552
25663662697,67108553
25663662697,67108554
25663662697,67108555
25663662697,67108556
25663662697,67108557
25663662697,67108558
25663662697,67108559
25663662697,67108560
25663662697,67108561
25663662697,67108562
25663662697,67108563
25663662697,67108565
25663662697,67108566
25663662697,67108568
25663662697,67108569
25663662697,67108570
25663662697,67108571
25663662697,67108572
25663662697,67108574
25663662697,67108576
25663662697,67108577
25663662697,67108578
25663662697,67108580
25663662697,67108583
25663662697,67108584
25663662697,67108585
25663662697,67108587
25663662697,67108588
25663662697,67108590
25663662697,67108591
25663662697,67108592
25663662697,67108593
25663662697,67108594
25663662697,67108595
25663662697,67108596
25663662697,67108597
25663662697,67108598
25663662697,67108599
25663662697,67108600
25663662697,67108601
25663662697,67108602
25663662697,67108603
25663662697,67108606
25663662697,67108607
25663662697,67108609
25663662697,67108615
25663662697,67108616
25663662697,67108618
25663662697,67108619
25663662697,67108620
25663662697,67108621
25663662697,67108622
25663662697,67108623
25663662697,67108624
25663662697,67108625
25663662697,67108626
25663662697,67108628
25663662697,67108629
25663662697,67108630
25663662697,67108632
25663662697,67108633
25663662697,67108635
25663662697,67108636
25663662697,67108637
25663662697,67108638
25663662697,67108639
25663662697,67108640
25663662697,67108641
25663662697,67108643
25663662697,67108644
25663662697,67108645
25663662697,67108646
25663662697,67108647
25663662697,67108648
25663662697,67108649
25663662697,67108650
25663662697,67108651
25663662697,67108652
25663662697,67108653
25663662697,67108654
25663662697,67108655
25663662697,67108656
25663662697,67108657
25663662697,67108658
25663662697,67108659
25663662697,67108660
25663662697,67108661
25663662697,67108662
25663662697,67108663
25663662697,67108664
25663662697,67108665
25663662697,67108666
25663662697,67108667
25663662697,67108668
25663662697,67108669
25663662697,67108670
25663662697,67108671
25663662697,67108672
25663662697,67108673
25663662697,67108674
25663662697,67108675
25663662697,67108676
25663662697,67108677
25663662697,67108678
25663662697,67108679
25663662697,67108680
25663662697,67108681
25663662697,67108682
25663662697,67108683
25663662697,67108684
25663662697,67108685
25663662697,67108686
25663662697,67108687
25663662697,67108688
25663662697,67108689
25663662697,67108690
25663662697,67108691
25663662697,67108692
25663662697,67108693
25663662697,67108694
25663662697,67108695
25663662697,67108696
25663662697,67108697
25663662697,67108698
25663662697,67108699
25663662697,67108700
25663662697,67108701
25663662697,67108702
25663662697,67108703
25663662697,67108704
25663662697,67108705
25663662697,67108706
25663662697,67108707
25663662697,67108708
25663662697,67108709
25663662697,67108710
25663662697,67108711
25663662697,67108712
25663662697,67108713
25663662697,67108714
25663662697,67108715
25663662697,67108716
25663662697,67108717
25663662697,67108718
25663662697,67108719
25663662697,67108720
25663662697,67108722
25663662697,67108723
25663662697,67108724
25663662697,67108725
25663662697,67108726
25663662697,67108727
25663662697,67108728
25663662697,67108729
25663662697,67108730
25663662697,67108731
25663662697,67108732
25663662697,67108733
25663662697,67108734
25663662697,67108735
25663662697,67108736
25663662697,67108737
25663662697,67108738
25663662697,67108739
25663662697,67108741
25663662697,67108742
25663662697,67108743
25663662697,67108744
25663662697,67108745
25663662697,67108746
25663662697,67108747
25663662697,67108748
25663662697,67108749
25663662697,67108750
25663662697,67108751
25663662697,67108752
25663662697,67108753
25663662697,67108754
25663662697,67108755
25663662697,67108757
25663662697,67108758
25663662697,67108759
25663662697,67108760
25663662697,67108761
25663662697,67108762
25663662697,67108763
25663662697,67108764
25663662697,67108765
25663662697,67108766
25663662697,67108767
25663662697,67108768
25663662697,67108769
25663662697,67108770
25663662697,67108771
25663662697,67108772
25663662697,67108773
25663662697,67108774
25663662697,67108775
25663662697,67108776
25663662697,67108777
25663662697,67108778
25663662697,67108779
25663662697,67108780
25663662697,67108781
25663662697,67108782
25663662697,67108784
25663662697,67108785
25663662697,67108786
25663662697,67108789
25663662697,67108790
25663662697,67108791
25663662697,67108792
25663662697,67108793
25663662697,67108794
50499465307,131235
50499465307,131239
50499465307,131247
50499465307,131254
50499465307,67089688
50499465307,67091508
50499465307,67094438
50499465307,67094637
50499465307,67094638
50499465307,67094640
50499465307,67094647
50499465307,67095865
50499465307,67095867
50499465307,67096977
50499465307,67097050
50499465307,67097053
50499465307,67097064
50499465307,67097135
50499465307,67097174
50499465307,67097189
50499465307,67097207
50499465307,67097211
50499465307,67097212
50499465307,67097253
50499465307,67097273
50499465307,67097279
50499465307,67097309
50499465307,67097322
50499465307,67097364
50499465307,67097420
50499465307,67097432
50499465307,67097456
50499465307,67097480
50499465307,67097482
50499465307,67097506
50499465307,67097516
50499465307,67097517
50499465307,67097524
50499465307,67097542
50499465307,67097552
50499465307,67097556
50499465307,67097575
50499465307,67097581
50499465307,67097582
50499465307,67097601
50499465307,67097615
50499465307,67097623
50499465307,67097628
50499465307,67097648
50499465307,67097649
50499465307,67097650
50499465307,67097652
50499465307,67097669
50499465307,67097684
50499465307,67097686
50499465307,67097687
50499465307,67097690
50499465307,67097694
50499465307,67097705
50499465307,67097724
50499465307,67097725
50499465307,67097726
50499465307,67097727
50499465307,67097741
50499465307,67097742
50499465307,67097746
50499465307,67097752
50499465307,67097760
50499465307,67097772
50499465307,67097776
50499465307,67097788
50499465307,67097792
50499465307,67097803
50499465307,67097806
50499465307,67097819
50499465307,67097829
50499465307,67097840
50499465307,67097843
50499465307,67097846
50499465307,67097848
50499465307,67097850
50499465307,67097855
50499465307,67097865
50499465307,67097867
50499465307,67097868
50499465307,67097872
50499465307,67097879
50499465307,67097887
50499465307,67097888
50499465307,67097894
50499465307,67097897
50499465307,67097898
50499465307,67097899
50499465307,67097916
50499465307,67097919
50499465307,67097920
50499465307,67097927
50499465307,67097929
50499465307,67097946
50499465307,67097958
50499465307,67097960
50499465307,67097961
50499465307,67097973
50499465307,67097976
50499465307,67097981
50499465307,67097984
50499465307,67097988
50499465307,67097989
50499465307,67097990
50499465307,67097992
50499465307,67097993
50499465307,67097994
50499465307,67098015
50499465307,67098016
50499465307,67098018
50499465307,67098019
50499465307,67098021
50499465307,67098023
50499465307,67098028
50499465307,67098034
50499465307,67098036
50499465307,67098037
50499465307,67098038
50499465307,67098039
50499465307,67098042
50499465307,67098043
50499465307,67098045
50499465307,67098046
50499465307,67098047
50499465307,67098049
50499465307,67098050
50499465307,67098053
50499465307,67098054
50499465307,67098055
50499465307,67098057
50499465307,67098058
50499465307,67098059
50499465307,67098060
50499465307,67098061
50499465307,67098062
50499465307,67098064
50499465307,67098065
50499465307,67098067
50499465307,67098068
50499465307,67098070
50499465307,67098071
50499465307,67098072
50499465307,67098076
50499465307,67098077
50499465307,67098079
50499465307,67098086
50499465307,67098087
50499465307,67098089
50499465307,67098091
50499465307,67098092
50499465307,67098101
50499465307,67098102
50499465307,67098103
50499465307,67098104
50499465307,67098105
50499465307,67098110
50499465307,67098112
50499465307,67098118
50499465307,67098120
50499465307,67098124
50499465307,67098125
50499465307,67098126
50499465307,67098127
50499465307,67098131
50499465307,67098133
50499465307,67098136
50499465307,67098137
50499465307,67098139
50499465307,67098146
50499465307,67098148
50499465307,67098149
50499465307,67098150
50499465307,67098151
50499465307,67098162
50499465307,67098163
50499465307,67098165
50499465307,67098166
50499465307,67098169
50499465307,67098170
50499465307,67098171
50499465307,67098172
50499465307,67098173
50499465307,67098174
50499465307,67098176
50499465307,67098177
50499465307,67098178
50499465307,67098179
50499465307,67098182
50499465307,67098183
50499465307,67098184
50499465307,67098185
50499465307,67098186
50499465307,67098187
50499465307,67098191
50499465307,67098192
50499465307,67098193
50499465307,67098194
50499465307,67098196
50499465307,67098197
50499465307,67098200
50499465307,67098201
50499465307,67098203
50499465307,67098204
50499465307,67098205
50499465307,67098206
50499465307,67098207
50499465307,67098209
50499465307,67098213
50499465307,67098218
50499465307,67098220
50499465307,67098221
50499465307,67098222
50499465307,67098223
50499465307,67098224
50499465307,67098226
50499465307,67098227
50499465307,67098228
50499465307,67098229
50499465307,67098231
50499465307,67098232
50499465307,67098233
50499465307,67098236
50499465307,67098237
50499465307,67098238
50499465307,67098239
50499465307,67098241
50499465307,67098243
50499465307,67098448
50499465307,67101829
50499465307,67102028
50499465307,67102030
50499465307,67102038
50499465307,67102961
50499465307,67103228
50499465307,67103256
50499465307,67103258
50499465307,67104368
50499465307,67104438
50499465307,67104441
50499465307,67104443
50499465307,67104455
50499465307,67104491
50499465307,67104526
50499465307,67104565
50499465307,67104580
50499465307,67104582
50499465307,67104598
50499465307,67104602
50499465307,67104603
50499465307,67104644
50499465307,67104656
50499465307,67104664
50499465307,67104670
50499465307,67104700
50499465307,67104713
50499465307,67104755
50499465307,67104811
50499465307,67104823
50499465307,67104846
50499465307,67104871
50499465307,67104873
50499465307,67104890
50499465307,67104897
50499465307,67104907
50499465307,67104908
50499465307,67104915
50499465307,67104916
50499465307,67104933
50499465307,67104943
50499465307,67104946
50499465307,67104966
50499465307,67104972
50499465307,67104973
50499465307,67104992
50499465307,67105006
50499465307,67105013
50499465307,67105014
50499465307,67105019
50499465307,67105039
50499465307,67105040
50499465307,67105041
50499465307,67105043
50499465307,67105060
50499465307,67105075
50499465307,67105077
50499465307,67105078
50499465307,67105081
50499465307,67105082
50499465307,67105085
50499465307,67105096
50499465307,67105115
50499465307,67105116
50499465307,67105117
50499465307,67105118
50499465307,67105132
50499465307,67105133
50499465307,67105137
50499465307,67105143
50499465307,67105151
50499465307,67105163
50499465307,67105167
50499465307,67105176
50499465307,67105179
50499465307,67105183
50499465307,67105194
50499465307,67105197
50499465307,67105210
50499465307,67105220
50499465307,67105231
50499465307,67105234
50499465307,67105239
50499465307,67105241
50499465307,67105246
50499465307,67105258
50499465307,67105259
50499465307,67105263
50499465307,67105270
50499465307,67105278
50499465307,67105279
50499465307,67105285
50499465307,67105288
50499465307,67105289
50499465307,67105290
50499465307,67105307
50499465307,67105310
50499465307,67105311
50499465307,67105318
50499465307,67105320
50499465307,67105325
50499465307,67105327
50499465307,67105337
50499465307,67105338
50499465307,67105349
50499465307,67105352
50499465307,67105363
50499465307,67105364
50499465307,67105372
50499465307,67105375
50499465307,67105379
50499465307,67105380
50499465307,67105381
50499465307,67105383
50499465307,67105384
50499465307,67105385
50499465307,67105406
50499465307,67105407
50499465307,67105409
50499465307,67105410
50499465307,67105412
50499465307,67105414
50499465307,67105419
50499465307,67105425
50499465307,67105427
50499465307,67105428
50499465307,67105429
50499465307,67105430
50499465307,67105433
50499465307,67105434
50499465307,67105435
50499465307,67105437
50499465307,67105438
50499465307,67105440
50499465307,67105441
50499465307,67105444
50499465307,67105445
50499465307,67105446
50499465307,67105448
50499465307,67105449
50499465307,67105450
50499465307,67105451
50499465307,67105452
50499465307,67105453
50499465307,67105454
50499465307,67105456
50499465307,67105458
50499465307,67105459
50499465307,67105461
50499465307,67105462
50499465307,67105463
50499465307,67105467
50499465307,67105468
50499465307,67105470
50499465307,67105477
50499465307,67105480
50499465307,67105482
50499465307,67105483
50499465307,67105488
50499465307,67105492
50499465307,67105493
50499465307,67105494
50499465307,67105495
50499465307,67105496
50499465307,67105501
50499465307,67105502
50499465307,67105503
50499465307,67105509
50499465307,67105511
50499465307,67105515
50499465307,67105516
50499465307,67105517
50499465307,67105518
50499465307,67105522
50499465307,67105524
50499465307,67105526
50499465307,67105528
50499465307,67105537
50499465307,67105539
50499465307,67105540
50499465307,67105541
50499465307,67105553
50499465307,67105554
50499465307,67105556
50499465307,67105557
50499465307,67105560
50499465307,67105561
50499465307,67105562
50499465307,67105563
50499465307,67105564
50499465307,67105567
50499465307,67105568
50499465307,67105569
50499465307,67105573
50499465307,67105574
50499465307,67105575
50499465307,67105576
50499465307,67105577
50499465307,67105578
50499465307,67105582
50499465307,67105583
50499465307,67105584
50499465307,67105585
50499465307,67105587
50499465307,67105591
50499465307,67105592
50499465307,67105594
50499465307,67105595
50499465307,67105596
50499465307,67105597
50499465307,67105598
50499465307,67105600
50499465307,67105604
50499465307,67105609
50499465307,67105611
50499465307,67105612
50499465307,67105613
50499465307,67105614
50499465307,67105615
50499465307,67105617
50499465307,67105618
50499465307,67105619
50499465307,67105620
50499465307,67105622
50499465307,67105623
50499465307,67105624
50499465307,67105627
50499465307,67105628
50499465307,67105629
50499465307,67105630
50499465307,67105632
50499465307,67105634
50499465307,67105641
50499465307,67108438
50499465307,67108441
50499465307,67108443
50499465307,67108446
50499465307,67108458
50499465307,67108467
50499465307,67108474
50499465307,67108475
50499465307,67108476
50499465307,67108477
50499465307,67108481
50499465307,67108482
50499465307,67108487
50499465307,67108491
50499465307,67108494
50499465307,67108499
50499465307,67108523
50499465307,67108525
50499465307,67108531
50499465307,67108532
50499465307,67108549
50499465307,67108567
50499465307,67108573
50499465307,67108575
50499465307,67108581
50499465307,67108582
50499465307,67108586
50499465307,67108589
50499465307,67108604
50499465307,67108605
50499465307,67108608
50499465307,67108610
50499465307,67108611
50499465307,67108612
50499465307,67108613
50499465307,67108614
50499465307,67108617
50499465307,67108627
50499465307,67108631
50499465307,67108634
50499465307,67108642
75335267917,131232
75335267917,131233
75335267917,131234
75335267917,131240
75335267917,131246
75335267917,131249
75335267917,131253
75335267917,131255
75335267917,67089798
75335267917,67091616
75335267917,67093978
75335267917,67094152
75335267917,67094156
75335267917,67094305
75335267917,67094337
75335267917,67094340
75335267917,67094552
75335267917,67094707
75335267917,67095016
75335267917,67095364
75335267917,67095602
75335267917,67095962
75335267917,67096425
75335267917,67096552
75335267917,67096553
75335267917,67096659
75335267917,67096747
75335267917,67096798
75335267917,67096799
75335267917,67096852
75335267917,67096925
75335267917,67097151
75335267917,67097319
75335267917,67097443
75335267917,67097511
75335267917,67097520
75335267917,67097529
75335267917,67097534
75335267917,67097659
75335267917,67097785
75335267917,67097928
75335267917,67098647
75335267917,67099194
75335267917,67099198
75335267917,67099764
75335267917,67100054
75335267917,67100283
75335267917,67100476
75335267917,67100567
75335267917,67100579
75335267917,67101369
75335267917,67101543
75335267917,67101547
75335267917,67101696
75335267917,67101728
75335267917,67101731
75335267917,67101943
75335267917,67102098
75335267917,67102340
75335267917,67102755
75335267917,67102993
75335267917,67103353
75335267917,67103816
75335267917,67103943
75335267917,67103944
75335267917,67104050
75335267917,67104138
75335267917,67104189
75335267917,67104190
75335267917,67104243
75335267917,67104316
75335267917,67104542
75335267917,67104710
75335267917,67104834
75335267917,67104902
75335267917,67104911
75335267917,67104920
75335267917,67104925
75335267917,67105050
75335267917,67106038
75335267917,67106585
75335267917,67106589
75335267917,67107155
75335267917,67107445
75335267917,67107495
75335267917,67107660
75335267917,67107674
75335267917,67107867
75335267917,67107958
75335267917,67107970
75335267917,67108435
75335267917,67108579
75335267917,67108756
75335267917,67108788
100171070527,131238
100171070527,131242
100171070527,131243
100171070527,131244
100171070527,131245
100171070527,131248
100171070527,131252
100171070527,131256
100171070527,131257
100171070527,131258
100171070527,131259
100171070527,67089923
100171070527,67091693
100171070527,67093734
100171070527,67093923
100171070527,67094173
100171070527,67094502
100171070527,67094621
100171070527,67095345
100171070527,67096103
100171070527,67096132
100171070527,67096396
100171070527,67096898
100171070527,67097039
100171070527,67097119
100171070527,67097161
100171070527,67097610
100171070527,67097953
100171070527,67098164
100171070527,67098338
100171070527,67098553
100171070527,67098736
100171070527,67098813
100171070527,67098863
100171070527,67099275
100171070527,67099477
100171070527,67099624
100171070527,67099664
100171070527,67099695
100171070527,67099736
100171070527,67099744
100171070527,67099892
100171070527,67099902
100171070527,67100068
100171070527,67100069
100171070527,67100071
100171070527,67100258
100171070527,67100289
100171070527,67100341
100171070527,67100373
100171070527,67100380
100171070527,67100392
100171070527,67100408
100171070527,67100443
100171070527,67100448
100171070527,67100463
100171070527,67100540
100171070527,67100745
100171070527,67100766
100171070527,67100785
100171070527,67100831
100171070527,67100835
100171070527,67100852
100171070527,67100966
100171070527,67101001
100171070527,67101036
100171070527,67101125
100171070527,67101314
100171070527,67101564
100171070527,67102012
100171070527,67103494
100171070527,67103523
100171070527,67103786
100171070527,67104289
100171070527,67104430
100171070527,67104510
100171070527,67104552
100171070527,67105001
100171070527,67105344
100171070527,67105555
100171070527,67105728
100171070527,67105760
100171070527,67105944
100171070527,67106127
100171070527,67106204
100171070527,67106254
100171070527,67106666
100171070527,67106868
100171070527,67107015
100171070527,67107055
100171070527,67107127
100171070527,67107135
100171070527,67107282
100171070527,67107293
100171070527,67107459
100171070527,67107460
100171070527,67107462
100171070527,67107649
100171070527,67107680
100171070527,67107732
100171070527,67107764
100171070527,67107771
100171070527,67107783
100171070527,67107799
100171070527,67107830
100171070527,67107834
100171070527,67107839
100171070527,67107854
100171070527,67108136
100171070527,67108157
100171070527,67108176
100171070527,67108222
100171070527,67108226
100171070527,67108243
100171070527,67108392
100171070527,67108427
100171070527,67108445
100171070527,67108485
100171070527,67108564
100171070527,67108721
125006873137,131241
125006873137,67090084
125006873137,67095583
125006873137,67095673
125006873137,67096864
125006873137,67096915
125006873137,67097102
125006873137,67097105
125006873137,67097106
125006873137,67097117
125006873137,67097118
125006873137,67097122
125006873137,67097167
125006873137,67097170
125006873137,67097175
125006873137,67097176
125006873137,67097178
125006873137,67097179
125006873137,67097180
125006873137,67097186
125006873137,67097188
125006873137,67097191
125006873137,67097192
125006873137,67097193
125006873137,67097204
125006873137,67097213
125006873137,67097225
125006873137,67097260
125006873137,67097276
125006873137,67097296
125006873137,67097311
125006873137,67097361
125006873137,67097522
125006873137,67097523
125006873137,67097569
125006873137,67097583
125006873137,67097586
125006873137,67097587
125006873137,67097618
125006873137,67097622
125006873137,67097634
125006873137,67097635
125006873137,67097636
125006873137,67097637
125006873137,67097670
125006873137,67097674
125006873137,67097682
125006873137,67097685
125006873137,67097691
125006873137,67097695
125006873137,67097714
125006873137,67097716
125006873137,67097717
125006873137,67097718
125006873137,67097719
125006873137,67097720
125006873137,67097721
125006873137,67097732
125006873137,67097738
125006873137,67097748
125006873137,67097753
125006873137,67097756
125006873137,67097759
125006873137,67097761
125006873137,67097762
125006873137,67097768
125006873137,67097773
125006873137,67097786
125006873137,67097793
125006873137,67097810
125006873137,67097811
125006873137,67097815
125006873137,67097816
125006873137,67097822
125006873137,67097824
125006873137,67097827
125006873137,67097828
125006873137,67097832
125006873137,67097835
125006873137,67097839
125006873137,67097841
125006873137,67097842
125006873137,67097844
125006873137,67097847
125006873137,67097849
125006873137,67097851
125006873137,67097852
125006873137,67097853
125006873137,67097854
125006873137,67097857
125006873137,67097861
125006873137,67097862
125006873137,67097863
125006873137,67097864
125006873137,67097866
125006873137,67097869
125006873137,67097876
125006873137,67097880
125006873137,67097883
125006873137,67097886
125006873137,67097889
125006873137,67097893
125006873137,67097895
125006873137,67097896
125006873137,67097900
125006873137,67097901
125006873137,67097907
125006873137,67097925
125006873137,67097926
125006873137,67097934
125006873137,67097935
125006873137,67097937
125006873137,67097938
125006873137,67097939
125006873137,67097940
125006873137,67097941
125006873137,67097943
125006873137,67097944
125006873137,67097945
125006873137,67097947
125006873137,67097948
125006873137,67097949
125006873137,67097963
125006873137,67097965
125006873137,67097968
125006873137,67097969
125006873137,67097978
125006873137,67097991
125006873137,67097995
125006873137,67097996
125006873137,67097997
125006873137,67097999
125006873137,67098000
125006873137,67098009
125006873137,67098011
125006873137,67098012
125006873137,67098014
125006873137,67098017
125006873137,67098020
125006873137,67098022
125006873137,67098040
125006873137,67098044
125006873137,67098048
125006873137,67098051
125006873137,67098052
125006873137,67098056
125006873137,67098063
125006873137,67098066
125006873137,67098069
125006873137,67098073
125006873137,67098074
125006873137,67098075
125006873137,67098078
125006873137,67098080
125006873137,67098084
125006873137,67098085
125006873137,67098093
125006873137,67098097
125006873137,67098098
125006873137,67098099
125006873137,67098100
125006873137,67098106
125006873137,67098107
125006873137,67098111
125006873137,67098113
125006873137,67098115
125006873137,67098119
125006873137,67098128
125006873137,67098129
125006873137,67098130
125006873137,67098132
125006873137,67098134
125006873137,67098135
125006873137,67098138
125006873137,67098141
125006873137,67098143
125006873137,67098145
125006873137,67098147
125006873137,67098153
125006873137,67098154
125006873137,67098161
125006873137,67098175
125006873137,67098180
125006873137,67098181
125006873137,67098188
125006873137,67098195
125006873137,67098199
125006873137,67098202
125006873137,67098208
125006873137,67098210
125006873137,67098211
125006873137,67098212
125006873137,67098214
125006873137,67098215
125006873137,67098217
125006873137,67098219
125006873137,67098225
125006873137,67098250
125006873137,67098251
125006873137,67098252
125006873137,67098253
125006873137,67098254
125006873137,67098255
125006873137,67098256
125006873137,67098257
125006873137,67098258
125006873137,67098259
125006873137,67098260
125006873137,67098261
125006873137,67098262
125006873137,67098265
125006873137,67098266
125006873137,67098267
125006873137,67098268
125006873137,67098269
125006873137,67098270
125006873137,67098271
125006873137,67098272
125006873137,67098273
125006873137,67098274
125006873137,67098275
125006873137,67098276
125006873137,67098277
125006873137,67098278
125006873137,67098279
125006873137,67098280
125006873137,67098340
125006873137,67098341
125006873137,67098342
125006873137,67098343
125006873137,67098344
125006873137,67098345
125006873137,67098355
125006873137,67098357
125006873137,67098358
125006873137,67098359
125006873137,67098360
125006873137,67098361
125006873137,67098362
125006873137,67098363
125006873137,67098364
125006873137,67098365
125006873137,67098366
125006873137,67098367
125006873137,67098371
125006873137,67098373
125006873137,67098374
125006873137,67098375
125006873137,67098376
125006873137,67098377
125006873137,67098378
125006873137,67098379
125006873137,67098410
125006873137,67102974
125006873137,67103064
125006873137,67103316
125006873137,67104306
125006873137,67104496
125006873137,67104497
125006873137,67104508
125006873137,67104509
125006873137,67104513
125006873137,67104558
125006873137,67104561
125006873137,67104566
125006873137,67104567
125006873137,67104569
125006873137,67104570
125006873137,67104571
125006873137,67104577
125006873137,67104579
125006873137,67104583
125006873137,67104584
125006873137,67104591
125006873137,67104595
125006873137,67104616
125006873137,67104651
125006873137,67104665
125006873137,67104666
125006873137,67104667
125006873137,67104687
125006873137,67104693
125006873137,67104702
125006873137,67104752
125006873137,67104913
125006873137,67104914
125006873137,67104960
125006873137,67104974
125006873137,67104977
125006873137,67104978
125006873137,67105008
125006873137,67105025
125006873137,67105026
125006873137,67105027
125006873137,67105028
125006873137,67105045
125006873137,67105065
125006873137,67105073
125006873137,67105076
125006873137,67105086
125006873137,67105105
125006873137,67105107
125006873137,67105108
125006873137,67105109
125006873137,67105110
125006873137,67105111
125006873137,67105112
125006873137,67105123
125006873137,67105129
125006873137,67105139
125006873137,67105144
125006873137,67105147
125006873137,67105150
125006873137,67105152
125006873137,67105153
125006873137,67105158
125006873137,67105164
125006873137,67105177
125006873137,67105201
125006873137,67105202
125006873137,67105206
125006873137,67105207
125006873137,67105213
125006873137,67105215
125006873137,67105218
125006873137,67105219
125006873137,67105223
125006873137,67105226
125006873137,67105227
125006873137,67105230
125006873137,67105232
125006873137,67105233
125006873137,67105235
125006873137,67105236
125006873137,67105237
125006873137,67105238
125006873137,67105240
125006873137,67105242
125006873137,67105243
125006873137,67105244
125006873137,67105245
125006873137,67105248
125006873137,67105252
125006873137,67105253
125006873137,67105254
125006873137,67105255
125006873137,67105257
125006873137,67105260
125006873137,67105267
125006873137,67105271
125006873137,67105274
125006873137,67105277
125006873137,67105280
125006873137,67105284
125006873137,67105286
125006873137,67105287
125006873137,67105291
125006873137,67105292
125006873137,67105296
125006873137,67105298
125006873137,67105316
125006873137,67105317
125006873137,67105326
125006873137,67105329
125006873137,67105330
125006873137,67105331
125006873137,67105332
125006873137,67105334
125006873137,67105335
125006873137,67105336
125006873137,67105339
125006873137,67105340
125006873137,67105354
125006873137,67105358
125006873137,67105360
125006873137,67105367
125006873137,67105369
125006873137,67105386
125006873137,67105387
125006873137,67105388
125006873137,67105390
125006873137,67105391
125006873137,67105400
125006873137,67105401
125006873137,67105402
125006873137,67105403
125006873137,67105405
125006873137,67105408
125006873137,67105411
125006873137,67105413
125006873137,67105431
125006873137,67105436
125006873137,67105439
125006873137,67105442
125006873137,67105443
125006873137,67105447
125006873137,67105455
125006873137,67105457
125006873137,67105460
125006873137,67105464
125006873137,67105465
125006873137,67105466
125006873137,67105469
125006873137,67105471
125006873137,67105475
125006873137,67105476
125006873137,67105478
125006873137,67105484
125006873137,67105489
125006873137,67105490
125006873137,67105491
125006873137,67105497
125006873137,67105498
125006873137,67105504
125006873137,67105506
125006873137,67105510
125006873137,67105519
125006873137,67105520
125006873137,67105521
125006873137,67105523
125006873137,67105525
125006873137,67105527
125006873137,67105529
125006873137,67105530
125006873137,67105532
125006873137,67105534
125006873137,67105536
125006873137,67105538
125006873137,67105545
125006873137,67105552
125006873137,67105565
125006873137,67105566
125006873137,67105570
125006873137,67105571
125006873137,67105572
125006873137,67105579
125006873137,67105586
125006873137,67105588
125006873137,67105589
125006873137,67105593
125006873137,67105599
125006873137,67105601
125006873137,67105602
125006873137,67105603
125006873137,67105605
125006873137,67105607
125006873137,67105608
125006873137,67105610
125006873137,67105616
125006873137,67105642
125006873137,67105643
125006873137,67105644
125006873137,67105645
125006873137,67105646
125006873137,67105647
125006873137,67105648
125006873137,67105649
125006873137,67105650
125006873137,67105651
125006873137,67105652
125006873137,67105653
125006873137,67105656
125006873137,67105657
125006873137,67105659
125006873137,67105660
125006873137,67105662
125006873137,67105663
125006873137,67105664
125006873137,67105665
125006873137,67105666
125006873137,67105667
125006873137,67105668
125006873137,67105669
125006873137,67105670
125006873137,67105671
125006873137,67105731
125006873137,67105732
125006873137,67105733
125006873137,67105734
125006873137,67105735
125006873137,67105736
125006873137,67105748
125006873137,67105749
125006873137,67105750
125006873137,67105751
125006873137,67105752
125006873137,67105753
125006873137,67105754
125006873137,67105755
125006873137,67105756
125006873137,67105757
125006873137,67105758
125006873137,67105761
125006873137,67105762
125006873137,67105764
125006873137,67105765
125006873137,67105766
125006873137,67105767
125006873137,67105768
125006873137,67105769
125006873137,67105770
149842675747,131237
149842675747,131251
149842675747,67091488
149842675747,67093792
149842675747,67093935
149842675747,67093956
149842675747,67094086
149842675747,67094339
149842675747,67094630
149842675747,67094739
149842675747,67094879
149842675747,67094915
149842675747,67094930
149842675747,67095010
149842675747,67095474
149842675747,67095846
149842675747,67095848
149842675747,67095938
149842675747,67095978
149842675747,67096148
149842675747,67096265
149842675747,67096567
149842675747,67096679
149842675747,67096839
149842675747,67097697
149842675747,67098635
149842675747,67098927
149842675747,67098958
149842675747,67099044
149842675747,67099095
149842675747,67099305
149842675747,67099445
149842675747,67099635
149842675747,67099707
149842675747,67100128
149842675747,67100129
149842675747,67100130
149842675747,67100131
149842675747,67100132
149842675747,67100133
149842675747,67100134
149842675747,67100135
149842675747,67100136
149842675747,67100137
149842675747,67100138
149842675747,67100152
149842675747,67100160
149842675747,67100165
149842675747,67100166
149842675747,67100225
149842675747,67100370
149842675747,67100417
149842675747,67100512
149842675747,67100522
149842675747,67100779
149842675747,67100945
149842675747,67101183
149842675747,67101326
149842675747,67101347
149842675747,67101477
149842675747,67101730
149842675747,67102021
149842675747,67102130
149842675747,67102270
149842675747,67102306
149842675747,67102321
149842675747,67102401
149842675747,67102865
149842675747,67103237
149842675747,67103329
149842675747,67103369
149842675747,67103539
149842675747,67103656
149842675747,67103958
149842675747,67104070
149842675747,67104229
149842675747,67105088
149842675747,67106026
149842675747,67106318
149842675747,67106349
149842675747,67106435
149842675747,67106486
149842675747,67106696
149842675747,67106836
149842675747,67107026
149842675747,67107098
149842675747,67107261
149842675747,67107283
149842675747,67107508
149842675747,67107518
149842675747,67107519
149842675747,67107520
149842675747,67107521
149842675747,67107522
149842675747,67107523
149842675747,67107524
149842675747,67107525
149842675747,67107526
149842675747,67107527
149842675747,67107528
149842675747,67107543
149842675747,67107550
149842675747,67107556
149842675747,67107557
149842675747,67107616
149842675747,67107761
149842675747,67107808
149842675747,67107903
149842675747,67107913
149842675747,67108170
149842675747,67108336
149842675747,67108440
149842675747,67108783
174678478357,67091634
174678478357,67093911
174678478357,67094227
174678478357,67094296
174678478357,67094314
174678478357,67094317
174678478357,67094420
174678478357,67094462
174678478357,67094484
174678478357,67094494
174678478357,67094520
174678478357,67094568
174678478357,67094687
174678478357,67094705
174678478357,67094711
174678478357,67094724
174678478357,67094734
174678478357,67094745
174678478357,67094764
174678478357,67094771
174678478357,67094782
174678478357,67094789
174678478357,67094872
174678478357,67094896
174678478357,67094924
174678478357,67094939
174678478357,67094956
174678478357,67094998
174678478357,67095089
174678478357,67095129
174678478357,67095143
174678478357,67095151
174678478357,67095183
174678478357,67095201
174678478357,67095205
174678478357,67095207
174678478357,67095235
174678478357,67095261
174678478357,67095368
174678478357,67095407
174678478357,67095543
174678478357,67095697
174678478357,67095833
174678478357,67095900
174678478357,67096043
174678478357,67096059
174678478357,67096112
174678478357,67096126
174678478357,67096190
174678478357,67096270
174678478357,67096317
174678478357,67096498
174678478357,67096503
174678478357,67096505
174678478357,67096656
174678478357,67096670
174678478357,67096671
174678478357,67096672
174678478357,67096678
174678478357,67096687
174678478357,67096716
174678478357,67096717
174678478357,67096718
174678478357,67096765
174678478357,67096841
174678478357,67097030
174678478357,67097218
174678478357,67097243
174678478357,67097254
174678478357,67097290
174678478357,67097376
174678478357,67097450
174678478357,67097452
174678478357,67097455
174678478357,67097467
174678478357,67097476
174678478357,67097565
174678478357,67097665
174678478357,67097676
174678478357,67097688
174678478357,67097696
174678478357,67097702
174678478357,67097911
174678478357,67097970
174678478357,67098026
174678478357,67098030
174678478357,67098430
174678478357,67098431
174678478357,67098434
174678478357,67098440
174678478357,67098478
174678478357,67098481
174678478357,67098526
174678478357,67098560
174678478357,67098630
174678478357,67098660
174678478357,67098661
174678478357,67098662
174678478357,67098666
174678478357,67098708
174678478357,67098754
174678478357,67098807
174678478357,67098832
174678478357,67098849
174678478357,67098965
174678478357,67098981
174678478357,67098998
174678478357,67099125
174678478357,67099162
174678478357,67099182
174678478357,67099189
174678478357,67099224
174678478357,67099263
174678478357,67099284
174678478357,67099325
174678478357,67099379
174678478357,67099400
174678478357,67099415
174678478357,67099416
174678478357,67099417
174678478357,67099420
174678478357,67099422
174678478357,67099430
174678478357,67099431
174678478357,67099513
174678478357,67099515
174678478357,67099536
174678478357,67099547
174678478357,67099563
174678478357,67099606
174678478357,67099610
174678478357,67099636
174678478357,67099659
174678478357,67099728
174678478357,67099777
174678478357,67099821
174678478357,67099834
174678478357,67099835
174678478357,67099871
174678478357,67099907
174678478357,67099909
174678478357,67099912
174678478357,67099967
174678478357,67100022
174678478357,67100090
174678478357,67100200
174678478357,67100350
174678478357,67100444
174678478357,67100457
174678478357,67100547
174678478357,67100553
174678478357,67100636
174678478357,67100721
174678478357,67100725
174678478357,67100729
174678478357,67100731
174678478357,67100743
174678478357,67100817
174678478357,67101302
174678478357,67101618
174678478357,67101687
174678478357,67101705
174678478357,67101708
174678478357,67101727
174678478357,67101811
174678478357,67101853
174678478357,67101875
174678478357,67101882
174678478357,67101885
174678478357,67101911
174678478357,67101959
174678478357,67102068
174678478357,67102078
174678478357,67102096
174678478357,67102102
174678478357,67102115
174678478357,67102125
174678478357,67102136
174678478357,67102155
174678478357,67102162
174678478357,67102173
174678478357,67102179
174678478357,67102263
174678478357,67102287
174678478357,67102330
174678478357,67102347
174678478357,67102389
174678478357,67102520
174678478357,67102534
174678478357,67102542
174678478357,67102574
174678478357,67102592
174678478357,67102596
174678478357,67102598
174678478357,67102626
174678478357,67102652
174678478357,67102759
174678478357,67102797
174678478357,67102874
174678478357,67102934
174678478357,67103088
174678478357,67103224
174678478357,67103291
174678478357,67103434
174678478357,67103450
174678478357,67103503
174678478357,67103517
174678478357,67103581
174678478357,67103661
174678478357,67103708
174678478357,67103889
174678478357,67103894
174678478357,67103896
174678478357,67104061
174678478357,67104062
174678478357,67104063
174678478357,67104069
174678478357,67104078
174678478357,67104108
174678478357,67104156
174678478357,67104232
174678478357,67104421
174678478357,67104609
174678478357,67104634
174678478357,67104645
174678478357,67104681
174678478357,67104767
174678478357,67104841
174678478357,67104843
174678478357,67104858
174678478357,67104867
174678478357,67104956
174678478357,67105056
174678478357,67105067
174678478357,67105087
174678478357,67105093
174678478357,67105209
174678478357,67105302
174678478357,67105361
174678478357,67105417
174678478357,67105421
174678478357,67105763
174678478357,67105821
174678478357,67105822
174678478357,67105825
174678478357,67105831
174678478357,67105869
174678478357,67105872
174678478357,67105917
174678478357,67105951
174678478357,67105988
174678478357,67106020
174678478357,67106021
174678478357,67106051
174678478357,67106052
174678478357,67106053
174678478357,67106057
174678478357,67106099
174678478357,67106145
174678478357,67106198
174678478357,67106240
174678478357,67106356
174678478357,67106372
174678478357,67106389
174678478357,67106512
174678478357,67106516
174678478357,67106553
174678478357,67106573
174678478357,67106654
174678478357,67106675
174678478357,67106716
174678478357,67106770
174678478357,67106791
174678478357,67106805
174678478357,67106806
174678478357,67106807
174678478357,67106808
174678478357,67106811
174678478357,67106813
174678478357,67106821
174678478357,67106822
174678478357,67106831
174678478357,67106904
174678478357,67106906
174678478357,67106927
174678478357,67106954
174678478357,67106997
174678478357,67107001
174678478357,67107050
174678478357,67107118
174678478357,67107168
174678478357,67107212
174678478357,67107225
174678478357,67107226
174678478357,67107262
174678478357,67107273
174678478357,67107298
174678478357,67107300
174678478357,67107302
174678478357,67107358
174678478357,67107413
174678478357,67107481
174678478357,67107741
174678478357,67107835
174678478357,67107938
174678478357,67107944
174678478357,67108027
174678478357,67108112
174678478357,67108116
174678478357,67108119
174678478357,67108122
174678478357,67108134
174678478357,67108208
199514280967,67091763
199514280967,67093805
199514280967,67093872
199514280967,67093983
199514280967,67093993
199514280967,67094008
199514280967,67094036
199514280967,67094096
199514280967,67094144
199514280967,67094376
199514280967,67095044
199514280967,67095063
199514280967,67095320
199514280967,67095437
199514280967,67095979
199514280967,67096062
199514280967,67096065
199514280967,67096282
199514280967,67096283
199514280967,67096584
199514280967,67096607
199514280967,67096608
199514280967,67096695
199514280967,67096741
199514280967,67096905
199514280967,67096926
199514280967,67097074
199514280967,67097275
199514280967,67097283
199514280967,67097477
199514280967,67097555
199514280967,67097644
199514280967,67098520
199514280967,67098681
199514280967,67098810
199514280967,67098811
199514280967,67098812
199514280967,67099176
199514280967,67099259
199514280967,67099439
199514280967,67099553
199514280967,67099593
199514280967,67099607
199514280967,67099611
199514280967,67099926
199514280967,67100047
199514280967,67100219
199514280967,67100272
199514280967,67100324
199514280967,67100558
199514280967,67100591
199514280967,67100627
199514280967,67100932
199514280967,67100933
199514280967,67100979
199514280967,67101196
199514280967,67101263
199514280967,67101374
199514280967,67101384
199514280967,67101399
199514280967,67101427
199514280967,67101487
199514280967,67101535
199514280967,67102435
199514280967,67102454
199514280967,67102711
199514280967,67102828
199514280967,67103370
199514280967,67103453
199514280967,67103456
199514280967,67103673
199514280967,67103674
199514280967,67103975
199514280967,67103998
199514280967,67103999
199514280967,67104086
199514280967,67104132
199514280967,67104282
199514280967,67104296
199514280967,67104317
199514280967,67104465
199514280967,67104868
199514280967,67105035
199514280967,67105911
199514280967,67106072
199514280967,67106201
199514280967,67106202
199514280967,67106567
199514280967,67106705
199514280967,67106830
199514280967,67106944
199514280967,67106984
199514280967,67106998
199514280967,67107317
199514280967,67107610
199514280967,67107663
199514280967,67107715
199514280967,67107949
199514280967,67107982
199514280967,67108018
199514280967,67108323
199514280967,67108324
199514280967,67108370
