1,191
1,192
1,67104028
1,67104029
1,67104030
1,67104031
1,67104157
1,67104158
1,67104159
1,67104160
1,67104286
1,67104287
1,67104288
1,67104289
1,67104415
1,67104416
1,67104417
1,67104418
1,67104543
1,67104544
1,67104545
1,67104546
1,67104547
1,67104548
1,67104549
1,67104550
1,67104551
1,67104552
1,67104553
1,67104554
1,67104555
1,67104556
1,67104557
1,67104558
1,67104559
1,67104560
1,67104561
1,67104562
1,67104563
1,67104564
1,67104565
1,67104566
1,67104567
1,67104568
1,67104569
1,67104570
1,67104571
1,67104572
1,67104573
1,67104574
1,67104575
1,67104576
1,67104577
1,67104578
1,67104579
1,67104580
1,67104581
1,67104582
1,67104583
1,67104584
1,67104585
1,67104586
1,67104587
1,67104588
1,67104589
1,67104590
1,67104591
1,67104592
1,67104593
1,67104594
1,67104595
1,67104596
1,67104597
1,67104598
1,67104599
1,67104600
1,67104601
1,67104602
1,67104603
1,67104604
1,67104605
1,67104606
1,67104607
1,67104608
1,67104609
1,67104610
1,67104611
1,67104612
1,67104613
1,67104614
1,67104615
1,67104616
1,67104617
1,67104618
1,67104619
1,67104620
1,67104621
1,67104622
1,67104623
1,67104624
1,67104625
1,67104626
1,67104627
1,67104628
1,67104629
1,67104630
1,67104631
1,67104632
1,67104633
1,67104634
1,67104635
1,67104636
1,67104637
1,67104638
1,67104639
1,67104640
1,67104641
1,67104642
1,67104643
1,67104644
1,67104645
1,67104646
1,67104647
1,67104648
1,67104649
1,67104650
1,67104651
1,67104652
1,67104653
1,67104654
1,67104655
1,67104656
1,67104657
1,67104658
1,67104659
1,67104660
1,67104661
1,67104662
1,67104663
1,67104664
1,67104665
1,67104666
1,67104667
1,67104668
1,67104669
1,67104670
1,67104671
1,67104672
1,67104673
1,67104674
1,67104675
1,67104676
1,67104677
1,67104678
1,67104679
1,67104680
1,67104681
1,67104682
1,67104683
1,67104684
1,67104685
1,67104686
1,67104687
1,67104688
1,67104689
1,67104690
1,67104691
1,67104692
1,67104693
1,67104694
1,67104695
1,67104696
1,67104697
1,67104698
1,67104699
1,67104700
1,67104701
1,67104702
1,67104703
1,67104704
1,67104705
1,67104706
1,67104707
1,67104708
1,67104709
1,67104710
1,67104711
1,67104712
1,67104713
1,67104714
1,67104715
1,67104716
1,67104717
1,67104718
1,67104719
1,67104720
1,67104721
1,67104722
1,67104723
1,67104724
1,67104725
1,67104726
1,67104727
1,67104728
1,67104729
1,67104730
1,67104731
1,67104732
1,67104733
1,67104734
1,67104735
1,67104736
1,67104737
1,67104738
1,67104739
1,67104740
1,67104741
1,67104742
1,67104743
1,67104744
1,67104745
1,67104746
1,67104747
1,67104748
1,67104749
1,67104750
1,67104751
1,67104752
1,67104753
1,67104754
1,67104755
1,67104756
1,67104757
1,67104758
1,67104759
1,67104760
1,67104761
1,67104762
1,67104763
1,67104764
1,67104765
1,67104766
1,67104767
1,67104768
1,67104769
1,67104770
1,67104771
1,67104772
1,67104773
1,67104774
1,67104775
1,67104776
1,67104777
1,67104778
1,67104779
1,67104780
1,67104781
1,67104782
1,67104783
1,67104784
1,67104785
1,67104786
1,67104787
1,67108665
1,67108666
1,67108667
1,67108668
1,67108669
1,67108827
1,67108829
1,67108831
1,67108832
1,67108988
1,67109052
3,67104134
3,67104135
3,67104136
3,67104137
3,67104138
3,67104139
3,67104140
3,67104141
3,67104142
3,67104263
3,67104264
3,67104265
3,67104266
3,67104267
3,67104268
3,67104269
3,67104270
3,67104271
3,67104315
3,67104521
3,67104522
3,67104523
3,67104524
3,67104525
3,67104526
3,67104527
3,67104528
3,67104529
3,67107989
3,67107990
3,67107991
3,67107992
3,67107993
3,67107994
3,67107995
3,67107996
3,67107997
3,67107998
3,67107999
3,67108000
3,67108001
3,67108002
3,67108003
3,67108004
3,67108005
3,67108006
3,67108007
3,67108008
3,67108009
3,67108010
3,67108011
3,67108012
3,67108013
3,67108014
3,67108015
3,67108016
3,67108017
3,67108018
3,67108019
3,67108020
3,67108021
3,67108022
3,67108023
3,67108024
3,67108025
3,67108026
3,67108027
3,67108028
3,67108029
3,67108030
3,67108031
3,67108032
3,67108033
3,67108034
3,67108035
3,67108036
3,67108037
3,67108038
3,67108039
3,67108040
3,67108041
3,67108042
3,67108043
3,67108044
3,67108045
3,67108046
3,67108047
3,67108048
3,67108049
3,67108050
3,67108051
3,67108052
3,67108053
3,67108054
3,67108055
3,67108056
3,67108057
3,67108058
3,67108059
3,67108060
3,67108061
3,67108062
3,67108063
3,67108064
3,67108065
3,67108066
3,67108067
3,67108068
3,67108069
3,67108070
3,67108071
3,67108072
3,67108073
3,67108074
3,67108075
3,67108076
3,67108077
3,67108078
3,67108079
3,67108080
3,67108081
3,67108082
3,67108083
3,67108084
3,67108085
3,67108086
3,67108087
3,67108088
3,67108089
3,67108090
3,67108091
3,67108092
3,67108093
3,67108094
3,67108095
3,67108096
3,67108097
3,67108098
3,67108099
3,67108100
3,67108101
3,67108102
3,67108103
3,67108104
3,67108105
3,67108106
3,67108107
3,67108108
3,67108109
3,67108110
3,67108111
3,67108112
3,67108113
3,67108114
3,67108115
3,67108116
3,67108117
3,67108118
3,67108119
3,67108120
3,67108121
3,67108122
3,67108123
3,67108124
3,67108125
3,67108126
3,67108127
3,67108128
3,67108129
3,67108130
3,67108131
3,67108132
3,67108133
3,67108134
3,67108135
3,67108136
3,67108137
3,67108138
3,67108139
3,67108140
3,67108141
3,67108142
3,67108143
3,67108144
3,67108145
3,67108146
3,67108147
3,67108148
3,67108149
3,67108150
3,67108151
3,67108152
3,67108153
3,67108154
3,67108155
3,67108156
3,67108157
3,67108158
3,67108159
3,67108160
3,67108161
3,67108162
3,67108163
3,67108164
3,67108165
3,67108166
3,67108167
3,67108168
3,67108169
3,67108170
3,67108171
3,67108172
3,67108173
3,67108174
3,67108175
3,67108176
3,67108177
3,67108178
3,67108179
3,67108180
3,67108181
3,67108182
3,67108183
3,67108184
3,67108185
3,67108186
3,67108187
3,67108188
3,67108189
3,67108190
3,67108191
3,67108192
3,67108193
3,67108194
3,67108195
3,67108196
3,67108197
3,67108198
3,67108199
3,67108200
3,67108201
3,67108202
3,67108203
3,67108204
3,67108205
3,67108206
3,67108207
3,67108208
3,67108209
3,67108210
3,67108211
3,67108212
3,67108213
3,67108214
3,67108215
3,67108216
3,67108217
3,67108218
3,67108219
3,67108220
3,67108221
3,67108222
3,67108223
3,67108224
3,67108225
3,67108226
3,67108227
3,67108228
3,67108229
3,67108772
3,67108773
3,67108774
3,67108775
3,67108776
3,67108777
3,67108778
3,67108779
