732856447,67096791
732856447,67096792
732856447,67096793
732856447,67096794
732856447,67096795
732856447,67096796
732856447,67096797
732856447,67096798
732856447,67096799
732856447,67096800
732856447,67096801
732856447,67096802
732856447,67096803
732856447,67096804
732856447,67096805
732856447,67096806
732856447,67096807
732856447,67096808
732856447,67096809
732856447,67096810
732856447,67096811
732856447,67096812
732856447,67096813
732856447,67096814
732856447,67096815
732856447,67096816
732856447,67096817
732856447,67096818
732856447,67096819
732856447,67096820
732856447,67096821
732856447,67096822
732856447,67096823
732856447,67096824
732856447,67096825
732856447,67096826
732856447,67096827
732856447,67096828
732856447,67096829
732856447,67096830
732856447,67096831
732856447,67096832
732856447,67096833
732856447,67096834
732856447,67096835
732856447,67096836
732856447,67096837
732856447,67096838
732856447,67096839
732856447,67096840
732856447,67096841
732856447,67096842
732856447,67096843
732856447,67096844
732856447,67096845
732856447,67096846
732856447,67096847
732856447,67096848
732856447,67096849
732856447,67096850
732856447,67096851
732856447,67096852
732856447,67096853
732856447,67096854
732856447,67096855
732856447,67096856
732856447,67096857
732856447,67096858
732856447,67096859
732856447,67096860
732856447,67096861
732856447,67096862
732856447,67096863
732856447,67096864
732856447,67096865
732856447,67096866
732856447,67096867
732856447,67096868
732856447,67096869
732856447,67096870
732856447,67096871
732856447,67096872
732856447,67096873
732856447,67096874
732856447,67096875
732856447,67096876
732856447,67096877
732856447,67096878
732856447,67096879
732856447,67096880
732856447,67096881
732856447,67096882
732856447,67096883
732856447,67096884
732856447,67096885
732856447,67096886
732856447,67096887
732856447,67096888
732856447,67096889
732856447,67096890
732856447,67096891
732856447,67096892
732856447,67096893
732856447,67096894
732856447,67096895
732856447,67096896
732856447,67096897
732856447,67096898
732856447,67096899
732856447,67096900
732856447,67096901
732856447,67096902
732856447,67096903
732856447,67096904
732856447,67096905
732856447,67096906
732856447,67096907
732856447,67096908
732856447,67096909
732856447,67096910
732856447,67096911
732856447,67096912
732856447,67096913
732856447,67096914
732856447,67096915
732856447,67096916
732856447,67096917
732856447,67096918
22718549857,67096443
22718549857,67096444
22718549857,67096446
22718549857,67096451
22718549857,67096453
22718549857,67096455
22718549857,67096458
22718549857,67096459
22718549857,67096460
22718549857,67096463
22718549857,67096465
22718549857,67096472
22718549857,67096482
22718549857,67096483
22718549857,67096497
22718549857,67096499
22718549857,67096500
22718549857,67096501
22718549857,67096507
22718549857,67096510
22718549857,67096511
22718549857,67096513
22718549857,67096514
22718549857,67096515
22718549857,67096516
22718549857,67096517
22718549857,67096529
22718549857,67096537
22718549857,67096539
22718549857,67096544
22718549857,67096546
22718549857,67096547
22718549857,67096549
22718549857,67096551
22718549857,67096552
22718549857,67096554
22718549857,67096556
22718549857,67096557
22718549857,67096559
22718549857,67096560
22718549857,67096561
22718549857,67096562
22718549857,67096566
22718549857,67096567
22718549857,67096569
22718549857,67096570
22718549857,67096572
22718549857,67096573
22718549857,67096581
22718549857,67096582
22718549857,67096583
22718549857,67096586
22718549857,67096588
22718549857,67096589
22718549857,67096590
22718549857,67096592
22718549857,67096593
22718549857,67096594
22718549857,67096595
22718549857,67096596
22718549857,67096597
22718549857,67096598
22718549857,67096619
22718549857,67096620
22718549857,67096621
22718549857,67096622
22718549857,67096624
22718549857,67096626
22718549857,67096627
22718549857,67096630
22718549857,67096633
22718549857,67096637
22718549857,67096639
22718549857,67096640
22718549857,67096641
22718549857,67096643
22718549857,67096644
22718549857,67096649
22718549857,67096650
22718549857,67096651
22718549857,67096658
22718549857,67096659
22718549857,67096665
22718549857,67096666
22718549857,67096667
22718549857,67096669
22718549857,67096671
22718549857,67096673
22718549857,67096674
22718549857,67096675
22718549857,67096678
22718549857,67096682
22718549857,67096683
22718549857,67096684
22718549857,67096686
22718549857,67096696
22718549857,67096698
22718549857,67096699
22718549857,67096700
22718549857,67096701
22718549857,67096702
22718549857,67096703
22718549857,67096708
22718549857,67096709
22718549857,67096711
22718549857,67096712
22718549857,67096713
22718549857,67096718
22718549857,67096719
22718549857,67096720
22718549857,67096723
22718549857,67096724
22718549857,67096734
22718549857,67096741
22718549857,67096742
22718549857,67096746
22718549857,67096748
22718549857,67096749
22718549857,67096752
22718549857,67096753
22718549857,67096755
22718549857,67096760
22718549857,67096764
22718549857,67096766
22718549857,67096767
22718549857,67096771
22718549857,67096773
22718549857,67096775
44704243267,131237
44704243267,67094468
44704243267,67096441
44704243267,67096442
44704243267,67096445
44704243267,67096447
44704243267,67096448
44704243267,67096449
44704243267,67096450
44704243267,67096452
44704243267,67096454
44704243267,67096456
44704243267,67096457
44704243267,67096461
44704243267,67096462
44704243267,67096464
44704243267,67096466
44704243267,67096467
44704243267,67096468
44704243267,67096475
44704243267,67096486
44704243267,67096496
44704243267,67096502
44704243267,67096503
44704243267,67096505
44704243267,67096506
44704243267,67096508
44704243267,67096512
44704243267,67096519
44704243267,67096520
44704243267,67096521
44704243267,67096522
44704243267,67096523
44704243267,67096524
44704243267,67096525
44704243267,67096526
44704243267,67096527
44704243267,67096528
44704243267,67096530
44704243267,67096531
44704243267,67096532
44704243267,67096533
44704243267,67096534
44704243267,67096535
44704243267,67096536
44704243267,67096538
44704243267,67096540
44704243267,67096541
44704243267,67096542
44704243267,67096543
44704243267,67096545
44704243267,67096548
44704243267,67096550
44704243267,67096558
44704243267,67096565
44704243267,67096577
44704243267,67096578
44704243267,67096634
44704243267,67096660
44704243267,67096681
44704243267,67096687
44704243267,67096688
44704243267,67096690
44704243267,67096693
44704243267,67096694
44704243267,67096697
44704243267,67096704
44704243267,67096726
44704243267,67096730
44704243267,67096732
44704243267,67096738
44704243267,67096768
44704243267,67096781
44704243267,67096782
44704243267,67096783
44704243267,67096784
44704243267,67096787
44704243267,67096788
44704243267,67096789
44704243267,67096790
44704243267,67098827
44704243267,67099030
44704243267,67099057
44704243267,67099059
44704243267,67099061
44704243267,67099066
44704243267,67099085
44704243267,67099086
44704243267,67099089
44704243267,67099097
44704243267,67099110
44704243267,67099117
44704243267,67099119
44704243267,67099140
44704243267,67099150
44704243267,67099159
44704243267,67099162
44704243267,67099167
44704243267,67099170
44704243267,67099173
44704243267,67099175
44704243267,67099185
44704243267,67099191
44704243267,67099196
44704243267,67099214
44704243267,67099231
44704243267,67099240
44704243267,67099253
44704243267,67099257
44704243267,67099264
44704243267,67099273
44704243267,67099275
44704243267,67102124
44704243267,67104158
44704243267,67104418
44704243267,67104419
44704243267,67104420
44704243267,67104421
44704243267,67104422
44704243267,67104423
44704243267,67104424
44704243267,67104425
44704243267,67104426
44704243267,67104427
44704243267,67104428
44704243267,67104429
44704243267,67104430
44704243267,67104664
