1,192
1,67104289
1,67104543
1,67104544
1,67104545
1,67104546
1,67104547
1,67104548
1,67104549
1,67104550
1,67104551
1,67104552
1,67104553
1,67104554
1,67104555
1,67104556
1,67104557
1,67104558
1,67104559
1,67104560
1,67104561
1,67104562
1,67104563
1,67104564
1,67104565
1,67104566
1,67104567
1,67104568
1,67104569
1,67104570
1,67104581
1,67104585
1,67104588
1,67104597
1,67104603
1,67104604
1,67104608
1,67104618
1,67104624
1,67104629
1,67104638
1,67104639
1,67104655
1,67104662
1,67104667
1,67104669
1,67104787
