1379256614,67104543
1379256614,67104544
1379256614,67104545
1379256614,67104546
1379256614,67104547
1379256614,67104548
1379256614,67104549
1379256614,67104550
1379256614,67104551
1379256614,67104552
1379256614,67104553
1379256614,67104554
1379256614,67104555
1379256614,67104556
1379256614,67104557
1379256614,67104558
1379256614,67104562
1379256614,67104566
1379256614,67104568
1379256614,67104570
1379256614,67104571
1379256614,67104572
1379256614,67104576
1379256614,67104577
1379256614,67104578
1379256614,67104590
1379256614,67104594
1379256614,67104595
1379256614,67104597
1379256614,67104606
1379256614,67104610
1379256614,67104612
1379256614,67104613
1379256614,67104614
1379256614,67104619
1379256614,67104624
1379256614,67104626
1379256614,67104627
1379256614,67104628
1379256614,67104636
1379256614,67104637
1379256614,67104642
1379256614,67104649
1379256614,67104650
1379256614,67104656
1379256614,67104658
1379256614,67104902
