1379256614,67099320
1379256614,67099908
1379256614,67100548
1379256614,67100549
1379256614,67100550
1379256614,67100551
1379256614,67100552
1379256614,67100553
1379256614,67100554
1379256614,67100555
1379256614,67100556
1379256614,67100557
1379256614,67100558
1379256614,67100559
1379256614,67100560
1379256614,67100561
1379256614,67100562
1379256614,67100563
1379256614,67100564
1379256614,67100565
1379256614,67100566
1379256614,67100567
1379256614,67100568
1379256614,67100569
1379256614,67100570
1379256614,67100571
1379256614,67100572
1379256614,67100573
1379256614,67100575
1379256614,67100576
1379256614,67100577
1379256614,67100578
1379256614,67100579
1379256614,67100580
1379256614,67100581
1379256614,67100582
1379256614,67100583
1379256614,67100584
1379256614,67100585
1379256614,67100586
1379256614,67100587
1379256614,67100588
1379256614,67100589
1379256614,67100590
1379256614,67100591
1379256614,67100592
1379256614,67100594
1379256614,67100595
1379256614,67100596
1379256614,67100597
1379256614,67100598
1379256614,67100599
1379256614,67100600
1379256614,67100601
1379256614,67100602
1379256614,67100603
1379256614,67100604
1379256614,67100605
1379256614,67100606
1379256614,67100607
1379256614,67100608
1379256614,67100609
1379256614,67100610
1379256614,67100611
1379256614,67100612
1379256614,67100613
1379256614,67100614
1379256614,67100615
1379256614,67100616
1379256614,67100617
1379256614,67100618
1379256614,67100619
1379256614,67100620
1379256614,67100621
1379256614,67100622
1379256614,67100623
1379256614,67100624
1379256614,67100625
1379256614,67100626
1379256614,67100627
1379256614,67100628
1379256614,67100629
1379256614,67100630
1379256614,67100631
1379256614,67100632
1379256614,67100633
1379256614,67100634
1379256614,67100635
1379256614,67100636
1379256614,67100637
1379256614,67100638
1379256614,67100639
1379256614,67100640
1379256614,67100641
1379256614,67100642
1379256614,67100643
1379256614,67100644
1379256614,67100645
1379256614,67100646
1379256614,67100647
1379256614,67100648
1379256614,67100649
1379256614,67100650
1379256614,67100651
1379256614,67100652
1379256614,67100653
1379256614,67100654
1379256614,67100655
1379256614,67100656
1379256614,67100657
1379256614,67100658
1379256614,67100659
1379256614,67100660
1379256614,67100661
1379256614,67100662
1379256614,67100663
1379256614,67100665
1379256614,67100666
1379256614,67100667
1379256614,67100668
1379256614,67100669
1379256614,67100670
1379256614,67100672
1379256614,67100673
1379256614,67100674
1379256614,67100675
1379256614,67100958
1379256614,67104953
42756955034,67099992
42756955034,67100574
42756955034,67100593
42756955034,67100664
42756955034,67100671
42756955034,67100676
42756955034,67102249
42756955034,67102276
42756955034,67102277
42756955034,67102282
42756955034,67102285
42756955034,67102295
42756955034,67102296
42756955034,67102298
42756955034,67102300
42756955034,67102301
42756955034,67102302
42756955034,67102303
42756955034,67102304
42756955034,67102305
42756955034,67102306
42756955034,67102307
42756955034,67102320
42756955034,67102321
42756955034,67102322
42756955034,67102323
42756955034,67102324
42756955034,67102325
42756955034,67102326
42756955034,67102327
42756955034,67102328
42756955034,67102344
42756955034,67102345
42756955034,67102346
42756955034,67102347
42756955034,67102348
42756955034,67102349
42756955034,67102351
42756955034,67102352
42756955034,67102353
42756955034,67102354
42756955034,67102355
42756955034,67102356
42756955034,67102357
42756955034,67102358
42756955034,67102359
42756955034,67102366
42756955034,67102367
42756955034,67102368
42756955034,67102369
42756955034,67102370
42756955034,67102371
42756955034,67102372
42756955034,67102373
42756955034,67102374
42756955034,67102375
42756955034,67102376
42756955034,67102388
42756955034,67102389
42756955034,67102390
42756955034,67102391
42756955034,67102392
42756955034,67102393
42756955034,67102394
42756955034,67102395
42756955034,67102396
42756955034,67106269
42756955034,67106271
42756955034,67106275
42756955034,67106276
42756955034,67106280
42756955034,67106290
42756955034,67106291
42756955034,67106292
42756955034,67106293
42756955034,67106295
42756955034,67106296
42756955034,67106297
42756955034,67106298
42756955034,67106299
42756955034,67106301
42756955034,67106302
42756955034,67106315
42756955034,67106316
42756955034,67106317
42756955034,67106318
42756955034,67106319
42756955034,67106320
42756955034,67106321
42756955034,67106322
42756955034,67106323
42756955034,67106339
42756955034,67106340
42756955034,67106341
42756955034,67106342
42756955034,67106343
42756955034,67106344
42756955034,67106345
42756955034,67106346
42756955034,67106347
42756955034,67106348
42756955034,67106349
42756955034,67106350
42756955034,67106351
42756955034,67106352
42756955034,67106353
42756955034,67106354
42756955034,67106361
42756955034,67106362
42756955034,67106363
42756955034,67106364
42756955034,67106365
42756955034,67106366
42756955034,67106367
42756955034,67106368
42756955034,67106369
42756955034,67106370
42756955034,67106371
42756955034,67106383
42756955034,67106384
42756955034,67106385
42756955034,67106386
42756955034,67106387
42756955034,67106388
42756955034,67106389
42756955034,67106390
42756955034,67106391
42756955034,67108666
84134653454,67102431
84134653454,67102436
84134653454,67102438
84134653454,67102440
84134653454,67102441
84134653454,67102445
84134653454,67102448
84134653454,67102452
84134653454,67102454
84134653454,67102455
84134653454,67102456
84134653454,67102458
84134653454,67102459
84134653454,67102460
84134653454,67102461
84134653454,67102462
84134653454,67102463
84134653454,67102464
84134653454,67102465
84134653454,67102466
84134653454,67102467
84134653454,67102468
84134653454,67102469
84134653454,67102470
84134653454,67102471
84134653454,67102472
84134653454,67102473
84134653454,67102474
84134653454,67102475
84134653454,67102476
84134653454,67102477
84134653454,67102478
84134653454,67102479
84134653454,67102480
84134653454,67102481
84134653454,67102482
84134653454,67102483
84134653454,67102484
84134653454,67102485
84134653454,67102486
84134653454,67102487
84134653454,67102488
84134653454,67102489
84134653454,67102490
84134653454,67106427
84134653454,67106431
84134653454,67106433
84134653454,67106435
84134653454,67106436
84134653454,67106439
84134653454,67106440
84134653454,67106449
84134653454,67106450
84134653454,67106451
84134653454,67106453
84134653454,67106454
84134653454,67106455
84134653454,67106456
84134653454,67106457
84134653454,67106458
84134653454,67106459
84134653454,67106460
84134653454,67106461
84134653454,67106462
84134653454,67106463
84134653454,67106464
84134653454,67106465
84134653454,67106466
84134653454,67106467
84134653454,67106468
84134653454,67106469
84134653454,67106470
84134653454,67106471
84134653454,67106472
84134653454,67106473
84134653454,67106474
84134653454,67106475
84134653454,67106476
84134653454,67106477
84134653454,67106478
84134653454,67106479
84134653454,67106480
84134653454,67106481
84134653454,67106482
84134653454,67106483
84134653454,67106484
84134653454,67106485
