1096522560,67091408
1096522560,67092425
1096522560,67092426
1096522560,67093414
1096522560,67093415
1096522560,67093416
1096522560,67093417
1096522560,67093418
1096522560,67093419
1096522560,67093420
1096522560,67093421
1096522560,67093422
1096522560,67093423
1096522560,67093424
1096522560,67093425
1096522560,67093426
1096522560,67093427
1096522560,67093428
1096522560,67093429
1096522560,67093430
1096522560,67093431
1096522560,67093432
1096522560,67093433
1096522560,67093434
1096522560,67093436
1096522560,67093437
1096522560,67093438
1096522560,67093439
1096522560,67093440
1096522560,67093441
1096522560,67093442
1096522560,67093443
1096522560,67093444
1096522560,67093445
1096522560,67093446
1096522560,67093447
1096522560,67093448
1096522560,67093449
1096522560,67093450
1096522560,67093451
1096522560,67093475
1096522560,67093476
1096522560,67093477
1096522560,67093478
1096522560,67093479
1096522560,67093480
1096522560,67093481
1096522560,67093482
1096522560,67093483
1096522560,67093484
1096522560,67093485
1096522560,67093486
1096522560,67093487
1096522560,67093488
1096522560,67093489
1096522560,67093490
1096522560,67093491
1096522560,67093492
1096522560,67093493
1096522560,67093494
1096522560,67093495
1096522560,67093496
1096522560,67093497
1096522560,67093498
1096522560,67093499
1096522560,67093500
1096522560,67093501
1096522560,67093502
1096522560,67093503
1096522560,67093504
1096522560,67093505
1096522560,67093506
1096522560,67093507
1096522560,67093508
1096522560,67093509
1096522560,67093510
1096522560,67093883
1096522560,67093884
1096522560,67093885
1096522560,67093886
1096522560,67093887
1096522560,67093888
1096522560,67093889
1096522560,67093890
1096522560,67093891
1096522560,67093892
1096522560,67093893
1096522560,67093894
1096522560,67093895
1096522560,67093896
1096522560,67093897
1096522560,67093898
1096522560,67093899
1096522560,67093900
1096522560,67093901
1096522560,67093902
1096522560,67093903
1096522560,67093904
1096522560,67093905
1096522560,67093906
1096522560,67093907
1096522560,67101372
1096522560,67101373
1096522560,67101374
1096522560,67101375
1096522560,67101376
1096522560,67101377
1096522560,67101378
1096522560,67101379
1096522560,67101380
1096522560,67101381
1096522560,67101382
1096522560,67101383
1096522560,67101384
1096522560,67101385
1096522560,67101386
1096522560,67101387
1096522560,67101388
1096522560,67101389
1096522560,67101390
1096522560,67101391
1096522560,67101392
1096522560,67101393
1096522560,67101394
1096522560,67101395
1096522560,67101396
1096522560,67108593
1096522560,67109052
33992199360,67093435
33992199360,67093452
33992199360,67093453
33992199360,67093454
33992199360,67093511
33992199360,67093512
33992199360,67093513
33992199360,67093514
33992199360,67093515
33992199360,67093516
33992199360,67093517
33992199360,67093518
33992199360,67093519
33992199360,67093520
33992199360,67093521
33992199360,67093522
33992199360,67093523
33992199360,67093524
33992199360,67093525
33992199360,67093526
33992199360,67093527
33992199360,67098759
33992199360,67098821
33992199360,67098822
33992199360,67098823
33992199360,67106248
33992199360,67106310
33992199360,67106311
33992199360,67106312
33992199360,67106313
33992199360,67108602
