902036450,67093288
902036450,67093289
902036450,67093290
902036450,67093291
902036450,67093292
902036450,67093293
902036450,67093294
902036450,67093295
902036450,67093296
902036450,67093297
902036450,67093298
902036450,67093299
902036450,67093300
902036450,67093301
902036450,67093302
902036450,67093303
902036450,67093304
902036450,67093305
902036450,67093306
902036450,67093307
902036450,67093308
902036450,67093309
902036450,67093310
902036450,67093311
902036450,67093313
902036450,67093314
902036450,67093315
902036450,67093316
902036450,67093317
902036450,67093318
902036450,67093319
902036450,67093320
902036450,67093321
902036450,67093322
902036450,67093323
902036450,67093324
902036450,67093325
902036450,67093326
902036450,67093327
902036450,67093328
902036450,67093329
902036450,67093330
902036450,67093331
902036450,67093333
902036450,67093335
902036450,67093336
902036450,67093337
902036450,67093338
902036450,67093339
902036450,67093340
902036450,67093341
902036450,67093342
902036450,67093343
902036450,67093344
902036450,67093345
902036450,67093346
902036450,67093347
902036450,67093348
902036450,67093349
902036450,67093350
902036450,67093351
902036450,67093352
902036450,67093353
902036450,67093354
902036450,67093355
902036450,67093356
902036450,67093357
902036450,67093372
902036450,67093375
902036450,67093389
902036450,67093401
902036450,67093403
902036450,67093407
902036450,67093410
902036450,67093413
902036450,67093415
902036450,67093417
902036450,67093418
902036450,67093425
902036450,67093426
902036450,67093428
902036450,67093433
902036450,67093436
902036450,67093443
902036450,67093444
902036450,67093446
902036450,67093461
902036450,67093464
902036450,67093465
902036450,67093472
902036450,67093474
902036450,67093477
902036450,67093478
902036450,67093485
902036450,67093488
902036450,67093495
902036450,67093499
902036450,67093504
902036450,67093516
902036450,67093518
902036450,67093523
902036450,67093524
902036450,67093531
902036450,67093536
902036450,67093541
902036450,67093548
902036450,67093552
902036450,67093553
902036450,67093558
902036450,67093559
902036450,67093562
902036450,67093565
902036450,67093567
902036450,67093576
902036450,67093585
902036450,67093595
902036450,67093603
902036450,67093615
902036450,67093616
902036450,67093617
902036450,67093619
902036450,67093624
902036450,67093634
902036450,67093637
902036450,67093639
902036450,67093640
902036450,67095395
902036450,67102786
27963129950,131231
27963129950,67093332
27963129950,67093334
27963129950,67093369
27963129950,67093370
27963129950,67093373
27963129950,67093379
27963129950,67093381
27963129950,67093382
27963129950,67093383
27963129950,67093391
27963129950,67093392
27963129950,67093393
27963129950,67093394
27963129950,67093395
27963129950,67093396
27963129950,67093397
27963129950,67093398
27963129950,67093402
27963129950,67093404
27963129950,67093405
27963129950,67093408
27963129950,67093411
27963129950,67093412
27963129950,67093414
27963129950,67093416
27963129950,67093419
27963129950,67093420
27963129950,67093421
27963129950,67093423
27963129950,67093424
27963129950,67093427
27963129950,67093429
27963129950,67093431
27963129950,67093434
27963129950,67093435
27963129950,67093438
27963129950,67093439
27963129950,67093442
27963129950,67093445
27963129950,67093447
27963129950,67093449
27963129950,67093450
27963129950,67093451
27963129950,67093453
27963129950,67093454
27963129950,67093455
27963129950,67093456
27963129950,67093457
27963129950,67093459
27963129950,67093460
27963129950,67093462
27963129950,67093463
27963129950,67093468
27963129950,67093469
27963129950,67093470
27963129950,67093471
27963129950,67093473
27963129950,67093475
27963129950,67093476
27963129950,67093479
27963129950,67093487
27963129950,67093489
27963129950,67093490
27963129950,67093491
27963129950,67093492
27963129950,67093493
27963129950,67093494
27963129950,67093497
27963129950,67093500
27963129950,67093501
27963129950,67093503
27963129950,67093505
27963129950,67093514
27963129950,67093517
27963129950,67093520
27963129950,67093525
27963129950,67093526
27963129950,67093528
27963129950,67093529
27963129950,67093530
27963129950,67093533
27963129950,67093535
27963129950,67093537
27963129950,67093538
27963129950,67093540
27963129950,67093544
27963129950,67093545
27963129950,67093546
27963129950,67093547
27963129950,67093554
27963129950,67093555
27963129950,67093556
27963129950,67093557
27963129950,67093561
27963129950,67093563
27963129950,67093564
27963129950,67093566
27963129950,67093568
27963129950,67093569
27963129950,67093570
27963129950,67093572
27963129950,67093573
27963129950,67093575
27963129950,67093577
27963129950,67093578
27963129950,67093580
27963129950,67093584
27963129950,67093586
27963129950,67093587
27963129950,67093592
27963129950,67093593
27963129950,67093594
27963129950,67093596
27963129950,67093597
27963129950,67093598
27963129950,67093602
27963129950,67093604
27963129950,67093613
27963129950,67093614
27963129950,67093620
27963129950,67093621
27963129950,67093623
27963129950,67093626
27963129950,67093627
27963129950,67093630
27963129950,67093631
27963129950,67093638
55024223450,67093312
55024223450,67093368
55024223450,67093371
55024223450,67093374
55024223450,67093376
55024223450,67093377
55024223450,67093378
55024223450,67093384
55024223450,67093385
55024223450,67093386
55024223450,67093387
55024223450,67093388
55024223450,67093406
55024223450,67093409
55024223450,67093422
55024223450,67093430
55024223450,67093432
55024223450,67093437
55024223450,67093441
55024223450,67093448
55024223450,67093458
55024223450,67093466
55024223450,67093467
55024223450,67093481
55024223450,67093482
55024223450,67093483
55024223450,67093484
55024223450,67093486
55024223450,67093496
55024223450,67093506
55024223450,67093511
55024223450,67093512
55024223450,67093513
55024223450,67093515
55024223450,67093519
55024223450,67093521
55024223450,67093522
55024223450,67093527
55024223450,67093532
55024223450,67093534
55024223450,67093539
55024223450,67093542
55024223450,67093543
55024223450,67093549
55024223450,67093550
55024223450,67093551
55024223450,67093560
55024223450,67093571
55024223450,67093574
55024223450,67093579
55024223450,67093581
55024223450,67093582
55024223450,67093583
55024223450,67093588
55024223450,67093599
55024223450,67093600
55024223450,67093601
55024223450,67093608
55024223450,67093609
55024223450,67093610
55024223450,67093611
55024223450,67093612
55024223450,67093618
55024223450,67093622
55024223450,67093625
55024223450,67093628
55024223450,67093629
55024223450,67093632
55024223450,67093635
55024223450,67093647
55024223450,67093648
55024223450,67093650
