732856447,67099298
732856447,67100548
732856447,67100549
732856447,67100550
732856447,67100551
732856447,67100552
732856447,67100553
732856447,67100554
732856447,67100555
732856447,67100556
732856447,67100557
732856447,67100558
732856447,67100559
732856447,67100560
732856447,67100561
732856447,67100562
732856447,67100563
732856447,67100564
732856447,67100565
732856447,67100566
732856447,67100567
732856447,67100568
732856447,67100569
732856447,67100570
732856447,67100571
732856447,67100572
732856447,67100573
732856447,67100574
732856447,67100575
732856447,67100576
732856447,67100577
732856447,67100578
732856447,67100579
732856447,67100580
732856447,67100581
732856447,67100582
732856447,67100583
732856447,67100584
732856447,67100585
732856447,67100586
732856447,67100587
732856447,67100588
732856447,67100589
732856447,67100590
732856447,67100591
732856447,67100592
732856447,67100593
732856447,67100594
732856447,67100595
732856447,67100596
732856447,67100597
732856447,67100598
732856447,67100599
732856447,67100600
732856447,67100601
732856447,67100602
732856447,67100603
732856447,67100604
732856447,67100605
732856447,67100606
732856447,67100607
732856447,67100610
732856447,67100613
732856447,67100644
732856447,67100656
732856447,67100659
732856447,67100660
732856447,67100663
732856447,67100664
732856447,67100665
732856447,67100666
732856447,67100667
732856447,67100668
732856447,67100669
732856447,67100670
732856447,67100671
732856447,67100672
732856447,67100673
732856447,67100674
732856447,67100675
732856447,67100792
732856447,67100793
732856447,67104787
732856447,67104788
732856447,67108669
