732856447,67099298
732856447,67100548
732856447,67100549
732856447,67100550
732856447,67100551
732856447,67100552
732856447,67100553
732856447,67100554
732856447,67100555
732856447,67100556
732856447,67100557
732856447,67100558
732856447,67100559
732856447,67100560
732856447,67100561
732856447,67100562
732856447,67100563
732856447,67100564
732856447,67100565
732856447,67100566
732856447,67100567
732856447,67100568
732856447,67100569
732856447,67100570
732856447,67100571
732856447,67100572
732856447,67100573
732856447,67100574
732856447,67100575
732856447,67100576
732856447,67100577
732856447,67100578
732856447,67100579
732856447,67100580
732856447,67100581
732856447,67100582
732856447,67100583
732856447,67100584
732856447,67100585
732856447,67100586
732856447,67100587
732856447,67100588
732856447,67100589
732856447,67100590
732856447,67100591
732856447,67100592
732856447,67100593
732856447,67100594
732856447,67100595
732856447,67100596
732856447,67100597
732856447,67100598
732856447,67100599
732856447,67100600
732856447,67100601
732856447,67100602
732856447,67100603
732856447,67100604
732856447,67100605
732856447,67100606
732856447,67100607
732856447,67100608
732856447,67100609
732856447,67100610
732856447,67100612
732856447,67100613
732856447,67100614
732856447,67100615
732856447,67100616
732856447,67100617
732856447,67100618
732856447,67100619
732856447,67100620
732856447,67100621
732856447,67100622
732856447,67100623
732856447,67100624
732856447,67100625
732856447,67100628
732856447,67100629
732856447,67100630
732856447,67100631
732856447,67100633
732856447,67100634
732856447,67100635
732856447,67100636
732856447,67100637
732856447,67100638
732856447,67100639
732856447,67100640
732856447,67100641
732856447,67100642
732856447,67100643
732856447,67100644
732856447,67100645
732856447,67100646
732856447,67100647
732856447,67100648
732856447,67100649
732856447,67100651
732856447,67100652
732856447,67100654
732856447,67100655
732856447,67100656
732856447,67100657
732856447,67100658
732856447,67100659
732856447,67100660
732856447,67100661
732856447,67100662
732856447,67100663
732856447,67100664
732856447,67100665
732856447,67100666
732856447,67100667
732856447,67100668
732856447,67100669
732856447,67100670
732856447,67100671
732856447,67100672
732856447,67100673
732856447,67100674
732856447,67100675
732856447,67100792
732856447,67100793
732856447,67104787
732856447,67104788
732856447,67108669
22718549857,131244
22718549857,67099269
22718549857,67099933
22718549857,67100611
22718549857,67100626
22718549857,67100627
22718549857,67100632
22718549857,67100650
22718549857,67100653
22718549857,67100676
22718549857,67104161
22718549857,67104162
22718549857,67104163
22718549857,67104164
22718549857,67104165
22718549857,67104166
22718549857,67104167
22718549857,67104168
22718549857,67104169
22718549857,67104170
22718549857,67104171
22718549857,67104172
22718549857,67104173
22718549857,67104174
22718549857,67104175
22718549857,67104176
22718549857,67104177
22718549857,67104178
22718549857,67104179
22718549857,67104180
22718549857,67104181
22718549857,67104182
22718549857,67104183
22718549857,67104184
22718549857,67104185
22718549857,67104186
22718549857,67104187
22718549857,67104188
22718549857,67104189
22718549857,67104190
22718549857,67104191
22718549857,67104192
22718549857,67104193
22718549857,67104194
22718549857,67104195
22718549857,67104196
22718549857,67104197
22718549857,67104198
22718549857,67104199
22718549857,67104200
22718549857,67104201
22718549857,67104202
22718549857,67104203
22718549857,67104204
22718549857,67104205
22718549857,67104206
22718549857,67104207
22718549857,67104208
22718549857,67104209
22718549857,67104210
22718549857,67104211
22718549857,67104212
22718549857,67104213
22718549857,67104214
22718549857,67104215
22718549857,67104216
22718549857,67104217
22718549857,67104218
22718549857,67108156
22718549857,67108157
22718549857,67108159
22718549857,67108160
22718549857,67108161
22718549857,67108162
22718549857,67108163
22718549857,67108164
22718549857,67108165
22718549857,67108166
22718549857,67108167
22718549857,67108168
22718549857,67108169
22718549857,67108170
22718549857,67108171
22718549857,67108172
22718549857,67108173
22718549857,67108174
22718549857,67108175
22718549857,67108176
22718549857,67108177
22718549857,67108178
22718549857,67108179
22718549857,67108180
22718549857,67108181
22718549857,67108182
22718549857,67108183
22718549857,67108184
22718549857,67108185
22718549857,67108186
22718549857,67108187
22718549857,67108188
22718549857,67108189
22718549857,67108190
22718549857,67108191
22718549857,67108192
22718549857,67108193
22718549857,67108194
22718549857,67108195
22718549857,67108196
22718549857,67108197
22718549857,67108198
22718549857,67108199
22718549857,67108200
22718549857,67108201
22718549857,67108202
22718549857,67108203
22718549857,67108204
22718549857,67108205
22718549857,67108206
22718549857,67108207
22718549857,67108208
22718549857,67108209
22718549857,67108210
22718549857,67108211
22718549857,67108212
22718549857,67108213
22718549857,67108777
22718549857,67108778
22718549857,67108779
44704243267,67100677
44704243267,67102773
44704243267,67102802
44704243267,67102804
44704243267,67102810
44704243267,67102813
44704243267,67102815
44704243267,67102816
44704243267,67102817
44704243267,67102819
44704243267,67102832
44704243267,67102839
44704243267,67102840
44704243267,67102841
44704243267,67102842
44704243267,67102843
44704243267,67102865
44704243267,67102867
44704243267,67102869
44704243267,67102870
44704243267,67102872
44704243267,67102873
44704243267,67102874
44704243267,67102875
44704243267,67102876
44704243267,67102895
44704243267,67102896
44704243267,67102897
44704243267,67102898
44704243267,67102899
44704243267,67102925
44704243267,67102926
44704243267,67102927
44704243267,67102928
44704243267,67102929
44704243267,67102930
44704243267,67104670
44704243267,67104671
44704243267,67104672
44704243267,67106767
44704243267,67106799
44704243267,67106804
44704243267,67106808
44704243267,67106810
44704243267,67106811
44704243267,67106812
44704243267,67106813
44704243267,67106814
44704243267,67106827
44704243267,67106830
44704243267,67106833
44704243267,67106834
44704243267,67106835
44704243267,67106836
44704243267,67106837
44704243267,67106838
44704243267,67106860
44704243267,67106862
44704243267,67106864
44704243267,67106867
44704243267,67106868
44704243267,67106869
44704243267,67106870
44704243267,67106871
44704243267,67106872
44704243267,67106874
44704243267,67106891
44704243267,67106892
44704243267,67106893
44704243267,67106894
44704243267,67106920
44704243267,67106921
44704243267,67106922
44704243267,67106923
44704243267,67106924
44704243267,67106925
44704243267,67108665
44704243267,67108730
44704243267,67108731
44704243267,67108732
44704243267,67108733
44704243267,67108734
44704243267,67108735
44704243267,67108736
44704243267,67108737
