732856447,67099298
732856447,67100548
732856447,67100549
732856447,67100550
732856447,67100551
732856447,67100552
732856447,67100553
732856447,67100554
732856447,67100555
732856447,67100556
732856447,67100557
732856447,67100558
732856447,67100559
732856447,67100560
732856447,67100561
732856447,67100562
732856447,67100563
732856447,67100564
732856447,67100565
732856447,67100566
732856447,67100567
732856447,67100568
732856447,67100569
732856447,67100570
732856447,67100571
732856447,67100572
732856447,67100573
732856447,67100574
732856447,67100575
732856447,67100576
732856447,67100577
732856447,67100578
732856447,67100579
732856447,67100580
732856447,67100581
732856447,67100582
732856447,67100583
732856447,67100584
732856447,67100585
732856447,67100586
732856447,67100587
732856447,67100588
732856447,67100589
732856447,67100590
732856447,67100591
732856447,67100592
732856447,67100593
732856447,67100594
732856447,67100595
732856447,67100596
732856447,67100597
732856447,67100598
732856447,67100599
732856447,67100600
732856447,67100601
732856447,67100602
732856447,67100603
732856447,67100604
732856447,67100605
732856447,67100606
732856447,67100607
732856447,67100608
732856447,67100609
732856447,67100610
732856447,67100612
732856447,67100613
732856447,67100614
732856447,67100615
732856447,67100616
732856447,67100617
732856447,67100618
732856447,67100619
732856447,67100620
732856447,67100621
732856447,67100622
732856447,67100623
732856447,67100624
732856447,67100625
732856447,67100628
732856447,67100629
732856447,67100630
732856447,67100631
732856447,67100633
732856447,67100634
732856447,67100635
732856447,67100636
732856447,67100637
732856447,67100638
732856447,67100639
732856447,67100640
732856447,67100641
732856447,67100642
732856447,67100643
732856447,67100644
732856447,67100645
732856447,67100646
732856447,67100647
732856447,67100648
732856447,67100649
732856447,67100651
732856447,67100652
732856447,67100654
732856447,67100655
732856447,67100656
732856447,67100657
732856447,67100658
732856447,67100659
732856447,67100660
732856447,67100661
732856447,67100662
732856447,67100663
732856447,67100664
732856447,67100665
732856447,67100666
732856447,67100667
732856447,67100668
732856447,67100669
732856447,67100670
732856447,67100671
732856447,67100672
732856447,67100673
732856447,67100674
732856447,67100675
732856447,67100792
732856447,67100793
732856447,67104787
732856447,67104788
732856447,67108669
22718549857,131244
22718549857,67099933
22718549857,67100611
22718549857,67100626
22718549857,67100627
22718549857,67100632
22718549857,67100650
22718549857,67100653
22718549857,67100676
22718549857,67104204
22718549857,67104205
22718549857,67104206
22718549857,67104207
22718549857,67104208
22718549857,67104209
22718549857,67104210
22718549857,67104211
22718549857,67104212
22718549857,67104213
22718549857,67104214
22718549857,67104215
22718549857,67104216
22718549857,67104217
22718549857,67104218
22718549857,67108198
22718549857,67108199
22718549857,67108200
22718549857,67108201
22718549857,67108202
22718549857,67108203
22718549857,67108204
22718549857,67108205
22718549857,67108206
22718549857,67108207
22718549857,67108208
22718549857,67108209
22718549857,67108210
22718549857,67108211
22718549857,67108212
22718549857,67108213
22718549857,67108778
22718549857,67108779
