1093269888,67091408
1093269888,67092425
1093269888,67092426
1093269888,67093414
1093269888,67093415
1093269888,67093416
1093269888,67093417
1093269888,67093418
1093269888,67093419
1093269888,67093420
1093269888,67093421
1093269888,67093422
1093269888,67093423
1093269888,67093424
1093269888,67093425
1093269888,67093426
1093269888,67093427
1093269888,67093428
1093269888,67093429
1093269888,67093430
1093269888,67093431
1093269888,67093432
1093269888,67093433
1093269888,67093434
1093269888,67093435
1093269888,67093436
1093269888,67093437
1093269888,67093438
1093269888,67093439
1093269888,67093440
1093269888,67093441
1093269888,67093442
1093269888,67093443
1093269888,67093444
1093269888,67093445
1093269888,67093446
1093269888,67093447
1093269888,67093448
1093269888,67093449
1093269888,67093450
1093269888,67093451
1093269888,67093452
1093269888,67093453
1093269888,67093454
1093269888,67093455
1093269888,67093456
1093269888,67093457
1093269888,67093458
1093269888,67093459
1093269888,67093460
1093269888,67093461
1093269888,67093462
1093269888,67093463
1093269888,67093464
1093269888,67093465
1093269888,67093466
1093269888,67093467
1093269888,67093468
1093269888,67093469
1093269888,67093470
1093269888,67093471
1093269888,67093472
1093269888,67093473
1093269888,67093474
1093269888,67093475
1093269888,67093476
1093269888,67093477
1093269888,67093478
1093269888,67093479
1093269888,67093480
1093269888,67093887
1093269888,67093888
1093269888,67093889
1093269888,67093890
1093269888,67093891
1093269888,67093892
1093269888,67093893
1093269888,67093894
1093269888,67093895
1093269888,67093896
1093269888,67093897
1093269888,67093898
1093269888,67093899
1093269888,67093900
1093269888,67093901
1093269888,67093902
1093269888,67093903
1093269888,67093904
1093269888,67093905
1093269888,67093906
1093269888,67093907
1093269888,67093908
1093269888,67093909
1093269888,67093910
1093269888,67093911
1093269888,67093912
1093269888,67093913
1093269888,67093914
1093269888,67101376
1093269888,67101377
1093269888,67101378
1093269888,67101379
1093269888,67101380
1093269888,67101381
1093269888,67101382
1093269888,67101383
1093269888,67101384
1093269888,67101385
1093269888,67101386
1093269888,67101387
1093269888,67101388
1093269888,67101389
1093269888,67101390
1093269888,67101391
1093269888,67101392
1093269888,67101393
1093269888,67101394
1093269888,67101395
1093269888,67101396
1093269888,67101397
1093269888,67101398
1093269888,67101399
1093269888,67101400
1093269888,67101401
1093269888,67101402
1093269888,67101403
1093269888,67108593
1093269888,67109052
33891366528,67093481
33891366528,67093482
33891366528,67093483
33891366528,67093484
33891366528,67093485
33891366528,67093486
33891366528,67093487
33891366528,67093488
33891366528,67093490
33891366528,67093493
33891366528,67093494
33891366528,67093495
33891366528,67093496
33891366528,67093497
33891366528,67093498
33891366528,67093500
33891366528,67093503
33891366528,67093507
33891366528,67093515
33891366528,67093522
33891366528,67093533
33891366528,67093534
33891366528,67093535
33891366528,67093536
33891366528,67093537
33891366528,67093538
33891366528,67093539
33891366528,67098453
33891366528,67098454
33891366528,67105942
33891366528,67105943
