1093269888,67091408
1093269888,67092425
1093269888,67092426
1093269888,67093414
1093269888,67093415
1093269888,67093416
1093269888,67093417
1093269888,67093418
1093269888,67093419
1093269888,67093420
1093269888,67093421
1093269888,67093422
1093269888,67093423
1093269888,67093424
1093269888,67093425
1093269888,67093426
1093269888,67093427
1093269888,67093428
1093269888,67093429
1093269888,67093430
1093269888,67093431
1093269888,67093432
1093269888,67093433
1093269888,67093434
1093269888,67093435
1093269888,67093436
1093269888,67093437
1093269888,67093438
1093269888,67093439
1093269888,67093440
1093269888,67093441
1093269888,67093442
1093269888,67093443
1093269888,67093444
1093269888,67093445
1093269888,67093446
1093269888,67093447
1093269888,67093448
1093269888,67093449
1093269888,67093450
1093269888,67093451
1093269888,67093452
1093269888,67093453
1093269888,67093454
1093269888,67093455
1093269888,67093456
1093269888,67093457
1093269888,67093458
1093269888,67093459
1093269888,67093460
1093269888,67093461
1093269888,67093462
1093269888,67093463
1093269888,67093464
1093269888,67093465
1093269888,67093466
1093269888,67093467
1093269888,67093468
1093269888,67093469
1093269888,67093470
1093269888,67093471
1093269888,67093472
1093269888,67093473
1093269888,67093474
1093269888,67093475
1093269888,67093476
1093269888,67093477
1093269888,67093478
1093269888,67093479
1093269888,67093480
1093269888,67093887
1093269888,67093888
1093269888,67093889
1093269888,67093890
1093269888,67093891
1093269888,67093892
1093269888,67093893
1093269888,67093894
1093269888,67093895
1093269888,67093896
1093269888,67093897
1093269888,67093898
1093269888,67093899
1093269888,67093900
1093269888,67093901
1093269888,67093902
1093269888,67093903
1093269888,67093904
1093269888,67093905
1093269888,67093906
1093269888,67093907
1093269888,67093908
1093269888,67093909
1093269888,67093910
1093269888,67093911
1093269888,67093912
1093269888,67093913
1093269888,67093914
1093269888,67101376
1093269888,67101377
1093269888,67101378
1093269888,67101379
1093269888,67101380
1093269888,67101381
1093269888,67101382
1093269888,67101383
1093269888,67101384
1093269888,67101385
1093269888,67101386
1093269888,67101387
1093269888,67101388
1093269888,67101389
1093269888,67101390
1093269888,67101391
1093269888,67101392
1093269888,67101393
1093269888,67101394
1093269888,67101395
1093269888,67101396
1093269888,67101397
1093269888,67101398
1093269888,67101399
1093269888,67101400
1093269888,67101401
1093269888,67101402
1093269888,67101403
1093269888,67108593
1093269888,67109052
33891366528,131230
33891366528,67091419
33891366528,67092593
33891366528,67093481
33891366528,67093482
33891366528,67093483
33891366528,67093484
33891366528,67093485
33891366528,67093486
33891366528,67093487
33891366528,67093488
33891366528,67093489
33891366528,67093490
33891366528,67093491
33891366528,67093492
33891366528,67093493
33891366528,67093494
33891366528,67093495
33891366528,67093496
33891366528,67093497
33891366528,67093498
33891366528,67093499
33891366528,67093500
33891366528,67093501
33891366528,67093502
33891366528,67093503
33891366528,67093504
33891366528,67093505
33891366528,67093506
33891366528,67093507
33891366528,67093508
33891366528,67093509
33891366528,67093510
33891366528,67093511
33891366528,67093512
33891366528,67093513
33891366528,67093514
33891366528,67093515
33891366528,67093516
33891366528,67093517
33891366528,67093518
33891366528,67093519
33891366528,67093520
33891366528,67093521
33891366528,67093522
33891366528,67093523
33891366528,67093524
33891366528,67093525
33891366528,67093526
33891366528,67093527
33891366528,67093528
33891366528,67093529
33891366528,67093530
33891366528,67093531
33891366528,67093532
33891366528,67093533
33891366528,67093534
33891366528,67093535
33891366528,67093536
33891366528,67093537
33891366528,67093538
33891366528,67093539
33891366528,67093540
33891366528,67093541
33891366528,67093542
33891366528,67093543
33891366528,67093544
33891366528,67093545
33891366528,67093546
33891366528,67093547
33891366528,67093548
33891366528,67093549
33891366528,67093558
33891366528,67093559
33891366528,67093560
33891366528,67093570
33891366528,67093575
33891366528,67093585
33891366528,67093587
33891366528,67093588
33891366528,67093589
33891366528,67093590
33891366528,67093591
33891366528,67093592
33891366528,67093593
33891366528,67093594
33891366528,67093595
33891366528,67093596
33891366528,67093598
33891366528,67093601
33891366528,67098253
33891366528,67098256
33891366528,67098439
33891366528,67098440
33891366528,67098441
33891366528,67098442
33891366528,67098443
33891366528,67098444
33891366528,67098445
33891366528,67098446
33891366528,67098447
33891366528,67098448
33891366528,67098449
33891366528,67098450
33891366528,67098451
33891366528,67098452
33891366528,67098453
33891366528,67098454
33891366528,67105742
33891366528,67105745
33891366528,67105928
33891366528,67105929
33891366528,67105930
33891366528,67105931
33891366528,67105932
33891366528,67105933
33891366528,67105934
33891366528,67105935
33891366528,67105936
33891366528,67105937
33891366528,67105938
33891366528,67105939
33891366528,67105940
33891366528,67105941
33891366528,67105942
33891366528,67105943
33891366528,67108624
33891366528,67108629
66689463168,67093550
66689463168,67093551
66689463168,67093552
66689463168,67093553
66689463168,67093554
66689463168,67093555
66689463168,67093556
66689463168,67093557
66689463168,67093561
66689463168,67093562
66689463168,67093563
66689463168,67093564
66689463168,67093565
66689463168,67093566
66689463168,67093567
66689463168,67093568
66689463168,67093569
66689463168,67093571
66689463168,67093572
66689463168,67093573
66689463168,67093574
66689463168,67093576
66689463168,67093577
66689463168,67093578
66689463168,67093579
66689463168,67093580
66689463168,67093581
66689463168,67093582
66689463168,67093583
66689463168,67093584
66689463168,67093586
66689463168,67093597
66689463168,67093599
66689463168,67093600
66689463168,67093602
66689463168,67093603
66689463168,67093604
66689463168,67093605
66689463168,67093606
66689463168,67093607
66689463168,67093608
66689463168,67093609
66689463168,67093610
66689463168,67093611
66689463168,67093614
66689463168,67093846
66689463168,67093847
66689463168,67093848
66689463168,67093849
66689463168,67093915
66689463168,67094233
66689463168,67094236
66689463168,67094239
66689463168,67094240
66689463168,67094243
66689463168,67094244
66689463168,67094246
66689463168,67094248
66689463168,67094250
66689463168,67094252
66689463168,67094256
66689463168,67094257
66689463168,67094258
66689463168,67094259
66689463168,67094260
66689463168,67094261
66689463168,67094262
66689463168,67094263
66689463168,67094264
66689463168,67094612
66689463168,67094613
66689463168,67094614
66689463168,67094615
66689463168,67094616
66689463168,67094617
66689463168,67094618
66689463168,67094619
66689463168,67094862
66689463168,67096301
66689463168,67096302
66689463168,67096303
66689463168,67096304
66689463168,67096305
66689463168,67096306
66689463168,67096307
66689463168,67096308
66689463168,67101335
66689463168,67101336
66689463168,67101337
66689463168,67101338
66689463168,67101404
66689463168,67101405
66689463168,67101722
66689463168,67101725
66689463168,67101728
66689463168,67101729
66689463168,67101733
66689463168,67101735
66689463168,67101737
66689463168,67101738
66689463168,67101739
66689463168,67101741
66689463168,67101745
66689463168,67101746
66689463168,67101747
66689463168,67101748
66689463168,67101749
66689463168,67101750
66689463168,67101751
66689463168,67101753
66689463168,67102101
66689463168,67102102
66689463168,67102103
66689463168,67102104
66689463168,67102105
66689463168,67102106
66689463168,67102107
66689463168,67102108
66689463168,67103648
66689463168,67103649
66689463168,67103790
66689463168,67103791
66689463168,67103793
66689463168,67103794
66689463168,67103796
66689463168,67108595
66689463168,67108597
99487559808,131232
99487559808,67091451
99487559808,67094220
99487559808,67094234
99487559808,67094237
99487559808,67094238
99487559808,67094247
99487559808,67094272
99487559808,67094278
99487559808,67094280
99487559808,67094284
99487559808,67094285
99487559808,67094295
99487559808,67094306
99487559808,67094322
99487559808,67094334
99487559808,67094337
99487559808,67094369
99487559808,67094371
99487559808,67094372
99487559808,67094373
99487559808,67094375
99487559808,67094378
99487559808,67094379
99487559808,67094388
99487559808,67094389
99487559808,67094392
99487559808,67094401
99487559808,67094620
99487559808,67095102
99487559808,67095125
99487559808,67095425
99487559808,67095430
99487559808,67095431
99487559808,67095436
99487559808,67095446
99487559808,67095962
99487559808,67095974
99487559808,67095975
99487559808,67095976
99487559808,67095977
99487559808,67095990
99487559808,67095991
99487559808,67095996
99487559808,67096088
99487559808,67096090
99487559808,67096092
99487559808,67096094
99487559808,67096098
99487559808,67096101
99487559808,67096103
99487559808,67096104
99487559808,67096158
99487559808,67096541
99487559808,67096542
99487559808,67096545
99487559808,67096546
99487559808,67096549
99487559808,67096553
99487559808,67096557
99487559808,67096558
99487559808,67101709
99487559808,67101710
99487559808,67101723
99487559808,67101726
99487559808,67101727
99487559808,67101736
99487559808,67101761
99487559808,67101767
99487559808,67101769
99487559808,67101774
99487559808,67101784
99487559808,67101795
99487559808,67101811
99487559808,67101823
99487559808,67101826
99487559808,67101858
99487559808,67101860
99487559808,67101862
99487559808,67101863
99487559808,67101864
99487559808,67101867
99487559808,67101868
99487559808,67101878
99487559808,67101881
99487559808,67101890
99487559808,67102109
99487559808,67102110
99487559808,67102591
99487559808,67102592
99487559808,67102614
99487559808,67102914
99487559808,67102919
99487559808,67102920
99487559808,67102921
99487559808,67102925
99487559808,67102935
99487559808,67103451
99487559808,67103463
99487559808,67103465
99487559808,67103466
99487559808,67103479
99487559808,67103480
99487559808,67103485
99487559808,67103577
99487559808,67103579
99487559808,67103581
99487559808,67103583
99487559808,67103588
99487559808,67103590
99487559808,67103592
99487559808,67103593
99487559808,67103792
99487559808,67104030
99487559808,67104031
99487559808,67104035
99487559808,67104036
99487559808,67104038
99487559808,67104039
99487559808,67104042
99487559808,67104046
99487559808,67104047
99487559808,67104048
99487559808,67108594
99487559808,67108596
99487559808,67108598
99487559808,67108599
132285656448,131231
132285656448,131246
132285656448,131260
132285656448,67093658
132285656448,67093659
132285656448,67093660
132285656448,67093685
132285656448,67093752
132285656448,67093807
132285656448,67093880
132285656448,67093946
132285656448,67094044
132285656448,67094166
132285656448,67094171
132285656448,67094207
132285656448,67094221
132285656448,67094366
132285656448,67094370
132285656448,67094386
132285656448,67094399
132285656448,67094415
132285656448,67094439
132285656448,67094467
132285656448,67094477
132285656448,67094530
132285656448,67094531
132285656448,67094562
132285656448,67094659
132285656448,67094718
132285656448,67094773
132285656448,67094832
132285656448,67094910
132285656448,67094911
132285656448,67094917
132285656448,67094964
132285656448,67094977
132285656448,67094978
132285656448,67095005
132285656448,67095429
132285656448,67095995
132285656448,67096540
132285656448,67096561
132285656448,67096566
132285656448,67096567
132285656448,67096595
132285656448,67096617
132285656448,67096621
132285656448,67096647
132285656448,67096650
132285656448,67096659
132285656448,67096660
132285656448,67096701
132285656448,67096704
132285656448,67096730
132285656448,67096736
132285656448,67096746
132285656448,67097714
132285656448,67101147
132285656448,67101148
132285656448,67101149
132285656448,67101174
132285656448,67101241
132285656448,67101296
132285656448,67101369
132285656448,67101370
132285656448,67101436
132285656448,67101533
132285656448,67101655
132285656448,67101661
132285656448,67101696
132285656448,67101734
132285656448,67101752
132285656448,67101855
132285656448,67101861
132285656448,67101876
132285656448,67101888
132285656448,67101904
132285656448,67101928
132285656448,67101956
132285656448,67101966
132285656448,67102020
132285656448,67102051
132285656448,67102148
132285656448,67102207
132285656448,67102238
132285656448,67102262
132285656448,67102321
132285656448,67102351
132285656448,67102400
132285656448,67102401
132285656448,67102406
132285656448,67102453
132285656448,67102466
132285656448,67102467
132285656448,67102468
132285656448,67102569
132285656448,67103798
132285656448,67104034
132285656448,67104050
132285656448,67104056
132285656448,67104084
132285656448,67104106
132285656448,67104110
132285656448,67104136
132285656448,67104139
132285656448,67104149
132285656448,67104191
132285656448,67104193
132285656448,67104235
132285656448,67105203
132285656448,67108600
132285656448,67108601
132285656448,67108602
132285656448,67108603
132285656448,67108604
132285656448,67108605
132285656448,67108606
132285656448,67108608
132285656448,67108609
132285656448,67108610
132285656448,67108611
132285656448,67108612
132285656448,67108613
132285656448,67108614
132285656448,67108618
132285656448,67108622
165083753088,67108617
165083753088,67108619
165083753088,67108621
