827860087,67093304
827860087,67093307
827860087,67093319
827860087,67093322
827860087,67093325
827860087,67093342
827860087,67093344
827860087,67093345
827860087,67093357
827860087,67093360
827860087,67093361
827860087,67093364
827860087,67093366
827860087,67093367
827860087,67093369
827860087,67093370
827860087,67093371
827860087,67093372
827860087,67093373
827860087,67093375
827860087,67093376
827860087,67093377
827860087,67093385
827860087,67093388
827860087,67093397
827860087,67093398
827860087,67093399
827860087,67093400
827860087,67093402
827860087,67093403
827860087,67093404
827860087,67093406
827860087,67093407
827860087,67093408
827860087,67093411
827860087,67093413
827860087,67093414
827860087,67093415
827860087,67093416
827860087,67093417
827860087,67093419
827860087,67093420
827860087,67093421
827860087,67093424
827860087,67093426
827860087,67093427
827860087,67093429
827860087,67093430
827860087,67093431
827860087,67093432
827860087,67093433
827860087,67093434
827860087,67093439
827860087,67093447
827860087,67093449
827860087,67093450
827860087,67093451
827860087,67093452
827860087,67093453
827860087,67093454
827860087,67093455
827860087,67093456
827860087,67093457
827860087,67093472
827860087,67093480
827860087,67093481
827860087,67093484
827860087,67093501
827860087,67093503
827860087,67093506
827860087,67093508
827860087,67093512
827860087,67093513
827860087,67093515
827860087,67093517
827860087,67093518
827860087,67093520
827860087,67093521
827860087,67093523
827860087,67093524
827860087,67093525
827860087,67093526
827860087,67093527
827860087,67093529
827860087,67093530
827860087,67093531
827860087,67093535
827860087,67093536
827860087,67093537
827860087,67093542
827860087,67093543
827860087,67093544
827860087,67093545
827860087,67093547
827860087,67093548
827860087,67093549
827860087,67093555
827860087,67093556
827860087,67093558
827860087,67093561
827860087,67093563
827860087,67093569
827860087,67093570
827860087,67093571
827860087,67093572
827860087,67093580
827860087,67093582
827860087,67093583
827860087,67093584
827860087,67093585
827860087,67093586
827860087,67093591
827860087,67093600
827860087,67093605
827860087,67093606
827860087,67093607
827860087,67093608
827860087,67093619
827860087,67093620
827860087,67093621
827860087,67093622
827860087,67093627
827860087,67093631
827860087,67093634
827860087,67093635
827860087,67093637
827860087,67093638
827860087,67093640
25663662697,131231
25663662697,67093302
25663662697,67093303
25663662697,67093306
25663662697,67093308
25663662697,67093311
25663662697,67093320
25663662697,67093324
25663662697,67093326
25663662697,67093327
25663662697,67093328
25663662697,67093335
25663662697,67093336
25663662697,67093341
25663662697,67093347
25663662697,67093348
25663662697,67093349
25663662697,67093350
25663662697,67093351
25663662697,67093352
25663662697,67093356
25663662697,67093359
25663662697,67093374
25663662697,67093378
25663662697,67093381
25663662697,67093382
25663662697,67093384
25663662697,67093386
25663662697,67093389
25663662697,67093395
25663662697,67093396
25663662697,67093435
25663662697,67093436
25663662697,67093437
25663662697,67093438
25663662697,67093440
25663662697,67093441
25663662697,67093442
25663662697,67093443
25663662697,67093445
25663662697,67093448
25663662697,67093458
25663662697,67093463
25663662697,67093467
25663662697,67093468
25663662697,67093469
25663662697,67093471
25663662697,67093473
25663662697,67093474
25663662697,67093475
25663662697,67093476
25663662697,67093477
25663662697,67093478
25663662697,67093479
25663662697,67093482
25663662697,67093485
25663662697,67093486
25663662697,67093487
25663662697,67093488
25663662697,67093491
25663662697,67093493
25663662697,67093494
25663662697,67093496
25663662697,67093498
25663662697,67093499
25663662697,67093500
25663662697,67093502
25663662697,67093504
25663662697,67093505
25663662697,67093507
25663662697,67093509
25663662697,67093510
25663662697,67093511
25663662697,67093514
25663662697,67093516
25663662697,67093519
25663662697,67093532
25663662697,67093533
25663662697,67093534
25663662697,67093538
25663662697,67093539
25663662697,67093540
25663662697,67093541
25663662697,67093546
25663662697,67093550
25663662697,67093551
25663662697,67093552
25663662697,67093553
25663662697,67093554
25663662697,67093557
25663662697,67093559
25663662697,67093560
25663662697,67093562
25663662697,67093564
25663662697,67093565
25663662697,67093567
25663662697,67093568
25663662697,67093573
25663662697,67093578
25663662697,67093579
25663662697,67093587
25663662697,67093588
25663662697,67093590
25663662697,67093592
25663662697,67093598
25663662697,67093599
25663662697,67093601
25663662697,67093602
25663662697,67093603
25663662697,67093609
25663662697,67093610
25663662697,67093612
25663662697,67093613
25663662697,67093615
25663662697,67093616
25663662697,67093617
25663662697,67093623
25663662697,67093624
25663662697,67093625
25663662697,67093626
25663662697,67093628
25663662697,67093629
25663662697,67093630
25663662697,67093632
25663662697,67093633
25663662697,67093636
25663662697,67093648
25663662697,67093649
50499465307,67093289
50499465307,67093292
50499465307,67093295
50499465307,67093296
50499465307,67093297
50499465307,67093298
50499465307,67093299
50499465307,67093305
50499465307,67093309
50499465307,67093310
50499465307,67093314
50499465307,67093316
50499465307,67093317
50499465307,67093318
50499465307,67093330
50499465307,67093331
50499465307,67093332
50499465307,67093333
50499465307,67093338
50499465307,67093346
50499465307,67093353
50499465307,67093354
50499465307,67093355
50499465307,67093358
50499465307,67093362
50499465307,67093363
50499465307,67093365
50499465307,67093368
50499465307,67093379
50499465307,67093380
50499465307,67093383
50499465307,67093391
50499465307,67093392
50499465307,67093394
50499465307,67093401
50499465307,67093409
50499465307,67093410
50499465307,67093412
50499465307,67093422
50499465307,67093423
50499465307,67093425
50499465307,67093428
50499465307,67093444
50499465307,67093446
50499465307,67093459
50499465307,67093460
50499465307,67093461
50499465307,67093462
50499465307,67093464
50499465307,67093465
50499465307,67093466
50499465307,67093470
50499465307,67093483
50499465307,67093489
50499465307,67093490
50499465307,67093492
50499465307,67093495
50499465307,67093497
50499465307,67093522
50499465307,67093528
50499465307,67093566
50499465307,67093574
50499465307,67093575
50499465307,67093576
50499465307,67093581
50499465307,67093593
50499465307,67093594
50499465307,67093595
50499465307,67093604
50499465307,67093611
50499465307,67093618
50499465307,67093647
