827860087,67093304
827860087,67093307
827860087,67093319
827860087,67093322
827860087,67093325
827860087,67093342
827860087,67093344
827860087,67093345
827860087,67093357
827860087,67093360
827860087,67093361
827860087,67093364
827860087,67093366
827860087,67093367
827860087,67093369
827860087,67093370
827860087,67093371
827860087,67093372
827860087,67093373
827860087,67093375
827860087,67093376
827860087,67093377
827860087,67093385
827860087,67093388
827860087,67093397
827860087,67093398
827860087,67093399
827860087,67093400
827860087,67093402
827860087,67093403
827860087,67093404
827860087,67093406
827860087,67093407
827860087,67093408
827860087,67093411
827860087,67093413
827860087,67093414
827860087,67093415
827860087,67093416
827860087,67093417
827860087,67093419
827860087,67093420
827860087,67093421
827860087,67093424
827860087,67093426
827860087,67093427
827860087,67093429
827860087,67093430
827860087,67093431
827860087,67093432
827860087,67093433
827860087,67093434
827860087,67093439
827860087,67093447
827860087,67093449
827860087,67093450
827860087,67093451
827860087,67093452
827860087,67093453
827860087,67093454
827860087,67093455
827860087,67093456
827860087,67093457
827860087,67093472
827860087,67093480
827860087,67093481
827860087,67093484
827860087,67093501
827860087,67093503
827860087,67093506
827860087,67093508
827860087,67093512
827860087,67093513
827860087,67093515
827860087,67093517
827860087,67093518
827860087,67093520
827860087,67093521
827860087,67093523
827860087,67093524
827860087,67093525
827860087,67093526
827860087,67093527
827860087,67093529
827860087,67093530
827860087,67093531
827860087,67093535
827860087,67093536
827860087,67093537
827860087,67093542
827860087,67093543
827860087,67093544
827860087,67093545
827860087,67093547
827860087,67093548
827860087,67093549
827860087,67093555
827860087,67093556
827860087,67093558
827860087,67093561
827860087,67093563
827860087,67093569
827860087,67093570
827860087,67093571
827860087,67093572
827860087,67093580
827860087,67093582
827860087,67093583
827860087,67093584
827860087,67093585
827860087,67093586
827860087,67093591
827860087,67093600
827860087,67093605
827860087,67093606
827860087,67093607
827860087,67093608
827860087,67093619
827860087,67093620
827860087,67093621
827860087,67093622
827860087,67093627
827860087,67093631
827860087,67093634
827860087,67093635
827860087,67093637
827860087,67093638
827860087,67093640
25663662697,131231
25663662697,67093302
25663662697,67093303
25663662697,67093306
25663662697,67093308
25663662697,67093311
25663662697,67093320
25663662697,67093324
25663662697,67093326
25663662697,67093327
25663662697,67093328
25663662697,67093335
25663662697,67093336
25663662697,67093341
25663662697,67093347
25663662697,67093348
25663662697,67093349
25663662697,67093350
25663662697,67093351
25663662697,67093352
25663662697,67093356
25663662697,67093359
25663662697,67093374
25663662697,67093378
25663662697,67093381
25663662697,67093382
25663662697,67093384
25663662697,67093386
25663662697,67093389
25663662697,67093395
25663662697,67093396
25663662697,67093435
25663662697,67093436
25663662697,67093437
25663662697,67093438
25663662697,67093440
25663662697,67093441
25663662697,67093442
25663662697,67093443
25663662697,67093445
25663662697,67093448
25663662697,67093458
25663662697,67093463
25663662697,67093467
25663662697,67093468
25663662697,67093469
25663662697,67093471
25663662697,67093473
25663662697,67093474
25663662697,67093475
25663662697,67093476
25663662697,67093477
25663662697,67093478
25663662697,67093479
25663662697,67093482
25663662697,67093485
25663662697,67093486
25663662697,67093487
25663662697,67093488
25663662697,67093491
25663662697,67093493
25663662697,67093494
25663662697,67093496
25663662697,67093498
25663662697,67093499
25663662697,67093500
25663662697,67093502
25663662697,67093504
25663662697,67093505
25663662697,67093507
25663662697,67093509
25663662697,67093510
25663662697,67093511
25663662697,67093514
25663662697,67093516
25663662697,67093519
25663662697,67093532
25663662697,67093533
25663662697,67093534
25663662697,67093538
25663662697,67093539
25663662697,67093540
25663662697,67093541
25663662697,67093546
25663662697,67093550
25663662697,67093551
25663662697,67093552
25663662697,67093553
25663662697,67093554
25663662697,67093557
25663662697,67093559
25663662697,67093560
25663662697,67093562
25663662697,67093564
25663662697,67093565
25663662697,67093567
25663662697,67093568
25663662697,67093573
25663662697,67093578
25663662697,67093579
25663662697,67093587
25663662697,67093588
25663662697,67093590
25663662697,67093592
25663662697,67093598
25663662697,67093599
25663662697,67093601
25663662697,67093602
25663662697,67093603
25663662697,67093609
25663662697,67093610
25663662697,67093612
25663662697,67093613
25663662697,67093615
25663662697,67093616
25663662697,67093617
25663662697,67093623
25663662697,67093624
25663662697,67093625
25663662697,67093626
25663662697,67093628
25663662697,67093629
25663662697,67093630
25663662697,67093632
25663662697,67093633
25663662697,67093636
25663662697,67093648
25663662697,67093649
50499465307,67093289
50499465307,67093290
50499465307,67093291
50499465307,67093292
50499465307,67093293
50499465307,67093294
50499465307,67093295
50499465307,67093296
50499465307,67093297
50499465307,67093298
50499465307,67093299
50499465307,67093300
50499465307,67093301
50499465307,67093305
50499465307,67093309
50499465307,67093310
50499465307,67093312
50499465307,67093313
50499465307,67093314
50499465307,67093315
50499465307,67093316
50499465307,67093317
50499465307,67093318
50499465307,67093321
50499465307,67093323
50499465307,67093330
50499465307,67093331
50499465307,67093332
50499465307,67093333
50499465307,67093334
50499465307,67093337
50499465307,67093338
50499465307,67093339
50499465307,67093343
50499465307,67093346
50499465307,67093353
50499465307,67093354
50499465307,67093355
50499465307,67093358
50499465307,67093362
50499465307,67093363
50499465307,67093365
50499465307,67093368
50499465307,67093379
50499465307,67093380
50499465307,67093383
50499465307,67093387
50499465307,67093390
50499465307,67093391
50499465307,67093392
50499465307,67093393
50499465307,67093394
50499465307,67093401
50499465307,67093405
50499465307,67093409
50499465307,67093410
50499465307,67093412
50499465307,67093418
50499465307,67093422
50499465307,67093423
50499465307,67093425
50499465307,67093428
50499465307,67093444
50499465307,67093446
50499465307,67093459
50499465307,67093460
50499465307,67093461
50499465307,67093462
50499465307,67093464
50499465307,67093465
50499465307,67093466
50499465307,67093470
50499465307,67093483
50499465307,67093489
50499465307,67093490
50499465307,67093492
50499465307,67093495
50499465307,67093497
50499465307,67093522
50499465307,67093528
50499465307,67093566
50499465307,67093574
50499465307,67093575
50499465307,67093576
50499465307,67093577
50499465307,67093581
50499465307,67093589
50499465307,67093593
50499465307,67093594
50499465307,67093595
50499465307,67093596
50499465307,67093597
50499465307,67093604
50499465307,67093611
50499465307,67093614
50499465307,67093618
50499465307,67093641
50499465307,67093642
50499465307,67093643
50499465307,67093644
50499465307,67093645
50499465307,67093646
50499465307,67093647
50499465307,67093650
50499465307,67098448
50499465307,67108516
50499465307,67108529
50499465307,67108544
50499465307,67108546
50499465307,67108558
50499465307,67108561
50499465307,67108569
50499465307,67108576
50499465307,67108584
50499465307,67108586
50499465307,67108592
50499465307,67108603
50499465307,67108620
50499465307,67108627
50499465307,67108642
50499465307,67108649
50499465307,67108653
50499465307,67108657
50499465307,67108659
50499465307,67108660
50499465307,67108662
50499465307,67108668
75335267917,131261
75335267917,67093639
75335267917,67094337
75335267917,67108437
75335267917,67108446
75335267917,67108447
75335267917,67108448
75335267917,67108449
75335267917,67108451
75335267917,67108452
75335267917,67108455
75335267917,67108457
75335267917,67108460
75335267917,67108462
75335267917,67108463
75335267917,67108464
75335267917,67108465
75335267917,67108466
75335267917,67108467
75335267917,67108468
75335267917,67108469
75335267917,67108470
75335267917,67108472
75335267917,67108478
75335267917,67108480
75335267917,67108486
75335267917,67108491
75335267917,67108493
75335267917,67108497
75335267917,67108498
75335267917,67108502
75335267917,67108506
75335267917,67108507
75335267917,67108509
75335267917,67108513
75335267917,67108514
75335267917,67108518
75335267917,67108519
75335267917,67108520
75335267917,67108523
75335267917,67108540
75335267917,67108542
75335267917,67108547
75335267917,67108559
75335267917,67108564
75335267917,67108565
75335267917,67108566
75335267917,67108574
75335267917,67108575
75335267917,67108581
75335267917,67108582
75335267917,67108585
75335267917,67108587
75335267917,67108588
75335267917,67108590
75335267917,67108591
75335267917,67108594
75335267917,67108595
75335267917,67108596
75335267917,67108597
75335267917,67108598
75335267917,67108599
75335267917,67108600
75335267917,67108601
75335267917,67108602
75335267917,67108604
75335267917,67108606
75335267917,67108607
75335267917,67108608
75335267917,67108609
75335267917,67108610
75335267917,67108611
75335267917,67108612
75335267917,67108616
75335267917,67108617
75335267917,67108619
75335267917,67108621
75335267917,67108623
75335267917,67108625
75335267917,67108628
75335267917,67108629
75335267917,67108630
75335267917,67108632
75335267917,67108635
75335267917,67108636
75335267917,67108643
75335267917,67108644
75335267917,67108646
75335267917,67108651
75335267917,67108663
75335267917,67108664
75335267917,67108670
75335267917,67108672
75335267917,67108684
75335267917,67108686
75335267917,67108688
75335267917,67108692
75335267917,67108710
75335267917,67108711
75335267917,67108712
75335267917,67108713
75335267917,67108725
75335267917,67108727
75335267917,67108736
75335267917,67108737
75335267917,67108738
75335267917,67108739
75335267917,67108742
75335267917,67108743
75335267917,67108745
75335267917,67108756
75335267917,67108757
75335267917,67108759
75335267917,67108763
75335267917,67108764
75335267917,67108765
75335267917,67108766
75335267917,67108767
75335267917,67108768
75335267917,67108776
75335267917,67108779
75335267917,67108782
75335267917,67108784
75335267917,67108789
75335267917,67108790
75335267917,67108791
75335267917,67108792
100171070527,131260
100171070527,67097850
100171070527,67108438
100171070527,67108450
100171070527,67108453
100171070527,67108474
100171070527,67108476
100171070527,67108477
100171070527,67108481
100171070527,67108490
100171070527,67108492
100171070527,67108495
100171070527,67108496
100171070527,67108499
100171070527,67108501
100171070527,67108505
100171070527,67108508
100171070527,67108510
100171070527,67108512
100171070527,67108517
100171070527,67108521
100171070527,67108526
100171070527,67108527
100171070527,67108528
100171070527,67108530
100171070527,67108532
100171070527,67108533
100171070527,67108535
100171070527,67108536
100171070527,67108539
100171070527,67108541
100171070527,67108543
100171070527,67108550
100171070527,67108551
100171070527,67108552
100171070527,67108553
100171070527,67108555
100171070527,67108560
100171070527,67108568
100171070527,67108570
100171070527,67108571
100171070527,67108572
100171070527,67108573
100171070527,67108577
100171070527,67108583
100171070527,67108593
100171070527,67108615
100171070527,67108618
100171070527,67108624
100171070527,67108626
100171070527,67108633
100171070527,67108634
100171070527,67108637
100171070527,67108639
100171070527,67108640
100171070527,67108648
100171070527,67108650
100171070527,67108652
100171070527,67108654
100171070527,67108655
100171070527,67108656
100171070527,67108658
100171070527,67108665
100171070527,67108666
100171070527,67108667
100171070527,67108669
100171070527,67108671
100171070527,67108673
100171070527,67108674
100171070527,67108676
100171070527,67108677
100171070527,67108678
100171070527,67108679
100171070527,67108680
100171070527,67108681
100171070527,67108682
100171070527,67108683
100171070527,67108685
100171070527,67108687
100171070527,67108689
100171070527,67108690
100171070527,67108691
100171070527,67108693
100171070527,67108694
100171070527,67108696
100171070527,67108697
100171070527,67108698
100171070527,67108699
100171070527,67108700
100171070527,67108701
100171070527,67108702
100171070527,67108703
100171070527,67108704
100171070527,67108707
100171070527,67108714
100171070527,67108715
100171070527,67108716
100171070527,67108717
100171070527,67108720
100171070527,67108723
100171070527,67108726
100171070527,67108728
100171070527,67108729
100171070527,67108730
100171070527,67108731
100171070527,67108732
100171070527,67108733
100171070527,67108734
100171070527,67108735
100171070527,67108747
100171070527,67108748
100171070527,67108749
100171070527,67108750
100171070527,67108752
100171070527,67108754
100171070527,67108761
100171070527,67108769
100171070527,67108770
100171070527,67108771
100171070527,67108774
100171070527,67108775
100171070527,67108777
100171070527,67108778
100171070527,67108780
100171070527,67108781
100171070527,67108785
125006873137,67108524
125006873137,67108525
125006873137,67108538
125006873137,67108545
125006873137,67108548
125006873137,67108554
125006873137,67108556
125006873137,67108557
125006873137,67108562
125006873137,67108563
125006873137,67108578
125006873137,67108580
125006873137,67108605
125006873137,67108613
125006873137,67108614
125006873137,67108622
125006873137,67108638
125006873137,67108641
125006873137,67108645
125006873137,67108647
125006873137,67108661
