1,192
1,67100098
1,67100299
1,67100515
1,67100516
1,67100702
1,67100903
1,67100904
1,67100905
1,67100906
1,67100907
1,67100908
1,67100909
1,67100910
1,67100911
1,67100912
1,67100913
1,67100914
1,67100915
1,67100916
1,67100917
1,67100918
1,67100919
1,67100920
1,67100921
1,67100922
1,67100923
1,67100924
1,67100925
1,67100926
1,67100927
1,67100928
1,67100929
1,67100930
1,67100931
1,67100932
1,67100933
1,67100934
1,67100935
1,67100936
1,67100937
1,67100938
1,67100939
1,67100940
1,67100941
1,67100942
1,67100943
1,67100944
1,67100945
1,67100946
1,67100947
1,67100948
1,67100949
1,67100950
1,67100951
1,67100952
1,67100953
1,67100954
1,67100955
1,67100956
1,67100957
1,67100958
1,67100959
1,67100960
1,67100961
1,67100962
1,67100963
1,67100964
1,67100965
1,67100966
1,67100967
1,67100968
1,67100969
1,67100970
1,67100971
1,67100972
1,67100973
1,67100974
1,67100975
1,67100976
1,67100977
1,67100978
1,67100979
1,67100980
1,67100981
1,67100982
1,67100983
1,67100984
1,67100985
1,67100986
1,67100987
1,67100988
1,67100989
1,67100990
1,67100991
1,67100992
1,67100993
1,67100994
1,67100995
1,67100996
1,67100997
1,67100998
1,67100999
1,67101000
1,67101001
1,67101002
1,67101003
1,67101004
1,67101005
1,67101006
1,67101007
1,67101008
1,67101009
1,67101010
1,67101011
1,67101012
1,67101013
1,67101014
1,67101015
1,67101016
1,67101017
1,67101018
1,67101019
1,67101020
1,67101021
1,67101022
1,67101023
1,67101024
1,67101025
1,67101026
1,67101027
1,67101028
1,67101029
1,67101030
1,67101031
1,67101032
1,67101033
1,67101034
1,67101035
1,67101036
1,67101037
1,67101038
1,67101041
1,67101045
1,67101046
1,67101048
1,67101049
1,67101050
1,67101051
1,67101052
1,67101055
1,67101057
1,67101058
1,67101059
1,67101060
1,67101061
1,67101062
1,67101063
1,67101065
1,67101066
1,67101067
1,67101068
1,67101069
1,67101070
1,67101071
1,67101073
1,67101074
1,67101076
1,67101078
1,67101079
1,67101080
1,67101082
1,67101083
1,67101084
1,67101085
1,67101086
1,67101087
1,67101088
1,67101089
1,67101094
1,67101097
1,67101098
1,67101210
1,67101211
1,67101212
1,67101213
1,67101214
1,67101215
1,67101216
1,67101217
1,67101218
1,67101219
1,67101220
1,67101221
1,67101222
1,67101223
1,67101224
1,67101225
1,67101226
1,67101227
1,67101228
1,67101229
1,67101230
1,67101231
1,67101232
1,67101233
1,67101234
1,67101235
1,67101236
1,67101237
1,67101238
1,67101239
1,67101240
1,67101241
1,67101242
1,67101243
1,67101244
1,67101245
1,67101246
1,67101247
1,67101248
1,67101249
1,67101250
1,67101251
1,67101252
1,67101253
1,67101254
1,67101255
1,67101256
1,67101257
1,67101258
1,67101259
1,67101260
1,67101261
1,67101262
1,67101263
1,67101264
1,67101265
1,67101266
1,67101267
1,67101268
1,67101269
1,67101270
1,67101271
1,67101272
1,67101273
1,67101274
1,67101275
1,67101276
1,67101277
1,67101278
1,67101279
1,67101280
1,67101281
1,67108593
1,67109052
2,191
2,67100501
2,67100502
2,67100503
2,67100504
2,67100505
2,67100506
2,67100507
2,67100508
2,67100509
2,67100510
2,67100511
2,67100512
2,67100513
2,67100514
2,67101039
2,67101040
2,67101042
2,67101043
2,67101044
2,67101047
2,67101053
2,67101054
2,67101056
2,67101064
2,67101072
2,67101075
2,67101077
2,67101081
2,67101090
2,67101091
2,67101092
2,67101093
2,67101095
2,67101096
2,67101099
2,67101100
2,67101101
2,67101102
2,67101103
2,67101104
2,67101105
2,67101106
2,67101107
2,67101108
2,67101109
2,67101110
2,67101111
2,67101112
2,67101113
2,67101114
2,67101115
2,67101116
2,67101117
2,67101118
2,67101119
2,67101120
2,67101121
2,67101122
2,67101123
2,67101124
2,67101125
2,67101126
2,67101127
2,67101128
2,67101129
2,67101130
2,67101131
2,67101132
2,67101133
2,67101134
2,67101135
2,67101136
2,67101137
2,67101138
2,67101139
2,67101140
2,67101141
2,67101142
2,67101143
2,67101144
2,67101145
2,67101146
2,67101147
2,67101148
2,67101149
2,67101150
2,67101151
2,67101152
2,67101153
2,67101154
2,67101155
2,67101156
2,67101157
2,67101158
2,67101159
2,67101160
2,67101161
2,67101162
2,67101163
2,67101164
2,67101165
2,67101166
2,67101167
2,67101168
2,67101169
2,67101170
2,67101171
2,67101172
2,67101173
2,67101174
2,67101175
2,67101176
2,67101177
2,67101178
2,67101179
2,67101180
2,67101181
2,67101182
2,67101183
2,67101184
2,67101185
2,67101186
2,67101187
2,67101188
2,67101189
2,67101190
2,67101191
2,67101192
2,67101193
2,67101194
2,67101195
2,67101196
2,67101197
2,67101198
2,67101199
2,67101200
2,67101201
2,67101202
2,67101203
2,67101204
2,67101205
2,67101206
2,67101207
2,67101208
2,67101209
2,67108827
2,67108829
2,67108831
2,67108832
2,67108988
3,131245
3,67100148
3,67100149
3,67100150
3,67100151
3,67100152
3,67100153
3,67100154
3,67100155
3,67100156
3,67100349
3,67100350
3,67100351
3,67100352
3,67100353
3,67100354
3,67100355
3,67100356
3,67100357
3,67100562
3,67100563
3,67100564
3,67100565
3,67100752
3,67100753
3,67100754
3,67100755
3,67100756
3,67100757
3,67100758
3,67100759
3,67100760
3,67106427
3,67106428
3,67106429
3,67106430
3,67106431
3,67106432
3,67106433
3,67106434
3,67106435
3,67106436
3,67106437
3,67106438
3,67106439
3,67106440
3,67106441
3,67106442
3,67106443
3,67106444
3,67106445
3,67106446
3,67106447
3,67106448
3,67106449
3,67106450
3,67106451
3,67106452
3,67106453
3,67106454
3,67106455
3,67106456
3,67106457
3,67106458
3,67106459
3,67106460
3,67106461
3,67106462
3,67106463
3,67106464
3,67106465
3,67106466
3,67106467
3,67106468
3,67106469
3,67106470
3,67106471
3,67106472
3,67106473
3,67106474
3,67106475
3,67106476
3,67106477
3,67106478
3,67106479
3,67106480
3,67106481
3,67106482
3,67106483
3,67106484
3,67106485
3,67106486
3,67106487
3,67106488
3,67106489
3,67106490
3,67106491
3,67106492
3,67106493
3,67106494
3,67106495
3,67106496
3,67106497
3,67106498
3,67106499
3,67106500
3,67106501
3,67106502
3,67106503
3,67106504
3,67106505
3,67106506
3,67106507
3,67106508
3,67106509
3,67106510
3,67106511
3,67106512
3,67106513
3,67106514
3,67106515
3,67106516
3,67106517
3,67106518
3,67106519
3,67106520
3,67106521
3,67106522
3,67106523
3,67106524
3,67106525
3,67106526
3,67106527
3,67106528
3,67106529
3,67106530
3,67106531
3,67106532
3,67106533
3,67106534
3,67106535
3,67106536
3,67106537
3,67106538
3,67106539
3,67106540
3,67106541
3,67106542
3,67106543
3,67106544
3,67106545
3,67106546
3,67106547
3,67106548
3,67106549
3,67106550
3,67106551
3,67106552
3,67106553
3,67106554
3,67106555
3,67106556
3,67106557
3,67106558
3,67106559
3,67106560
3,67106561
3,67106562
3,67106563
3,67106564
3,67106565
3,67106566
3,67106567
3,67106568
3,67106569
3,67106570
3,67106571
3,67106572
3,67106573
3,67106574
3,67106575
3,67106576
3,67106577
3,67106578
3,67106579
3,67106580
3,67106581
3,67106582
3,67106583
3,67106584
3,67106585
3,67106586
3,67106587
3,67106588
3,67106589
3,67106590
3,67106591
3,67106592
3,67106593
3,67106594
3,67106595
3,67106596
3,67106597
3,67106598
3,67106599
3,67106600
3,67106601
3,67106602
3,67106603
3,67106604
3,67106605
3,67106606
3,67106607
3,67106608
3,67106609
3,67106610
3,67106611
3,67106612
3,67106613
3,67106614
3,67106615
3,67106616
3,67106617
3,67106618
3,67106619
3,67106620
3,67106621
3,67106622
3,67106623
3,67106624
3,67106625
3,67106626
3,67106627
3,67106628
3,67106629
3,67106630
3,67106631
3,67106632
3,67106633
3,67106634
3,67106635
3,67106636
3,67106637
3,67106638
3,67106639
3,67106640
3,67106641
3,67108643
3,67108644
3,67108645
3,67108646
3,67108647
3,67108648
3,67108649
3,67108650
3,67108651
4,67100141
4,67100142
4,67100143
4,67100144
4,67100145
4,67100146
4,67100147
4,67100342
4,67100343
4,67100344
4,67100345
4,67100346
4,67100347
4,67100348
4,67100560
4,67100561
4,67100745
4,67100746
4,67100747
4,67100748
4,67100749
4,67100750
4,67100751
4,67106201
4,67106202
4,67106203
4,67106204
4,67106205
4,67106206
4,67106207
4,67106208
4,67106209
4,67106210
4,67106211
4,67106212
4,67106213
4,67106214
4,67106215
4,67106216
4,67106217
4,67106218
4,67106219
4,67106220
4,67106221
4,67106222
4,67106223
4,67106224
4,67106225
4,67106226
4,67106227
4,67106228
4,67106229
4,67106230
4,67106231
4,67106232
4,67106233
4,67106234
4,67106235
4,67106236
4,67106237
4,67106238
4,67106239
4,67106240
4,67106241
4,67106242
4,67106243
4,67106244
4,67106245
4,67106246
4,67106247
4,67106248
4,67106249
4,67106250
4,67106251
4,67106252
4,67106253
4,67106254
4,67106255
4,67106256
4,67106257
4,67106258
4,67106259
4,67106260
4,67106261
4,67106262
4,67106263
4,67106264
4,67106265
4,67106266
4,67106267
4,67106268
4,67106269
4,67106270
4,67106271
4,67106272
4,67106273
4,67106274
4,67106275
4,67106276
4,67106277
4,67106278
4,67106279
4,67106280
4,67106281
4,67106282
4,67106283
4,67106284
4,67106285
4,67106286
4,67106287
4,67106288
4,67106289
4,67106290
4,67106291
4,67106292
4,67106293
4,67106294
4,67106295
4,67106296
4,67106297
4,67106298
4,67106299
4,67106300
4,67106301
4,67106302
4,67106303
4,67106304
4,67106305
4,67106306
4,67106307
4,67106308
4,67106309
4,67106310
4,67106311
4,67106312
4,67106313
4,67106314
4,67106315
4,67106316
4,67106317
4,67106318
4,67106319
4,67106320
4,67106321
4,67106322
4,67106323
4,67106324
4,67106325
4,67106326
4,67106327
4,67106328
4,67106329
4,67106330
4,67106331
4,67106332
4,67106333
4,67106334
4,67106335
4,67106336
4,67106337
4,67106338
4,67106339
4,67106340
4,67106341
4,67106342
4,67106343
4,67106344
4,67106345
4,67106346
4,67106347
4,67106348
4,67106349
4,67106350
4,67106351
4,67106352
4,67106353
4,67106354
4,67106355
4,67106356
4,67106357
4,67106358
4,67106359
4,67106360
4,67106361
4,67106362
4,67106363
4,67106364
4,67106365
4,67106366
4,67106367
4,67106368
4,67106369
4,67106370
4,67106371
4,67106372
4,67106373
4,67106374
4,67106375
4,67106376
4,67106377
4,67106378
4,67106379
4,67106380
4,67106381
4,67106382
4,67106383
4,67106384
4,67106385
4,67106386
4,67106387
4,67106388
4,67106389
4,67106390
4,67106391
4,67106392
4,67106393
4,67106394
4,67106395
4,67106396
4,67106397
4,67106398
4,67106399
4,67106400
4,67106401
4,67106402
4,67106403
4,67106404
4,67106405
4,67106406
4,67106407
4,67106408
4,67106409
4,67106410
4,67106411
4,67106412
4,67106413
4,67106414
4,67106415
4,67106416
4,67106417
4,67106418
4,67106419
4,67106420
4,67106421
4,67106422
4,67106423
4,67106424
4,67106425
4,67106426
4,67108636
4,67108637
4,67108638
4,67108639
4,67108640
4,67108641
4,67108642
5,131243
5,131260
5,67100099
5,67100100
5,67100101
5,67100102
5,67100103
5,67100104
5,67100105
5,67100106
5,67100107
5,67100108
5,67100109
5,67100110
5,67100111
5,67100112
5,67100113
5,67100114
5,67100115
5,67100116
5,67100117
5,67100118
5,67100119
5,67100120
5,67100121
5,67100122
5,67100123
5,67100124
5,67100125
5,67100126
5,67100127
5,67100128
5,67100129
5,67100130
5,67100131
5,67100132
5,67100133
5,67100134
5,67100135
5,67100136
5,67100137
5,67100138
5,67100139
5,67100140
5,67100157
5,67100158
5,67100159
5,67100160
5,67100161
5,67100162
5,67100163
5,67100164
5,67100165
5,67100166
5,67100167
5,67100168
5,67100169
5,67100170
5,67100171
5,67100172
5,67100173
5,67100174
5,67100175
5,67100176
5,67100177
5,67100178
5,67100179
5,67100180
5,67100181
5,67100182
5,67100183
5,67100184
5,67100185
5,67100186
5,67100187
5,67100188
5,67100189
5,67100190
5,67100191
5,67100192
5,67100193
5,67100194
5,67100195
5,67100196
5,67100197
5,67100198
5,67100199
5,67100200
5,67100201
5,67100202
5,67100203
5,67100204
5,67100205
5,67100206
5,67100207
5,67100208
5,67100209
5,67100210
5,67100211
5,67100212
5,67100213
5,67100214
5,67100215
5,67100216
5,67100217
5,67100218
5,67100219
5,67100220
5,67100221
5,67100222
5,67100223
5,67100224
5,67100225
5,67100226
5,67100227
5,67100228
5,67100229
5,67100230
5,67100231
5,67100232
5,67100233
5,67100234
5,67100235
5,67100238
5,67100239
5,67100240
5,67100241
5,67100242
5,67100243
5,67100246
5,67100251
5,67100256
5,67100257
5,67100260
5,67100261
5,67100263
5,67100265
5,67100269
5,67100271
5,67100272
5,67100274
5,67100276
5,67100277
5,67100280
5,67100282
5,67100284
5,67100292
5,67100300
5,67100301
5,67100302
5,67100303
5,67100304
5,67100305
5,67100306
5,67100307
5,67100308
5,67100309
5,67100310
5,67100311
5,67100316
5,67100329
5,67100731
5,67101550
5,67101736
5,67101914
5,67101915
5,67102077
5,67102162
5,67102272
5,67102274
5,67102280
5,67102330
5,67102391
5,67102451
5,67102452
5,67102643
5,67102737
5,67102745
5,67102788
5,67102819
5,67102985
5,67102986
5,67103124
5,67103263
5,67103291
5,67103319
5,67103363
5,67103406
5,67103476
5,67103480
5,67103487
5,67103531
5,67103561
5,67103562
5,67103587
5,67103689
5,67103708
5,67103722
5,67103739
5,67103752
5,67103754
5,67103773
5,67103787
5,67103794
5,67103806
5,67103819
5,67103837
5,67103841
5,67103906
5,67103962
5,67103964
5,67103998
5,67104020
5,67104024
5,67104035
5,67104039
5,67104127
5,67104131
5,67104137
5,67104146
5,67104166
5,67104211
5,67104216
5,67104231
5,67104242
5,67104278
5,67104312
5,67104313
5,67104356
5,67104416
5,67104446
5,67104456
5,67104505
5,67104557
5,67104567
5,67104692
5,67104749
5,67104760
5,67104761
5,67105075
5,67105713
5,67108594
5,67108595
5,67108596
5,67108597
5,67108598
5,67108599
5,67108600
5,67108601
5,67108602
5,67108603
5,67108604
5,67108605
5,67108610
5,67108623
6,131244
6,67100236
6,67100237
6,67100244
6,67100245
6,67100247
6,67100248
6,67100249
6,67100252
6,67100253
6,67100254
6,67100255
6,67100258
6,67100259
6,67100262
6,67100264
6,67100268
6,67100270
6,67100275
6,67100294
6,67100313
6,67100314
6,67100315
6,67100317
6,67100318
6,67100319
6,67100323
6,67100325
6,67100341
6,67101505
6,67101684
6,67101746
6,67101792
6,67101837
6,67102016
6,67102209
6,67102249
6,67102264
6,67102281
6,67102401
6,67102519
6,67102555
6,67102597
6,67102638
6,67102647
6,67102691
6,67102711
6,67102715
6,67102734
6,67102744
6,67102784
6,67102850
6,67102862
6,67102864
6,67102865
6,67102866
6,67102868
6,67102869
6,67102870
6,67102871
6,67102872
6,67102873
6,67102874
6,67102876
6,67102879
6,67102880
6,67102881
6,67102884
6,67102885
6,67102888
6,67102889
6,67102893
6,67102914
6,67102940
6,67102952
6,67103003
6,67103009
6,67103011
6,67103064
6,67103065
6,67103073
6,67103074
6,67103076
6,67103077
6,67103078
6,67103080
6,67103086
6,67103089
6,67103104
6,67103105
6,67103107
6,67103116
6,67103128
6,67103146
6,67103187
6,67103188
6,67103207
6,67103220
6,67103226
6,67103227
6,67103228
6,67103231
6,67103233
6,67103234
6,67103235
6,67103236
6,67103250
6,67103253
6,67103276
6,67103295
6,67103330
6,67103344
6,67103351
6,67103354
6,67103355
6,67103371
6,67103373
6,67103379
6,67103383
6,67103390
6,67103398
6,67103399
6,67103401
6,67103403
6,67103422
6,67103424
6,67103435
6,67103456
6,67103466
6,67103474
6,67103486
6,67103512
6,67103517
6,67103518
6,67103541
6,67103545
6,67103557
6,67103568
6,67103576
6,67103577
6,67103578
6,67103592
6,67103593
6,67103599
6,67103600
6,67103601
6,67103602
6,67103603
6,67103605
6,67103631
6,67103642
6,67103649
6,67103650
6,67103651
6,67103653
6,67103676
6,67103716
6,67103723
6,67103742
6,67103760
6,67103779
6,67103802
6,67103873
6,67103908
6,67103917
6,67103934
6,67103941
6,67103947
6,67103955
6,67103958
6,67103967
6,67103969
6,67103970
6,67103974
6,67103981
6,67103990
6,67104041
6,67104042
6,67104048
6,67104055
6,67104062
6,67104094
6,67104110
6,67104121
6,67104133
6,67104176
6,67104178
6,67104181
6,67104196
6,67104218
6,67104298
6,67104325
6,67104336
6,67104337
6,67104338
6,67104347
6,67104364
6,67104407
6,67104408
6,67104419
6,67104424
6,67104441
6,67104443
6,67104481
6,67104487
6,67104499
6,67104548
6,67104551
6,67104564
6,67104582
6,67104583
6,67104594
6,67104614
6,67104616
6,67104633
6,67104634
6,67104642
6,67104648
6,67104683
6,67104686
6,67104689
6,67104699
6,67104723
6,67104729
6,67104750
6,67104796
6,67104808
6,67104897
6,67104920
6,67104933
6,67104975
6,67105006
6,67105029
6,67105032
6,67105039
6,67105051
6,67105071
6,67105093
6,67105146
6,67105202
6,67105241
6,67105252
6,67105429
6,67105433
6,67105540
6,67106156
6,67108606
6,67108607
6,67108608
6,67108609
6,67108611
6,67108612
6,67108613
6,67108617
6,67108619
6,67108635
7,131248
7,131249
7,131250
7,131251
7,131252
7,131253
7,131255
7,67100312
7,67100320
7,67100321
7,67100322
7,67100324
7,67100326
7,67100327
7,67100328
7,67100331
7,67100334
7,67100338
7,67100529
7,67101495
7,67101559
7,67101562
7,67101565
7,67101572
7,67101599
7,67101658
7,67101683
7,67101711
7,67101712
7,67101731
7,67101998
7,67102027
7,67102136
7,67102155
7,67102183
7,67102187
7,67102211
7,67102217
7,67102219
7,67102223
7,67102226
7,67102229
7,67102230
7,67102237
7,67102254
7,67102255
7,67102271
7,67102273
7,67102285
7,67102286
7,67102289
7,67102297
7,67102381
7,67102445
7,67102447
7,67102464
7,67102470
7,67102494
7,67102531
7,67102564
7,67102567
7,67102583
7,67102652
7,67102660
7,67102721
7,67102727
7,67102730
7,67102733
7,67102747
7,67102768
7,67102773
7,67102792
7,67102805
7,67102806
7,67102832
7,67102849
7,67102852
7,67102853
7,67102882
7,67102883
7,67102903
7,67102944
7,67102978
7,67103000
7,67103006
7,67103018
7,67103032
7,67103035
7,67103041
7,67103053
7,67103071
7,67103106
7,67103108
7,67103112
7,67103114
7,67103121
7,67103125
7,67103126
7,67103127
7,67103144
7,67103194
7,67103217
7,67103238
7,67103256
7,67103270
7,67103278
7,67103299
7,67103313
7,67103324
7,67103327
7,67103335
7,67103336
7,67103350
7,67103362
7,67103365
7,67103366
7,67103368
7,67103372
7,67103374
7,67103375
7,67103377
7,67103378
7,67103382
7,67103385
7,67103391
7,67103392
7,67103395
7,67103407
7,67103409
7,67103427
7,67103439
7,67103441
7,67103443
7,67103444
7,67103445
7,67103455
7,67103461
7,67103473
7,67103490
7,67103494
7,67103497
7,67103498
7,67103501
7,67103505
7,67103508
7,67103529
7,67103532
7,67103534
7,67103570
7,67103591
7,67103628
7,67103629
7,67103633
7,67103639
7,67103657
7,67103663
7,67103674
7,67103681
7,67103682
7,67103685
7,67103686
7,67103687
7,67103693
7,67103695
7,67103696
7,67103697
7,67103701
7,67103707
7,67103719
7,67103756
7,67103771
7,67103772
7,67103780
7,67103788
7,67103796
7,67103821
7,67103848
7,67103851
7,67103852
7,67103864
7,67103865
7,67103870
7,67103893
7,67103894
7,67103897
7,67103910
7,67103913
7,67103929
7,67103940
7,67103949
7,67103951
7,67103953
7,67103956
7,67103963
7,67103978
7,67103985
7,67104001
7,67104027
7,67104038
7,67104047
7,67104064
7,67104098
7,67104103
7,67104111
7,67104132
7,67104153
7,67104179
7,67104182
7,67104191
7,67104208
7,67104229
7,67104235
7,67104245
7,67104256
7,67104263
7,67104315
7,67104319
7,67104328
7,67104352
7,67104389
7,67104396
7,67104410
7,67104460
7,67104478
7,67104503
7,67104565
7,67104604
7,67104645
7,67104667
7,67104674
7,67104680
7,67104948
7,67104988
7,67105001
7,67105015
7,67105025
7,67105058
7,67105094
7,67105117
7,67105271
7,67105334
7,67105459
7,67106900
7,67108614
7,67108615
7,67108616
7,67108618
7,67108620
7,67108621
7,67108622
7,67108625
7,67108626
7,67108629
8,67100330
8,67100332
8,67100335
8,67100336
8,67100339
8,67100340
8,67100358
8,67100365
8,67100373
8,67100375
8,67101332
8,67101430
8,67101574
8,67101651
8,67101667
8,67101672
8,67101682
8,67101697
8,67101777
8,67101778
8,67101858
8,67102164
8,67102198
8,67102260
8,67102437
8,67102460
8,67102480
8,67102498
8,67102500
8,67102501
8,67102502
8,67102568
8,67102582
8,67102584
8,67102591
8,67102686
8,67102705
8,67102723
8,67102817
8,67102859
8,67102861
8,67102911
8,67102980
8,67102996
8,67103038
8,67103043
8,67103047
8,67103082
8,67103101
8,67103132
8,67103134
8,67103141
8,67103145
8,67103214
8,67103229
8,67103315
8,67103325
8,67103346
8,67103358
8,67103410
8,67103423
8,67103442
8,67103454
8,67103478
8,67103548
8,67103567
8,67103619
8,67103666
8,67103721
8,67103765
8,67103789
8,67103790
8,67103810
8,67103840
8,67103871
8,67103919
8,67103926
8,67103937
8,67104006
8,67104009
8,67104018
8,67104119
8,67104134
8,67104164
8,67104175
8,67104203
8,67104210
8,67104223
8,67104237
8,67104258
8,67104284
8,67104302
8,67104316
8,67104329
8,67104331
8,67104342
8,67104345
8,67104350
8,67104351
8,67104365
8,67104373
8,67104379
8,67104391
8,67104393
8,67104405
8,67104406
8,67104430
8,67104440
8,67104455
8,67104459
8,67104462
8,67104463
8,67104464
8,67104469
8,67104483
8,67104484
8,67104490
8,67104492
8,67104500
8,67104515
8,67104526
8,67104568
8,67104574
8,67104578
8,67104589
8,67104608
8,67104610
8,67104611
8,67104619
8,67104625
8,67104627
8,67104632
8,67104638
8,67104698
8,67104701
8,67104705
8,67104709
8,67104731
8,67104732
8,67104758
8,67104759
8,67104764
8,67104767
8,67104772
8,67104773
8,67104775
8,67104781
8,67104782
8,67104790
8,67104800
8,67104809
8,67104810
8,67104815
8,67104816
8,67104819
8,67104830
8,67104838
8,67104846
8,67104854
8,67104881
8,67104882
8,67104883
8,67104885
8,67104893
8,67104895
8,67104913
8,67104914
8,67104932
8,67104935
8,67104939
8,67104943
8,67104949
8,67104971
8,67104976
8,67104977
8,67104994
8,67105002
8,67105003
8,67105007
8,67105009
8,67105035
8,67105040
8,67105047
8,67105050
8,67105054
8,67105063
8,67105076
8,67105086
8,67105132
8,67105137
8,67105152
8,67105161
8,67105164
8,67105211
8,67105223
8,67105227
8,67105231
8,67105246
8,67105258
8,67105277
8,67105295
8,67105297
8,67105305
8,67105328
8,67105329
8,67105335
8,67105357
8,67105386
8,67105416
8,67105440
8,67105464
8,67105468
8,67105510
8,67105529
8,67105549
8,67105576
8,67105604
8,67105630
8,67105664
8,67105765
8,67105787
8,67105814
8,67105904
8,67105910
8,67105912
8,67105921
8,67105923
8,67105928
8,67105935
8,67105954
8,67105957
8,67105986
8,67105988
8,67106052
8,67106060
8,67106065
8,67106067
8,67106086
8,67106116
8,67106124
8,67106685
8,67106845
8,67107021
8,67107054
8,67108624
8,67108628
8,67108630
8,67108631
8,67108632
8,67108633
8,67108634
8,67108653
8,67108659
8,67108668
8,67108669
9,131247
9,131254
9,131256
9,67100333
9,67100337
9,67100359
9,67100360
9,67100361
9,67100362
9,67100363
9,67100364
9,67100366
9,67100367
9,67100368
9,67100369
9,67100370
9,67100371
9,67100372
9,67100374
9,67100377
9,67100378
9,67100379
9,67100724
9,67101412
9,67101556
9,67101568
9,67101600
9,67101612
9,67101624
9,67101626
9,67101647
9,67101673
9,67101681
9,67101696
9,67101704
9,67101714
9,67101715
9,67101716
9,67101717
9,67101721
9,67101790
9,67101793
9,67101898
9,67101900
9,67101901
9,67101903
9,67101908
9,67102058
9,67102065
9,67102076
9,67102094
9,67102112
9,67102119
9,67102122
9,67102135
9,67102141
9,67102158
9,67102166
9,67102180
9,67102181
9,67102197
9,67102200
9,67102201
9,67102210
9,67102238
9,67102240
9,67102251
9,67102252
9,67102256
9,67102258
9,67102263
9,67102266
9,67102267
9,67102283
9,67102316
9,67102327
9,67102363
9,67102380
9,67102385
9,67102424
9,67102428
9,67102444
9,67102476
9,67102497
9,67102525
9,67102561
9,67102581
9,67102595
9,67102616
9,67102617
9,67102618
9,67102623
9,67102626
9,67102648
9,67102680
9,67102681
9,67102688
9,67102695
9,67102696
9,67102704
9,67102706
9,67102708
9,67102710
9,67102712
9,67102713
9,67102725
9,67102753
9,67102759
9,67102769
9,67102781
9,67102807
9,67102821
9,67102824
9,67102825
9,67102826
9,67102827
9,67102828
9,67102829
9,67102830
9,67102844
9,67102845
9,67102855
9,67102896
9,67102904
9,67102923
9,67102925
9,67102934
9,67102948
9,67102949
9,67102956
9,67102960
9,67102962
9,67102964
9,67102982
9,67102988
9,67102990
9,67103033
9,67103037
9,67103040
9,67103088
9,67103113
9,67103122
9,67103151
9,67103175
9,67103178
9,67103181
9,67103186
9,67103191
9,67103197
9,67103201
9,67103249
9,67103258
9,67103262
9,67103296
9,67103297
9,67103298
9,67103309
9,67103311
9,67103316
9,67103320
9,67103349
9,67103417
9,67103429
9,67103434
9,67103440
9,67103491
9,67103492
9,67103493
9,67103525
9,67103556
9,67103571
9,67103572
9,67103585
9,67103594
9,67103627
9,67103644
9,67103648
9,67103665
9,67103669
9,67103706
9,67103710
9,67103712
9,67103720
9,67103737
9,67103763
9,67103786
9,67103793
9,67103799
9,67103800
9,67103814
9,67103835
9,67103850
9,67103878
9,67103952
9,67103991
9,67104046
9,67104077
9,67104100
9,67104152
9,67104174
9,67104215
9,67104292
9,67104457
9,67104471
9,67104473
9,67104488
9,67104489
9,67104587
9,67104593
9,67104679
9,67105166
9,67105168
9,67105169
9,67105170
9,67105171
9,67105172
9,67105173
9,67105176
9,67105184
9,67105248
9,67105290
9,67105359
9,67105360
9,67105362
9,67105711
9,67105870
9,67108627
9,67108652
9,67108654
9,67108655
9,67108656
9,67108657
9,67108658
9,67108660
9,67108661
9,67108662
9,67108663
9,67108664
9,67108665
9,67108666
9,67108667
9,67108671
9,67108672
9,67108673
9,67108674
10,67100250
10,67100266
10,67100273
10,67100278
10,67100279
10,67100285
10,67100290
10,67100380
10,67101526
10,67101527
10,67101538
10,67101555
10,67101661
10,67101720
10,67101754
10,67101791
10,67101794
10,67101803
10,67101808
10,67101815
10,67101857
10,67101867
10,67101883
10,67101892
10,67101910
10,67101957
10,67101982
10,67102018
10,67102046
10,67102071
10,67102079
10,67102097
10,67102102
10,67102133
10,67102147
10,67102154
10,67102173
10,67102212
10,67102215
10,67102216
10,67102225
10,67102275
10,67102321
10,67102369
10,67102377
10,67102417
10,67102454
10,67102479
10,67102486
10,67102526
10,67102530
10,67102539
10,67102550
10,67102566
10,67102575
10,67102577
10,67102600
10,67102612
10,67102649
10,67102651
10,67102682
10,67102697
10,67102701
10,67102726
10,67102743
10,67102746
10,67102748
10,67102782
10,67102786
10,67102794
10,67102808
10,67102812
10,67102846
10,67102847
10,67102854
10,67102856
10,67102877
10,67102892
10,67102898
10,67102899
10,67102913
10,67102932
10,67102950
10,67102981
10,67103007
10,67103020
10,67103031
10,67103036
10,67103070
10,67103075
10,67103109
10,67103118
10,67103139
10,67103143
10,67103157
10,67103159
10,67103162
10,67103167
10,67103169
10,67103172
10,67103173
10,67103177
10,67103179
10,67103182
10,67103213
10,67103266
10,67103277
10,67103285
10,67103290
10,67103300
10,67103307
10,67103310
10,67103317
10,67103326
10,67103339
10,67103352
10,67103353
10,67103357
10,67103361
10,67103364
10,67103367
10,67103384
10,67103413
10,67103450
10,67103470
10,67103495
10,67103521
10,67103533
10,67103539
10,67103560
10,67103564
10,67103588
10,67103595
10,67103607
10,67103608
10,67103609
10,67103610
10,67103612
10,67103622
10,67103626
10,67103632
10,67103647
10,67103659
10,67103661
10,67103664
10,67103683
10,67103718
10,67103725
10,67103745
10,67103762
10,67103777
10,67103801
10,67103823
10,67103845
10,67103849
10,67103859
10,67103863
10,67103874
10,67103876
10,67103879
10,67103914
10,67103922
10,67103925
10,67103984
10,67103995
10,67104007
10,67104021
10,67104029
10,67104059
10,67104065
10,67104071
10,67104076
10,67104096
10,67104104
10,67104112
10,67104114
10,67104120
10,67104156
10,67104157
10,67104162
10,67104172
10,67104177
10,67104194
10,67104213
10,67104246
10,67104253
10,67104260
10,67104295
10,67104299
10,67104378
10,67104385
10,67104394
10,67104398
10,67104436
10,67104452
10,67104646
10,67104678
10,67104685
10,67104690
10,67104720
10,67104721
10,67104724
10,67104727
10,67104743
10,67104778
10,67104793
10,67104804
10,67104811
10,67104814
10,67104818
10,67104823
10,67104835
10,67104865
10,67104930
10,67104952
10,67104964
10,67105023
10,67105074
10,67105090
10,67105091
10,67105174
10,67105175
10,67105177
10,67105180
10,67105181
10,67105182
10,67105183
10,67105185
10,67105187
10,67105203
10,67105239
10,67105256
10,67105272
10,67105276
10,67105282
10,67105299
10,67105302
10,67105342
10,67105361
10,67105363
10,67105367
10,67105385
10,67105431
10,67105475
10,67105504
10,67105605
10,67105647
10,67105691
10,67105696
10,67105803
10,67105822
10,67105866
10,67105902
10,67105930
10,67106110
10,67108670
11,131246
11,67100521
11,67100706
11,67101380
11,67101448
11,67101492
11,67101516
11,67101531
11,67101540
11,67101541
11,67101558
11,67101578
11,67101602
11,67101603
11,67101604
11,67101605
11,67101606
11,67101617
11,67101659
11,67101662
11,67101668
11,67101676
11,67101700
11,67101706
11,67101713
11,67101722
11,67101733
11,67101735
11,67101770
11,67101774
11,67101788
11,67101800
11,67101818
11,67101819
11,67101840
11,67101842
11,67101860
11,67101866
11,67101882
11,67101888
11,67101894
11,67101897
11,67101924
11,67101926
11,67101929
11,67101977
11,67102003
11,67102013
11,67102014
11,67102024
11,67102028
11,67102030
11,67102038
11,67102067
11,67102082
11,67102088
11,67102100
11,67102107
11,67102129
11,67102144
11,67102151
11,67102152
11,67102179
11,67102185
11,67102194
11,67102203
11,67102204
11,67102206
11,67102207
11,67102213
11,67102227
11,67102241
11,67102245
11,67102257
11,67102265
11,67102269
11,67102276
11,67102277
11,67102290
11,67102291
11,67102299
11,67102305
11,67102306
11,67102308
11,67102311
11,67102314
11,67102319
11,67102323
11,67102325
11,67102326
11,67102328
11,67102367
11,67102383
11,67102387
11,67102404
11,67102411
11,67102413
11,67102434
11,67102448
11,67102449
11,67102455
11,67102462
11,67102465
11,67102466
11,67102468
11,67102472
11,67102481
11,67102507
11,67102509
11,67102523
11,67102549
11,67102563
11,67102571
11,67102572
11,67102574
11,67102580
11,67102585
11,67102586
11,67102594
11,67102596
11,67102627
11,67102657
11,67102667
11,67102689
11,67102714
11,67102717
11,67102724
11,67102736
11,67102751
11,67102752
11,67102757
11,67102763
11,67102774
11,67102787
11,67102798
11,67102799
11,67102838
11,67102842
11,67102887
11,67102895
11,67102921
11,67102930
11,67102942
11,67102955
11,67102958
11,67102968
11,67102977
11,67102984
11,67103001
11,67103002
11,67103060
11,67103085
11,67103096
11,67103110
11,67103111
11,67103149
11,67103174
11,67103184
11,67103193
11,67103196
11,67103211
11,67103222
11,67103224
11,67103239
11,67103252
11,67103271
11,67103292
11,67103329
11,67103376
11,67103386
11,67103397
11,67103452
11,67103460
11,67103462
11,67103464
11,67103467
11,67103471
11,67103488
11,67103503
11,67103509
11,67103510
11,67103511
11,67103522
11,67103526
11,67103537
11,67103554
11,67103559
11,67103583
11,67103598
11,67103614
11,67103620
11,67103630
11,67103635
11,67103660
11,67103700
11,67103702
11,67103732
11,67103755
11,67103759
11,67103778
11,67103784
11,67103822
11,67103827
11,67103828
11,67103872
11,67103884
11,67103887
11,67103993
11,67103997
11,67104045
11,67104056
11,67104093
11,67104170
11,67104190
11,67104195
11,67104202
11,67104204
11,67104220
11,67104283
11,67104321
11,67104358
11,67104425
11,67104429
11,67104444
11,67104510
11,67104572
11,67104650
11,67104703
11,67104713
11,67104716
11,67104817
11,67104833
11,67104894
11,67104910
11,67104919
11,67105012
11,67105179
11,67105212
11,67105306
11,67105312
11,67105613
11,67105929
12,67100382
12,67101327
12,67101378
12,67101427
12,67101472
12,67101484
12,67101497
12,67101498
12,67101501
12,67101511
12,67101517
12,67101524
12,67101535
12,67101628
12,67101641
12,67101648
12,67101652
12,67101654
12,67101655
12,67101677
12,67101689
12,67101698
12,67101730
12,67101739
12,67101747
12,67101751
12,67101753
12,67101767
12,67101779
12,67101782
12,67101784
12,67101797
12,67101805
12,67101817
12,67101824
12,67101850
12,67101854
12,67101862
12,67101865
12,67101885
12,67101906
12,67101918
12,67101922
12,67101979
12,67102023
12,67102033
12,67102098
12,67102110
12,67102120
12,67102128
12,67102132
12,67102134
12,67102145
12,67102153
12,67102157
12,67102191
12,67102192
12,67102205
12,67102244
12,67102284
12,67102309
12,67102310
12,67102315
12,67102320
12,67102379
12,67102416
12,67102423
12,67102426
12,67102433
12,67102438
12,67102456
12,67102471
12,67102491
12,67102499
12,67102511
12,67102522
12,67102543
12,67102558
12,67102587
12,67102599
12,67102602
12,67102607
12,67102610
12,67102614
12,67102620
12,67102637
12,67102646
12,67102677
12,67102694
12,67102703
12,67102707
12,67102740
12,67102749
12,67102758
12,67102760
12,67102777
12,67102780
12,67102785
12,67102823
12,67102841
12,67102909
12,67102910
12,67102916
12,67102922
12,67102926
12,67102941
12,67102945
12,67102957
12,67102965
12,67102967
12,67102997
12,67103023
12,67103025
12,67103028
12,67103042
12,67103045
12,67103046
12,67103048
12,67103135
12,67103137
12,67103147
12,67103166
12,67103215
12,67103218
12,67103232
12,67103241
12,67103242
12,67103260
12,67103265
12,67103268
12,67103279
12,67103283
12,67103312
12,67103408
12,67103416
12,67103428
12,67103432
12,67103458
12,67103463
12,67103468
12,67103477
12,67103523
12,67103530
12,67103575
12,67103615
12,67103625
12,67103671
12,67103673
12,67103679
12,67103680
12,67103699
12,67103770
12,67103775
12,67103782
12,67103795
12,67103803
12,67103804
12,67103813
12,67103816
12,67103829
12,67103847
12,67103861
12,67103868
12,67103899
12,67103907
12,67103921
12,67103924
12,67103931
12,67103976
12,67104013
12,67104016
12,67104022
12,67104037
12,67104040
12,67104061
12,67104072
12,67104075
12,67104078
12,67104079
12,67104088
12,67104089
12,67104092
12,67104097
12,67104125
12,67104135
12,67104228
12,67104243
12,67104251
12,67104252
12,67104262
12,67104266
12,67104268
12,67104270
12,67104317
12,67104322
12,67104324
12,67104327
12,67104343
12,67104346
12,67104349
12,67104362
12,67104376
12,67104426
12,67104427
12,67104474
12,67104523
12,67104528
12,67104538
12,67104541
12,67104555
12,67104560
12,67104561
12,67104576
12,67104580
12,67104581
12,67104600
12,67104602
12,67104617
12,67104635
12,67104644
12,67104745
12,67104763
12,67104769
12,67104803
12,67104812
12,67104825
12,67104899
12,67104928
12,67104929
12,67104942
12,67105017
12,67105021
12,67105077
12,67105092
12,67105096
12,67105165
12,67105213
12,67105219
12,67105300
12,67105316
12,67105511
12,67105586
12,67105609
12,67105663
12,67105679
12,67105689
12,67105694
12,67105717
12,67105738
12,67105739
12,67105777
12,67105818
12,67105821
12,67105823
12,67107178
12,67108676
13,67100267
13,67100281
13,67100283
13,67100287
13,67100288
13,67100291
13,67100293
13,67100298
13,67100718
13,67101285
13,67101291
13,67101305
13,67101312
13,67101318
13,67101339
13,67101342
13,67101409
13,67101445
13,67101534
13,67101552
13,67101569
13,67101610
13,67101614
13,67101642
13,67101660
13,67101678
13,67101685
13,67101686
13,67101701
13,67101702
13,67101718
13,67101719
13,67101729
13,67101738
13,67101741
13,67101749
13,67101750
13,67101758
13,67101768
13,67101781
13,67101802
13,67101809
13,67101811
13,67101813
13,67101820
13,67101823
13,67101839
13,67101913
13,67101917
13,67101947
13,67101949
13,67102007
13,67102052
13,67102127
13,67102165
13,67102228
13,67102322
13,67102375
13,67102382
13,67102386
13,67102390
13,67102392
13,67102436
13,67102440
13,67102450
13,67102453
13,67102457
13,67102458
13,67102488
13,67102493
13,67102514
13,67102521
13,67102528
13,67102534
13,67102537
13,67102603
13,67102605
13,67102635
13,67102636
13,67102644
13,67102645
13,67102661
13,67102664
13,67102670
13,67102673
13,67102674
13,67102679
13,67102731
13,67102741
13,67102756
13,67102761
13,67102764
13,67102789
13,67102791
13,67102795
13,67102801
13,67102810
13,67102813
13,67102816
13,67102822
13,67102835
13,67102836
13,67102837
13,67102875
13,67102897
13,67102906
13,67102908
13,67102928
13,67102933
13,67102947
13,67102975
13,67103021
13,67103095
13,67103142
13,67103163
13,67103212
13,67103221
13,67103223
13,67103247
13,67103248
13,67103259
13,67103261
13,67103267
13,67103287
13,67103293
13,67103304
13,67103314
13,67103333
13,67103338
13,67103341
13,67103342
13,67103343
13,67103347
13,67103360
13,67103369
13,67103380
13,67103387
13,67103388
13,67103420
13,67103425
13,67103431
13,67103437
13,67103465
13,67103496
13,67103500
13,67103502
13,67103504
13,67103506
13,67103514
13,67103515
13,67103516
13,67103520
13,67103528
13,67103540
13,67103546
13,67103565
13,67103569
13,67103580
13,67103611
13,67103616
13,67103617
13,67103618
13,67103624
13,67103684
13,67103692
13,67103698
13,67103703
13,67103726
13,67103738
13,67103744
13,67103753
13,67103776
13,67103781
13,67103791
13,67103797
13,67103805
13,67103830
13,67103838
13,67103839
13,67103843
13,67103844
13,67103846
13,67103883
13,67103889
13,67103891
13,67103898
13,67103902
13,67103904
13,67103911
13,67103912
13,67103930
13,67103935
13,67103936
13,67103938
13,67103939
13,67103942
13,67103943
13,67103944
13,67103945
13,67103946
13,67103948
13,67103950
13,67103957
13,67103965
13,67103966
13,67103987
13,67103994
13,67103999
13,67104003
13,67104005
13,67104017
13,67104032
13,67104036
13,67104043
13,67104087
13,67104115
13,67104197
13,67104199
13,67104214
13,67104222
13,67104226
13,67104247
13,67104250
13,67104304
13,67104326
13,67104341
13,67104377
13,67104390
13,67104397
13,67104498
13,67104530
13,67104573
13,67104586
13,67104597
13,67104607
13,67104672
13,67104676
13,67104706
13,67104712
13,67104834
13,67105226
13,67105786
14,67100286
14,67100297
14,67101298
14,67101335
14,67101577
14,67101593
14,67101621
14,67101627
14,67101649
14,67101656
14,67101664
14,67101699
14,67101728
14,67101742
14,67101743
14,67101763
14,67101769
14,67101821
14,67101849
14,67101889
14,67101893
14,67101902
14,67101944
14,67101956
14,67102036
14,67102149
14,67102324
14,67102341
14,67102370
14,67102461
14,67102482
14,67102492
14,67102510
14,67102517
14,67102518
14,67102520
14,67102529
14,67102533
14,67102593
14,67102604
14,67102606
14,67102622
14,67102641
14,67102658
14,67102732
14,67102755
14,67102765
14,67102767
14,67102770
14,67102783
14,67102790
14,67102802
14,67102814
14,67102840
14,67102860
14,67102915
14,67102931
14,67102951
14,67102959
14,67102972
14,67102992
14,67103024
14,67103067
14,67103133
14,67103168
14,67103171
14,67103192
14,67103206
14,67103209
14,67103225
14,67103230
14,67103246
14,67103251
14,67103264
14,67103281
14,67103284
14,67103286
14,67103303
14,67103305
14,67103306
14,67103318
14,67103323
14,67103337
14,67103345
14,67103370
14,67103389
14,67103394
14,67103421
14,67103436
14,67103438
14,67103446
14,67103449
14,67103475
14,67103482
14,67103484
14,67103513
14,67103519
14,67103538
14,67103543
14,67103553
14,67103563
14,67103566
14,67103573
14,67103581
14,67103582
14,67103586
14,67103590
14,67103606
14,67103634
14,67103655
14,67103691
14,67103709
14,67103715
14,67103736
14,67103741
14,67103743
14,67103749
14,67103769
14,67103809
14,67103867
14,67103896
14,67103959
14,67103983
14,67103988
14,67104050
14,67104066
14,67104073
14,67104095
14,67104113
14,67104117
14,67104141
14,67104142
14,67104144
14,67104151
14,67104180
14,67104187
14,67104193
14,67104200
14,67104227
14,67104244
14,67104261
14,67104273
14,67104275
14,67104282
14,67104307
14,67104344
14,67104361
14,67104366
14,67104370
14,67104388
14,67104439
14,67104445
14,67104447
14,67104476
14,67104477
14,67104496
14,67104514
14,67104519
14,67104575
14,67104603
14,67104606
14,67104618
14,67104624
14,67104655
14,67104662
14,67104671
14,67104675
14,67104681
14,67104700
14,67104710
14,67104715
14,67104717
14,67104722
14,67104726
14,67104728
14,67104739
14,67104744
14,67104748
14,67104752
14,67104755
14,67104766
14,67104770
14,67104777
14,67104779
14,67104786
14,67104801
14,67104824
14,67104829
14,67104832
14,67104877
14,67104886
14,67104887
14,67104888
14,67104892
14,67104900
14,67104902
14,67104903
14,67104912
14,67104915
14,67104917
14,67104923
14,67104934
14,67104944
14,67104945
14,67104947
14,67104962
14,67104967
14,67104981
14,67104982
14,67104985
14,67104986
14,67104987
14,67104993
14,67105008
14,67105011
14,67105018
14,67105019
14,67105020
14,67105022
14,67105030
14,67105043
14,67105045
14,67105053
14,67105061
14,67105073
14,67105079
14,67105081
14,67105082
14,67105097
14,67105105
14,67105106
14,67105115
14,67105122
14,67105130
14,67105134
14,67105136
14,67105139
14,67105141
14,67105151
14,67105201
14,67105209
14,67105220
14,67105221
14,67105222
14,67105225
14,67105228
14,67105234
14,67105243
14,67105254
14,67105260
14,67105261
14,67105263
14,67105280
14,67105293
14,67105415
15,67100518
15,67100705
15,67101336
15,67101337
15,67101414
15,67101483
15,67101485
15,67101513
15,67101530
15,67101548
15,67101551
15,67101560
15,67101564
15,67101573
15,67101576
15,67101629
15,67101666
15,67101674
15,67101695
15,67101705
15,67101724
15,67101737
15,67101740
15,67101748
15,67101752
15,67101755
15,67101775
15,67101776
15,67101780
15,67101786
15,67101801
15,67101847
15,67101848
15,67101851
15,67101852
15,67101855
15,67101861
15,67101868
15,67101896
15,67101904
15,67101905
15,67101911
15,67101925
15,67101927
15,67101928
15,67101966
15,67101971
15,67101975
15,67101991
15,67101999
15,67102031
15,67102034
15,67102035
15,67102044
15,67102053
15,67102068
15,67102073
15,67102089
15,67102096
15,67102103
15,67102105
15,67102123
15,67102131
15,67102167
15,67102168
15,67102169
15,67102176
15,67102177
15,67102178
15,67102184
15,67102195
15,67102202
15,67102222
15,67102232
15,67102233
15,67102235
15,67102236
15,67102239
15,67102246
15,67102262
15,67102279
15,67102313
15,67102358
15,67102364
15,67102373
15,67102374
15,67102376
15,67102405
15,67102414
15,67102415
15,67102418
15,67102419
15,67102435
15,67102441
15,67102443
15,67102446
15,67102467
15,67102475
15,67102484
15,67102504
15,67102505
15,67102552
15,67102565
15,67102569
15,67102589
15,67102621
15,67102632
15,67102639
15,67102655
15,67102656
15,67102663
15,67102675
15,67102683
15,67102693
15,67102716
15,67102718
15,67102742
15,67102776
15,67102778
15,67102779
15,67102809
15,67102831
15,67102839
15,67102851
15,67102867
15,67102886
15,67102901
15,67102902
15,67102907
15,67102917
15,67102927
15,67102929
15,67102936
15,67102937
15,67102966
15,67102970
15,67102979
15,67102999
15,67103013
15,67103014
15,67103022
15,67103030
15,67103054
15,67103055
15,67103061
15,67103068
15,67103069
15,67103081
15,67103087
15,67103093
15,67103102
15,67103115
15,67103117
15,67103129
15,67103153
15,67103154
15,67103158
15,67103165
15,67103170
15,67103189
15,67103200
15,67103204
15,67103210
15,67103240
15,67103243
15,67103328
15,67103396
15,67103404
15,67103469
15,67103479
15,67103499
15,67103507
15,67103574
15,67103596
15,67103613
15,67103654
15,67103670
15,67103740
15,67103746
15,67103747
15,67103783
15,67103792
15,67103817
15,67103820
15,67103825
15,67103869
15,67103895
15,67103915
15,67103916
15,67103918
15,67103923
15,67103933
15,67103954
15,67103975
15,67103977
15,67103979
15,67103992
15,67103996
15,67104000
15,67104011
15,67104044
15,67104058
15,67104109
15,67104118
15,67104155
15,67104160
15,67104161
15,67104173
15,67104186
15,67104225
15,67104236
15,67104249
15,67104281
15,67104293
15,67104297
15,67104323
15,67104383
15,67104395
15,67104412
15,67104480
15,67104537
15,67104540
15,67104562
15,67104563
15,67104571
15,67104613
15,67104623
15,67104637
15,67104651
15,67104695
15,67104733
15,67104757
15,67104839
15,67104904
15,67104979
15,67104984
15,67104998
15,67105005
15,67105230
15,67105233
15,67106096
16,67100499
16,67101402
16,67101473
16,67101474
16,67101499
16,67101518
16,67101601
16,67101630
16,67101646
16,67101687
16,67101692
16,67101734
16,67101744
16,67101745
16,67101764
16,67101783
16,67101806
16,67101810
16,67101833
16,67101853
16,67101870
16,67101891
16,67101909
16,67101916
16,67102009
16,67102064
16,67102069
16,67102109
16,67102115
16,67102190
16,67102247
16,67102368
16,67102371
16,67102393
16,67102409
16,67102431
16,67102439
16,67102474
16,67102483
16,67102485
16,67102516
16,67102535
16,67102542
16,67102554
16,67102588
16,67102590
16,67102598
16,67102601
16,67102613
16,67102619
16,67102633
16,67102653
16,67102659
16,67102662
16,67102665
16,67102666
16,67102672
16,67102684
16,67102687
16,67102692
16,67102700
16,67102709
16,67102729
16,67102766
16,67102793
16,67102797
16,67102818
16,67102894
16,67102943
16,67102963
16,67102987
16,67102989
16,67103017
16,67103019
16,67103027
16,67103044
16,67103049
16,67103051
16,67103056
16,67103059
16,67103066
16,67103072
16,67103079
16,67103103
16,67103119
16,67103123
16,67103152
16,67103161
16,67103245
16,67103257
16,67103274
16,67103282
16,67103289
16,67103302
16,67103321
16,67103348
16,67103356
16,67103418
16,67103419
16,67103426
16,67103453
16,67103457
16,67103459
16,67103472
16,67103481
16,67103535
16,67103551
16,67103558
16,67103584
16,67103589
16,67103621
16,67103637
16,67103675
16,67103688
16,67103704
16,67103713
16,67103714
16,67103717
16,67103761
16,67103811
16,67103815
16,67103824
16,67103831
16,67103833
16,67103836
16,67103856
16,67103858
16,67103866
16,67103875
16,67103880
16,67103886
16,67103903
16,67103920
16,67103927
16,67103980
16,67104002
16,67104012
16,67104025
16,67104051
16,67104052
16,67104053
16,67104085
16,67104086
16,67104139
16,67104145
16,67104148
16,67104150
16,67104163
16,67104167
16,67104185
16,67104189
16,67104192
16,67104248
16,67104254
16,67104259
16,67104265
16,67104269
16,67104272
16,67104288
16,67104303
16,67104306
16,67104318
16,67104320
16,67104332
16,67104334
16,67104355
16,67104360
16,67104384
16,67104411
16,67104413
16,67104434
16,67104448
16,67104465
16,67104470
16,67104479
16,67104508
16,67104509
16,67104529
16,67104535
16,67104543
16,67104569
16,67104584
16,67104590
16,67104592
16,67104596
16,67104599
16,67104601
16,67104622
16,67104626
16,67104652
16,67104653
16,67104664
16,67104668
16,67104670
16,67104684
16,67104687
16,67104725
16,67104730
16,67104746
16,67104776
16,67104780
16,67104783
16,67104791
16,67104798
16,67104802
16,67104822
16,67104837
16,67104901
16,67104908
16,67104931
16,67104974
16,67104996
16,67104999
16,67105060
16,67105064
16,67105089
16,67105108
16,67105114
16,67105119
16,67105129
16,67105131
16,67105150
16,67105196
16,67105245
16,67105268
16,67105289
16,67105309
16,67105333
16,67105425
16,67105446
16,67105469
16,67105490
16,67105526
16,67105553
16,67105560
16,67105606
16,67105635
16,67105642
16,67105687
16,67105692
16,67105702
16,67105764
16,67105784
16,67105905
16,67105967
16,67106010
16,67106133
16,67106656
16,67106663
16,67106699
16,67106706
16,67106743
16,67106769
16,67106843
16,67107007
16,67108793
17,67100716
17,67101374
17,67101393
17,67101405
17,67101420
17,67101439
17,67101451
17,67101456
17,67101512
17,67101523
17,67101533
17,67101545
17,67101549
17,67101561
17,67101567
17,67101571
17,67101581
17,67101616
17,67101622
17,67101631
17,67101635
17,67101639
17,67101688
17,67101757
17,67101760
17,67101771
17,67101773
17,67101799
17,67101807
17,67101864
17,67101879
17,67101919
17,67101921
17,67101943
17,67101945
17,67101952
17,67101985
17,67101987
17,67101988
17,67102004
17,67102008
17,67102015
17,67102037
17,67102043
17,67102050
17,67102060
17,67102063
17,67102093
17,67102104
17,67102108
17,67102113
17,67102126
17,67102138
17,67102143
17,67102146
17,67102159
17,67102160
17,67102161
17,67102170
17,67102174
17,67102182
17,67102193
17,67102199
17,67102214
17,67102218
17,67102221
17,67102224
17,67102234
17,67102242
17,67102243
17,67102250
17,67102253
17,67102259
17,67102261
17,67102268
17,67102270
17,67102282
17,67102287
17,67102288
17,67102292
17,67102293
17,67102294
17,67102295
17,67102296
17,67102298
17,67102307
17,67102312
17,67102318
17,67102335
17,67102344
17,67102349
17,67102351
17,67102362
17,67102365
17,67102407
17,67102408
17,67102420
17,67102427
17,67102429
17,67102459
17,67102463
17,67102478
17,67102495
17,67102496
17,67102506
17,67102513
17,67102515
17,67102536
17,67102559
17,67102560
17,67102562
17,67102570
17,67102573
17,67102576
17,67102578
17,67102579
17,67102592
17,67102625
17,67102634
17,67102690
17,67102719
17,67102722
17,67102762
17,67102771
17,67102800
17,67102803
17,67102811
17,67102843
17,67102858
17,67102863
17,67102878
17,67102890
17,67102891
17,67102900
17,67102905
17,67102918
17,67102920
17,67102935
17,67102946
17,67102954
17,67102961
17,67102971
17,67102973
17,67102974
17,67102976
17,67102991
17,67102995
17,67103004
17,67103008
17,67103012
17,67103016
17,67103029
17,67103034
17,67103062
17,67103063
17,67103090
17,67103099
17,67103100
17,67103120
17,67103130
17,67103131
17,67103148
17,67103150
17,67103155
17,67103190
17,67103195
17,67103198
17,67103199
17,67103203
17,67103208
17,67103237
17,67103244
17,67103254
17,67103255
17,67103269
17,67103272
17,67103273
17,67103275
17,67103301
17,67103359
17,67103381
17,67103393
17,67103402
17,67103405
17,67103448
17,67103485
17,67103489
17,67103527
17,67103550
17,67103623
17,67103645
17,67103656
17,67103662
17,67103677
17,67103711
17,67103727
17,67103733
17,67103734
17,67103750
17,67103751
17,67103757
17,67103785
17,67103807
17,67103832
17,67103842
17,67103854
17,67103855
17,67103885
17,67103890
17,67103892
17,67103900
17,67103901
17,67103961
17,67103971
17,67103986
17,67104019
17,67104028
17,67104031
17,67104054
17,67104069
17,67104074
17,67104101
17,67104105
17,67104107
17,67104116
17,67104122
17,67104124
17,67104128
17,67104169
17,67104183
17,67104369
17,67104380
17,67104421
17,67104546
17,67104663
17,67104691
17,67104884
17,67105027
17,67105028
17,67105036
17,67105046
17,67105048
17,67105055
17,67105062
17,67105095
18,67100289
18,67101304
18,67101320
18,67101326
18,67101333
18,67101343
18,67101368
18,67101400
18,67101436
18,67101504
18,67101514
18,67101522
18,67101536
18,67101553
18,67101557
18,67101570
18,67101579
18,67101607
18,67101645
18,67101669
18,67101703
18,67101727
18,67101765
18,67101766
18,67101772
18,67101787
18,67101816
18,67101822
18,67101827
18,67101831
18,67101832
18,67101834
18,67101841
18,67101843
18,67101845
18,67101846
18,67101873
18,67101877
18,67101887
18,67101895
18,67101899
18,67101930
18,67101933
18,67101937
18,67101939
18,67101940
18,67101946
18,67101958
18,67101967
18,67101990
18,67101994
18,67101995
18,67101996
18,67102000
18,67102017
18,67102032
18,67102040
18,67102054
18,67102074
18,67102099
18,67102137
18,67102140
18,67102142
18,67102156
18,67102163
18,67102171
18,67102188
18,67102196
18,67102220
18,67102278
18,67102334
18,67102337
18,67102343
18,67102357
18,67102359
18,67102378
18,67102389
18,67102396
18,67102398
18,67102399
18,67102403
18,67102421
18,67102422
18,67102425
18,67102430
18,67102442
18,67102469
18,67102473
18,67102489
18,67102490
18,67102508
18,67102512
18,67102527
18,67102538
18,67102541
18,67102545
18,67102546
18,67102547
18,67102557
18,67102608
18,67102615
18,67102642
18,67102668
18,67102669
18,67102676
18,67102685
18,67102728
18,67102735
18,67102739
18,67102750
18,67102754
18,67102772
18,67102775
18,67102796
18,67102804
18,67102820
18,67102834
18,67102848
18,67102857
18,67102912
18,67102919
18,67102953
18,67102983
18,67102994
18,67102998
18,67103005
18,67103010
18,67103015
18,67103026
18,67103083
18,67103091
18,67103092
18,67103097
18,67103098
18,67103136
18,67103140
18,67103176
18,67103180
18,67103183
18,67103185
18,67103202
18,67103205
18,67103216
18,67103332
18,67103334
18,67103340
18,67103400
18,67103411
18,67103414
18,67103483
18,67103524
18,67103544
18,67103547
18,67103549
18,67103552
18,67103555
18,67103636
18,67103640
18,67103641
18,67103646
18,67103658
18,67103667
18,67103672
18,67103690
18,67103705
18,67103728
18,67103766
18,67103767
18,67103768
18,67103774
18,67103798
18,67103808
18,67103818
18,67103826
18,67103834
18,67103853
18,67103857
18,67103877
18,67103881
18,67103882
18,67103888
18,67103909
18,67103928
18,67103972
18,67103982
18,67104004
18,67104030
18,67104033
18,67104034
18,67104063
18,67104067
18,67104068
18,67104081
18,67104082
18,67104083
18,67104090
18,67104099
18,67104106
18,67104154
18,67104165
18,67104184
18,67104188
18,67104217
18,67104219
18,67104238
18,67104255
18,67104267
18,67104274
18,67104286
18,67104289
18,67104305
18,67104308
18,67104314
18,67104339
18,67104368
18,67104382
18,67104409
18,67104418
18,67104420
18,67104428
18,67104442
18,67104466
18,67104472
18,67104485
18,67104502
18,67104513
18,67104518
18,67104527
18,67104545
18,67104549
18,67104559
18,67104566
18,67104579
18,67104588
18,67104609
18,67104621
18,67104654
18,67104673
18,67104702
18,67104707
18,67104765
18,67104787
18,67104805
18,67104813
18,67104840
18,67104841
18,67104851
18,67104874
18,67104936
18,67104965
18,67105010
18,67105034
18,67105041
18,67105052
18,67105072
18,67105085
19,67100383
19,67100384
19,67100385
19,67100388
19,67100392
19,67100393
19,67100395
19,67100406
19,67100407
19,67100412
19,67100413
19,67100442
19,67100443
19,67101399
19,67101401
19,67101406
19,67101422
19,67101432
19,67101450
19,67101462
19,67101480
19,67101528
19,67101537
19,67101563
19,67101575
19,67101619
19,67101863
19,67101881
19,67101907
19,67101920
19,67101960
19,67101973
19,67101992
19,67102039
19,67102042
19,67102055
19,67102056
19,67102070
19,67102072
19,67102121
19,67102139
19,67102148
19,67102150
19,67102208
19,67102317
19,67102340
19,67102356
19,67102388
19,67102394
19,67102395
19,67102477
19,67102503
19,67102631
19,67102640
19,67102650
19,67102699
19,67102720
19,67102924
19,67102938
19,67102939
19,67103156
19,67103160
19,67103164
19,67103280
19,67103288
19,67103308
19,67103412
19,67103430
19,67103542
19,67103579
19,67103597
19,67103652
19,67103694
19,67103860
19,67103862
19,67103905
19,67103960
19,67103968
19,67103973
19,67104008
19,67104015
19,67104023
19,67104049
19,67104084
19,67104108
19,67104126
19,67104143
19,67104149
19,67104171
19,67104212
19,67104224
19,67104271
19,67104277
19,67104279
19,67104287
19,67104291
19,67104294
19,67104296
19,67104301
19,67104310
19,67104330
19,67104333
19,67104340
19,67104348
19,67104353
19,67104354
19,67104367
19,67104371
19,67104375
19,67104386
19,67104401
19,67104404
19,67104417
19,67104435
19,67104438
19,67104458
19,67104461
19,67104467
19,67104482
19,67104494
19,67104506
19,67104507
19,67104512
19,67104521
19,67104522
19,67104531
19,67104539
19,67104542
19,67104577
19,67104591
19,67104615
19,67104629
19,67104630
19,67104639
19,67104640
19,67104649
19,67104666
19,67104688
19,67104696
19,67104711
19,67104714
19,67104719
19,67104747
19,67104794
19,67104797
19,67104799
19,67104820
19,67104826
19,67104857
19,67104860
19,67104891
19,67104911
19,67104951
19,67104968
19,67104969
19,67104972
19,67104997
19,67105014
19,67105065
19,67105068
19,67105102
19,67105116
19,67105127
19,67105138
19,67105140
19,67105142
19,67105147
19,67105154
19,67105159
19,67105188
19,67105214
19,67105244
19,67105286
19,67105291
19,67105301
19,67105322
19,67105337
19,67105350
19,67105418
19,67105422
19,67105443
19,67105451
19,67105452
19,67105453
19,67105483
19,67105496
19,67105533
19,67105555
19,67105587
19,67105589
19,67105621
19,67105628
19,67105639
19,67105656
19,67105671
19,67105678
19,67105681
19,67105709
19,67105730
19,67105743
19,67105745
19,67105763
19,67105771
19,67105780
19,67105781
19,67105789
19,67105792
19,67105804
19,67105808
19,67105811
19,67105819
19,67105824
19,67105835
19,67105860
19,67105892
19,67105994
19,67106048
19,67106081
19,67106083
19,67106132
19,67106170
19,67106196
19,67106676
19,67106856
19,67106876
19,67106883
19,67107129
19,67108070
19,67108677
19,67108678
19,67108679
19,67108682
19,67108686
19,67108687
19,67108689
19,67108700
19,67108701
19,67108705
19,67108707
19,67108736
19,67108737
20,131257
20,67100376
20,67100381
20,67100387
20,67100390
20,67100404
20,67100405
20,67100409
20,67100410
20,67100411
20,67100415
20,67100416
20,67100419
20,67100421
20,67100423
20,67100424
20,67100428
20,67100429
20,67100430
20,67100431
20,67100437
20,67100438
20,67100441
20,67100446
20,67100452
20,67100457
20,67100466
20,67100469
20,67100470
20,67100474
20,67100476
20,67100477
20,67100481
20,67100491
20,67101690
20,67101814
20,67104449
20,67104497
20,67104533
20,67104536
20,67104550
20,67104553
20,67104585
20,67104605
20,67104612
20,67104620
20,67104643
20,67104657
20,67104682
20,67104694
20,67104738
20,67104741
20,67104742
20,67104795
20,67104827
20,67104836
20,67104847
20,67104907
20,67104916
20,67104924
20,67104978
20,67105013
20,67105016
20,67105038
20,67105100
20,67105109
20,67105112
20,67105157
20,67105238
20,67105247
20,67105249
20,67105253
20,67105259
20,67105265
20,67105285
20,67105287
20,67105323
20,67105332
20,67105355
20,67105381
20,67105420
20,67105421
20,67105423
20,67105427
20,67105434
20,67105439
20,67105441
20,67105444
20,67105474
20,67105493
20,67105522
20,67105534
20,67105539
20,67105543
20,67105550
20,67105563
20,67105577
20,67105581
20,67105593
20,67105594
20,67105595
20,67105598
20,67105615
20,67105619
20,67105620
20,67105644
20,67105648
20,67105655
20,67105657
20,67105668
20,67105707
20,67105723
20,67105732
20,67105775
20,67105776
20,67105778
20,67105790
20,67105795
20,67105801
20,67105838
20,67105850
20,67105859
20,67105871
20,67105881
20,67105911
20,67105915
20,67105989
20,67106005
20,67106013
20,67106026
20,67106050
20,67106058
20,67106068
20,67106118
20,67106123
20,67106139
20,67106141
20,67106142
20,67106157
20,67106167
20,67106173
20,67106175
20,67106674
20,67106678
20,67106679
20,67106732
20,67106767
20,67106768
20,67106839
20,67106847
20,67106902
20,67106997
20,67107003
20,67107020
20,67107033
20,67107039
20,67107040
20,67107096
20,67107116
20,67107135
20,67107149
20,67107206
20,67107231
20,67107293
20,67107365
20,67107421
20,67107585
20,67107596
20,67107600
20,67107604
20,67107610
20,67107615
20,67107627
20,67107629
20,67107634
20,67107658
20,67107665
20,67107673
20,67107683
20,67107687
20,67107688
20,67107711
20,67107713
20,67107719
20,67107730
20,67107735
20,67107740
20,67107764
20,67107776
20,67107789
20,67107826
20,67107855
20,67107864
20,67107882
20,67107887
20,67107901
20,67107961
20,67107980
20,67107991
20,67107995
20,67108007
20,67108049
20,67108051
20,67108067
20,67108069
20,67108071
20,67108072
20,67108074
20,67108076
20,67108078
20,67108081
20,67108082
20,67108100
20,67108129
20,67108166
20,67108249
20,67108279
20,67108296
20,67108377
20,67108428
20,67108437
20,67108488
20,67108557
20,67108684
20,67108698
20,67108699
20,67108702
20,67108703
20,67108704
20,67108706
20,67108708
20,67108709
20,67108710
20,67108711
20,67108713
20,67108715
20,67108716
20,67108717
20,67108718
20,67108722
20,67108724
20,67108725
20,67108726
20,67108732
20,67108738
20,67108740
20,67108747
20,67108751
20,67108760
20,67108763
20,67108765
20,67108768
20,67108770
20,67108771
20,67108775
20,67108785
21,67100295
21,67100717
21,67101366
21,67101403
21,67101465
21,67101466
21,67101470
21,67101509
21,67101520
21,67101539
21,67101657
21,67101812
21,67101912
21,67101934
21,67101983
21,67101984
21,67102001
21,67102049
21,67102085
21,67102116
21,67102130
21,67102300
21,67102355
21,67102372
21,67102384
21,67102397
21,67102524
21,67102540
21,67102544
21,67102556
21,67102628
21,67102629
21,67102654
21,67102671
21,67102678
21,67102698
21,67102702
21,67102738
21,67102833
21,67102969
21,67102993
21,67103039
21,67103050
21,67103057
21,67103058
21,67103084
21,67103331
21,67103415
21,67103447
21,67103451
21,67103536
21,67103638
21,67103643
21,67103668
21,67103730
21,67103731
21,67103758
21,67103764
21,67103812
21,67103932
21,67103989
21,67104010
21,67104014
21,67104026
21,67104057
21,67104091
21,67104102
21,67104123
21,67104129
21,67104130
21,67104136
21,67104138
21,67104147
21,67104158
21,67104159
21,67104168
21,67104198
21,67104205
21,67104206
21,67104207
21,67104209
21,67104221
21,67104230
21,67104233
21,67104234
21,67104239
21,67104240
21,67104241
21,67104257
21,67104264
21,67104285
21,67104290
21,67104300
21,67104311
21,67104335
21,67104381
21,67104399
21,67104400
21,67104402
21,67104403
21,67104414
21,67104422
21,67104431
21,67104432
21,67104433
21,67104437
21,67104454
21,67104486
21,67104491
21,67104495
21,67104511
21,67104516
21,67104520
21,67104524
21,67104534
21,67104552
21,67104595
21,67104631
21,67104641
21,67104647
21,67104656
21,67104665
21,67104677
21,67104693
21,67104754
21,67104762
21,67104771
21,67104784
21,67104789
21,67104806
21,67104878
21,67104880
21,67104890
21,67104909
21,67104954
21,67104956
21,67104960
21,67104983
21,67104989
21,67105044
21,67105078
21,67105088
21,67105098
21,67105121
21,67105123
21,67105160
21,67105198
21,67105204
21,67105206
21,67105207
21,67105240
21,67105257
21,67105269
21,67105270
21,67105279
21,67105284
21,67105341
21,67105343
21,67105344
21,67105354
21,67105389
21,67105391
21,67105405
21,67105424
21,67105442
21,67105450
21,67105457
21,67105473
21,67105488
21,67105518
21,67105519
21,67105538
21,67105541
21,67105561
21,67105591
21,67105614
21,67105616
21,67105617
21,67105634
21,67105650
21,67105658
21,67105670
21,67105701
21,67105722
21,67105744
21,67105752
21,67105779
21,67105796
21,67105799
21,67105807
21,67105812
21,67105813
21,67105817
21,67105829
21,67105831
21,67105839
21,67105858
21,67105880
21,67105885
21,67105890
21,67105898
21,67105914
21,67105916
21,67105920
21,67105956
21,67105958
21,67105998
21,67106009
21,67106021
21,67106024
21,67106030
21,67106033
21,67106034
21,67106044
21,67106049
21,67106051
21,67106063
21,67106070
21,67106071
21,67106072
21,67106075
21,67106089
21,67106095
21,67106097
21,67106100
21,67106104
21,67106108
21,67106117
21,67106121
21,67106125
21,67106129
21,67106134
21,67106140
21,67106146
21,67106159
21,67106163
21,67106166
21,67106168
21,67106179
21,67106184
21,67106187
21,67106195
21,67106199
22,67101302
22,67101323
22,67101419
22,67101426
22,67101454
22,67101496
22,67101521
22,67101542
22,67101582
22,67101585
22,67101615
22,67101620
22,67101679
22,67101693
22,67101732
22,67101804
22,67101844
22,67101859
22,67101890
22,67101923
22,67101931
22,67101948
22,67101951
22,67101959
22,67101997
22,67102002
22,67102021
22,67102087
22,67102091
22,67102366
22,67102410
22,67102532
22,67102553
22,67102609
22,67102630
22,67102815
22,67103052
22,67103138
22,67103294
22,67103604
22,67103735
22,67103748
22,67104070
22,67104080
22,67104280
22,67104357
22,67104359
22,67104363
22,67104372
22,67104374
22,67104392
22,67104415
22,67104423
22,67104450
22,67104468
22,67104475
22,67104493
22,67104501
22,67104504
22,67104517
22,67104525
22,67104532
22,67104544
22,67104547
22,67104554
22,67104570
22,67104598
22,67104697
22,67104751
22,67104753
22,67104774
22,67104785
22,67104807
22,67104821
22,67104858
22,67104866
22,67104869
22,67104876
22,67104926
22,67104940
22,67104955
22,67104961
22,67104963
22,67104966
22,67104970
22,67104980
22,67105000
22,67105026
22,67105033
22,67105087
22,67105099
22,67105101
22,67105107
22,67105110
22,67105120
22,67105143
22,67105145
22,67105158
22,67105167
22,67105199
22,67105200
22,67105205
22,67105224
22,67105232
22,67105262
22,67105294
22,67105311
22,67105315
22,67105321
22,67105339
22,67105349
22,67105351
22,67105368
22,67105370
22,67105371
22,67105382
22,67105383
22,67105401
22,67105407
22,67105435
22,67105436
22,67105437
22,67105448
22,67105461
22,67105462
22,67105467
22,67105471
22,67105472
22,67105478
22,67105481
22,67105485
22,67105486
22,67105487
22,67105491
22,67105505
22,67105517
22,67105524
22,67105530
22,67105536
22,67105542
22,67105551
22,67105556
22,67105559
22,67105564
22,67105567
22,67105568
22,67105571
22,67105572
22,67105573
22,67105580
22,67105599
22,67105600
22,67105603
22,67105611
22,67105623
22,67105624
22,67105638
22,67105651
22,67105665
22,67105666
22,67105669
22,67105676
22,67105685
22,67105686
22,67105690
22,67105703
22,67105714
22,67105721
22,67105725
22,67105726
22,67105728
22,67105736
22,67105741
22,67105742
22,67105751
22,67105753
22,67105755
22,67105760
22,67105788
22,67105800
22,67105802
22,67105806
22,67105825
22,67105834
22,67105841
22,67105842
22,67105848
22,67105851
22,67105853
22,67105855
22,67105856
22,67105862
22,67105868
22,67105872
22,67105877
22,67105884
22,67105886
22,67105887
22,67105889
22,67105891
22,67105894
22,67105895
22,67105897
22,67105899
22,67105900
22,67105907
22,67105913
22,67105917
22,67105922
22,67105925
22,67105940
22,67105943
22,67105948
22,67105955
22,67105961
22,67105962
22,67105966
22,67105968
22,67105969
22,67105970
22,67105971
22,67105974
22,67105975
22,67105979
22,67105991
22,67105993
22,67106000
22,67106001
22,67106006
22,67106008
22,67106014
22,67106019
22,67106020
22,67106025
22,67106027
22,67106029
22,67106031
22,67106036
22,67106042
22,67106043
22,67106047
22,67106053
22,67106055
22,67106061
22,67106064
22,67106069
22,67106076
22,67106079
22,67106080
22,67106085
22,67106099
22,67106101
22,67106114
22,67106115
22,67106138
22,67106169
23,131258
23,67100386
23,67100394
23,67100396
23,67100397
23,67100398
23,67100400
23,67100403
23,67100408
23,67100417
23,67100418
23,67100420
23,67100425
23,67100427
23,67100433
23,67100434
23,67100435
23,67100445
23,67100480
23,67100517
23,67100708
23,67102045
23,67102047
23,67103322
23,67104140
23,67104387
23,67104453
23,67104556
23,67104558
23,67104669
23,67104736
23,67104768
23,67104788
23,67104792
23,67104831
23,67104842
23,67104843
23,67104852
23,67104856
23,67104861
23,67104868
23,67104872
23,67104918
23,67104925
23,67104927
23,67104941
23,67104946
23,67104950
23,67104953
23,67104973
23,67104990
23,67104991
23,67104992
23,67104995
23,67105031
23,67105037
23,67105042
23,67105057
23,67105066
23,67105069
23,67105070
23,67105080
23,67105084
23,67105104
23,67105113
23,67105125
23,67105126
23,67105133
23,67105135
23,67105148
23,67105155
23,67105156
23,67105163
23,67105178
23,67105197
23,67105208
23,67105215
23,67105229
23,67105235
23,67105242
23,67105266
23,67105273
23,67105283
23,67105303
23,67105304
23,67105310
23,67105314
23,67105317
23,67105327
23,67105336
23,67105338
23,67105346
23,67105392
23,67105394
23,67105404
23,67105406
23,67105412
23,67105413
23,67105414
23,67105454
23,67105458
23,67105465
23,67105502
23,67105503
23,67105520
23,67105528
23,67105532
23,67105565
23,67105570
23,67105574
23,67105583
23,67105592
23,67105601
23,67105612
23,67105622
23,67105625
23,67105627
23,67105629
23,67105636
23,67105637
23,67105646
23,67105652
23,67105660
23,67105661
23,67105684
23,67105718
23,67105737
23,67105740
23,67105747
23,67105750
23,67105757
23,67105798
23,67105826
23,67105832
23,67105918
23,67105953
23,67105977
23,67105982
23,67105996
23,67105997
23,67106004
23,67106015
23,67106038
23,67106041
23,67106054
23,67106073
23,67106084
23,67106087
23,67106092
23,67106103
23,67106126
23,67106149
23,67106177
23,67106182
23,67106648
23,67106650
23,67106657
23,67106659
23,67106661
23,67106664
23,67106675
23,67106710
23,67106718
23,67106721
23,67106738
23,67106746
23,67106787
23,67106795
23,67106807
23,67106811
23,67106830
23,67106832
23,67106841
23,67106852
23,67106895
23,67106904
23,67106931
23,67107011
23,67107121
23,67107381
23,67107390
23,67107401
23,67107433
23,67107443
23,67107450
23,67107451
23,67107480
23,67107481
23,67107518
23,67107560
23,67107562
23,67107571
23,67107603
23,67107635
23,67107656
23,67107692
23,67107765
23,67107773
23,67107795
23,67107812
23,67107837
23,67107839
23,67107886
23,67107921
23,67107945
23,67107946
23,67107952
23,67107969
23,67107985
23,67107992
23,67108002
23,67108023
23,67108027
23,67108031
23,67108032
23,67108036
23,67108073
23,67108092
23,67108095
23,67108183
23,67108485
23,67108675
23,67108680
23,67108681
23,67108688
23,67108690
23,67108691
23,67108692
23,67108693
23,67108694
23,67108697
23,67108712
23,67108714
23,67108720
23,67108721
23,67108723
23,67108727
23,67108728
23,67108729
23,67108730
23,67108739
24,67100389
24,67100432
24,67100456
24,67100458
24,67100459
24,67100461
24,67100465
24,67100467
24,67100471
24,67100475
24,67100478
24,67101598
24,67101653
24,67101955
24,67102084
24,67102329
24,67103219
24,67103433
24,67103729
24,67104060
24,67104451
24,67104718
24,67104740
24,67104756
24,67104828
24,67104848
24,67104863
24,67104867
24,67104938
24,67105024
24,67105049
24,67105059
24,67105103
24,67105124
24,67105144
24,67105149
24,67105153
24,67105190
24,67105210
24,67105251
24,67105255
24,67105264
24,67105267
24,67105274
24,67105288
24,67105298
24,67105307
24,67105324
24,67105326
24,67105340
24,67105352
24,67105353
24,67105358
24,67105364
24,67105366
24,67105369
24,67105372
24,67105373
24,67105374
24,67105402
24,67105417
24,67105426
24,67105438
24,67105447
24,67105449
24,67105455
24,67105466
24,67105470
24,67105479
24,67105480
24,67105492
24,67105497
24,67105501
24,67105507
24,67105512
24,67105537
24,67105546
24,67105554
24,67105579
24,67105588
24,67105590
24,67105596
24,67105640
24,67105643
24,67105677
24,67105680
24,67105682
24,67105697
24,67105705
24,67105706
24,67105716
24,67105727
24,67105733
24,67105735
24,67105746
24,67105749
24,67105758
24,67105768
24,67105769
24,67105770
24,67105773
24,67105782
24,67105783
24,67105785
24,67105805
24,67105809
24,67105830
24,67105836
24,67105837
24,67105849
24,67105861
24,67105869
24,67105875
24,67105878
24,67105882
24,67105888
24,67105893
24,67105896
24,67105901
24,67105903
24,67105906
24,67105924
24,67105939
24,67105944
24,67105959
24,67105964
24,67106016
24,67106018
24,67106022
24,67106035
24,67106045
24,67106056
24,67106059
24,67106074
24,67106082
24,67106098
24,67106128
24,67106130
24,67106155
24,67106176
24,67106188
24,67106643
24,67106647
24,67106665
24,67106666
24,67106669
24,67106670
24,67106686
24,67106689
24,67106698
24,67106700
24,67106701
24,67106704
24,67106712
24,67106714
24,67106715
24,67106719
24,67106730
24,67106731
24,67106739
24,67106740
24,67106751
24,67106771
24,67106775
24,67106790
24,67106802
24,67106809
24,67106817
24,67106819
24,67106828
24,67106846
24,67106854
24,67106861
24,67106863
24,67106868
24,67106873
24,67106891
24,67106896
24,67106905
24,67106914
24,67106918
24,67106920
24,67106958
24,67106973
24,67106976
24,67106984
24,67106994
24,67107008
24,67107014
24,67107043
24,67107047
24,67107062
24,67107076
24,67107086
24,67107098
24,67107103
24,67107104
24,67107131
24,67107136
24,67107154
24,67107158
24,67107159
24,67107161
24,67107165
24,67107175
24,67107188
24,67107203
24,67107208
24,67107223
24,67107237
24,67107242
24,67107252
24,67107260
24,67107264
24,67107273
24,67107275
24,67107289
24,67107319
24,67107330
24,67107337
24,67107361
24,67107383
24,67107436
24,67107577
24,67107619
24,67107678
24,67107694
24,67107710
24,67107723
24,67107766
24,67107803
24,67107917
24,67107979
24,67108011
24,67108155
24,67108158
24,67108172
24,67108194
24,67108243
24,67108264
24,67108283
24,67108309
24,67108372
24,67108414
24,67108463
24,67108685
24,67108719
24,67108750
24,67108752
24,67108754
24,67108755
24,67108759
24,67108761
24,67108764
24,67108773
25,131259
25,67100391
25,67100399
25,67100401
25,67100402
25,67100422
25,67100720
25,67101884
25,67102624
25,67104276
25,67104309
25,67104628
25,67104855
25,67104859
25,67104873
25,67104879
25,67104889
25,67104905
25,67104906
25,67104922
25,67104937
25,67105083
25,67105111
25,67105162
25,67105216
25,67105217
25,67105218
25,67105236
25,67105237
25,67105250
25,67105275
25,67105281
25,67105292
25,67105296
25,67105313
25,67105319
25,67105320
25,67105325
25,67105347
25,67105365
25,67105393
25,67105398
25,67105428
25,67105430
25,67105445
25,67105460
25,67105463
25,67105476
25,67105482
25,67105484
25,67105489
25,67105494
25,67105495
25,67105498
25,67105499
25,67105500
25,67105506
25,67105508
25,67105509
25,67105513
25,67105515
25,67105516
25,67105523
25,67105525
25,67105531
25,67105544
25,67105548
25,67105552
25,67105558
25,67105569
25,67105578
25,67105585
25,67105607
25,67105618
25,67105641
25,67105645
25,67105649
25,67105653
25,67105654
25,67105672
25,67105673
25,67105675
25,67105688
25,67105710
25,67105712
25,67105715
25,67105772
25,67105774
25,67105791
25,67105810
25,67105815
25,67105840
25,67105845
25,67105852
25,67105863
25,67105879
25,67105919
25,67105927
25,67105931
25,67105932
25,67105934
25,67105952
25,67105965
25,67105978
25,67105980
25,67105984
25,67106002
25,67106003
25,67106017
25,67106028
25,67106032
25,67106066
25,67106102
25,67106119
25,67106120
25,67106131
25,67106143
25,67106145
25,67106150
25,67106154
25,67106161
25,67106164
25,67106165
25,67106172
25,67106181
25,67106190
25,67106191
25,67106192
25,67106644
25,67106651
25,67106654
25,67106667
25,67106668
25,67106673
25,67106683
25,67106688
25,67106690
25,67106709
25,67106720
25,67106737
25,67106742
25,67106747
25,67106748
25,67106756
25,67106760
25,67106773
25,67106780
25,67106783
25,67106793
25,67106801
25,67106805
25,67106806
25,67106825
25,67106838
25,67106871
25,67106878
25,67106889
25,67106892
25,67106901
25,67106909
25,67106910
25,67106913
25,67106917
25,67106919
25,67106921
25,67106924
25,67106932
25,67106945
25,67106949
25,67106950
25,67106956
25,67106974
25,67106979
25,67106981
25,67106987
25,67106996
25,67106998
25,67107005
25,67107006
25,67107019
25,67107025
25,67107034
25,67107055
25,67107080
25,67107081
25,67107093
25,67107106
25,67107110
25,67107111
25,67107122
25,67107125
25,67107155
25,67107170
25,67107171
25,67107173
25,67107200
25,67107205
25,67107216
25,67107220
25,67107221
25,67107262
25,67107270
25,67107294
25,67107304
25,67107308
25,67107312
25,67107321
25,67107323
25,67107341
25,67107364
25,67107367
25,67107392
25,67107393
25,67107417
25,67107437
25,67107438
25,67107504
25,67107505
25,67107511
25,67107541
25,67107572
25,67107583
25,67107589
25,67107593
25,67107630
25,67107703
25,67107780
25,67107852
25,67107862
25,67107878
25,67107880
25,67107893
25,67107916
25,67108008
25,67108018
25,67108019
25,67108204
25,67108683
25,67108696
26,67100455
26,67100464
26,67100473
26,67100483
26,67100489
26,67100498
26,67104232
26,67104658
26,67104659
26,67104660
26,67104661
26,67104862
26,67104898
26,67104921
26,67105056
26,67105067
26,67105308
26,67105345
26,67105356
26,67105376
26,67105379
26,67105380
26,67105395
26,67105403
26,67105419
26,67105477
26,67105514
26,67105521
26,67105527
26,67105545
26,67105575
26,67105597
26,67105602
26,67105608
26,67105610
26,67105626
26,67105659
26,67105674
26,67105683
26,67105693
26,67105719
26,67105720
26,67105724
26,67105729
26,67105748
26,67105766
26,67105767
26,67105797
26,67105816
26,67105820
26,67105827
26,67105843
26,67105854
26,67105874
26,67105876
26,67105883
26,67105909
26,67105942
26,67105963
26,67105972
26,67105973
26,67105987
26,67105995
26,67105999
26,67106012
26,67106040
26,67106046
26,67106057
26,67106077
26,67106093
26,67106109
26,67106111
26,67106112
26,67106113
26,67106137
26,67106147
26,67106153
26,67106171
26,67106183
26,67106186
26,67106189
26,67106193
26,67106200
26,67106642
26,67106645
26,67106649
26,67106653
26,67106662
26,67106672
26,67106682
26,67106687
26,67106693
26,67106695
26,67106697
26,67106703
26,67106711
26,67106713
26,67106717
26,67106724
26,67106735
26,67106744
26,67106750
26,67106754
26,67106763
26,67106764
26,67106772
26,67106774
26,67106784
26,67106786
26,67106792
26,67106796
26,67106798
26,67106799
26,67106804
26,67106808
26,67106810
26,67106818
26,67106824
26,67106827
26,67106829
26,67106831
26,67106836
26,67106848
26,67106865
26,67106870
26,67106877
26,67106882
26,67106898
26,67106915
26,67106926
26,67106929
26,67106935
26,67106939
26,67106943
26,67106953
26,67106957
26,67106960
26,67106967
26,67106978
26,67106985
26,67106988
26,67106989
26,67106990
26,67106992
26,67107001
26,67107023
26,67107024
26,67107029
26,67107030
26,67107041
26,67107061
26,67107066
26,67107072
26,67107082
26,67107083
26,67107099
26,67107112
26,67107120
26,67107124
26,67107127
26,67107133
26,67107134
26,67107142
26,67107144
26,67107148
26,67107151
26,67107153
26,67107172
26,67107174
26,67107176
26,67107184
26,67107192
26,67107207
26,67107212
26,67107213
26,67107215
26,67107219
26,67107240
26,67107243
26,67107246
26,67107251
26,67107268
26,67107274
26,67107285
26,67107298
26,67107301
26,67107325
26,67107332
26,67107338
26,67107345
26,67107356
26,67107375
26,67107380
26,67107397
26,67107409
26,67107426
26,67107439
26,67107440
26,67107444
26,67107458
26,67107468
26,67107472
26,67107474
26,67107493
26,67107496
26,67107500
26,67107519
26,67107546
26,67107547
26,67107563
26,67107566
26,67107576
26,67107578
26,67107588
26,67107608
26,67107617
26,67107618
26,67107643
26,67107650
26,67107661
26,67107682
26,67107695
26,67107699
26,67107759
26,67107779
26,67107811
26,67107813
26,67107848
26,67107853
26,67107860
26,67107863
26,67107865
26,67107867
26,67107873
26,67107890
26,67107897
26,67107912
26,67108006
26,67108012
26,67108088
26,67108101
26,67108143
26,67108230
26,67108290
26,67108366
26,67108476
26,67108494
26,67108512
26,67108548
26,67108695
26,67108749
26,67108758
26,67108767
26,67108774
26,67108777
26,67108783
27,67100296
27,67100426
27,67100453
27,67100482
27,67100703
27,67101286
27,67101290
27,67101295
27,67101297
27,67101299
27,67101301
27,67101306
27,67101309
27,67101311
27,67101314
27,67101315
27,67101325
27,67101334
27,67101341
27,67101348
27,67101350
27,67101355
27,67101356
27,67101370
27,67101372
27,67101379
27,67101389
27,67101390
27,67101394
27,67101396
27,67101398
27,67101407
27,67101408
27,67101421
27,67101424
27,67101452
27,67101455
27,67101532
27,67101580
27,67101584
27,67101587
27,67101588
27,67101589
27,67101590
27,67101591
27,67101594
27,67101596
27,67101611
27,67101613
27,67101623
27,67101625
27,67101633
27,67101634
27,67101643
27,67101650
27,67101663
27,67101665
27,67101670
27,67101671
27,67101675
27,67101694
27,67101756
27,67101762
27,67101785
27,67101796
27,67101798
27,67101830
27,67101856
27,67101869
27,67101871
27,67101872
27,67101876
27,67101886
27,67101932
27,67101936
27,67101938
27,67101941
27,67101950
27,67101961
27,67101963
27,67101964
27,67101968
27,67102006
27,67102025
27,67102302
27,67102304
27,67102339
27,67102342
27,67102400
27,67102402
27,67102406
27,67102432
27,67102548
27,67104201
27,67104708
27,67104734
27,67104735
27,67104844
27,67104845
27,67104849
27,67104850
27,67104853
27,67104870
27,67104871
27,67104875
27,67104957
27,67105004
27,67105118
27,67105186
27,67105189
27,67105191
27,67105192
27,67105193
27,67105194
27,67105195
27,67105331
27,67105375
27,67105390
27,67105408
27,67105667
27,67105754
27,67105756
27,67105793
27,67105867
27,67105908
27,67105926
27,67105937
27,67105992
27,67106007
27,67106023
27,67106106
27,67106122
27,67106135
27,67106660
27,67106680
27,67106681
27,67106691
27,67106694
27,67106707
27,67106723
27,67106728
27,67106736
27,67106745
27,67106761
27,67106765
27,67106776
27,67106779
27,67106781
27,67106782
27,67106785
27,67106788
27,67106803
27,67106812
27,67106814
27,67106816
27,67106822
27,67106823
27,67106834
27,67106835
27,67106840
27,67106842
27,67106849
27,67106850
27,67106851
27,67106855
27,67106857
27,67106858
27,67106859
27,67106864
27,67106866
27,67106874
27,67106879
27,67106884
27,67106885
27,67106887
27,67106888
27,67106890
27,67106893
27,67106908
27,67106912
27,67106923
27,67106930
27,67106933
27,67106934
27,67106940
27,67106944
27,67106946
27,67106947
27,67106952
27,67106954
27,67106963
27,67106964
27,67106995
27,67107004
27,67107009
27,67107012
27,67107018
27,67107022
27,67107036
27,67107037
27,67107042
27,67107051
27,67107053
27,67107059
27,67107067
27,67107070
27,67107071
27,67107078
27,67107101
27,67107102
27,67107113
27,67107119
27,67107137
27,67107160
27,67107168
27,67107181
27,67107191
27,67107234
27,67107265
27,67107272
27,67107346
27,67107385
27,67107387
27,67107441
27,67107445
27,67107452
27,67107478
27,67107573
27,67107632
27,67107787
27,67107909
27,67107931
27,67107933
27,67108048
27,67108128
27,67108131
27,67108506
27,67108746
27,67108776
28,67101292
28,67101395
28,67101592
28,67101618
28,67101638
28,67101825
28,67101828
28,67101874
28,67102029
28,67102301
28,67102347
28,67102487
28,67105396
28,67105397
28,67105399
28,67105762
28,67105933
28,67105936
28,67105938
28,67105981
28,67105983
28,67105990
28,67106011
28,67106094
28,67106105
28,67106136
28,67106144
28,67106151
28,67106152
28,67106174
28,67106180
28,67106655
28,67106658
28,67106677
28,67106684
28,67106692
28,67106696
28,67106702
28,67106708
28,67106722
28,67106726
28,67106727
28,67106734
28,67106741
28,67106749
28,67106752
28,67106755
28,67106757
28,67106758
28,67106766
28,67106770
28,67106789
28,67106791
28,67106794
28,67106797
28,67106800
28,67106813
28,67106815
28,67106821
28,67106826
28,67106833
28,67106837
28,67106844
28,67106860
28,67106862
28,67106872
28,67106875
28,67106880
28,67106881
28,67106886
28,67106894
28,67106897
28,67106903
28,67106907
28,67106911
28,67106916
28,67106922
28,67106936
28,67106937
28,67106938
28,67106941
28,67106942
28,67106951
28,67106965
28,67106966
28,67106968
28,67106969
28,67106971
28,67106972
28,67106977
28,67106982
28,67106993
28,67106999
28,67107000
28,67107002
28,67107010
28,67107016
28,67107026
28,67107027
28,67107028
28,67107031
28,67107032
28,67107035
28,67107045
28,67107048
28,67107049
28,67107056
28,67107057
28,67107058
28,67107060
28,67107063
28,67107064
28,67107065
28,67107068
28,67107073
28,67107074
28,67107075
28,67107079
28,67107089
28,67107090
28,67107091
28,67107100
28,67107105
28,67107107
28,67107109
28,67107118
28,67107123
28,67107132
28,67107138
28,67107143
28,67107156
28,67107162
28,67107164
28,67107166
28,67107167
28,67107169
28,67107177
28,67107179
28,67107182
28,67107183
28,67107186
28,67107187
28,67107189
28,67107193
28,67107194
28,67107197
28,67107198
28,67107199
28,67107202
28,67107209
28,67107210
28,67107211
28,67107217
28,67107218
28,67107224
28,67107225
28,67107229
28,67107230
28,67107233
28,67107245
28,67107247
28,67107249
28,67107250
28,67107253
28,67107254
28,67107255
28,67107256
28,67107271
28,67107281
28,67107282
28,67107283
28,67107286
28,67107287
28,67107295
28,67107299
28,67107309
28,67107316
28,67107328
28,67107329
28,67107331
28,67107333
28,67107335
28,67107336
28,67107343
28,67107344
28,67107349
28,67107371
28,67107372
28,67107373
28,67107377
28,67107382
28,67107386
28,67107389
28,67107400
28,67107405
28,67107411
28,67107412
28,67107418
28,67107423
28,67107425
28,67107435
28,67107473
28,67107477
28,67107484
28,67107485
28,67107487
28,67107490
28,67107494
28,67107506
28,67107508
28,67107512
28,67107513
28,67107520
28,67107524
28,67107525
28,67107526
28,67107527
28,67107530
28,67107533
28,67107535
28,67107536
28,67107539
28,67107544
28,67107552
28,67107553
28,67107554
28,67107556
28,67107558
28,67107559
28,67107561
28,67107564
28,67107567
28,67107582
28,67107584
28,67107590
28,67107592
28,67107594
28,67107595
28,67107597
28,67107598
28,67107599
28,67107601
28,67107602
28,67107605
28,67107607
28,67107609
28,67107620
28,67107636
28,67107639
28,67107645
28,67107651
28,67107655
28,67107715
28,67107788
28,67107836
28,67108281
29,67101283
29,67101287
29,67101288
29,67101289
29,67101294
29,67101308
29,67101313
29,67101316
29,67101321
29,67101324
29,67101330
29,67101338
29,67101340
29,67101344
29,67101345
29,67101347
29,67101349
29,67101351
29,67101352
29,67101354
29,67101358
29,67101362
29,67101363
29,67101364
29,67101365
29,67101367
29,67101369
29,67101373
29,67101377
29,67101381
29,67101382
29,67101384
29,67101385
29,67101387
29,67101388
29,67101392
29,67101397
29,67101404
29,67101411
29,67101413
29,67101415
29,67101416
29,67101417
29,67101418
29,67101423
29,67101425
29,67101428
29,67101429
29,67101433
29,67101434
29,67101435
29,67101437
29,67101438
29,67101440
29,67101441
29,67101442
29,67101443
29,67101444
29,67101446
29,67101447
29,67101449
29,67101457
29,67101458
29,67101461
29,67101463
29,67101468
29,67101469
29,67101471
29,67101475
29,67101477
29,67101478
29,67101479
29,67101481
29,67101486
29,67101488
29,67101489
29,67101490
29,67101493
29,67101494
29,67101500
29,67101502
29,67101503
29,67101507
29,67101508
29,67101510
29,67101515
29,67101519
29,67101525
29,67101529
29,67101544
29,67101547
29,67101554
29,67101566
29,67101586
29,67101595
29,67101632
29,67101640
29,67101644
29,67101691
29,67101707
29,67101708
29,67101709
29,67101710
29,67101725
29,67101759
29,67101761
29,67101826
29,67101829
29,67101875
29,67101878
29,67101880
29,67101935
29,67101954
29,67101962
29,67101965
29,67101969
29,67101970
29,67101972
29,67101976
29,67101978
29,67101980
29,67101981
29,67101989
29,67101993
29,67102005
29,67102010
29,67102011
29,67102012
29,67102019
29,67102022
29,67102026
29,67102041
29,67102048
29,67102051
29,67102057
29,67102059
29,67102061
29,67102062
29,67102066
29,67102075
29,67102078
29,67102080
29,67102081
29,67102083
29,67102086
29,67102090
29,67102092
29,67102095
29,67102106
29,67102111
29,67102114
29,67102117
29,67102118
29,67102124
29,67102125
29,67102175
29,67102189
29,67102231
29,67102303
29,67102331
29,67102333
29,67102336
29,67102345
29,67102346
29,67102348
29,67102350
29,67102352
29,67102353
29,67102354
29,67102360
29,67102412
29,67102551
29,67102611
29,67103094
29,67104704
29,67104864
29,67104958
29,67105278
29,67105330
29,67105377
29,67105378
29,67105384
29,67105387
29,67105400
29,67105409
29,67105535
29,67105547
29,67105557
29,67105562
29,67105582
29,67105584
29,67105662
29,67105695
29,67105704
29,67105708
29,67105731
29,67105759
29,67105846
29,67105847
29,67105864
29,67105873
29,67105941
29,67106037
29,67106088
29,67106107
29,67106127
29,67106148
29,67106178
29,67106194
29,67106646
29,67106725
29,67106762
29,67106820
29,67106853
29,67106867
29,67106906
29,67106955
29,67106970
29,67106975
29,67106980
29,67106991
29,67107017
29,67107084
29,67107085
29,67107139
29,67107147
29,67107157
29,67107201
29,67107204
29,67107235
29,67107244
29,67107277
29,67107280
29,67107284
29,67107322
29,67107507
29,67107763
29,67108096
29,67108367
30,67100414
30,67100450
30,67100485
30,67101282
30,67101284
30,67101293
30,67101300
30,67101303
30,67101307
30,67101310
30,67101317
30,67101319
30,67101328
30,67101329
30,67101331
30,67101346
30,67101353
30,67101357
30,67101359
30,67101360
30,67101361
30,67101371
30,67101375
30,67101376
30,67101383
30,67101386
30,67101391
30,67101410
30,67101431
30,67101453
30,67101459
30,67101460
30,67101464
30,67101467
30,67101476
30,67101482
30,67101487
30,67101491
30,67101506
30,67101543
30,67101546
30,67101583
30,67101597
30,67101609
30,67101636
30,67101637
30,67101723
30,67101726
30,67101789
30,67101795
30,67101835
30,67101836
30,67101838
30,67101942
30,67101953
30,67101974
30,67101986
30,67102020
30,67102101
30,67102172
30,67102186
30,67102248
30,67102332
30,67102338
30,67102361
30,67104636
30,67104737
30,67104896
30,67105318
30,67105348
30,67105388
30,67105411
30,67105432
30,67105456
30,67105566
30,67105631
30,67105734
30,67105794
30,67105828
30,67105833
30,67105844
30,67105865
30,67105945
30,67105946
30,67105947
30,67105949
30,67105950
30,67105960
30,67105976
30,67105985
30,67106039
30,67106062
30,67106078
30,67106090
30,67106158
30,67106160
30,67106185
30,67106197
30,67106198
30,67106652
30,67106671
30,67106716
30,67106753
30,67106759
30,67106777
30,67106778
30,67106869
30,67106899
30,67106928
30,67106948
30,67106959
30,67106983
30,67107038
30,67107046
30,67107052
30,67107077
30,67107087
30,67107092
30,67107095
30,67107097
30,67107108
30,67107114
30,67107117
30,67107141
30,67107150
30,67107152
30,67107163
30,67107180
30,67107185
30,67107190
30,67107196
30,67107214
30,67107222
30,67107226
30,67107227
30,67107228
30,67107232
30,67107238
30,67107239
30,67107241
30,67107261
30,67107263
30,67107267
30,67107269
30,67107278
30,67107279
30,67107288
30,67107290
30,67107291
30,67107296
30,67107297
30,67107300
30,67107303
30,67107305
30,67107306
30,67107307
30,67107315
30,67107320
30,67107327
30,67107339
30,67107340
30,67107342
30,67107348
30,67107354
30,67107357
30,67107366
30,67107368
30,67107369
30,67107370
30,67107378
30,67107379
30,67107384
30,67107388
30,67107391
30,67107395
30,67107398
30,67107402
30,67107403
30,67107407
30,67107410
30,67107416
30,67107419
30,67107424
30,67107430
30,67107431
30,67107432
30,67107434
30,67107449
30,67107453
30,67107454
30,67107460
30,67107475
30,67107482
30,67107486
30,67107497
30,67107498
30,67107501
30,67107503
30,67107509
30,67107514
30,67107515
30,67107516
30,67107517
30,67107523
30,67107528
30,67107529
30,67107531
30,67107532
30,67107537
30,67107540
30,67107551
30,67107575
30,67107579
30,67107586
30,67107587
30,67107606
30,67107616
30,67107621
30,67107622
30,67107660
30,67107663
30,67107668
30,67107675
30,67107709
30,67107725
30,67107737
30,67107739
30,67107742
30,67107744
30,67107750
30,67107769
30,67107772
30,67107774
30,67107775
30,67107799
30,67107819
30,67107820
30,67107861
30,67107966
30,67107967
30,67108005
30,67108063
30,67108123
30,67108127
30,67108148
30,67108261
30,67108394
30,67108492
30,67108500
30,67108529
30,67108530
30,67108735
30,67108744
30,67108769
30,67108779
31,67100436
31,67100439
31,67100444
31,67100448
31,67100449
31,67100454
31,67100460
31,67100462
31,67100463
31,67100468
31,67100472
31,67100479
31,67100484
31,67100486
31,67100487
31,67100488
31,67100492
31,67100494
31,67100495
31,67100496
31,67100710
31,67100711
31,67101680
31,67103678
31,67103724
31,67104959
31,67105128
31,67105410
31,67105698
31,67105699
31,67105700
31,67105761
31,67105857
31,67105951
31,67106091
31,67106162
31,67106705
31,67106729
31,67106733
31,67106925
31,67106927
31,67106962
31,67106986
31,67107013
31,67107044
31,67107050
31,67107069
31,67107088
31,67107094
31,67107126
31,67107128
31,67107130
31,67107140
31,67107145
31,67107146
31,67107236
31,67107248
31,67107257
31,67107258
31,67107259
31,67107266
31,67107276
31,67107302
31,67107310
31,67107311
31,67107314
31,67107317
31,67107347
31,67107351
31,67107353
31,67107358
31,67107376
31,67107394
31,67107399
31,67107404
31,67107413
31,67107414
31,67107420
31,67107422
31,67107442
31,67107456
31,67107457
31,67107463
31,67107469
31,67107483
31,67107488
31,67107492
31,67107495
31,67107499
31,67107502
31,67107510
31,67107521
31,67107538
31,67107542
31,67107543
31,67107555
31,67107557
31,67107570
31,67107581
31,67107626
31,67107631
31,67107633
31,67107648
31,67107662
31,67107667
31,67107669
31,67107671
31,67107674
31,67107679
31,67107686
31,67107690
31,67107700
31,67107706
31,67107724
31,67107728
31,67107732
31,67107733
31,67107734
31,67107741
31,67107746
31,67107748
31,67107751
31,67107754
31,67107755
31,67107757
31,67107758
31,67107768
31,67107782
31,67107791
31,67107796
31,67107798
31,67107800
31,67107801
31,67107805
31,67107817
31,67107835
31,67107843
31,67107846
31,67107866
31,67107869
31,67107885
31,67107898
31,67107902
31,67107906
31,67107907
31,67107913
31,67107922
31,67107924
31,67107927
31,67107928
31,67107932
31,67107935
31,67107940
31,67107942
31,67107951
31,67107968
31,67107971
31,67107993
31,67107994
31,67107999
31,67108016
31,67108026
31,67108030
31,67108038
31,67108042
31,67108047
31,67108068
31,67108097
31,67108119
31,67108139
31,67108146
31,67108162
31,67108168
31,67108177
31,67108179
31,67108180
31,67108182
31,67108191
31,67108199
31,67108213
31,67108219
31,67108220
31,67108232
31,67108236
31,67108273
31,67108299
31,67108301
31,67108306
31,67108307
31,67108308
31,67108310
31,67108328
31,67108338
31,67108347
31,67108382
31,67108390
31,67108391
31,67108399
31,67108417
31,67108420
31,67108426
31,67108436
31,67108446
31,67108454
31,67108469
31,67108496
31,67108503
31,67108509
31,67108518
31,67108519
31,67108520
31,67108531
31,67108538
31,67108541
31,67108544
31,67108545
31,67108563
31,67108564
31,67108577
31,67108578
31,67108583
31,67108731
31,67108734
31,67108742
31,67108743
31,67108748
31,67108753
31,67108756
31,67108757
31,67108766
31,67108772
31,67108778
31,67108780
31,67108781
31,67108782
31,67108786
31,67108789
31,67108790
32,67100440
32,67100447
32,67100451
32,67100490
32,67100493
32,67100497
32,67100709
32,67101608
32,67106961
32,67107015
32,67107115
32,67107195
32,67107292
32,67107313
32,67107318
32,67107324
32,67107326
32,67107334
32,67107350
32,67107352
32,67107355
32,67107359
32,67107362
32,67107363
32,67107396
32,67107406
32,67107408
32,67107427
32,67107428
32,67107429
32,67107446
32,67107447
32,67107455
32,67107462
32,67107464
32,67107466
32,67107471
32,67107476
32,67107479
32,67107489
32,67107491
32,67107522
32,67107534
32,67107548
32,67107550
32,67107565
32,67107569
32,67107580
32,67107611
32,67107612
32,67107613
32,67107614
32,67107625
32,67107628
32,67107637
32,67107638
32,67107646
32,67107654
32,67107657
32,67107659
32,67107664
32,67107672
32,67107676
32,67107677
32,67107684
32,67107685
32,67107691
32,67107693
32,67107697
32,67107698
32,67107701
32,67107702
32,67107704
32,67107707
32,67107712
32,67107718
32,67107720
32,67107722
32,67107726
32,67107731
32,67107736
32,67107738
32,67107743
32,67107745
32,67107753
32,67107760
32,67107767
32,67107770
32,67107792
32,67107797
32,67107806
32,67107807
32,67107808
32,67107809
32,67107810
32,67107814
32,67107818
32,67107821
32,67107823
32,67107824
32,67107829
32,67107831
32,67107840
32,67107841
32,67107845
32,67107849
32,67107850
32,67107857
32,67107858
32,67107859
32,67107868
32,67107871
32,67107872
32,67107879
32,67107883
32,67107888
32,67107895
32,67107896
32,67107899
32,67107911
32,67107915
32,67107918
32,67107925
32,67107926
32,67107941
32,67107948
32,67107949
32,67107950
32,67107953
32,67107954
32,67107959
32,67107960
32,67107965
32,67107970
32,67107972
32,67107974
32,67107977
32,67107982
32,67107983
32,67107986
32,67107988
32,67107996
32,67107997
32,67107998
32,67108001
32,67108004
32,67108009
32,67108010
32,67108014
32,67108015
32,67108017
32,67108021
32,67108035
32,67108039
32,67108040
32,67108041
32,67108044
32,67108046
32,67108050
32,67108055
32,67108058
32,67108075
32,67108079
32,67108080
32,67108085
32,67108086
32,67108090
32,67108102
32,67108105
32,67108106
32,67108107
32,67108109
32,67108110
32,67108111
32,67108118
32,67108120
32,67108122
32,67108130
32,67108135
32,67108137
32,67108141
32,67108145
32,67108150
32,67108153
32,67108161
32,67108165
32,67108167
32,67108174
32,67108186
32,67108187
32,67108192
32,67108193
32,67108198
32,67108203
32,67108222
32,67108238
32,67108246
32,67108251
32,67108262
32,67108266
32,67108267
32,67108280
32,67108289
32,67108298
32,67108303
32,67108305
32,67108311
32,67108316
32,67108317
32,67108319
32,67108324
32,67108330
32,67108337
32,67108356
32,67108368
32,67108373
32,67108440
32,67108447
32,67108452
32,67108457
32,67108462
32,67108478
32,67108483
32,67108502
32,67108507
32,67108522
32,67108523
32,67108526
32,67108527
32,67108534
32,67108536
32,67108537
32,67108543
32,67108549
32,67108551
32,67108559
32,67108561
32,67108569
32,67108571
32,67108573
32,67108575
32,67108582
32,67108586
32,67108589
32,67108590
32,67108591
32,67108592
32,67108733
32,67108741
32,67108745
32,67108762
32,67108784
32,67108787
32,67108788
32,67108791
32,67108792
33,67100715
33,67107360
33,67107374
33,67107415
33,67107459
33,67107461
33,67107465
33,67107467
33,67107470
33,67107545
33,67107549
33,67107568
33,67107574
33,67107591
33,67107623
33,67107624
33,67107640
33,67107641
33,67107642
33,67107644
33,67107647
33,67107649
33,67107652
33,67107653
33,67107666
33,67107670
33,67107680
33,67107681
33,67107696
33,67107705
33,67107708
33,67107714
33,67107717
33,67107721
33,67107727
33,67107729
33,67107747
33,67107749
33,67107756
33,67107761
33,67107762
33,67107771
33,67107777
33,67107778
33,67107781
33,67107783
33,67107784
33,67107785
33,67107786
33,67107790
33,67107793
33,67107794
33,67107802
33,67107804
33,67107815
33,67107816
33,67107822
33,67107825
33,67107827
33,67107828
33,67107830
33,67107832
33,67107833
33,67107834
33,67107838
33,67107842
33,67107844
33,67107847
33,67107854
33,67107856
33,67107870
33,67107874
33,67107875
33,67107876
33,67107881
33,67107884
33,67107889
33,67107891
33,67107894
33,67107900
33,67107903
33,67107904
33,67107905
33,67107908
33,67107910
33,67107914
33,67107919
33,67107920
33,67107923
33,67107929
33,67107930
33,67107934
33,67107936
33,67107937
33,67107938
33,67107939
33,67107944
33,67107955
33,67107956
33,67107957
33,67107958
33,67107962
33,67107963
33,67107964
33,67107976
33,67107978
33,67107981
33,67107984
33,67107987
33,67107990
33,67108000
33,67108003
33,67108020
33,67108024
33,67108025
33,67108028
33,67108033
33,67108034
33,67108037
33,67108045
33,67108053
33,67108054
33,67108056
33,67108057
33,67108059
33,67108060
33,67108061
33,67108062
33,67108066
33,67108077
33,67108084
33,67108087
33,67108094
33,67108098
33,67108099
33,67108104
33,67108113
33,67108114
33,67108115
33,67108117
33,67108121
33,67108124
33,67108125
33,67108126
33,67108134
33,67108136
33,67108138
33,67108140
33,67108144
33,67108147
33,67108149
33,67108154
33,67108156
33,67108157
33,67108160
33,67108163
33,67108164
33,67108170
33,67108171
33,67108173
33,67108175
33,67108176
33,67108178
33,67108185
33,67108188
33,67108189
33,67108196
33,67108200
33,67108202
33,67108205
33,67108208
33,67108211
33,67108217
33,67108226
33,67108228
33,67108229
33,67108233
33,67108237
33,67108240
33,67108248
33,67108252
33,67108253
33,67108254
33,67108256
33,67108257
33,67108259
33,67108260
33,67108270
33,67108271
33,67108274
33,67108275
33,67108282
33,67108284
33,67108294
33,67108295
33,67108304
33,67108312
33,67108313
33,67108322
33,67108329
33,67108345
33,67108350
33,67108352
33,67108357
33,67108359
33,67108365
33,67108379
33,67108381
33,67108387
33,67108393
33,67108400
33,67108401
33,67108415
33,67108425
33,67108427
33,67108431
33,67108438
33,67108444
33,67108445
33,67108448
33,67108465
33,67108467
33,67108473
33,67108474
33,67108475
33,67108501
33,67108508
33,67108514
33,67108542
33,67108546
33,67108547
33,67108550
33,67108552
33,67108553
33,67108554
33,67108565
33,67108579
33,67108580
34,189
34,67100704
34,67100707
34,67100712
34,67100713
34,67100714
34,67101296
34,67101322
34,67105632
34,67105633
34,67107448
34,67107689
34,67107716
34,67107752
34,67107851
34,67107877
34,67107892
34,67107943
34,67107947
34,67107973
34,67107975
34,67107989
34,67108013
34,67108022
34,67108029
34,67108043
34,67108052
34,67108064
34,67108065
34,67108083
34,67108089
34,67108091
34,67108093
34,67108103
34,67108108
34,67108112
34,67108116
34,67108132
34,67108133
34,67108142
34,67108151
34,67108152
34,67108159
34,67108169
34,67108181
34,67108184
34,67108190
34,67108195
34,67108197
34,67108201
34,67108206
34,67108207
34,67108209
34,67108210
34,67108212
34,67108214
34,67108215
34,67108216
34,67108218
34,67108221
34,67108223
34,67108224
34,67108225
34,67108227
34,67108231
34,67108234
34,67108235
34,67108239
34,67108241
34,67108242
34,67108244
34,67108245
34,67108247
34,67108250
34,67108255
34,67108258
34,67108263
34,67108265
34,67108268
34,67108269
34,67108272
34,67108276
34,67108277
34,67108278
34,67108285
34,67108286
34,67108287
34,67108288
34,67108291
34,67108292
34,67108293
34,67108297
34,67108300
34,67108302
34,67108314
34,67108315
34,67108318
34,67108320
34,67108321
34,67108323
34,67108325
34,67108326
34,67108327
34,67108331
34,67108332
34,67108333
34,67108334
34,67108335
34,67108336
34,67108339
34,67108340
34,67108341
34,67108342
34,67108343
34,67108344
34,67108346
34,67108348
34,67108349
34,67108351
34,67108353
34,67108354
34,67108355
34,67108358
34,67108360
34,67108361
34,67108362
34,67108363
34,67108364
34,67108369
34,67108370
34,67108371
34,67108374
34,67108375
34,67108376
34,67108378
34,67108380
34,67108383
34,67108384
34,67108385
34,67108386
34,67108388
34,67108389
34,67108392
34,67108395
34,67108396
34,67108397
34,67108398
34,67108402
34,67108403
34,67108404
34,67108405
34,67108406
34,67108407
34,67108408
34,67108409
34,67108410
34,67108411
34,67108412
34,67108413
34,67108416
34,67108418
34,67108419
34,67108421
34,67108422
34,67108423
34,67108424
34,67108429
34,67108430
34,67108432
34,67108433
34,67108434
34,67108435
34,67108439
34,67108441
34,67108442
34,67108443
34,67108449
34,67108450
34,67108451
34,67108453
34,67108455
34,67108456
34,67108458
34,67108459
34,67108460
34,67108461
34,67108464
34,67108466
34,67108468
34,67108470
34,67108471
34,67108472
34,67108477
34,67108479
34,67108480
34,67108481
34,67108482
34,67108484
34,67108486
34,67108487
34,67108489
34,67108490
34,67108491
34,67108493
34,67108495
34,67108497
34,67108498
34,67108499
34,67108504
34,67108505
34,67108510
34,67108511
34,67108513
34,67108515
34,67108516
34,67108517
34,67108521
34,67108524
34,67108525
34,67108528
34,67108532
34,67108533
34,67108535
34,67108539
34,67108540
34,67108555
34,67108556
34,67108558
34,67108560
34,67108562
34,67108566
34,67108567
34,67108568
34,67108570
34,67108572
34,67108574
34,67108576
34,67108581
34,67108584
34,67108585
34,67108587
34,67108588
34,67108825
34,67108828
