1,192
1,67100098
1,67100299
1,67100515
1,67100516
1,67100702
1,67100903
1,67100904
1,67100905
1,67100906
1,67100907
1,67100908
1,67100909
1,67100910
1,67100911
1,67100912
1,67100913
1,67100914
1,67100915
1,67100916
1,67100917
1,67100918
1,67100919
1,67100920
1,67100921
1,67100922
1,67100923
1,67100924
1,67100925
1,67100926
1,67100927
1,67100928
1,67100929
1,67100930
1,67100931
1,67100932
1,67100933
1,67100934
1,67100935
1,67100936
1,67100937
1,67100938
1,67100939
1,67100940
1,67100941
1,67100942
1,67100943
1,67100944
1,67100945
1,67100946
1,67100947
1,67100948
1,67100949
1,67100950
1,67100951
1,67100952
1,67100953
1,67100954
1,67100955
1,67100956
1,67100957
1,67100958
1,67100959
1,67100960
1,67100961
1,67100962
1,67100963
1,67100964
1,67100965
1,67100966
1,67100967
1,67100968
1,67100969
1,67100970
1,67100971
1,67100972
1,67100973
1,67100974
1,67100975
1,67100976
1,67100977
1,67100978
1,67100979
1,67100980
1,67100981
1,67100982
1,67100983
1,67100984
1,67100985
1,67100986
1,67100987
1,67100988
1,67100989
1,67100990
1,67100991
1,67100992
1,67100993
1,67100994
1,67100995
1,67100996
1,67100997
1,67100998
1,67100999
1,67101000
1,67101001
1,67101002
1,67101003
1,67101004
1,67101005
1,67101006
1,67101007
1,67101008
1,67101009
1,67101010
1,67101011
1,67101012
1,67101013
1,67101014
1,67101015
1,67101016
1,67101017
1,67101018
1,67101019
1,67101020
1,67101021
1,67101022
1,67101023
1,67101024
1,67101025
1,67101026
1,67101027
1,67101028
1,67101029
1,67101030
1,67101031
1,67101032
1,67101033
1,67101034
1,67101035
1,67101036
1,67101037
1,67101038
1,67101041
1,67101045
1,67101046
1,67101048
1,67101049
1,67101050
1,67101051
1,67101052
1,67101055
1,67101057
1,67101058
1,67101059
1,67101060
1,67101061
1,67101062
1,67101063
1,67101065
1,67101066
1,67101067
1,67101068
1,67101069
1,67101070
1,67101071
1,67101073
1,67101074
1,67101076
1,67101078
1,67101079
1,67101080
1,67101082
1,67101083
1,67101084
1,67101085
1,67101086
1,67101087
1,67101088
1,67101089
1,67101094
1,67101097
1,67101098
1,67101210
1,67101211
1,67101212
1,67101213
1,67101214
1,67101215
1,67101216
1,67101217
1,67101218
1,67101219
1,67101220
1,67101221
1,67101222
1,67101223
1,67101224
1,67101225
1,67101226
1,67101227
1,67101228
1,67101229
1,67101230
1,67101231
1,67101232
1,67101233
1,67101234
1,67101235
1,67101236
1,67101237
1,67101238
1,67101239
1,67101240
1,67101241
1,67101242
1,67101243
1,67101244
1,67101245
1,67101246
1,67101247
1,67101248
1,67101249
1,67101250
1,67101251
1,67101252
1,67101253
1,67101254
1,67101255
1,67101256
1,67101257
1,67101258
1,67101259
1,67101260
1,67101261
1,67101262
1,67101263
1,67101264
1,67101265
1,67101266
1,67101267
1,67101268
1,67101269
1,67101270
1,67101271
1,67101272
1,67101273
1,67101274
1,67101275
1,67101276
1,67101277
1,67101278
1,67101279
1,67101280
1,67101281
1,67108593
1,67109052
2,191
2,67100501
2,67100502
2,67100503
2,67100504
2,67100505
2,67100506
2,67100507
2,67100508
2,67100509
2,67100510
2,67100511
2,67100512
2,67100513
2,67100514
2,67101039
2,67101040
2,67101042
2,67101043
2,67101044
2,67101047
2,67101053
2,67101054
2,67101056
2,67101064
2,67101072
2,67101075
2,67101077
2,67101081
2,67101090
2,67101091
2,67101092
2,67101093
2,67101095
2,67101096
2,67101099
2,67101100
2,67101101
2,67101102
2,67101103
2,67101104
2,67101105
2,67101106
2,67101107
2,67101108
2,67101109
2,67101110
2,67101111
2,67101112
2,67101113
2,67101114
2,67101115
2,67101116
2,67101117
2,67101118
2,67101119
2,67101120
2,67101121
2,67101122
2,67101123
2,67101124
2,67101125
2,67101126
2,67101127
2,67101128
2,67101129
2,67101130
2,67101131
2,67101132
2,67101133
2,67101134
2,67101135
2,67101136
2,67101137
2,67101138
2,67101139
2,67101140
2,67101141
2,67101142
2,67101143
2,67101144
2,67101145
2,67101146
2,67101147
2,67101148
2,67101149
2,67101150
2,67101151
2,67101152
2,67101153
2,67101154
2,67101155
2,67101156
2,67101157
2,67101158
2,67101159
2,67101160
2,67101161
2,67101162
2,67101163
2,67101164
2,67101165
2,67101166
2,67101167
2,67101168
2,67101169
2,67101170
2,67101171
2,67101172
2,67101173
2,67101174
2,67101175
2,67101176
2,67101177
2,67101178
2,67101179
2,67101180
2,67101181
2,67101182
2,67101183
2,67101184
2,67101185
2,67101186
2,67101187
2,67101188
2,67101189
2,67101190
2,67101191
2,67101192
2,67101193
2,67101194
2,67101195
2,67101196
2,67101197
2,67101198
2,67101199
2,67101200
2,67101201
2,67101202
2,67101203
2,67101204
2,67101205
2,67101206
2,67101207
2,67101208
2,67101209
2,67108827
2,67108829
2,67108831
2,67108832
2,67108988
3,131245
3,67100148
3,67100149
3,67100150
3,67100151
3,67100152
3,67100153
3,67100154
3,67100155
3,67100156
3,67100349
3,67100350
3,67100351
3,67100352
3,67100353
3,67100354
3,67100355
3,67100356
3,67100357
3,67100562
3,67100563
3,67100564
3,67100565
3,67100752
3,67100753
3,67100754
3,67100755
3,67100756
3,67100757
3,67100758
3,67100759
3,67100760
3,67106427
3,67106428
3,67106429
3,67106430
3,67106431
3,67106432
3,67106433
3,67106434
3,67106435
3,67106436
3,67106437
3,67106438
3,67106439
3,67106440
3,67106441
3,67106442
3,67106443
3,67106444
3,67106445
3,67106446
3,67106447
3,67106448
3,67106449
3,67106450
3,67106451
3,67106452
3,67106453
3,67106454
3,67106455
3,67106456
3,67106457
3,67106458
3,67106459
3,67106460
3,67106461
3,67106462
3,67106463
3,67106464
3,67106465
3,67106466
3,67106467
3,67106468
3,67106469
3,67106470
3,67106471
3,67106472
3,67106473
3,67106474
3,67106475
3,67106476
3,67106477
3,67106478
3,67106479
3,67106480
3,67106481
3,67106482
3,67106483
3,67106484
3,67106485
3,67106486
3,67106487
3,67106488
3,67106489
3,67106490
3,67106491
3,67106492
3,67106493
3,67106494
3,67106495
3,67106496
3,67106497
3,67106498
3,67106499
3,67106500
3,67106501
3,67106502
3,67106503
3,67106504
3,67106505
3,67106506
3,67106507
3,67106508
3,67106509
3,67106510
3,67106511
3,67106512
3,67106513
3,67106514
3,67106515
3,67106516
3,67106517
3,67106518
3,67106519
3,67106520
3,67106521
3,67106522
3,67106523
3,67106524
3,67106525
3,67106526
3,67106527
3,67106528
3,67106529
3,67106530
3,67106531
3,67106532
3,67106533
3,67106534
3,67106535
3,67106536
3,67106537
3,67106538
3,67106539
3,67106540
3,67106541
3,67106542
3,67106543
3,67106544
3,67106545
3,67106546
3,67106547
3,67106548
3,67106549
3,67106550
3,67106551
3,67106552
3,67106553
3,67106554
3,67106555
3,67106556
3,67106557
3,67106558
3,67106559
3,67106560
3,67106561
3,67106562
3,67106563
3,67106564
3,67106565
3,67106566
3,67106567
3,67106568
3,67106569
3,67106570
3,67106571
3,67106572
3,67106573
3,67106574
3,67106575
3,67106576
3,67106577
3,67106578
3,67106579
3,67106580
3,67106581
3,67106582
3,67106583
3,67106584
3,67106585
3,67106586
3,67106587
3,67106588
3,67106589
3,67106590
3,67106591
3,67106592
3,67106593
3,67106594
3,67106595
3,67106596
3,67106597
3,67106598
3,67106599
3,67106600
3,67106601
3,67106602
3,67106603
3,67106604
3,67106605
3,67106606
3,67106607
3,67106608
3,67106609
3,67106610
3,67106611
3,67106612
3,67106613
3,67106614
3,67106615
3,67106616
3,67106617
3,67106618
3,67106619
3,67106620
3,67106621
3,67106622
3,67106623
3,67106624
3,67106625
3,67106626
3,67106627
3,67106628
3,67106629
3,67106630
3,67106631
3,67106632
3,67106633
3,67106634
3,67106635
3,67106636
3,67106637
3,67106638
3,67106639
3,67106640
3,67106641
3,67108643
3,67108644
3,67108645
3,67108646
3,67108647
3,67108648
3,67108649
3,67108650
3,67108651
4,67100141
4,67100142
4,67100143
4,67100144
4,67100145
4,67100146
4,67100147
4,67100342
4,67100343
4,67100344
4,67100345
4,67100346
4,67100347
4,67100348
4,67100560
4,67100561
4,67100745
4,67100746
4,67100747
4,67100748
4,67100749
4,67100750
4,67100751
4,67106201
4,67106202
4,67106203
4,67106204
4,67106205
4,67106206
4,67106207
4,67106208
4,67106209
4,67106210
4,67106211
4,67106212
4,67106213
4,67106214
4,67106215
4,67106216
4,67106217
4,67106218
4,67106219
4,67106220
4,67106221
4,67106222
4,67106223
4,67106224
4,67106225
4,67106226
4,67106227
4,67106228
4,67106229
4,67106230
4,67106231
4,67106232
4,67106233
4,67106234
4,67106235
4,67106236
4,67106237
4,67106238
4,67106239
4,67106240
4,67106241
4,67106242
4,67106243
4,67106244
4,67106245
4,67106246
4,67106247
4,67106248
4,67106249
4,67106250
4,67106251
4,67106252
4,67106253
4,67106254
4,67106255
4,67106256
4,67106257
4,67106258
4,67106259
4,67106260
4,67106261
4,67106262
4,67106263
4,67106264
4,67106265
4,67106266
4,67106267
4,67106268
4,67106269
4,67106270
4,67106271
4,67106272
4,67106273
4,67106274
4,67106275
4,67106276
4,67106277
4,67106278
4,67106279
4,67106280
4,67106281
4,67106282
4,67106283
4,67106284
4,67106285
4,67106286
4,67106287
4,67106288
4,67106289
4,67106290
4,67106291
4,67106292
4,67106293
4,67106294
4,67106295
4,67106296
4,67106297
4,67106298
4,67106299
4,67106300
4,67106301
4,67106302
4,67106303
4,67106304
4,67106305
4,67106306
4,67106307
4,67106308
4,67106309
4,67106310
4,67106311
4,67106312
4,67106313
4,67106314
4,67106315
4,67106316
4,67106317
4,67106318
4,67106319
4,67106320
4,67106321
4,67106322
4,67106323
4,67106324
4,67106325
4,67106326
4,67106327
4,67106328
4,67106329
4,67106330
4,67106331
4,67106332
4,67106333
4,67106334
4,67106335
4,67106336
4,67106337
4,67106338
4,67106339
4,67106340
4,67106341
4,67106342
4,67106343
4,67106344
4,67106345
4,67106346
4,67106347
4,67106348
4,67106349
4,67106350
4,67106351
4,67106352
4,67106353
4,67106354
4,67106355
4,67106356
4,67106357
4,67106358
4,67106359
4,67106360
4,67106361
4,67106362
4,67106363
4,67106364
4,67106365
4,67106366
4,67106367
4,67106368
4,67106369
4,67106370
4,67106371
4,67106372
4,67106373
4,67106374
4,67106375
4,67106376
4,67106377
4,67106378
4,67106379
4,67106380
4,67106381
4,67106382
4,67106383
4,67106384
4,67106385
4,67106386
4,67106387
4,67106388
4,67106389
4,67106390
4,67106391
4,67106392
4,67106393
4,67106394
4,67106395
4,67106396
4,67106397
4,67106398
4,67106399
4,67106400
4,67106401
4,67106402
4,67106403
4,67106404
4,67106405
4,67106406
4,67106407
4,67106408
4,67106409
4,67106410
4,67106411
4,67106412
4,67106413
4,67106414
4,67106415
4,67106416
4,67106417
4,67106418
4,67106419
4,67106420
4,67106421
4,67106422
4,67106423
4,67106424
4,67106425
4,67106426
4,67108636
4,67108637
4,67108638
4,67108639
4,67108640
4,67108641
4,67108642
5,131243
5,131260
5,67100099
5,67100100
5,67100101
5,67100102
5,67100103
5,67100104
5,67100105
5,67100106
5,67100107
5,67100108
5,67100109
5,67100110
5,67100111
5,67100112
5,67100113
5,67100114
5,67100115
5,67100116
5,67100117
5,67100118
5,67100119
5,67100120
5,67100121
5,67100122
5,67100123
5,67100124
5,67100125
5,67100126
5,67100127
5,67100128
5,67100129
5,67100130
5,67100131
5,67100132
5,67100133
5,67100134
5,67100135
5,67100136
5,67100137
5,67100138
5,67100139
5,67100140
5,67100157
5,67100158
5,67100159
5,67100160
5,67100161
5,67100162
5,67100163
5,67100164
5,67100165
5,67100166
5,67100167
5,67100168
5,67100169
5,67100170
5,67100171
5,67100172
5,67100173
5,67100174
5,67100175
5,67100176
5,67100177
5,67100178
5,67100179
5,67100180
5,67100181
5,67100182
5,67100183
5,67100184
5,67100185
5,67100186
5,67100187
5,67100188
5,67100189
5,67100190
5,67100191
5,67100192
5,67100193
5,67100194
5,67100195
5,67100196
5,67100197
5,67100198
5,67100199
5,67100200
5,67100201
5,67100202
5,67100203
5,67100204
5,67100205
5,67100206
5,67100207
5,67100208
5,67100209
5,67100210
5,67100211
5,67100212
5,67100213
5,67100214
5,67100215
5,67100216
5,67100217
5,67100218
5,67100219
5,67100220
5,67100221
5,67100222
5,67100223
5,67100224
5,67100225
5,67100226
5,67100227
5,67100228
5,67100229
5,67100230
5,67100231
5,67100232
5,67100233
5,67100234
5,67100235
5,67100238
5,67100239
5,67100240
5,67100241
5,67100242
5,67100243
5,67100246
5,67100251
5,67100256
5,67100257
5,67100260
5,67100261
5,67100263
5,67100265
5,67100269
5,67100271
5,67100272
5,67100274
5,67100276
5,67100277
5,67100280
5,67100282
5,67100284
5,67100292
5,67100300
5,67100301
5,67100302
5,67100303
5,67100304
5,67100305
5,67100306
5,67100307
5,67100308
5,67100309
5,67100310
5,67100311
5,67100316
5,67100329
5,67100731
5,67101550
5,67101736
5,67101914
5,67101915
5,67102077
5,67102162
5,67102272
5,67102274
5,67102280
5,67102330
5,67102391
5,67102451
5,67102452
5,67102643
5,67102737
5,67102745
5,67102788
5,67102819
5,67102985
5,67102986
5,67103124
5,67103263
5,67103291
5,67103319
5,67103363
5,67103406
5,67103476
5,67103480
5,67103487
5,67103531
5,67103561
5,67103562
5,67103587
5,67103689
5,67103708
5,67103722
5,67103739
5,67103752
5,67103754
5,67103773
5,67103787
5,67103794
5,67103806
5,67103819
5,67103837
5,67103841
5,67103906
5,67103962
5,67103964
5,67103998
5,67104020
5,67104024
5,67104035
5,67104039
5,67104127
5,67104131
5,67104137
5,67104146
5,67104166
5,67104211
5,67104216
5,67104231
5,67104242
5,67104278
5,67104312
5,67104313
5,67104356
5,67104416
5,67104446
5,67104456
5,67104505
5,67104557
5,67104567
5,67104692
5,67104749
5,67104760
5,67104761
5,67105075
5,67105713
5,67108594
5,67108595
5,67108596
5,67108597
5,67108598
5,67108599
5,67108600
5,67108601
5,67108602
5,67108603
5,67108604
5,67108605
5,67108610
5,67108623
6,131244
6,67100236
6,67100237
6,67100244
6,67100245
6,67100247
6,67100248
6,67100249
6,67100252
6,67100253
6,67100254
6,67100255
6,67100258
6,67100259
6,67100262
6,67100264
6,67100268
6,67100270
6,67100275
6,67100294
6,67100313
6,67100314
6,67100315
6,67100317
6,67100318
6,67100319
6,67100323
6,67100325
6,67100341
6,67101505
6,67101684
6,67101746
6,67101792
6,67101837
6,67102016
6,67102209
6,67102249
6,67102264
6,67102281
6,67102401
6,67102519
6,67102555
6,67102597
6,67102638
6,67102647
6,67102691
6,67102711
6,67102715
6,67102734
6,67102744
6,67102784
6,67102850
6,67102862
6,67102864
6,67102865
6,67102866
6,67102868
6,67102869
6,67102870
6,67102871
6,67102872
6,67102873
6,67102874
6,67102876
6,67102879
6,67102880
6,67102881
6,67102884
6,67102885
6,67102888
6,67102889
6,67102893
6,67102914
6,67102940
6,67102952
6,67103003
6,67103009
6,67103011
6,67103064
6,67103065
6,67103073
6,67103074
6,67103076
6,67103077
6,67103078
6,67103080
6,67103086
6,67103089
6,67103104
6,67103105
6,67103107
6,67103116
6,67103128
6,67103146
6,67103187
6,67103188
6,67103207
6,67103220
6,67103226
6,67103227
6,67103228
6,67103231
6,67103233
6,67103234
6,67103235
6,67103236
6,67103250
6,67103253
6,67103276
6,67103295
6,67103330
6,67103344
6,67103351
6,67103354
6,67103355
6,67103371
6,67103373
6,67103379
6,67103383
6,67103390
6,67103398
6,67103399
6,67103401
6,67103403
6,67103422
6,67103424
6,67103435
6,67103456
6,67103466
6,67103474
6,67103486
6,67103512
6,67103517
6,67103518
6,67103541
6,67103545
6,67103557
6,67103568
6,67103576
6,67103577
6,67103578
6,67103592
6,67103593
6,67103599
6,67103600
6,67103601
6,67103602
6,67103603
6,67103605
6,67103631
6,67103642
6,67103649
6,67103650
6,67103651
6,67103653
6,67103676
6,67103716
6,67103723
6,67103742
6,67103760
6,67103779
6,67103802
6,67103873
6,67103908
6,67103917
6,67103934
6,67103941
6,67103947
6,67103955
6,67103958
6,67103967
6,67103969
6,67103970
6,67103974
6,67103981
6,67103990
6,67104041
6,67104042
6,67104048
6,67104055
6,67104062
6,67104094
6,67104110
6,67104121
6,67104133
6,67104176
6,67104178
6,67104181
6,67104196
6,67104218
6,67104298
6,67104325
6,67104336
6,67104337
6,67104338
6,67104347
6,67104364
6,67104407
6,67104408
6,67104419
6,67104424
6,67104441
6,67104443
6,67104481
6,67104487
6,67104499
6,67104548
6,67104551
6,67104564
6,67104582
6,67104583
6,67104594
6,67104614
6,67104616
6,67104633
6,67104634
6,67104642
6,67104648
6,67104683
6,67104686
6,67104689
6,67104699
6,67104723
6,67104729
6,67104750
6,67104796
6,67104808
6,67104897
6,67104920
6,67104933
6,67104975
6,67105006
6,67105029
6,67105032
6,67105039
6,67105051
6,67105071
6,67105093
6,67105146
6,67105202
6,67105241
6,67105252
6,67105429
6,67105433
6,67105540
6,67106156
6,67108606
6,67108607
6,67108608
6,67108609
6,67108611
6,67108612
6,67108613
6,67108617
6,67108619
6,67108635
7,131248
7,131249
7,131250
7,131251
7,131252
7,131253
7,131255
7,67100312
7,67100320
7,67100321
7,67100322
7,67100324
7,67100326
7,67100327
7,67100328
7,67100331
7,67100334
7,67100338
7,67100529
7,67101495
7,67101559
7,67101562
7,67101565
7,67101572
7,67101599
7,67101658
7,67101683
7,67101711
7,67101712
7,67101731
7,67101998
7,67102027
7,67102136
7,67102155
7,67102183
7,67102187
7,67102211
7,67102217
7,67102219
7,67102223
7,67102226
7,67102229
7,67102230
7,67102237
7,67102254
7,67102255
7,67102271
7,67102273
7,67102285
7,67102286
7,67102289
7,67102297
7,67102381
7,67102445
7,67102447
7,67102464
7,67102470
7,67102494
7,67102531
7,67102564
7,67102567
7,67102583
7,67102652
7,67102660
7,67102721
7,67102727
7,67102730
7,67102733
7,67102747
7,67102768
7,67102773
7,67102792
7,67102805
7,67102806
7,67102832
7,67102849
7,67102852
7,67102853
7,67102882
7,67102883
7,67102903
7,67102944
7,67102978
7,67103000
7,67103006
7,67103018
7,67103032
7,67103035
7,67103041
7,67103053
7,67103071
7,67103106
7,67103108
7,67103112
7,67103114
7,67103121
7,67103125
7,67103126
7,67103127
7,67103144
7,67103194
7,67103217
7,67103238
7,67103256
7,67103270
7,67103278
7,67103299
7,67103313
7,67103324
7,67103327
7,67103335
7,67103336
7,67103350
7,67103362
7,67103365
7,67103366
7,67103368
7,67103372
7,67103374
7,67103375
7,67103377
7,67103378
7,67103382
7,67103385
7,67103391
7,67103392
7,67103395
7,67103407
7,67103409
7,67103427
7,67103439
7,67103441
7,67103443
7,67103444
7,67103445
7,67103455
7,67103461
7,67103473
7,67103490
7,67103494
7,67103497
7,67103498
7,67103501
7,67103505
7,67103508
7,67103529
7,67103532
7,67103534
7,67103570
7,67103591
7,67103628
7,67103629
7,67103633
7,67103639
7,67103657
7,67103663
7,67103674
7,67103681
7,67103682
7,67103685
7,67103686
7,67103687
7,67103693
7,67103695
7,67103696
7,67103697
7,67103701
7,67103707
7,67103719
7,67103756
7,67103771
7,67103772
7,67103780
7,67103788
7,67103796
7,67103821
7,67103848
7,67103851
7,67103852
7,67103864
7,67103865
7,67103870
7,67103893
7,67103894
7,67103897
7,67103910
7,67103913
7,67103929
7,67103940
7,67103949
7,67103951
7,67103953
7,67103956
7,67103963
7,67103978
7,67103985
7,67104001
7,67104027
7,67104038
7,67104047
7,67104064
7,67104098
7,67104103
7,67104111
7,67104132
7,67104153
7,67104179
7,67104182
7,67104191
7,67104208
7,67104229
7,67104235
7,67104245
7,67104256
7,67104263
7,67104315
7,67104319
7,67104328
7,67104352
7,67104389
7,67104396
7,67104410
7,67104460
7,67104478
7,67104503
7,67104565
7,67104604
7,67104645
7,67104667
7,67104674
7,67104680
7,67104948
7,67104988
7,67105001
7,67105015
7,67105025
7,67105058
7,67105094
7,67105117
7,67105271
7,67105334
7,67105459
7,67106900
7,67108614
7,67108615
7,67108616
7,67108618
7,67108620
7,67108621
7,67108622
7,67108625
7,67108626
7,67108629
8,67100330
8,67100332
8,67100335
8,67100336
8,67100339
8,67100340
8,67100358
8,67100365
8,67100373
8,67100375
8,67101332
8,67101430
8,67101574
8,67101651
8,67101667
8,67101672
8,67101682
8,67101697
8,67101777
8,67101778
8,67101858
8,67102164
8,67102198
8,67102260
8,67102437
8,67102460
8,67102480
8,67102498
8,67102500
8,67102501
8,67102502
8,67102568
8,67102582
8,67102584
8,67102591
8,67102686
8,67102705
8,67102723
8,67102817
8,67102859
8,67102861
8,67102911
8,67102980
8,67102996
8,67103038
8,67103043
8,67103047
8,67103082
8,67103101
8,67103132
8,67103134
8,67103141
8,67103145
8,67103214
8,67103229
8,67103315
8,67103325
8,67103346
8,67103358
8,67103410
8,67103423
8,67103442
8,67103454
8,67103478
8,67103548
8,67103567
8,67103619
8,67103666
8,67103721
8,67103765
8,67103789
8,67103790
8,67103810
8,67103840
8,67103871
8,67103919
8,67103926
8,67103937
8,67104006
8,67104009
8,67104018
8,67104119
8,67104134
8,67104164
8,67104175
8,67104203
8,67104210
8,67104223
8,67104237
8,67104258
8,67104284
8,67104302
8,67104316
8,67104329
8,67104331
8,67104342
8,67104345
8,67104350
8,67104351
8,67104365
8,67104373
8,67104379
8,67104391
8,67104393
8,67104405
8,67104406
8,67104430
8,67104440
8,67104455
8,67104459
8,67104462
8,67104463
8,67104464
8,67104469
8,67104483
8,67104484
8,67104490
8,67104492
8,67104500
8,67104515
8,67104526
8,67104568
8,67104574
8,67104578
8,67104589
8,67104608
8,67104610
8,67104611
8,67104619
8,67104625
8,67104627
8,67104632
8,67104638
8,67104698
8,67104701
8,67104705
8,67104709
8,67104731
8,67104732
8,67104758
8,67104759
8,67104764
8,67104767
8,67104772
8,67104773
8,67104775
8,67104781
8,67104782
8,67104790
8,67104800
8,67104809
8,67104810
8,67104815
8,67104816
8,67104819
8,67104830
8,67104838
8,67104846
8,67104854
8,67104881
8,67104882
8,67104883
8,67104885
8,67104893
8,67104895
8,67104913
8,67104914
8,67104932
8,67104935
8,67104939
8,67104943
8,67104949
8,67104971
8,67104976
8,67104977
8,67104994
8,67105002
8,67105003
8,67105007
8,67105009
8,67105035
8,67105040
8,67105047
8,67105050
8,67105054
8,67105063
8,67105076
8,67105086
8,67105132
8,67105137
8,67105152
8,67105161
8,67105164
8,67105211
8,67105223
8,67105227
8,67105231
8,67105246
8,67105258
8,67105277
8,67105295
8,67105297
8,67105305
8,67105328
8,67105329
8,67105335
8,67105357
8,67105386
8,67105416
8,67105440
8,67105464
8,67105468
8,67105510
8,67105529
8,67105549
8,67105576
8,67105604
8,67105630
8,67105664
8,67105765
8,67105787
8,67105814
8,67105904
8,67105910
8,67105912
8,67105921
8,67105923
8,67105928
8,67105935
8,67105954
8,67105957
8,67105986
8,67105988
8,67106052
8,67106060
8,67106065
8,67106067
8,67106086
8,67106116
8,67106124
8,67106685
8,67106845
8,67107021
8,67107054
8,67108624
8,67108628
8,67108630
8,67108631
8,67108632
8,67108633
8,67108634
8,67108653
8,67108659
8,67108668
8,67108669
9,131247
9,131254
9,131256
9,67100333
9,67100337
9,67100359
9,67100360
9,67100361
9,67100362
9,67100363
9,67100364
9,67100366
9,67100367
9,67100368
9,67100369
9,67100370
9,67100371
9,67100372
9,67100374
9,67100377
9,67100378
9,67100379
9,67100724
9,67101412
9,67101556
9,67101568
9,67101600
9,67101612
9,67101624
9,67101626
9,67101647
9,67101673
9,67101681
9,67101696
9,67101704
9,67101714
9,67101715
9,67101716
9,67101717
9,67101721
9,67101790
9,67101793
9,67101898
9,67101900
9,67101901
9,67101903
9,67101908
9,67102058
9,67102065
9,67102076
9,67102094
9,67102112
9,67102119
9,67102122
9,67102135
9,67102141
9,67102158
9,67102166
9,67102180
9,67102181
9,67102197
9,67102200
9,67102201
9,67102210
9,67102238
9,67102240
9,67102251
9,67102252
9,67102256
9,67102258
9,67102263
9,67102266
9,67102267
9,67102283
9,67102316
9,67102327
9,67102363
9,67102380
9,67102385
9,67102424
9,67102428
9,67102444
9,67102476
9,67102497
9,67102525
9,67102561
9,67102581
9,67102595
9,67102616
9,67102617
9,67102618
9,67102623
9,67102626
9,67102648
9,67102680
9,67102681
9,67102688
9,67102695
9,67102696
9,67102704
9,67102706
9,67102708
9,67102710
9,67102712
9,67102713
9,67102725
9,67102753
9,67102759
9,67102769
9,67102781
9,67102807
9,67102821
9,67102824
9,67102825
9,67102826
9,67102827
9,67102828
9,67102829
9,67102830
9,67102844
9,67102845
9,67102855
9,67102896
9,67102904
9,67102923
9,67102925
9,67102934
9,67102948
9,67102949
9,67102956
9,67102960
9,67102962
9,67102964
9,67102982
9,67102988
9,67102990
9,67103033
9,67103037
9,67103040
9,67103088
9,67103113
9,67103122
9,67103151
9,67103175
9,67103178
9,67103181
9,67103186
9,67103191
9,67103197
9,67103201
9,67103249
9,67103258
9,67103262
9,67103296
9,67103297
9,67103298
9,67103309
9,67103311
9,67103316
9,67103320
9,67103349
9,67103417
9,67103429
9,67103434
9,67103440
9,67103491
9,67103492
9,67103493
9,67103525
9,67103556
9,67103571
9,67103572
9,67103585
9,67103594
9,67103627
9,67103644
9,67103648
9,67103665
9,67103669
9,67103706
9,67103710
9,67103712
9,67103720
9,67103737
9,67103763
9,67103786
9,67103793
9,67103799
9,67103800
9,67103814
9,67103835
9,67103850
9,67103878
9,67103952
9,67103991
9,67104046
9,67104077
9,67104100
9,67104152
9,67104174
9,67104215
9,67104292
9,67104457
9,67104471
9,67104473
9,67104488
9,67104489
9,67104587
9,67104593
9,67104679
9,67105166
9,67105168
9,67105169
9,67105170
9,67105171
9,67105172
9,67105173
9,67105176
9,67105184
9,67105248
9,67105290
9,67105359
9,67105360
9,67105362
9,67105711
9,67105870
9,67108627
9,67108652
9,67108654
9,67108655
9,67108656
9,67108657
9,67108658
9,67108660
9,67108661
9,67108662
9,67108663
9,67108664
9,67108665
9,67108666
9,67108667
9,67108671
9,67108672
9,67108673
9,67108674
10,67100380
10,67101526
10,67101720
10,67102369
10,67102377
10,67102417
10,67102701
10,67102782
10,67102794
10,67102854
10,67102892
10,67102950
10,67103007
10,67103070
10,67103109
10,67103182
10,67103533
10,67103607
10,67103608
10,67103725
10,67103745
10,67103762
10,67103801
10,67103876
10,67103879
10,67104104
10,67104157
10,67104194
10,67104394
10,67104436
10,67104685
10,67104720
10,67104721
10,67104823
10,67105074
10,67105361
10,67105363
10,67105431
10,67105504
10,67105647
