732856447,67100606
732856447,67100607
732856447,67100608
732856447,67100794
22718549857,67100555
22718549857,67100556
22718549857,67100557
22718549857,67100558
44704243267,67100549
44704243267,67100673
44704243267,67100676
44704243267,67100760
66689936677,67100599
66689936677,67100600
66689936677,67100601
66689936677,67100602
88675630087,67100610
88675630087,67100611
88675630087,67100612
88675630087,67100613
110661323497,67100587
110661323497,67100588
110661323497,67100589
110661323497,67100590
132647016907,67100595
132647016907,67100596
132647016907,67100597
132647016907,67100598
154632710317,67100573
154632710317,67100574
154632710317,67100575
154632710317,67100576
176618403727,67100584
176618403727,67100585
176618403727,67100586
176618403727,67100591
198604097137,67100593
198604097137,67100594
198604097137,67103962
198604097137,67107957
220589790547,67100666
220589790547,67104344
220589790547,67108339
220589790547,67108784
242575483957,67100617
242575483957,67100618
242575483957,67100620
242575483957,67100621
264561177367,67100614
264561177367,67100615
264561177367,67100616
264561177367,67100619
286546870777,67100582
286546870777,67100604
286546870777,67100605
286546870777,67100609
308532564187,67100554
308532564187,67100670
308532564187,67100672
308532564187,67100674
