827860087,67093421
827860087,67093429
827860087,67093431
827860087,67093432
25663662697,67093306
25663662697,67093316
25663662697,67093317
25663662697,67093341
50499465307,67093345
50499465307,67093524
50499465307,67098448
50499465307,67108668
75335267917,67093569
75335267917,67093571
75335267917,67093572
75335267917,67093573
100171070527,67093503
100171070527,67093508
100171070527,67093514
100171070527,67093515
125006873137,67093491
125006873137,67093495
125006873137,67093497
125006873137,67108667
149842675747,67093415
149842675747,67093433
149842675747,67093448
149842675747,67093627
174678478357,67093357
174678478357,67093529
174678478357,67093637
174678478357,67093646
199514280967,67093561
199514280967,67093562
199514280967,67093564
199514280967,67093565
224350083577,67093336
224350083577,67093438
224350083577,67093476
224350083577,67093526
249185886187,67093376
249185886187,67093426
249185886187,67093504
249185886187,67093575
274021688797,67093374
274021688797,67093578
274021688797,67093582
274021688797,67093585
298857491407,67093321
298857491407,67093323
298857491407,67093328
298857491407,67093330
323693294017,67093302
323693294017,67093303
323693294017,67093304
323693294017,67093305
