902036450,67100679
902036450,67100680
902036450,67100681
902036450,67100682
902036450,67100683
902036450,67100684
902036450,67100685
902036450,67100686
902036450,67100687
902036450,67100688
902036450,67100689
902036450,67100690
902036450,67100691
902036450,67100692
902036450,67100693
902036450,67100694
902036450,67100695
902036450,67100696
902036450,67100697
902036450,67100698
902036450,67100699
902036450,67100700
902036450,67100701
902036450,67100704
902036450,67100705
902036450,67100706
902036450,67100707
902036450,67100708
902036450,67100709
902036450,67100710
902036450,67100711
902036450,67100712
902036450,67100713
902036450,67100714
902036450,67100715
902036450,67100716
902036450,67100717
902036450,67100718
902036450,67100719
902036450,67100720
902036450,67100721
902036450,67100722
902036450,67100723
902036450,67100724
902036450,67100726
902036450,67100727
902036450,67100728
902036450,67100729
902036450,67100730
902036450,67100732
902036450,67100733
902036450,67100734
902036450,67100735
902036450,67100736
902036450,67100737
902036450,67100738
902036450,67100739
902036450,67100740
902036450,67100741
902036450,67100742
902036450,67100743
902036450,67100744
902036450,67100745
902036450,67100746
902036450,67100747
902036450,67100748
902036450,67100764
902036450,67100766
902036450,67100770
902036450,67100776
902036450,67100780
902036450,67100782
902036450,67100786
902036450,67100798
902036450,67100800
902036450,67100804
902036450,67100810
902036450,67100811
902036450,67100821
902036450,67100822
902036450,67100823
902036450,67100825
902036450,67100833
902036450,67100834
902036450,67100840
902036450,67100845
902036450,67100847
902036450,67100848
902036450,67100849
902036450,67100853
902036450,67100857
902036450,67100858
902036450,67100861
902036450,67100863
902036450,67100864
902036450,67100868
902036450,67100871
902036450,67100872
902036450,67100873
902036450,67100878
902036450,67100879
902036450,67100880
902036450,67100881
902036450,67100885
902036450,67100886
902036450,67100887
902036450,67100888
902036450,67100889
902036450,67100890
902036450,67100891
902036450,67100892
902036450,67100893
902036450,67100895
902036450,67100896
902036450,67100897
902036450,67100898
902036450,67100902
902036450,67100904
902036450,67100905
902036450,67100907
902036450,67100908
902036450,67100909
902036450,67100910
902036450,67100911
902036450,67100912
902036450,67100913
902036450,67100914
902036450,67100915
902036450,67100921
902036450,67100923
902036450,67100924
902036450,67100925
902036450,67100932
902036450,67100933
902036450,67100935
902036450,67100937
902036450,67100938
902036450,67100941
902036450,67100942
902036450,67100943
902036450,67100953
902036450,67100957
902036450,67100962
902036450,67100965
902036450,67100972
902036450,67100975
902036450,67100980
902036450,67100981
902036450,67100983
902036450,67100984
902036450,67100985
902036450,67100986
902036450,67100987
902036450,67100992
902036450,67100995
902036450,67100996
902036450,67101004
902036450,67101005
902036450,67101006
902036450,67101007
902036450,67101016
902036450,67101028
902036450,67101030
902036450,67101037
902036450,67101038
902036450,67104064
