902036450,67100679
902036450,67100680
902036450,67100681
902036450,67100682
902036450,67100683
902036450,67100684
902036450,67100685
902036450,67100686
902036450,67100687
902036450,67100688
902036450,67100689
902036450,67100690
902036450,67100691
902036450,67100692
902036450,67100693
902036450,67100694
902036450,67100695
902036450,67100696
902036450,67100697
902036450,67100698
902036450,67100699
902036450,67100700
902036450,67100701
902036450,67100704
902036450,67100705
902036450,67100706
902036450,67100708
902036450,67100709
902036450,67100710
902036450,67100711
902036450,67100712
902036450,67100713
902036450,67100714
902036450,67100715
902036450,67100716
902036450,67100717
902036450,67100718
902036450,67100719
902036450,67100720
902036450,67100878
902036450,67100880
902036450,67100881
902036450,67100885
902036450,67100893
902036450,67100911
902036450,67100925
902036450,67100932
902036450,67100933
902036450,67100938
902036450,67100942
902036450,67100953
902036450,67100981
902036450,67100986
902036450,67100987
902036450,67100995
902036450,67100999
902036450,67101004
902036450,67101005
902036450,67101006
902036450,67101007
902036450,67101014
902036450,67101016
902036450,67101037
902036450,67101038
27963129950,67105569
27963129950,67105572
27963129950,67105573
27963129950,67105574
27963129950,67105575
27963129950,67105576
27963129950,67105578
27963129950,67105579
27963129950,67105582
27963129950,67105583
27963129950,67105987
27963129950,67106186
27963129950,67108437
27963129950,67108438
27963129950,67108439
27963129950,67108440
27963129950,67108441
27963129950,67108442
27963129950,67108443
