827860087,67100801
827860087,67100802
827860087,67100804
827860087,67100805
827860087,67100807
827860087,67100808
827860087,67100810
827860087,67100814
827860087,67100815
827860087,67100816
827860087,67100817
827860087,67100818
827860087,67100819
827860087,67100820
827860087,67100821
827860087,67100822
827860087,67100823
827860087,67100824
827860087,67100825
827860087,67100827
827860087,67100829
827860087,67100830
827860087,67100831
827860087,67100832
827860087,67100833
827860087,67100834
827860087,67100838
827860087,67100839
827860087,67100840
827860087,67100841
827860087,67100842
827860087,67100843
827860087,67100844
827860087,67100845
827860087,67100846
827860087,67100847
827860087,67100848
827860087,67100849
827860087,67100850
827860087,67100851
827860087,67100852
827860087,67100853
827860087,67100854
827860087,67100855
827860087,67100856
827860087,67100857
827860087,67100858
827860087,67100859
827860087,67100860
827860087,67100861
827860087,67100862
827860087,67100863
827860087,67100864
827860087,67100865
827860087,67100866
827860087,67100867
827860087,67100868
827860087,67100869
827860087,67100870
827860087,67100871
827860087,67100872
827860087,67100873
827860087,67100874
827860087,67104457
25663662697,67100709
25663662697,67100722
25663662697,67100723
25663662697,67100724
25663662697,67100739
25663662697,67100743
25663662697,67100774
25663662697,67100775
25663662697,67100776
25663662697,67100777
25663662697,67100779
25663662697,67100780
25663662697,67100782
25663662697,67100783
25663662697,67100785
25663662697,67100786
25663662697,67101039
25663662697,67101040
25663662697,67101041
