1096522560,67100099
1096522560,67100300
1096522560,67100516
1096522560,67100703
1096522560,67100904
1096522560,67100905
1096522560,67100906
1096522560,67100907
1096522560,67100908
1096522560,67100909
1096522560,67100910
1096522560,67100911
1096522560,67100912
1096522560,67100913
1096522560,67100914
1096522560,67100915
1096522560,67100917
1096522560,67100918
1096522560,67100919
1096522560,67100920
1096522560,67100921
1096522560,67100922
1096522560,67100923
1096522560,67100927
1096522560,67100928
1096522560,67100929
1096522560,67100930
1096522560,67100931
1096522560,67100932
1096522560,67100933
1096522560,67100934
1096522560,67100935
1096522560,67100936
1096522560,67100965
1096522560,67100966
1096522560,67100967
1096522560,67100968
1096522560,67100969
1096522560,67100970
1096522560,67100971
1096522560,67100972
1096522560,67100973
1096522560,67100974
1096522560,67100975
1096522560,67100976
1096522560,67100977
1096522560,67100978
1096522560,67100979
1096522560,67100980
1096522560,67100981
1096522560,67100982
1096522560,67100983
1096522560,67101283
1096522560,67108594
33992199360,67100916
33992199360,67100924
33992199360,67100925
33992199360,67100937
33992199360,67100938
33992199360,67100939
33992199360,67100940
33992199360,67100941
33992199360,67100942
33992199360,67100944
33992199360,67100984
33992199360,67100985
33992199360,67100986
33992199360,67100987
33992199360,67100988
33992199360,67100989
33992199360,67100990
33992199360,67100991
33992199360,67100992
33992199360,67100993
33992199360,67100994
33992199360,67100995
33992199360,67100996
33992199360,67100997
33992199360,67100998
33992199360,67100999
33992199360,67101000
33992199360,67101002
33992199360,67101003
33992199360,67101004
33992199360,67106801
33992199360,67106802
