1096522560,67100099
1096522560,67100300
1096522560,67100516
1096522560,67100703
1096522560,67100904
1096522560,67100905
1096522560,67100906
1096522560,67100907
1096522560,67100908
1096522560,67100909
1096522560,67100910
1096522560,67100911
1096522560,67100912
1096522560,67100913
1096522560,67100914
1096522560,67100915
1096522560,67100917
1096522560,67100918
1096522560,67100919
1096522560,67100920
1096522560,67100921
1096522560,67100922
1096522560,67100923
1096522560,67100927
1096522560,67100928
1096522560,67100929
1096522560,67100930
1096522560,67100931
1096522560,67100932
1096522560,67100933
1096522560,67100934
1096522560,67100935
1096522560,67100936
1096522560,67100965
1096522560,67100966
1096522560,67100967
1096522560,67100968
1096522560,67100969
1096522560,67100970
1096522560,67100971
1096522560,67100972
1096522560,67100973
1096522560,67100974
1096522560,67100975
1096522560,67100976
1096522560,67100977
1096522560,67100978
1096522560,67100979
1096522560,67100980
1096522560,67100981
1096522560,67100982
1096522560,67100983
1096522560,67101283
1096522560,67108594
33992199360,67100547
33992199360,67100916
33992199360,67100924
33992199360,67100925
33992199360,67100926
33992199360,67100937
33992199360,67100938
33992199360,67100939
33992199360,67100940
33992199360,67100941
33992199360,67100942
33992199360,67100943
33992199360,67100944
33992199360,67100945
33992199360,67100946
33992199360,67100947
33992199360,67100948
33992199360,67100949
33992199360,67100950
33992199360,67100951
33992199360,67100952
33992199360,67100953
33992199360,67100954
33992199360,67100955
33992199360,67100956
33992199360,67100957
33992199360,67100963
33992199360,67100984
33992199360,67100985
33992199360,67100986
33992199360,67100987
33992199360,67100988
33992199360,67100989
33992199360,67100990
33992199360,67100991
33992199360,67100992
33992199360,67100993
33992199360,67100994
33992199360,67100995
33992199360,67100996
33992199360,67100997
33992199360,67100998
33992199360,67100999
33992199360,67101000
33992199360,67101001
33992199360,67101002
33992199360,67101003
33992199360,67101004
33992199360,67101005
33992199360,67101006
33992199360,67101007
33992199360,67101008
33992199360,67101009
33992199360,67101010
33992199360,67101011
33992199360,67101012
33992199360,67101013
33992199360,67101014
33992199360,67101015
33992199360,67101016
33992199360,67101017
33992199360,67101018
33992199360,67101019
33992199360,67101020
33992199360,67101021
33992199360,67101022
33992199360,67101023
33992199360,67101024
33992199360,67101025
33992199360,67101026
33992199360,67101027
33992199360,67101028
33992199360,67101029
33992199360,67101030
33992199360,67101031
33992199360,67101032
33992199360,67101033
33992199360,67101034
33992199360,67101035
33992199360,67101036
33992199360,67101037
33992199360,67101038
33992199360,67101039
33992199360,67101040
33992199360,67101041
33992199360,67101042
33992199360,67101043
33992199360,67101044
33992199360,67101045
33992199360,67101046
33992199360,67101047
33992199360,67101048
33992199360,67101049
33992199360,67101050
33992199360,67101051
33992199360,67101052
33992199360,67101053
33992199360,67101054
33992199360,67101056
33992199360,67101057
33992199360,67101058
33992199360,67101059
33992199360,67101060
33992199360,67101062
33992199360,67101063
33992199360,67101069
33992199360,67101070
33992199360,67101072
33992199360,67101074
33992199360,67101077
33992199360,67101078
33992199360,67101080
33992199360,67101082
33992199360,67101083
33992199360,67101085
33992199360,67101100
33992199360,67106801
33992199360,67106802
33992199360,67108609
