902036450,67100679
902036450,67100680
902036450,67100681
902036450,67100682
902036450,67100683
902036450,67100684
902036450,67100685
902036450,67100686
902036450,67100687
902036450,67100688
902036450,67100689
902036450,67100690
902036450,67100691
902036450,67100692
902036450,67100693
902036450,67100694
902036450,67100695
902036450,67100696
902036450,67100697
902036450,67100698
902036450,67100699
902036450,67100700
902036450,67100701
902036450,67100702
902036450,67100703
902036450,67100704
902036450,67100705
902036450,67100706
902036450,67100707
902036450,67100708
902036450,67100709
902036450,67100710
902036450,67100711
902036450,67100712
902036450,67100713
902036450,67100714
902036450,67100715
902036450,67100716
902036450,67100717
902036450,67100718
902036450,67100719
902036450,67100720
902036450,67100721
902036450,67100722
902036450,67100723
902036450,67100725
902036450,67100726
902036450,67100727
902036450,67100728
902036450,67100730
902036450,67100731
902036450,67100732
902036450,67100733
902036450,67100734
902036450,67100735
902036450,67100736
902036450,67100737
902036450,67100738
902036450,67100739
902036450,67100740
902036450,67100741
902036450,67100743
902036450,67100745
902036450,67100746
902036450,67100747
902036450,67100748
902036450,67100765
902036450,67100767
902036450,67100769
902036450,67100773
902036450,67100778
902036450,67100779
902036450,67100780
902036450,67100782
902036450,67100784
902036450,67100786
902036450,67100787
902036450,67100792
902036450,67100796
902036450,67100798
902036450,67100800
902036450,67100804
902036450,67100822
902036450,67100827
902036450,67100828
902036450,67100829
902036450,67100833
902036450,67100840
902036450,67100845
902036450,67100847
902036450,67100856
902036450,67100860
902036450,67100864
902036450,67100866
902036450,67100868
902036450,67100870
902036450,67100871
902036450,67100872
902036450,67100874
902036450,67100894
902036450,67100895
902036450,67100898
902036450,67100900
902036450,67100903
902036450,67100910
902036450,67100911
902036450,67100921
902036450,67100922
902036450,67100935
902036450,67100936
902036450,67100940
902036450,67100941
902036450,67100945
902036450,67100970
902036450,67100971
902036450,67100975
902036450,67100976
902036450,67100990
902036450,67100992
902036450,67101006
902036450,67101012
902036450,67101017
902036450,67101024
902036450,67101027
902036450,67101029
902036450,67101030
902036450,67101041
902036450,67101200
27963129950,67100724
27963129950,67100729
27963129950,67100742
27963129950,67100744
27963129950,67100766
27963129950,67100801
27963129950,67100802
27963129950,67100818
27963129950,67100825
27963129950,67100834
27963129950,67100837
27963129950,67100849
27963129950,67100851
27963129950,67100852
27963129950,67100853
27963129950,67100858
27963129950,67100861
27963129950,67100862
27963129950,67100863
27963129950,67100873
27963129950,67100875
27963129950,67100876
27963129950,67100878
27963129950,67100881
27963129950,67100902
27963129950,67100904
27963129950,67100905
27963129950,67100907
27963129950,67100908
27963129950,67100914
27963129950,67100920
27963129950,67100927
27963129950,67100928
27963129950,67100930
27963129950,67100931
27963129950,67100934
27963129950,67100938
27963129950,67100942
27963129950,67100943
27963129950,67100944
27963129950,67100950
27963129950,67100951
27963129950,67100954
27963129950,67100955
27963129950,67100956
27963129950,67100957
27963129950,67100959
27963129950,67100961
27963129950,67100963
27963129950,67100966
27963129950,67100977
27963129950,67100985
27963129950,67100987
27963129950,67101010
27963129950,67101014
27963129950,67101016
27963129950,67101018
27963129950,67101021
27963129950,67101025
27963129950,67101031
