902036450,67100679
902036450,67100680
902036450,67100681
902036450,67100682
902036450,67100683
902036450,67100684
902036450,67100685
902036450,67100686
902036450,67100687
902036450,67100688
902036450,67100689
902036450,67100690
902036450,67100691
902036450,67100692
902036450,67100693
902036450,67100694
902036450,67100695
902036450,67100696
902036450,67100697
902036450,67100698
902036450,67100699
902036450,67100700
902036450,67100701
902036450,67100704
902036450,67100705
902036450,67100706
902036450,67100707
902036450,67100708
902036450,67100709
902036450,67100710
902036450,67100711
902036450,67100712
902036450,67100713
902036450,67100714
902036450,67100715
902036450,67100716
902036450,67100717
902036450,67100718
902036450,67100720
902036450,67100721
902036450,67100722
902036450,67100723
902036450,67100725
902036450,67100726
902036450,67100730
902036450,67100731
902036450,67100732
902036450,67100733
902036450,67100734
902036450,67100736
902036450,67100738
902036450,67100739
902036450,67100740
902036450,67100741
902036450,67100743
902036450,67100745
902036450,67100746
902036450,67100747
902036450,67100767
902036450,67100778
902036450,67100779
902036450,67100782
902036450,67100784
902036450,67100786
902036450,67100787
902036450,67100792
902036450,67100800
902036450,67100822
902036450,67100828
902036450,67100829
902036450,67100833
902036450,67100856
902036450,67100860
902036450,67100866
902036450,67100868
902036450,67100870
902036450,67100872
902036450,67100874
902036450,67100898
902036450,67100900
902036450,67100903
902036450,67100910
902036450,67100921
902036450,67100935
902036450,67100941
902036450,67100945
902036450,67100975
902036450,67100976
902036450,67100990
902036450,67101024
902036450,67101027
902036450,67101029
902036450,67101030
902036450,67101200
