732856447,67104566
732856447,67104567
732856447,67104568
732856447,67104569
732856447,67104570
732856447,67104787
22718549857,67104142
22718549857,67104271
22718549857,67104529
22718549857,67104543
22718549857,67104633
22718549857,67104641
22718549857,67108227
22718549857,67108228
22718549857,67108229
22718549857,67108779
44704243267,67104029
44704243267,67104031
44704243267,67104033
44704243267,67104034
44704243267,67104038
44704243267,67104048
44704243267,67104050
44704243267,67104059
44704243267,67104070
44704243267,67104073
44704243267,67104075
44704243267,67104079
44704243267,67104082
44704243267,67104089
44704243267,67104092
44704243267,67104093
44704243267,67104094
44704243267,67104095
44704243267,67104101
44704243267,67104105
44704243267,67104108
44704243267,67104113
44704243267,67104117
44704243267,67104121
44704243267,67104124
44704243267,67104127
44704243267,67104131
44704243267,67104134
44704243267,67104135
44704243267,67104137
44704243267,67104152
