1093269888,67100904
1093269888,67100905
1093269888,67100906
1093269888,67100907
1093269888,67100908
1093269888,67100909
1093269888,67100910
1093269888,67100911
1093269888,67100912
1093269888,67100913
1093269888,67100914
1093269888,67100915
1093269888,67100916
1093269888,67100917
1093269888,67100918
1093269888,67100919
1093269888,67100920
1093269888,67100921
1093269888,67100922
1093269888,67100923
1093269888,67100924
1093269888,67100925
1093269888,67100926
1093269888,67100927
1093269888,67100928
1093269888,67100929
1093269888,67100930
1093269888,67100931
1093269888,67100932
1093269888,67100933
1093269888,67100934
1093269888,67100935
1093269888,67100936
1093269888,67100937
1093269888,67100938
1093269888,67100939
1093269888,67100940
1093269888,67100941
1093269888,67100942
1093269888,67100943
1093269888,67101282
33891366528,67100945
33891366528,67100949
33891366528,67100951
33891366528,67100952
33891366528,67100953
33891366528,67100955
33891366528,67100956
33891366528,67100958
33891366528,67100959
33891366528,67100960
33891366528,67100961
33891366528,67100962
33891366528,67100963
33891366528,67100964
33891366528,67100966
33891366528,67100967
33891366528,67100968
33891366528,67100969
33891366528,67100970
33891366528,67100971
33891366528,67100972
33891366528,67100973
33891366528,67100974
33891366528,67100975
33891366528,67100976
33891366528,67100977
33891366528,67100978
33891366528,67100979
33891366528,67100980
33891366528,67100981
33891366528,67100982
33891366528,67100983
33891366528,67100984
33891366528,67100985
33891366528,67100986
33891366528,67100987
33891366528,67100988
33891366528,67100989
33891366528,67100990
33891366528,67100991
33891366528,67100992
33891366528,67100993
33891366528,67100994
33891366528,67100995
33891366528,67100996
33891366528,67100997
33891366528,67100998
33891366528,67100999
33891366528,67101000
33891366528,67101001
33891366528,67101002
33891366528,67101003
33891366528,67101004
33891366528,67101005
33891366528,67101006
33891366528,67101007
33891366528,67101008
33891366528,67101009
33891366528,67101010
33891366528,67101011
33891366528,67101012
33891366528,67101013
33891366528,67101014
33891366528,67101015
33891366528,67101016
33891366528,67101017
33891366528,67101018
33891366528,67101019
33891366528,67101020
33891366528,67101021
33891366528,67101022
33891366528,67101023
33891366528,67101024
33891366528,67101025
33891366528,67101026
33891366528,67101027
33891366528,67101028
33891366528,67101029
33891366528,67101030
33891366528,67101031
33891366528,67101032
33891366528,67101033
33891366528,67101034
33891366528,67101035
33891366528,67101036
33891366528,67101037
33891366528,67101038
33891366528,67101039
33891366528,67101040
33891366528,67101041
33891366528,67101042
33891366528,67101045
33891366528,67101047
33891366528,67101048
33891366528,67101049
33891366528,67101050
33891366528,67101051
33891366528,67101052
33891366528,67101055
33891366528,67101058
33891366528,67101060
33891366528,67101061
33891366528,67101062
33891366528,67101063
33891366528,67101064
33891366528,67101065
33891366528,67101066
33891366528,67101067
33891366528,67101071
33891366528,67101072
33891366528,67101076
33891366528,67101077
33891366528,67101078
33891366528,67101081
33891366528,67101082
33891366528,67101083
33891366528,67101084
33891366528,67101085
33891366528,67101086
33891366528,67101088
33891366528,67101089
33891366528,67101090
33891366528,67101091
33891366528,67101092
33891366528,67101093
33891366528,67101095
33891366528,67101097
33891366528,67106642
66689463168,67100100
66689463168,67100101
66689463168,67100102
66689463168,67100103
66689463168,67100104
66689463168,67100105
66689463168,67100106
66689463168,67100107
66689463168,67100108
66689463168,67100109
66689463168,67100110
66689463168,67100111
66689463168,67100112
66689463168,67100113
66689463168,67100114
66689463168,67100115
66689463168,67100116
66689463168,67100117
66689463168,67100118
66689463168,67100119
66689463168,67100120
66689463168,67100121
66689463168,67100122
66689463168,67100123
66689463168,67100124
66689463168,67100125
66689463168,67100126
66689463168,67100127
66689463168,67100128
66689463168,67100129
66689463168,67100130
66689463168,67100131
66689463168,67100132
66689463168,67100133
66689463168,67100134
66689463168,67100135
66689463168,67100136
66689463168,67100137
66689463168,67100138
66689463168,67100139
66689463168,67100140
66689463168,67100141
66689463168,67100142
66689463168,67100143
66689463168,67100144
66689463168,67100145
66689463168,67100146
66689463168,67100147
66689463168,67100148
66689463168,67100149
66689463168,67100150
66689463168,67100151
66689463168,67100152
66689463168,67100153
66689463168,67100154
66689463168,67100155
66689463168,67100156
66689463168,67100157
66689463168,67100158
66689463168,67100159
66689463168,67100161
66689463168,67100162
66689463168,67100163
66689463168,67100165
66689463168,67100166
66689463168,67100167
66689463168,67100168
66689463168,67100170
66689463168,67100171
66689463168,67100172
66689463168,67100175
66689463168,67100176
66689463168,67100180
66689463168,67100183
66689463168,67100189
66689463168,67100192
66689463168,67100193
66689463168,67102273
66689463168,67102275
66689463168,67102281
66689463168,67102452
66689463168,67102820
66689463168,67108595
99487559808,131244
99487559808,131246
99487559808,67100303
99487559808,67100304
99487559808,67100305
99487559808,67100306
99487559808,67100307
99487559808,67100308
99487559808,67100309
99487559808,67100310
99487559808,67100311
99487559808,67100312
99487559808,67100314
99487559808,67100315
99487559808,67100320
99487559808,67101043
99487559808,67101044
99487559808,67101046
99487559808,67101053
99487559808,67101068
99487559808,67101069
99487559808,67101073
99487559808,67101074
99487559808,67101075
99487559808,67101079
99487559808,67101087
99487559808,67101496
99487559808,67101563
99487559808,67101713
99487559808,67101779
99487559808,67102227
99487559808,67102255
99487559808,67102272
99487559808,67102287
99487559808,67102465
99487559808,67102728
99487559808,67102986
99487559808,67103363
99487559808,67103364
99487559808,67103367
99487559808,67103373
99487559808,67103375
99487559808,67103378
99487559808,67103379
99487559808,67103408
99487559808,67103410
99487559808,67103425
99487559808,67103445
99487559808,67103474
99487559808,67103498
99487559808,67103530
99487559808,67103533
99487559808,67103535
99487559808,67103571
99487559808,67103592
99487559808,67103629
99487559808,67103630
99487559808,67103634
99487559808,67103658
99487559808,67103664
99487559808,67103675
99487559808,67103682
99487559808,67103683
99487559808,67103686
99487559808,67103687
99487559808,67103688
99487559808,67103694
99487559808,67103696
99487559808,67103697
99487559808,67103698
99487559808,67103702
99487559808,67103708
99487559808,67103720
99487559808,67103755
99487559808,67103757
99487559808,67103772
99487559808,67103773
99487559808,67103789
99487559808,67103797
99487559808,67103807
99487559808,67103822
99487559808,67103853
99487559808,67103871
99487559808,67103895
99487559808,67103914
99487559808,67103930
99487559808,67103941
99487559808,67103950
99487559808,67103963
99487559808,67103964
99487559808,67103979
99487559808,67103986
99487559808,67104039
99487559808,67104048
99487559808,67104065
99487559808,67104095
99487559808,67104133
99487559808,67104154
99487559808,67104180
99487559808,67104192
99487559808,67104197
99487559808,67104230
99487559808,67104246
99487559808,67104316
99487559808,67104320
99487559808,67104329
99487559808,67104353
99487559808,67104398
99487559808,67104411
99487559808,67104566
99487559808,67104605
99487559808,67104646
99487559808,67104668
99487559808,67104681
99487559808,67105272
99487559808,67108597
99487559808,67108598
99487559808,67108599
99487559808,67108600
99487559808,67108601
99487559808,67108602
99487559808,67108603
99487559808,67108604
99487559808,67108605
99487559808,67108606
99487559808,67108607
99487559808,67108609
99487559808,67108614
132285656448,67100173
132285656448,67100187
132285656448,67100191
132285656448,67100195
132285656448,67100198
132285656448,67100200
132285656448,67100202
132285656448,67100203
132285656448,67100204
132285656448,67100206
132285656448,67100207
132285656448,67100208
132285656448,67100210
132285656448,67100212
132285656448,67100215
132285656448,67100216
132285656448,67100218
132285656448,67100220
132285656448,67100221
132285656448,67100222
132285656448,67100223
132285656448,67100224
132285656448,67100225
132285656448,67100229
132285656448,67100264
132285656448,67100725
132285656448,67101112
132285656448,67101201
132285656448,67101601
132285656448,67101613
132285656448,67101697
132285656448,67101715
132285656448,67101718
132285656448,67101794
132285656448,67102077
132285656448,67102095
132285656448,67102182
132285656448,67102202
132285656448,67102220
132285656448,67102252
132285656448,67102257
132285656448,67102259
132285656448,67102268
132285656448,67102274
132285656448,67102328
132285656448,67102364
132285656448,67102445
132285656448,67102682
132285656448,67102705
132285656448,67102711
132285656448,67102770
132285656448,67102789
132285656448,67102825
132285656448,67102826
132285656448,67102827
132285656448,67102828
132285656448,67102829
132285656448,67102830
132285656448,67102831
132285656448,67103004
132285656448,67103041
132285656448,67103048
132285656448,67103128
132285656448,67103182
132285656448,67103183
132285656448,67103192
132285656448,67103202
132285656448,67103235
132285656448,67103250
132285656448,67103259
132285656448,67103296
132285656448,67103297
132285656448,67103298
132285656448,67103299
132285656448,67103300
132285656448,67103310
132285656448,67103312
132285656448,67103372
132285656448,67103402
132285656448,67103435
132285656448,67103475
132285656448,67103492
132285656448,67103493
132285656448,67103494
132285656448,67103526
132285656448,67103534
132285656448,67103557
132285656448,67103572
132285656448,67103573
132285656448,67103586
132285656448,67103608
132285656448,67103609
132285656448,67103628
132285656448,67103649
132285656448,67103666
132285656448,67103670
132285656448,67103721
132285656448,67103726
132285656448,67103738
132285656448,67103746
132285656448,67103764
132285656448,67103766
132285656448,67103800
132285656448,67103801
132285656448,67103802
132285656448,67103815
132285656448,67103851
132285656448,67103877
132285656448,67103879
132285656448,67103880
132285656448,67103992
132285656448,67104043
132285656448,67104078
132285656448,67104105
132285656448,67104153
132285656448,67104158
132285656448,67104175
132285656448,67104195
132285656448,67104437
132285656448,67104458
132285656448,67104474
132285656448,67104489
132285656448,67104490
132285656448,67104686
132285656448,67105249
132285656448,67105712
132285656448,67106325
165083753088,131261
165083753088,67100313
165083753088,67101100
165083753088,67101180
165083753088,67101209
165083753088,67101449
165083753088,67101473
165083753088,67101493
165083753088,67101532
165083753088,67101541
165083753088,67101559
165083753088,67101579
165083753088,67101604
165083753088,67101605
165083753088,67101606
165083753088,67101607
165083753088,67101677
165083753088,67101683
165083753088,67101701
165083753088,67101712
165083753088,67101734
165083753088,67101736
165083753088,67101737
165083753088,67101768
165083753088,67101771
165083753088,67101775
165083753088,67101819
165083753088,67101841
165083753088,67101843
165083753088,67101883
165083753088,67101889
165083753088,67101898
165083753088,67101930
165083753088,67101978
165083753088,67101980
165083753088,67102004
165083753088,67102014
165083753088,67102015
165083753088,67102025
165083753088,67102029
165083753088,67102031
165083753088,67102083
165083753088,67102089
165083753088,67102099
165083753088,67102130
165083753088,67102137
165083753088,67102145
165083753088,67102152
165083753088,67102153
165083753088,67102180
165083753088,67102186
165083753088,67102195
165083753088,67102204
165083753088,67102205
165083753088,67102206
165083753088,67102208
165083753088,67102212
165083753088,67102214
165083753088,67102218
165083753088,67102228
165083753088,67102231
165083753088,67102239
165083753088,67102246
165083753088,67102258
165083753088,67102265
165083753088,67102266
165083753088,67102277
165083753088,67102278
165083753088,67102291
165083753088,67102292
165083753088,67102312
165083753088,67102327
165083753088,67102412
165083753088,67102414
165083753088,67102429
165083753088,67102446
165083753088,67102448
165083753088,67102463
165083753088,67102466
165083753088,67102467
165083753088,67102469
165083753088,67102510
165083753088,67102564
165083753088,67102572
165083753088,67102575
165083753088,67102581
165083753088,67102592
165083753088,67102628
165083753088,67102644
165083753088,67102658
165083753088,67102715
165083753088,67102734
165083753088,67102744
165083753088,67102758
165083753088,67102839
165083753088,67102855
165083753088,67102888
165083753088,67102943
165083753088,67102956
165083753088,67102961
165083753088,67102969
165083753088,67102997
165083753088,67103002
165083753088,67103003
165083753088,67103079
165083753088,67103097
165083753088,67103111
165083753088,67103113
165083753088,67103135
165083753088,67103377
165083753088,67103430
165083753088,67103461
165083753088,67103504
165083753088,67103511
165083753088,67103512
165083753088,67103600
165083753088,67104196
165083753088,67104426
165083753088,67104463
165083753088,67104511
165083753088,67104911
165083753088,67104931
165083753088,67105307
165083753088,67105313
165083753088,67105930
165083753088,67105931
197881849728,67100227
197881849728,67100228
197881849728,67100230
197881849728,67100233
197881849728,67100234
197881849728,67100235
197881849728,67100236
197881849728,67100237
197881849728,67100240
197881849728,67100243
197881849728,67100247
197881849728,67100252
197881849728,67100254
197881849728,67100255
197881849728,67100256
197881849728,67100258
197881849728,67100259
197881849728,67100267
197881849728,67100268
197881849728,67100271
197881849728,67100272
197881849728,67100273
197881849728,67100274
197881849728,67100275
197881849728,67100276
197881849728,67100277
197881849728,67100278
197881849728,67100279
197881849728,67100280
197881849728,67100281
197881849728,67100282
197881849728,67100284
197881849728,67100285
197881849728,67100286
197881849728,67100288
197881849728,67100298
197881849728,67101138
197881849728,67101139
197881849728,67101140
197881849728,67101155
197881849728,67101557
197881849728,67101578
197881849728,67101643
197881849728,67101657
197881849728,67101658
197881849728,67101659
197881849728,67101668
197881849728,67101720
197881849728,67101750
197881849728,67101764
197881849728,67101783
197881849728,67101793
197881849728,67101802
197881849728,67101810
197881849728,67101866
197881849728,67101914
197881849728,67101919
197881849728,67102005
197881849728,67102053
197881849728,67102056
197881849728,67102128
197881849728,67102166
197881849728,67102229
197881849728,67102269
197881849728,67102318
197881849728,67102319
197881849728,67102323
197881849728,67102382
197881849728,67102383
197881849728,67102396
197881849728,67102435
197881849728,67102442
197881849728,67102462
197881849728,67102473
197881849728,67102521
197881849728,67102584
197881849728,67102600
197881849728,67102620
197881849728,67102624
197881849728,67102666
197881849728,67102704
197881849728,67102746
197881849728,67102747
197881849728,67102787
197881849728,67102796
197881849728,67102811
197881849728,67102823
197881849728,67102837
197881849728,67102858
197881849728,67102876
197881849728,67102900
197881849728,67103142
197881849728,67103146
197881849728,67103221
197881849728,67103222
197881849728,67103223
197881849728,67103236
197881849728,67103278
197881849728,67103305
197881849728,67103329
197881849728,67103344
197881849728,67103346
197881849728,67103348
197881849728,67103351
197881849728,67103381
197881849728,67103388
197881849728,67103440
197881849728,67103441
197881849728,67103524
197881849728,67103739
197881849728,67103790
197881849728,67103792
197881849728,67103848
197881849728,67103890
197881849728,67103913
197881849728,67103944
197881849728,67103947
197881849728,67103949
197881849728,67103951
197881849728,67103959
197881849728,67104028
197881849728,67104389
197881849728,67104390
197881849728,67104691
197881849728,67105787
197881849728,67105788
230679946368,131247
230679946368,131248
230679946368,131249
230679946368,131250
230679946368,131251
230679946368,131252
230679946368,67100316
230679946368,67100317
230679946368,67100318
230679946368,67100319
230679946368,67100321
230679946368,67100324
230679946368,67100326
230679946368,67100519
230679946368,67101054
230679946368,67101057
230679946368,67101486
230679946368,67101499
230679946368,67101514
230679946368,67101517
230679946368,67101535
230679946368,67101553
230679946368,67101561
230679946368,67101574
230679946368,67101577
230679946368,67101625
230679946368,67101675
230679946368,67101687
230679946368,67101706
230679946368,67101725
230679946368,67101741
230679946368,67101749
230679946368,67101753
230679946368,67101776
230679946368,67101848
230679946368,67101853
230679946368,67101859
230679946368,67101895
230679946368,67101899
230679946368,67101926
230679946368,67101972
230679946368,67102035
230679946368,67102036
230679946368,67102066
230679946368,67102069
230679946368,67102072
230679946368,67102097
230679946368,67102098
230679946368,67102101
230679946368,67102111
230679946368,67102134
230679946368,67102150
230679946368,67102158
230679946368,67102168
230679946368,67102169
230679946368,67102170
230679946368,67102174
230679946368,67102177
230679946368,67102178
230679946368,67102179
230679946368,67102184
230679946368,67102185
230679946368,67102188
230679946368,67102191
230679946368,67102196
230679946368,67102207
230679946368,67102213
230679946368,67102223
230679946368,67102236
230679946368,67102242
230679946368,67102245
230679946368,67102247
230679946368,67102263
230679946368,67102280
230679946368,67102286
230679946368,67102359
230679946368,67102365
230679946368,67102416
230679946368,67102444
230679946368,67102447
230679946368,67102461
230679946368,67102498
230679946368,67102570
230679946368,67102606
230679946368,67102619
230679946368,67102622
230679946368,67102680
230679946368,67102689
230679946368,67102727
230679946368,67102761
230679946368,67102854
230679946368,67102856
230679946368,67102887
230679946368,67102890
230679946368,67102903
230679946368,67102909
230679946368,67102918
230679946368,67102935
230679946368,67103015
230679946368,67103069
230679946368,67103154
230679946368,67103155
230679946368,67103201
230679946368,67103244
230679946368,67103277
230679946368,67103466
230679946368,67103479
230679946368,67103502
230679946368,67103710
230679946368,67103794
230679946368,67104457
230679946368,67104538
230679946368,67104633
230679946368,67104985
230679946368,67105228
230679946368,67106307
230679946368,67106463
230679946368,67106464
230679946368,67108610
230679946368,67108611
230679946368,67108612
230679946368,67108615
230679946368,67108619
230679946368,67108620
263478043008,67100238
263478043008,67100239
263478043008,67100245
263478043008,67100246
263478043008,67100248
263478043008,67100253
263478043008,67100260
263478043008,67100263
263478043008,67100265
263478043008,67100266
263478043008,67100269
263478043008,67100294
263478043008,67100717
263478043008,67101136
263478043008,67101153
263478043008,67101565
263478043008,67101575
263478043008,67101582
263478043008,67101615
263478043008,67101630
263478043008,67101647
263478043008,67101723
263478043008,67101834
263478043008,67101865
263478043008,67101888
263478043008,67102037
263478043008,67102124
263478043008,67102136
263478043008,67102155
263478043008,67102197
263478043008,67102217
263478043008,67102234
263478043008,67102235
263478043008,67102243
263478043008,67102256
263478043008,67102267
263478043008,67102282
263478043008,67102290
263478043008,67102294
263478043008,67102296
263478043008,67102311
263478043008,67102313
263478043008,67102333
263478043008,67102336
263478043008,67102348
263478043008,67102352
263478043008,67102354
263478043008,67102356
263478043008,67102358
263478043008,67102360
263478043008,67102363
263478043008,67102380
263478043008,67102421
263478043008,67102423
263478043008,67102449
263478043008,67102558
263478043008,67102574
263478043008,67102578
263478043008,67102591
263478043008,67102601
263478043008,67102648
263478043008,67102673
263478043008,67102702
263478043008,67102710
263478043008,67102719
263478043008,67102722
263478043008,67102723
263478043008,67102729
263478043008,67102730
263478043008,67102851
263478043008,67102862
263478043008,67102872
263478043008,67102889
263478043008,67102893
263478043008,67102906
263478043008,67102907
263478043008,67102952
263478043008,67102957
263478043008,67102983
263478043008,67102993
263478043008,67103001
263478043008,67103016
263478043008,67103020
263478043008,67103077
263478043008,67103078
263478043008,67103089
263478043008,67103091
263478043008,67103121
263478043008,67103127
263478043008,67103147
263478043008,67103181
263478043008,67103205
263478043008,67103224
263478043008,67103225
263478043008,67103226
263478043008,67103229
263478043008,67103231
263478043008,67103232
263478043008,67103237
263478043008,67103238
263478043008,67103251
263478043008,67103274
263478043008,67103276
263478043008,67103292
263478043008,67103311
263478043008,67103399
263478043008,67103458
263478043008,67103507
263478043008,67103519
263478043008,67103690
263478043008,67103707
263478043008,67103899
263478043008,67104882
263478043008,67104883
263478043008,67104884
263478043008,67104885
263478043008,67104937
263478043008,67105028
263478043008,67105037
263478043008,67105056
263478043008,67105062
263478043008,67105074
263478043008,67105094
296276139648,67100323
296276139648,67100707
296276139648,67101056
296276139648,67101059
296276139648,67101070
296276139648,67101080
296276139648,67101096
296276139648,67101098
296276139648,67101099
296276139648,67101200
296276139648,67101498
296276139648,67101564
296276139648,67101667
296276139648,67101688
296276139648,67101730
296276139648,67101886
296276139648,67101897
296276139648,67102000
296276139648,67102044
296276139648,67102122
296276139648,67102157
296276139648,67102215
296276139648,67102225
296276139648,67102314
296276139648,67102366
296276139648,67102379
296276139648,67102430
296276139648,67102432
296276139648,67102499
296276139648,67102511
296276139648,67102566
296276139648,67102616
296276139648,67102650
296276139648,67102663
296276139648,67102664
296276139648,67102712
296276139648,67102724
296276139648,67102738
296276139648,67102867
296276139648,67102877
296276139648,67102878
296276139648,67102905
296276139648,67102958
296276139648,67102963
296276139648,67102971
296276139648,67102999
296276139648,67103063
296276139648,67103067
296276139648,67103081
296276139648,67103105
296276139648,67103114
296276139648,67103123
296276139648,67103125
296276139648,67103130
296276139648,67103160
296276139648,67103227
296276139648,67103228
296276139648,67103230
296276139648,67103233
296276139648,67103234
296276139648,67103239
296276139648,67103249
296276139648,67103253
296276139648,67103256
296276139648,67103268
296276139648,67103338
296276139648,67103380
296276139648,67103383
296276139648,67103394
296276139648,67103395
296276139648,67103438
296276139648,67103456
296276139648,67103462
296276139648,67103485
296276139648,67103508
296276139648,67103514
296276139648,67103579
296276139648,67103607
296276139648,67103621
296276139648,67103676
296276139648,67103678
296276139648,67103691
296276139648,67103693
296276139648,67103699
296276139648,67103729
296276139648,67103745
296276139648,67103747
296276139648,67103748
296276139648,67103753
296276139648,67103761
296276139648,67103774
296276139648,67103778
296276139648,67103804
296276139648,67103811
296276139648,67103846
296276139648,67103849
296276139648,67103866
296276139648,67103867
296276139648,67103896
296276139648,67103908
296276139648,67103915
296276139648,67103962
296276139648,67103985
296276139648,67103987
296276139648,67103995
296276139648,67103996
296276139648,67103997
296276139648,67103998
296276139648,67104298
296276139648,67105016
296276139648,67105169
296276139648,67105452
296276139648,67105453
296276139648,67105781
296276139648,67105809
296276139648,67105861
296276139648,67106519
296276139648,67108618
329074236288,67100249
329074236288,67100250
329074236288,67100251
329074236288,67100287
329074236288,67100289
329074236288,67100290
329074236288,67100291
329074236288,67100292
329074236288,67100295
329074236288,67100505
329074236288,67102464
329074236288,67102483
329074236288,67102541
329074236288,67102580
329074236288,67102630
329074236288,67102753
329074236288,67102778
329074236288,67102859
329074236288,67103022
329074236288,67103057
329074236288,67103115
329074236288,67103133
329074236288,67103184
329074236288,67103294
329074236288,67103403
329074236288,67103412
329074236288,67103417
329074236288,67103443
329074236288,67103446
329074236288,67103473
329074236288,67103506
329074236288,67103518
329074236288,67103536
329074236288,67103542
329074236288,67103602
329074236288,67103619
329074236288,67103642
329074236288,67103643
329074236288,67103644
329074236288,67103652
329074236288,67103700
329074236288,67103723
329074236288,67103728
329074236288,67103731
329074236288,67103754
329074236288,67103791
329074236288,67103808
329074236288,67103842
329074236288,67103843
329074236288,67103847
329074236288,67103850
329074236288,67103854
329074236288,67103855
329074236288,67103865
329074236288,67103886
329074236288,67103893
329074236288,67103894
329074236288,67103902
329074236288,67103907
329074236288,67103918
329074236288,67103927
329074236288,67103957
329074236288,67103961
329074236288,67103982
329074236288,67104019
329074236288,67104021
329074236288,67104022
329074236288,67104023
329074236288,67104024
329074236288,67104027
329074236288,67104029
329074236288,67104031
329074236288,67104032
329074236288,67104033
329074236288,67104034
329074236288,67104035
329074236288,67104037
329074236288,67104068
329074236288,67104092
329074236288,67104102
329074236288,67104111
329074236288,67104117
329074236288,67104127
329074236288,67104136
329074236288,67104148
329074236288,67104159
329074236288,67104186
329074236288,67104222
329074236288,67104232
329074236288,67104235
329074236288,67104258
329074236288,67104265
329074236288,67104314
329074236288,67104399
329074236288,67104438
329074236288,67104514
329074236288,67104553
329074236288,67104609
329074236288,67104612
329074236288,67104787
329074236288,67104790
329074236288,67105343
329074236288,67105475
329074236288,67105476
329074236288,67105573
329074236288,67105610
329074236288,67105753
329074236288,67105814
329074236288,67105830
329074236288,67105860
329074236288,67106010
329074236288,67106071
329074236288,67106101
329074236288,67106118
329074236288,67106125
329074236288,67106135
329074236288,67106228
329074236288,67108608
361872332928,131253
361872332928,67100325
361872332928,67100342
361872332928,67100351
361872332928,67100352
361872332928,67100353
361872332928,67101686
361872332928,67102046
361872332928,67102503
361872332928,67102750
361872332928,67102885
361872332928,67103161
361872332928,67103211
361872332928,67103217
361872332928,67103317
361872332928,67103391
361872332928,67103463
361872332928,67103470
361872332928,67103481
361872332928,67103515
361872332928,67103562
361872332928,67103563
361872332928,67103713
361872332928,67103750
361872332928,67103819
361872332928,67103911
361872332928,67103991
361872332928,67104115
361872332928,67104120
361872332928,67104163
361872332928,67104204
361872332928,67104206
361872332928,67104213
361872332928,67104214
361872332928,67104223
361872332928,67104227
361872332928,67104231
361872332928,67104245
361872332928,67104273
361872332928,67104304
361872332928,67104376
361872332928,67104380
361872332928,67104396
361872332928,67104422
361872332928,67104424
361872332928,67104454
361872332928,67104465
361872332928,67104479
361872332928,67104483
361872332928,67104498
361872332928,67104523
361872332928,67104542
361872332928,67104545
361872332928,67104551
361872332928,67104555
361872332928,67104556
361872332928,67104557
361872332928,67104574
361872332928,67104588
361872332928,67104600
361872332928,67104601
361872332928,67104602
361872332928,67104647
361872332928,67104651
361872332928,67104653
361872332928,67104656
361872332928,67104658
361872332928,67104711
361872332928,67104727
361872332928,67104754
361872332928,67104792
361872332928,67104795
361872332928,67104804
361872332928,67104901
361872332928,67104920
361872332928,67104930
361872332928,67104946
361872332928,67104991
361872332928,67105022
361872332928,67105070
361872332928,67105126
361872332928,67105127
361872332928,67105133
361872332928,67105134
361872332928,67105140
361872332928,67105170
361872332928,67105171
361872332928,67105172
361872332928,67105274
361872332928,67105285
361872332928,67105312
361872332928,67105460
361872332928,67105472
361872332928,67105566
361872332928,67105662
361872332928,67105740
361872332928,67105741
361872332928,67105751
361872332928,67105789
361872332928,67105790
361872332928,67105824
361872332928,67105825
361872332928,67105997
361872332928,67105998
361872332928,67106042
361872332928,67106183
361872332928,67106239
361872332928,67106275
361872332928,67106484
361872332928,67106579
361872332928,67106580
361872332928,67106589
361872332928,67106649
361872332928,67106665
361872332928,67108613
361872332928,67108621
361872332928,67108636
361872332928,67108646
361872332928,67108647
361872332928,67108648
394670429568,131254
394670429568,131255
394670429568,67100322
394670429568,67100327
394670429568,67100328
394670429568,67100329
394670429568,67100330
394670429568,67100331
394670429568,67100332
394670429568,67100333
394670429568,67100334
394670429568,67100335
394670429568,67100339
394670429568,67100340
394670429568,67100341
394670429568,67100343
394670429568,67100344
394670429568,67100345
394670429568,67100346
394670429568,67100349
394670429568,67100354
394670429568,67101803
394670429568,67102309
394670429568,67102611
394670429568,67103040
394670429568,67103056
394670429568,67103315
394670429568,67103431
394670429568,67103548
394670429568,67103560
394670429568,67103606
394670429568,67103793
394670429568,67103858
394670429568,67103870
394670429568,67103924
394670429568,67104087
394670429568,67104112
394670429568,67104216
394670429568,67104225
394670429568,67104228
394670429568,67104236
394670429568,67104285
394670429568,67104340
394670429568,67104377
394670429568,67104401
394670429568,67104405
394670429568,67104447
394670429568,67104550
394670429568,67104593
394670429568,67104649
394670429568,67104676
394670429568,67104761
394670429568,67104779
394670429568,67104797
394670429568,67104802
394670429568,67104821
394670429568,67104835
394670429568,67104903
394670429568,67104926
394670429568,67104929
394670429568,67104954
394670429568,67105029
394670429568,67105046
394670429568,67105049
394670429568,67105110
394670429568,67105123
394670429568,67105158
394670429568,67105227
394670429568,67105246
394670429568,67105247
394670429568,67105251
394670429568,67105254
394670429568,67105304
394670429568,67105321
394670429568,67105344
394670429568,67105354
394670429568,67105477
394670429568,67105500
394670429568,67105546
394670429568,67105547
394670429568,67105626
394670429568,67105654
394670429568,67105659
394670429568,67105687
394670429568,67105775
394670429568,67105803
394670429568,67105823
394670429568,67105971
394670429568,67106026
394670429568,67106088
394670429568,67106312
394670429568,67106437
394670429568,67106513
394670429568,67106605
394670429568,67106629
394670429568,67106769
394670429568,67106784
394670429568,67106920
394670429568,67107111
394670429568,67107594
394670429568,67107684
394670429568,67108205
394670429568,67108616
394670429568,67108617
394670429568,67108622
394670429568,67108623
394670429568,67108624
394670429568,67108625
394670429568,67108626
394670429568,67108627
394670429568,67108628
394670429568,67108629
394670429568,67108633
394670429568,67108634
394670429568,67108635
394670429568,67108637
394670429568,67108638
394670429568,67108639
394670429568,67108643
427468526208,67100297
427468526208,67100299
427468526208,67100704
427468526208,67101110
427468526208,67101113
427468526208,67101119
427468526208,67101131
427468526208,67101134
427468526208,67101135
427468526208,67101137
427468526208,67101141
427468526208,67101145
427468526208,67101154
427468526208,67101160
427468526208,67101161
427468526208,67101165
427468526208,67101166
427468526208,67101167
427468526208,67101170
427468526208,67101175
427468526208,67101176
427468526208,67101178
427468526208,67101207
427468526208,67101208
427468526208,67101291
427468526208,67101296
427468526208,67101299
427468526208,67101300
427468526208,67101302
427468526208,67101307
427468526208,67101313
427468526208,67101316
427468526208,67101326
427468526208,67101335
427468526208,67101399
427468526208,67101409
427468526208,67101420
427468526208,67101588
427468526208,67101595
427468526208,67101597
427468526208,67101602
427468526208,67101603
427468526208,67101623
427468526208,67101631
427468526208,67101661
427468526208,67101664
427468526208,67101669
427468526208,67101670
427468526208,67101673
427468526208,67101676
427468526208,67101684
427468526208,67101685
427468526208,67101719
427468526208,67101766
427468526208,67101780
427468526208,67101806
427468526208,67101823
427468526208,67101825
427468526208,67101831
427468526208,67101863
427468526208,67101893
427468526208,67101894
427468526208,67101896
427468526208,67101902
427468526208,67101951
427468526208,67101997
427468526208,67102316
427468526208,67102368
427468526208,67102384
427468526208,67102525
427468526208,67102531
427468526208,67102649
427468526208,67102660
427468526208,67102768
427468526208,67102769
427468526208,67102861
427468526208,67102976
427468526208,67103060
427468526208,67103150
427468526208,67103610
427468526208,67104432
427468526208,67104433
427468526208,67104434
427468526208,67104655
427468526208,67104816
427468526208,67104839
427468526208,67104850
427468526208,67104851
427468526208,67104852
427468526208,67104853
427468526208,67104854
427468526208,67104855
427468526208,67104856
427468526208,67104857
427468526208,67104858
427468526208,67104859
427468526208,67104871
427468526208,67104872
427468526208,67105101
427468526208,67105168
427468526208,67105173
427468526208,67105174
427468526208,67105175
427468526208,67105176
427468526208,67105177
427468526208,67105178
427468526208,67105179
427468526208,67105180
427468526208,67105181
427468526208,67105182
427468526208,67105183
427468526208,67105184
427468526208,67105185
427468526208,67105186
427468526208,67105187
427468526208,67105188
427468526208,67105189
427468526208,67105190
427468526208,67105191
427468526208,67105192
427468526208,67105193
427468526208,67105194
427468526208,67105195
427468526208,67105196
427468526208,67105197
460266622848,67101159
460266622848,67101310
460266622848,67101319
460266622848,67101352
460266622848,67101353
460266622848,67101365
460266622848,67101394
460266622848,67101427
460266622848,67101440
460266622848,67101446
460266622848,67101472
460266622848,67101482
460266622848,67101490
460266622848,67101529
460266622848,67101536
460266622848,67101542
460266622848,67101549
460266622848,67101551
460266622848,67101554
460266622848,67101569
460266622848,67101570
460266622848,67101581
460266622848,67101639
460266622848,67101731
460266622848,67101760
460266622848,67101774
460266622848,67101838
460266622848,67101852
460266622848,67101858
460266622848,67101909
460266622848,67101939
460266622848,67101944
460266622848,67101955
460266622848,67101966
460266622848,67101967
460266622848,67101992
460266622848,67102003
460266622848,67102008
460266622848,67102009
460266622848,67102013
460266622848,67102017
460266622848,67102020
460266622848,67102043
460266622848,67102049
460266622848,67102054
460266622848,67102060
460266622848,67102073
460266622848,67102081
460266622848,67102084
460266622848,67102085
460266622848,67102090
460266622848,67102103
460266622848,67102106
460266622848,67102121
460266622848,67102125
460266622848,67102127
460266622848,67102147
460266622848,67102154
460266622848,67102176
460266622848,67102192
460266622848,67102194
460266622848,67102200
460266622848,67102201
460266622848,67102203
460266622848,67102219
460266622848,67102222
460266622848,67102283
460266622848,67102303
460266622848,67102304
460266622848,67102306
460266622848,67102326
460266622848,67102332
460266622848,67102340
460266622848,67102355
460266622848,67102361
460266622848,67102407
460266622848,67102411
460266622848,67102425
460266622848,67102454
460266622848,67102484
460266622848,67102544
460266622848,67102555
460266622848,67102557
460266622848,67102560
460266622848,67102612
460266622848,67102679
460266622848,67102691
460266622848,67102737
460266622848,67102742
460266622848,67102760
460266622848,67102767
460266622848,67102771
460266622848,67102784
460266622848,67102791
460266622848,67102799
460266622848,67102808
460266622848,67102923
460266622848,67102951
460266622848,67102954
460266622848,67102979
460266622848,67102985
460266622848,67103043
460266622848,67103049
460266622848,67103096
460266622848,67103328
460266622848,67103453
460266622848,67103637
460266622848,67103640
460266622848,67103695
460266622848,67103825
460266622848,67103935
460266622848,67103936
460266622848,67103937
460266622848,67103988
460266622848,67104375
460266622848,67104789
460266622848,67104952
460266622848,67105323
493064719488,67101519
493064719488,67101556
493064719488,67102116
493064719488,67102224
493064719488,67102284
493064719488,67102293
493064719488,67102299
493064719488,67102426
493064719488,67102451
493064719488,67102472
493064719488,67102504
493064719488,67102515
493064719488,67102529
493064719488,67102565
493064719488,67102571
493064719488,67102636
493064719488,67102672
493064719488,67102731
493064719488,67102780
493064719488,67102847
493064719488,67102860
493064719488,67102873
493064719488,67102891
493064719488,67102892
493064719488,67102921
493064719488,67102942
493064719488,67102973
493064719488,67102982
493064719488,67102994
493064719488,67103005
493064719488,67103008
493064719488,67103010
493064719488,67103011
493064719488,67103012
493064719488,67103058
493064719488,67103059
493064719488,67103101
493064719488,67103119
493064719488,67103162
493064719488,67103164
493064719488,67103185
493064719488,67103190
493064719488,67103302
493064719488,67103303
493064719488,67103309
493064719488,67103415
493064719488,67103416
493064719488,67103422
493064719488,67103444
493064719488,67103472
493064719488,67103476
493064719488,67103477
493064719488,67103495
493064719488,67103552
493064719488,67103594
493064719488,67103604
493064719488,67103611
493064719488,67103612
493064719488,67103624
493064719488,67103639
493064719488,67103645
493064719488,67103654
493064719488,67103656
493064719488,67103668
493064719488,67103705
493064719488,67103714
493064719488,67103715
493064719488,67103725
493064719488,67103734
493064719488,67103737
493064719488,67103796
493064719488,67103799
493064719488,67103817
493064719488,67103818
493064719488,67103834
493064719488,67103840
493064719488,67103910
493064719488,67103925
493064719488,67103968
493064719488,67103970
493064719488,67104006
493064719488,67104007
493064719488,67104008
493064719488,67104018
493064719488,67104020
493064719488,67104036
493064719488,67104042
493064719488,67104084
493064719488,67104093
493064719488,67104122
493064719488,67104126
493064719488,67104135
493064719488,67104155
493064719488,67104176
493064719488,67104183
493064719488,67104184
493064719488,67104207
493064719488,67104218
493064719488,67104241
493064719488,67104327
493064719488,67104503
493064719488,67104584
493064719488,67104604
493064719488,67104648
493064719488,67104669
493064719488,67105091
493064719488,67105116
493064719488,67105199
493064719488,67105200
493064719488,67105816
493064719488,67106120
493064719488,67106121
493064719488,67106146
493064719488,67106179
493064719488,67106423
493064719488,67108631
525862816128,131256
525862816128,67100336
525862816128,67100337
525862816128,67100338
525862816128,67100347
525862816128,67100350
525862816128,67100355
525862816128,67100356
525862816128,67100357
525862816128,67100358
525862816128,67100359
525862816128,67100362
525862816128,67100364
525862816128,67100365
525862816128,67100368
525862816128,67100369
525862816128,67100372
525862816128,67100374
525862816128,67100376
525862816128,67100377
525862816128,67100380
525862816128,67101094
525862816128,67101104
525862816128,67101821
525862816128,67102377
525862816128,67103393
525862816128,67103622
525862816128,67103862
525862816128,67104026
525862816128,67104050
525862816128,67104053
525862816128,67104072
525862816128,67104091
525862816128,67104177
525862816128,67104194
525862816128,67104475
525862816128,67104492
525862816128,67104539
525862816128,67104696
525862816128,67104731
525862816128,67104809
525862816128,67104814
525862816128,67104982
525862816128,67104990
525862816128,67105000
525862816128,67105019
525862816128,67105072
525862816128,67105087
525862816128,67105120
525862816128,67105132
525862816128,67105142
525862816128,67105211
525862816128,67105454
525862816128,67105458
525862816128,67105501
525862816128,67105537
525862816128,67105548
525862816128,67105553
525862816128,67105561
525862816128,67105582
525862816128,67105599
525862816128,67105638
525862816128,67105653
525862816128,67105750
525862816128,67105776
525862816128,67105783
525862816128,67105795
525862816128,67105807
525862816128,67105827
525862816128,67105853
525862816128,67105856
525862816128,67105887
525862816128,67105922
525862816128,67105981
525862816128,67106024
525862816128,67106151
525862816128,67106184
525862816128,67106380
525862816128,67106807
525862816128,67106868
525862816128,67107018
525862816128,67107056
525862816128,67107246
525862816128,67107258
525862816128,67107362
525862816128,67107442
525862816128,67107471
525862816128,67107541
525862816128,67107726
525862816128,67107922
525862816128,67107971
525862816128,67108630
525862816128,67108632
525862816128,67108640
525862816128,67108641
525862816128,67108642
525862816128,67108644
525862816128,67108645
525862816128,67108649
525862816128,67108650
525862816128,67108651
525862816128,67108652
525862816128,67108653
525862816128,67108655
525862816128,67108656
525862816128,67108658
525862816128,67108659
525862816128,67108660
525862816128,67108662
525862816128,67108663
525862816128,67108664
525862816128,67108666
525862816128,67108668
525862816128,67108670
525862816128,67108671
525862816128,67108674
525862816128,67108682
558660912768,67101204
558660912768,67101414
558660912768,67101645
558660912768,67101714
558660912768,67101769
558660912768,67101770
558660912768,67101820
558660912768,67101844
558660912768,67101857
558660912768,67101882
558660912768,67101931
558660912768,67101947
558660912768,67101961
558660912768,67101976
558660912768,67101985
558660912768,67102011
558660912768,67102034
558660912768,67102048
558660912768,67102052
558660912768,67102061
558660912768,67102062
558660912768,67102070
558660912768,67102086
558660912768,67102092
558660912768,67102105
558660912768,67102114
558660912768,67102159
558660912768,67102161
558660912768,67102164
558660912768,67102171
558660912768,67102193
558660912768,67102230
558660912768,67102240
558660912768,67102241
558660912768,67102249
558660912768,67102254
558660912768,67102260
558660912768,67102261
558660912768,67102262
558660912768,67102285
558660912768,67102288
558660912768,67102330
558660912768,67102341
558660912768,67102346
558660912768,67102381
558660912768,67102395
558660912768,67102402
558660912768,67102424
558660912768,67102428
558660912768,67102475
558660912768,67102496
558660912768,67102523
558660912768,67102552
558660912768,67102562
558660912768,67102563
558660912768,67102567
558660912768,67102583
558660912768,67102585
558660912768,67102587
558660912768,67102613
558660912768,67102615
558660912768,67102652
558660912768,67102654
558660912768,67102683
558660912768,67102703
558660912768,67102706
558660912768,67102708
558660912768,67102714
558660912768,67102726
558660912768,67102755
558660912768,67102797
558660912768,67102809
558660912768,67102838
558660912768,67102865
558660912768,67102870
558660912768,67102874
558660912768,67102879
558660912768,67102886
558660912768,67102940
558660912768,67102945
558660912768,67102966
558660912768,67102977
558660912768,67102980
558660912768,67102988
558660912768,67102990
558660912768,67102995
558660912768,67103018
558660912768,67103051
558660912768,67103073
558660912768,67103100
558660912768,67103104
558660912768,67103106
558660912768,67103108
558660912768,67103110
558660912768,67103116
558660912768,67103118
558660912768,67103120
558660912768,67103132
558660912768,67103187
558660912768,67103215
558660912768,67103218
558660912768,67103247
558660912768,67103275
558660912768,67103314
558660912768,67103327
558660912768,67103423
558660912768,67103433
558660912768,67103497
558660912768,67103516
558660912768,67103517
558660912768,67103751
558660912768,67104239
558660912768,67104284
558660912768,67104687
558660912768,67105420
558660912768,67105854
558660912768,67106390
591459009408,67100348
591459009408,67102320
591459009408,67102372
591459009408,67102795
591459009408,67102932
591459009408,67103046
591459009408,67103289
591459009408,67103320
591459009408,67103332
591459009408,67103398
591459009408,67103447
591459009408,67103448
591459009408,67103522
591459009408,67103813
591459009408,67103820
591459009408,67103826
591459009408,67103859
591459009408,67103900
591459009408,67103912
591459009408,67103921
591459009408,67103965
591459009408,67103976
591459009408,67103984
591459009408,67104010
591459009408,67104012
591459009408,67104061
591459009408,67104063
591459009408,67104064
591459009408,67104082
591459009408,67104143
591459009408,67104162
591459009408,67104179
591459009408,67104190
591459009408,67104274
591459009408,67104281
591459009408,67104289
591459009408,67104346
591459009408,67104347
591459009408,67104358
591459009408,67104367
591459009408,67104423
591459009408,67104439
591459009408,67104442
591459009408,67104448
591459009408,67104461
591459009408,67104476
591459009408,67104481
591459009408,67104534
591459009408,67104571
591459009408,67104580
591459009408,67104587
591459009408,67104592
591459009408,67104614
591459009408,67104690
591459009408,67104717
591459009408,67104718
591459009408,67104719
591459009408,67104749
591459009408,67104762
591459009408,67104784
591459009408,67104798
591459009408,67104865
591459009408,67104876
591459009408,67104898
591459009408,67104909
591459009408,67104935
591459009408,67104967
591459009408,67104968
591459009408,67105007
591459009408,67105036
591459009408,67105057
591459009408,67105103
591459009408,67105122
591459009408,67105148
591459009408,67105154
591459009408,67105201
591459009408,67105213
591459009408,67105214
591459009408,67105215
591459009408,67105234
591459009408,67105267
591459009408,67105450
591459009408,67105486
591459009408,67105489
591459009408,67105497
591459009408,67105518
591459009408,67105584
591459009408,67105591
591459009408,67105606
591459009408,67105650
591459009408,67105718
591459009408,67105724
591459009408,67105745
591459009408,67105866
591459009408,67105912
591459009408,67106030
591459009408,67106110
591459009408,67106209
591459009408,67106436
591459009408,67106557
591459009408,67106574
591459009408,67106777
591459009408,67106796
591459009408,67106883
591459009408,67106912
591459009408,67107095
591459009408,67107298
591459009408,67107367
591459009408,67107503
591459009408,67107509
591459009408,67107724
591459009408,67107737
591459009408,67107745
591459009408,67107791
624257106048,67101158
624257106048,67101584
624257106048,67101626
624257106048,67101814
624257106048,67101836
624257106048,67101890
624257106048,67101975
624257106048,67102010
624257106048,67102133
624257106048,67102138
624257106048,67102140
624257106048,67102149
624257106048,67102211
624257106048,67102271
624257106048,67102289
624257106048,67102317
624257106048,67102373
624257106048,67102386
624257106048,67102431
624257106048,67102450
624257106048,67102453
624257106048,67102455
624257106048,67102470
624257106048,67102478
624257106048,67102573
624257106048,67102614
624257106048,67102617
624257106048,67102632
624257106048,67102638
624257106048,67102647
624257106048,67102656
624257106048,67102669
624257106048,67102681
624257106048,67102701
624257106048,67102707
624257106048,67102718
624257106048,67102720
624257106048,67102725
624257106048,67102790
624257106048,67102836
624257106048,67102840
624257106048,67102853
624257106048,67102882
624257106048,67102883
624257106048,67102908
624257106048,67102934
624257106048,67102948
624257106048,67102960
624257106048,67102964
624257106048,67102965
624257106048,67102972
624257106048,67102978
624257106048,67103013
624257106048,67103031
624257106048,67103033
624257106048,67103034
624257106048,67103045
624257106048,67103070
624257106048,67103117
624257106048,67103124
624257106048,67103129
624257106048,67103138
624257106048,67103152
624257106048,67103163
624257106048,67103180
624257106048,67103188
624257106048,67103191
624257106048,67103245
624257106048,67103246
624257106048,67103260
624257106048,67103264
624257106048,67103281
624257106048,67103287
624257106048,67103301
624257106048,67103330
624257106048,67103335
624257106048,67103337
624257106048,67103355
624257106048,67103389
624257106048,67103400
624257106048,67103437
624257106048,67103464
624257106048,67103486
624257106048,67103487
624257106048,67103541
624257106048,67103558
624257106048,67103576
624257106048,67103616
624257106048,67103627
624257106048,67103633
624257106048,67103648
624257106048,67103661
624257106048,67103677
624257106048,67103692
624257106048,67103706
624257106048,67103716
624257106048,67103767
624257106048,67103781
624257106048,67103784
624257106048,67103835
624257106048,67103953
624257106048,67103956
624257106048,67103972
624257106048,67104089
624257106048,67104106
624257106048,67104254
624257106048,67104312
624257106048,67104357
624257106048,67104414
624257106048,67104716
624257106048,67104971
624257106048,67105562
624257106048,67105668
624257106048,67105730
624257106048,67105742
624257106048,67106440
624257106048,67106450
657055202688,67101198
657055202688,67101285
657055202688,67101293
657055202688,67101309
657055202688,67101311
657055202688,67101314
657055202688,67101315
657055202688,67101350
657055202688,67101361
657055202688,67101371
657055202688,67101373
657055202688,67101375
657055202688,67101388
657055202688,67101391
657055202688,67101396
657055202688,67101406
657055202688,67101407
657055202688,67101438
657055202688,67101448
657055202688,67101451
657055202688,67101459
657055202688,67101465
657055202688,67101466
657055202688,67101476
657055202688,67101481
657055202688,67101501
657055202688,67101506
657055202688,67101507
657055202688,67101512
657055202688,67101513
657055202688,67101521
657055202688,67101522
657055202688,67101539
657055202688,67101546
657055202688,67101552
657055202688,67101560
657055202688,67101571
657055202688,67101572
657055202688,67101573
657055202688,67101576
657055202688,67101635
657055202688,67101745
657055202688,67101761
657055202688,67101773
657055202688,67101812
657055202688,67101837
657055202688,67101884
657055202688,67101905
657055202688,67101906
657055202688,67101943
657055202688,67101945
657055202688,67101946
657055202688,67101954
657055202688,67101956
657055202688,67101959
657055202688,67101962
657055202688,67101968
657055202688,67101977
657055202688,67101979
657055202688,67101983
657055202688,67101986
657055202688,67101989
657055202688,67101990
657055202688,67101998
657055202688,67102002
657055202688,67102007
657055202688,67102027
657055202688,67102032
657055202688,67102033
657055202688,67102038
657055202688,67102040
657055202688,67102047
657055202688,67102050
657055202688,67102057
657055202688,67102059
657055202688,67102063
657055202688,67102071
657055202688,67102082
657055202688,67102093
657055202688,67102104
657055202688,67102107
657055202688,67102108
657055202688,67102109
657055202688,67102112
657055202688,67102117
657055202688,67102131
657055202688,67102139
657055202688,67102148
657055202688,67102156
657055202688,67102162
657055202688,67102173
657055202688,67102209
657055202688,67102226
657055202688,67102233
657055202688,67102237
657055202688,67102244
657055202688,67102248
657055202688,67102253
657055202688,67102345
657055202688,67102403
657055202688,67102408
657055202688,67102413
657055202688,67102418
657055202688,67102433
657055202688,67102437
657055202688,67102441
657055202688,67102490
657055202688,67102494
657055202688,67102527
657055202688,67102532
657055202688,67102542
657055202688,67102550
657055202688,67102559
657055202688,67102561
657055202688,67102793
657055202688,67102822
657055202688,67102850
689853299328,131245
689853299328,67101128
689853299328,67101150
689853299328,67101157
689853299328,67101189
689853299328,67101190
689853299328,67101196
689853299328,67101210
689853299328,67101287
689853299328,67101290
689853299328,67101292
689853299328,67101301
689853299328,67101308
689853299328,67101318
689853299328,67101323
689853299328,67101325
689853299328,67101328
689853299328,67101330
689853299328,67101332
689853299328,67101345
689853299328,67101351
689853299328,67101355
689853299328,67101367
689853299328,67101369
689853299328,67101376
689853299328,67101386
689853299328,67101387
689853299328,67101415
689853299328,67101421
689853299328,67101432
689853299328,67101433
689853299328,67101436
689853299328,67101439
689853299328,67101454
689853299328,67101461
689853299328,67101467
689853299328,67101470
689853299328,67101474
689853299328,67101475
689853299328,67101484
689853299328,67101487
689853299328,67101489
689853299328,67101492
689853299328,67101505
689853299328,67101508
689853299328,67101509
689853299328,67101511
689853299328,67101515
689853299328,67101518
689853299328,67101523
689853299328,67101528
689853299328,67101538
689853299328,67101562
689853299328,67101568
689853299328,67101590
689853299328,67101614
689853299328,67101629
689853299328,67101634
689853299328,67101637
689853299328,67101638
689853299328,67101642
689853299328,67101680
689853299328,67101682
689853299328,67101691
689853299328,67101696
689853299328,67101699
689853299328,67101700
689853299328,67101705
689853299328,67101707
689853299328,67101729
689853299328,67101732
689853299328,67101738
689853299328,67101742
689853299328,67101763
689853299328,67101800
689853299328,67101828
689853299328,67101830
689853299328,67101833
689853299328,67101839
689853299328,67101840
689853299328,67101842
689853299328,67101861
689853299328,67101876
689853299328,67101877
689853299328,67101878
689853299328,67101891
689853299328,67101907
689853299328,67101948
689853299328,67101952
689853299328,67101958
689853299328,67101960
689853299328,67101970
689853299328,67101991
689853299328,67101996
689853299328,67102016
689853299328,67102022
689853299328,67102024
689853299328,67102064
689853299328,67102074
689853299328,67102075
689853299328,67102091
689853299328,67102113
689853299328,67102146
689853299328,67102163
689853299328,67102300
689853299328,67102338
689853299328,67102370
689853299328,67102387
689853299328,67102422
689853299328,67102576
689853299328,67102688
689853299328,67102824
689853299328,67105627
689853299328,67105779
689853299328,67105780
689853299328,67106825
722651395968,67101106
722651395968,67101179
722651395968,67101202
722651395968,67101289
722651395968,67101294
722651395968,67101306
722651395968,67101317
722651395968,67101329
722651395968,67101342
722651395968,67101358
722651395968,67101377
722651395968,67101380
722651395968,67101385
722651395968,67101389
722651395968,67101392
722651395968,67101397
722651395968,67101408
722651395968,67101424
722651395968,67101425
722651395968,67101435
722651395968,67101442
722651395968,67101455
722651395968,67101458
722651395968,67101471
722651395968,67101478
722651395968,67101491
722651395968,67101495
722651395968,67101500
722651395968,67101524
722651395968,67101526
722651395968,67101533
722651395968,67101543
722651395968,67101544
722651395968,67101555
722651395968,67101592
722651395968,67101598
722651395968,67101599
722651395968,67101612
722651395968,67101620
722651395968,67101640
722651395968,67101644
722651395968,67101649
722651395968,67101662
722651395968,67101663
722651395968,67101671
722651395968,67101702
722651395968,67101703
722651395968,67101717
722651395968,67101728
722651395968,67101735
722651395968,67101757
722651395968,67101772
722651395968,67101781
722651395968,67101797
722651395968,67101798
722651395968,67101827
722651395968,67101832
722651395968,67101855
722651395968,67101872
722651395968,67101880
722651395968,67101881
722651395968,67101910
722651395968,67101913
722651395968,67101925
722651395968,67101928
722651395968,67101932
722651395968,67101934
722651395968,67101940
722651395968,67101950
722651395968,67101969
722651395968,67101973
722651395968,67101988
722651395968,67101993
722651395968,67101999
722651395968,67102006
722651395968,67102019
722651395968,67102028
722651395968,67102039
722651395968,67102041
722651395968,67102051
722651395968,67102079
722651395968,67102102
722651395968,67102126
722651395968,67102172
722651395968,67102175
722651395968,67102187
722651395968,67102199
722651395968,67102232
722651395968,67102264
722651395968,67102295
722651395968,67102302
722651395968,67102357
722651395968,67102400
722651395968,67102406
722651395968,67102489
722651395968,67102495
722651395968,67102500
722651395968,67102507
722651395968,67102545
722651395968,67102546
722651395968,67102553
722651395968,67102607
722651395968,67102608
722651395968,67102621
722651395968,67102651
722651395968,67102661
722651395968,67102700
722651395968,67102805
722651395968,67102845
722651395968,67103103
722651395968,67103334
722651395968,67103353
722651395968,67103449
722651395968,67105255
722651395968,67106221
755449492608,67101163
755449492608,67101199
755449492608,67101205
755449492608,67101404
755449492608,67101437
755449492608,67101450
755449492608,67101464
755449492608,67101488
755449492608,67101548
755449492608,67101627
755449492608,67101648
755449492608,67101651
755449492608,67101655
755449492608,67101660
755449492608,67101690
755449492608,67101704
755449492608,67101708
755449492608,67101739
755449492608,67101743
755449492608,67101782
755449492608,67101924
755449492608,67101929
755449492608,67101942
755449492608,67102076
755449492608,67102120
755449492608,67102142
755449492608,67102183
755449492608,67102216
755449492608,67102238
755449492608,67102344
755449492608,67102353
755449492608,67102410
755449492608,67102459
755449492608,67102468
755449492608,67102491
755449492608,67102492
755449492608,67102528
755449492608,67102535
755449492608,67102538
755449492608,67102539
755449492608,67102540
755449492608,67102556
755449492608,67102569
755449492608,67102577
755449492608,67102594
755449492608,67102595
755449492608,67102596
755449492608,67102597
755449492608,67102618
755449492608,67102631
755449492608,67102667
755449492608,67102676
755449492608,67102693
755449492608,67102697
755449492608,67102736
755449492608,67102763
755449492608,67102775
755449492608,67102776
755449492608,67102777
755449492608,67102792
755449492608,67102810
755449492608,67102849
755449492608,67102857
755449492608,67102920
755449492608,67102922
755449492608,67102927
755449492608,67102933
755449492608,67102936
755449492608,67102938
755449492608,67102939
755449492608,67102981
755449492608,67102998
755449492608,67103000
755449492608,67103017
755449492608,67103036
755449492608,67103050
755449492608,67103062
755449492608,67103072
755449492608,67103076
755449492608,67103084
755449492608,67103094
755449492608,67103095
755449492608,67103131
755449492608,67103145
755449492608,67103148
755449492608,67103169
755449492608,67103198
755449492608,67103206
755449492608,67103252
755449492608,67103263
755449492608,67103284
755449492608,67103290
755449492608,67103325
755449492608,67103326
755449492608,67103347
755449492608,67103397
755449492608,67103428
755449492608,67103460
755449492608,67103467
755449492608,67103513
755449492608,67103538
755449492608,67103581
755449492608,67103588
755449492608,67103613
755449492608,67103770
755449492608,67103812
755449492608,67103830
755449492608,67103887
755449492608,67104290
755449492608,67104533
755449492608,67104537
755449492608,67104777
755449492608,67105206
755449492608,67105463
755449492608,67107055
755449492608,67107427
788247589248,67101101
788247589248,67101152
788247589248,67101303
788247589248,67101341
788247589248,67101364
788247589248,67101368
788247589248,67101372
788247589248,67101379
788247589248,67101457
788247589248,67101477
788247589248,67101483
788247589248,67101510
788247589248,67101516
788247589248,67101558
788247589248,67101666
788247589248,67101698
788247589248,67101721
788247589248,67101758
788247589248,67101767
788247589248,67101795
788247589248,67101869
788247589248,67101874
788247589248,67101885
788247589248,67101900
788247589248,67101901
788247589248,67101903
788247589248,67101904
788247589248,67101936
788247589248,67101938
788247589248,67101965
788247589248,67101971
788247589248,67101982
788247589248,67102030
788247589248,67102042
788247589248,67102058
788247589248,67102067
788247589248,67102110
788247589248,67102119
788247589248,67102141
788247589248,67102160
788247589248,67102165
788247589248,67102167
788247589248,67102190
788247589248,67102221
788247589248,67102251
788247589248,67102270
788247589248,67102276
788247589248,67102297
788247589248,67102342
788247589248,67102343
788247589248,67102347
788247589248,67102349
788247589248,67102350
788247589248,67102351
788247589248,67102375
788247589248,67102385
788247589248,67102397
788247589248,67102401
788247589248,67102419
788247589248,67102438
788247589248,67102440
788247589248,67102443
788247589248,67102486
788247589248,67102508
788247589248,67102520
788247589248,67102522
788247589248,67102530
788247589248,67102547
788247589248,67102551
788247589248,67102590
788247589248,67102602
788247589248,67102626
788247589248,67102633
788247589248,67102653
788247589248,67102678
788247589248,67102690
788247589248,67102692
788247589248,67102698
788247589248,67102716
788247589248,67102788
788247589248,67102813
788247589248,67102814
788247589248,67102817
788247589248,67102819
788247589248,67102864
788247589248,67102880
788247589248,67102881
788247589248,67102884
788247589248,67102930
788247589248,67102946
788247589248,67102947
788247589248,67102949
788247589248,67102955
788247589248,67102974
788247589248,67102975
788247589248,67103019
788247589248,67103032
788247589248,67103061
788247589248,67103066
788247589248,67103102
788247589248,67103112
788247589248,67103168
788247589248,67103177
788247589248,67103248
788247589248,67103291
788247589248,67103331
788247589248,67103342
788247589248,67103452
788247589248,67103454
788247589248,67103478
788247589248,67103762
788247589248,67103777
788247589248,67103782
788247589248,67103993
821045685888,67100502
821045685888,67101102
821045685888,67101103
821045685888,67101105
821045685888,67101114
821045685888,67101117
821045685888,67101122
821045685888,67101124
821045685888,67101126
821045685888,67101147
821045685888,67101156
821045685888,67101171
821045685888,67101172
821045685888,67101183
821045685888,67101191
821045685888,67101192
821045685888,67101203
821045685888,67101283
821045685888,67101284
821045685888,67101286
821045685888,67101295
821045685888,67101331
821045685888,67101336
821045685888,67101340
821045685888,67101348
821045685888,67101356
821045685888,67101357
821045685888,67101374
821045685888,67101383
821045685888,67101402
821045685888,67101412
821045685888,67101430
821045685888,67101456
821045685888,67101462
821045685888,67101502
821045685888,67101545
821045685888,67101583
821045685888,67101589
821045685888,67101594
821045685888,67101600
821045685888,67101608
821045685888,67101609
821045685888,67101610
821045685888,67101611
821045685888,67101616
821045685888,67101619
821045685888,67101621
821045685888,67101624
821045685888,67101652
821045685888,67101665
821045685888,67101672
821045685888,67101674
821045685888,67101678
821045685888,67101679
821045685888,67101692
821045685888,67101693
821045685888,67101694
821045685888,67101695
821045685888,67101746
821045685888,67101751
821045685888,67101777
821045685888,67101787
821045685888,67101788
821045685888,67101805
821045685888,67101813
821045685888,67101818
821045685888,67101835
821045685888,67101847
821045685888,67101868
821045685888,67101871
821045685888,67101921
821045685888,67101941
821045685888,67102001
821045685888,67102055
821045685888,67102144
821045685888,67102308
821045685888,67102310
821045685888,67102398
821045685888,67102417
821045685888,67102420
821045685888,67102436
821045685888,67102456
821045685888,67102517
821045685888,67102519
821045685888,67102524
821045685888,67102533
821045685888,67102588
821045685888,67102599
821045685888,67102609
821045685888,67102641
821045685888,67102645
821045685888,67102668
821045685888,67102699
821045685888,67102773
821045685888,67102786
821045685888,67102798
821045685888,67102833
821045685888,67102835
821045685888,67102992
821045685888,67103064
821045685888,67103165
821045685888,67103173
821045685888,67103357
821045685888,67103424
821045685888,67103469
821045685888,67103667
821045685888,67103768
821045685888,67103883
821045685888,67104294
821045685888,67104309
821045685888,67105882
821045685888,67105883
821045685888,67106138
821045685888,67106737
853843782528,67101144
853843782528,67101188
853843782528,67101194
853843782528,67101298
853843782528,67101320
853843782528,67101321
853843782528,67101334
853843782528,67101354
853843782528,67101359
853843782528,67101360
853843782528,67101381
853843782528,67101382
853843782528,67101384
853843782528,67101393
853843782528,67101398
853843782528,67101400
853843782528,67101410
853843782528,67101422
853843782528,67101423
853843782528,67101426
853843782528,67101429
853843782528,67101431
853843782528,67101479
853843782528,67101485
853843782528,67101503
853843782528,67101520
853843782528,67101547
853843782528,67101566
853843782528,67101593
853843782528,67101622
853843782528,67101632
853843782528,67101633
853843782528,67101641
853843782528,67101681
853843782528,67101709
853843782528,67101710
853843782528,67101711
853843782528,67101752
853843782528,67101754
853843782528,67101759
853843782528,67101765
853843782528,67101784
853843782528,67101785
853843782528,67101792
853843782528,67101807
853843782528,67101809
853843782528,67101811
853843782528,67101822
853843782528,67101826
853843782528,67101845
853843782528,67101849
853843782528,67101879
853843782528,67101887
853843782528,67101920
853843782528,67101935
853843782528,67101949
853843782528,67102026
853843782528,67102068
853843782528,67102088
853843782528,67102115
853843782528,67102135
853843782528,67102151
853843782528,67102181
853843782528,67102210
853843782528,67102334
853843782528,67102337
853843782528,67102367
853843782528,67102394
853843782528,67102399
853843782528,67102409
853843782528,67102439
853843782528,67102513
853843782528,67102629
853843782528,67102646
853843782528,67102684
853843782528,67102686
853843782528,67102741
853843782528,67102745
853843782528,67102751
853843782528,67102779
853843782528,67102802
853843782528,67102804
853843782528,67102821
853843782528,67102832
853843782528,67102844
853843782528,67102863
853843782528,67102895
853843782528,67102904
853843782528,67102967
853843782528,67102987
853843782528,67102989
853843782528,67102996
853843782528,67103007
853843782528,67103026
853843782528,67103028
853843782528,67103029
853843782528,67103053
853843782528,67103054
853843782528,67103166
853843782528,67103167
853843782528,67103171
853843782528,67103197
853843782528,67103360
853843782528,67103362
853843782528,67103418
853843782528,67103505
853843782528,67103551
853843782528,67103636
853843782528,67103660
853843782528,67103776
853843782528,67103839
853843782528,67103844
853843782528,67103929
853843782528,67104785
853843782528,67104788
853843782528,67105596
886641879168,67101115
886641879168,67101116
886641879168,67101118
886641879168,67101123
886641879168,67101127
886641879168,67101177
886641879168,67101181
886641879168,67101186
886641879168,67101195
886641879168,67101288
886641879168,67101322
886641879168,67101324
886641879168,67101327
886641879168,67101337
886641879168,67101338
886641879168,67101343
886641879168,67101347
886641879168,67101362
886641879168,67101401
886641879168,67101419
886641879168,67101452
886641879168,67101460
886641879168,67101463
886641879168,67101480
886641879168,67101653
886641879168,67101656
886641879168,67101689
886641879168,67101716
886641879168,67101726
886641879168,67101756
886641879168,67101786
886641879168,67101789
886641879168,67101808
886641879168,67101824
886641879168,67101850
886641879168,67101851
886641879168,67101856
886641879168,67101862
886641879168,67101864
886641879168,67101867
886641879168,67101875
886641879168,67101908
886641879168,67101987
886641879168,67102012
886641879168,67102021
886641879168,67102315
886641879168,67102324
886641879168,67102329
886641879168,67102391
886641879168,67102392
886641879168,67102404
886641879168,67102458
886641879168,67102460
886641879168,67102477
886641879168,67102487
886641879168,67102501
886641879168,67102505
886641879168,67102514
886641879168,67102536
886641879168,67102603
886641879168,67102623
886641879168,67102635
886641879168,67102665
886641879168,67102674
886641879168,67102696
886641879168,67102735
886641879168,67102759
886641879168,67102762
886641879168,67102782
886641879168,67102834
886641879168,67102875
886641879168,67102901
886641879168,67102919
886641879168,67102924
886641879168,67102944
886641879168,67103021
886641879168,67103027
886641879168,67103047
886641879168,67103085
886641879168,67103092
886641879168,67103122
886641879168,67103141
886641879168,67103149
886641879168,67103189
886641879168,67103214
886641879168,67103219
886641879168,67103220
886641879168,67103261
886641879168,67103489
886641879168,67103527
886641879168,67103539
886641879168,67103564
886641879168,67103578
886641879168,67103589
886641879168,67103599
886641879168,67103703
886641879168,67103779
886641879168,67103845
886641879168,67103864
886641879168,67103922
886641879168,67104062
886641879168,67104080
886641879168,67104131
886641879168,67104141
886641879168,67104253
886641879168,67104255
886641879168,67104331
886641879168,67104341
886641879168,67104354
886641879168,67104392
886641879168,67104395
886641879168,67104535
886641879168,67104678
886641879168,67106258
886641879168,67106393
886641879168,67107661
919439975808,67101107
919439975808,67101108
919439975808,67101109
919439975808,67101111
919439975808,67101854
919439975808,67101984
