1093269888,67100904
1093269888,67100905
1093269888,67100906
1093269888,67100907
1093269888,67100908
1093269888,67100909
1093269888,67100910
1093269888,67100911
1093269888,67100912
1093269888,67100913
1093269888,67100914
1093269888,67100915
1093269888,67100916
1093269888,67100917
1093269888,67100918
1093269888,67100919
1093269888,67100920
1093269888,67100921
1093269888,67100922
1093269888,67100923
1093269888,67100924
1093269888,67100925
1093269888,67100926
1093269888,67100927
1093269888,67100928
1093269888,67100929
1093269888,67100930
1093269888,67100931
1093269888,67100932
1093269888,67100933
1093269888,67100934
1093269888,67100935
1093269888,67100936
1093269888,67100937
1093269888,67100938
1093269888,67100939
1093269888,67100940
1093269888,67100941
1093269888,67100942
1093269888,67100943
1093269888,67101282
33891366528,67100945
33891366528,67100949
33891366528,67100951
33891366528,67100952
33891366528,67100953
33891366528,67100955
33891366528,67100956
33891366528,67100958
33891366528,67100959
33891366528,67100960
33891366528,67100961
33891366528,67100962
33891366528,67100963
33891366528,67100964
33891366528,67100966
33891366528,67100967
33891366528,67100968
33891366528,67100969
33891366528,67100970
33891366528,67100971
33891366528,67100972
33891366528,67100973
33891366528,67100974
33891366528,67100975
33891366528,67100976
33891366528,67100977
33891366528,67100978
33891366528,67100979
33891366528,67100980
33891366528,67100981
33891366528,67100982
33891366528,67100983
33891366528,67100984
33891366528,67100985
33891366528,67100986
33891366528,67100987
33891366528,67100988
33891366528,67100989
33891366528,67100990
33891366528,67100991
33891366528,67100992
33891366528,67100993
33891366528,67100994
33891366528,67100995
33891366528,67100996
33891366528,67100997
33891366528,67100998
33891366528,67100999
33891366528,67101000
33891366528,67101001
33891366528,67101002
33891366528,67101003
33891366528,67101004
33891366528,67101005
33891366528,67101006
33891366528,67101007
33891366528,67101008
33891366528,67101009
33891366528,67101010
33891366528,67101011
33891366528,67101012
33891366528,67101013
33891366528,67101014
33891366528,67101015
33891366528,67101016
33891366528,67101017
33891366528,67101018
33891366528,67101019
33891366528,67101020
33891366528,67101021
33891366528,67101022
33891366528,67101023
33891366528,67101024
33891366528,67101025
33891366528,67101026
33891366528,67101027
33891366528,67101028
33891366528,67101029
33891366528,67101030
33891366528,67101031
33891366528,67101032
33891366528,67101033
33891366528,67101034
33891366528,67101035
33891366528,67101036
33891366528,67101037
33891366528,67101038
33891366528,67101039
33891366528,67101040
33891366528,67101041
33891366528,67101042
33891366528,67101045
33891366528,67101047
33891366528,67101048
33891366528,67101049
33891366528,67101050
33891366528,67101051
33891366528,67101052
33891366528,67101055
33891366528,67101058
33891366528,67101060
33891366528,67101061
33891366528,67101062
33891366528,67101063
33891366528,67101064
33891366528,67101065
33891366528,67101066
33891366528,67101067
33891366528,67101071
33891366528,67101072
33891366528,67101076
33891366528,67101077
33891366528,67101078
33891366528,67101081
33891366528,67101082
33891366528,67101083
33891366528,67101084
33891366528,67101085
33891366528,67101086
33891366528,67101088
33891366528,67101089
33891366528,67101090
33891366528,67101091
33891366528,67101092
33891366528,67101093
33891366528,67101095
33891366528,67101097
33891366528,67106642
66689463168,67100100
66689463168,67100101
66689463168,67100102
66689463168,67100103
66689463168,67100104
66689463168,67100105
66689463168,67100106
66689463168,67100107
66689463168,67100108
66689463168,67100109
66689463168,67100110
66689463168,67100111
66689463168,67100112
66689463168,67100113
66689463168,67100114
66689463168,67100115
66689463168,67100116
66689463168,67100117
66689463168,67100118
66689463168,67100119
66689463168,67100120
66689463168,67100121
66689463168,67100122
66689463168,67100123
66689463168,67100124
66689463168,67100125
66689463168,67100126
66689463168,67100127
66689463168,67100128
66689463168,67100129
66689463168,67100130
66689463168,67100131
66689463168,67100132
66689463168,67100133
66689463168,67100134
66689463168,67100135
66689463168,67100136
66689463168,67100137
66689463168,67100138
66689463168,67100139
66689463168,67100140
66689463168,67100141
66689463168,67100142
66689463168,67100143
66689463168,67100144
66689463168,67100145
66689463168,67100146
66689463168,67100147
66689463168,67100148
66689463168,67100149
66689463168,67100150
66689463168,67100151
66689463168,67100152
66689463168,67100153
66689463168,67100154
66689463168,67100155
66689463168,67100156
66689463168,67100157
66689463168,67100158
66689463168,67100159
66689463168,67100161
66689463168,67100162
66689463168,67100163
66689463168,67100165
66689463168,67100166
66689463168,67100167
66689463168,67100168
66689463168,67100170
66689463168,67100171
66689463168,67100172
66689463168,67100175
66689463168,67100176
66689463168,67100180
66689463168,67100183
66689463168,67100189
66689463168,67100192
66689463168,67100193
66689463168,67102273
66689463168,67102275
66689463168,67102281
66689463168,67102452
66689463168,67102820
66689463168,67108595
99487559808,131244
99487559808,131246
99487559808,67100303
99487559808,67100304
99487559808,67100305
99487559808,67100306
99487559808,67100307
99487559808,67100308
99487559808,67100309
99487559808,67100310
99487559808,67100311
99487559808,67100312
99487559808,67100314
99487559808,67100315
99487559808,67100320
99487559808,67101043
99487559808,67101044
99487559808,67101046
99487559808,67101053
99487559808,67101068
99487559808,67101069
99487559808,67101073
99487559808,67101074
99487559808,67101075
99487559808,67101079
99487559808,67101087
99487559808,67101496
99487559808,67101563
99487559808,67101713
99487559808,67102255
99487559808,67102272
99487559808,67102465
99487559808,67103363
99487559808,67103373
99487559808,67103375
99487559808,67103378
99487559808,67103379
99487559808,67103410
99487559808,67103530
99487559808,67103535
99487559808,67103629
99487559808,67103630
99487559808,67103634
99487559808,67103658
99487559808,67103675
99487559808,67103682
99487559808,67103686
99487559808,67103687
99487559808,67103688
99487559808,67103694
99487559808,67103696
99487559808,67103697
99487559808,67103698
99487559808,67103708
99487559808,67103755
99487559808,67103757
99487559808,67103772
99487559808,67103773
99487559808,67103789
99487559808,67103822
99487559808,67103871
99487559808,67103895
99487559808,67103914
99487559808,67103964
99487559808,67103986
99487559808,67104048
99487559808,67104065
99487559808,67104095
99487559808,67104133
99487559808,67104154
99487559808,67104180
99487559808,67104192
99487559808,67104230
99487559808,67104246
99487559808,67104329
99487559808,67104353
99487559808,67104411
99487559808,67104605
99487559808,67104668
99487559808,67104681
99487559808,67105272
99487559808,67108597
99487559808,67108598
99487559808,67108599
99487559808,67108600
99487559808,67108601
99487559808,67108602
99487559808,67108603
99487559808,67108604
99487559808,67108605
99487559808,67108606
99487559808,67108607
99487559808,67108609
99487559808,67108614
