1093269888,67100904
1093269888,67100905
1093269888,67100906
1093269888,67100907
1093269888,67100908
1093269888,67100909
1093269888,67100910
1093269888,67100911
1093269888,67100912
1093269888,67100913
1093269888,67100914
1093269888,67100915
1093269888,67100916
1093269888,67100917
1093269888,67100918
1093269888,67100919
1093269888,67100920
1093269888,67100921
1093269888,67100922
1093269888,67100923
1093269888,67100924
1093269888,67100925
1093269888,67100926
1093269888,67100927
1093269888,67100928
1093269888,67100929
1093269888,67100930
1093269888,67100931
1093269888,67100932
1093269888,67100933
1093269888,67100934
1093269888,67100935
1093269888,67100936
1093269888,67100937
1093269888,67100938
1093269888,67100939
1093269888,67100940
1093269888,67100941
1093269888,67100942
1093269888,67100943
1093269888,67101282
33891366528,67100945
33891366528,67100949
33891366528,67100951
33891366528,67100952
33891366528,67100953
33891366528,67100955
33891366528,67100956
33891366528,67100958
33891366528,67100959
33891366528,67100960
33891366528,67100961
33891366528,67100962
33891366528,67100963
33891366528,67100964
33891366528,67100966
33891366528,67100967
33891366528,67100968
33891366528,67100969
33891366528,67100970
33891366528,67100971
33891366528,67100972
33891366528,67100973
33891366528,67100974
33891366528,67100975
33891366528,67100976
33891366528,67100977
33891366528,67100978
33891366528,67100979
33891366528,67100980
33891366528,67100981
33891366528,67100982
33891366528,67100983
33891366528,67100984
33891366528,67100985
33891366528,67100986
33891366528,67100987
33891366528,67100988
33891366528,67100989
33891366528,67100990
33891366528,67100991
33891366528,67100992
33891366528,67100993
33891366528,67100994
33891366528,67100995
33891366528,67100996
33891366528,67100997
33891366528,67100998
33891366528,67100999
33891366528,67101000
33891366528,67101001
33891366528,67101002
33891366528,67101003
33891366528,67101004
33891366528,67101005
33891366528,67101006
33891366528,67101007
33891366528,67101008
33891366528,67101009
33891366528,67101010
33891366528,67101011
33891366528,67101012
33891366528,67101013
33891366528,67101014
33891366528,67101015
33891366528,67101016
33891366528,67101017
33891366528,67101018
33891366528,67101019
33891366528,67101020
33891366528,67101021
33891366528,67101022
33891366528,67101023
33891366528,67101024
33891366528,67101025
33891366528,67101026
33891366528,67101027
33891366528,67101028
33891366528,67101029
33891366528,67101030
33891366528,67101031
33891366528,67101032
33891366528,67101033
33891366528,67101034
33891366528,67101035
33891366528,67101036
33891366528,67101037
33891366528,67101038
33891366528,67101039
33891366528,67101040
33891366528,67101041
33891366528,67101042
33891366528,67101045
33891366528,67101047
33891366528,67101048
33891366528,67101049
33891366528,67101050
33891366528,67101051
33891366528,67101052
33891366528,67101055
33891366528,67101058
33891366528,67101060
33891366528,67101061
33891366528,67101062
33891366528,67101063
33891366528,67101064
33891366528,67101065
33891366528,67101066
33891366528,67101067
33891366528,67101071
33891366528,67101072
33891366528,67101076
33891366528,67101077
33891366528,67101078
33891366528,67101081
33891366528,67101082
33891366528,67101083
33891366528,67101084
33891366528,67101085
33891366528,67101086
33891366528,67101088
33891366528,67101089
33891366528,67101090
33891366528,67101091
33891366528,67101092
33891366528,67101093
33891366528,67101095
33891366528,67101097
33891366528,67106642
66689463168,67100100
66689463168,67100101
66689463168,67100102
66689463168,67100103
