1093269888,67100904
1093269888,67100905
1093269888,67100906
1093269888,67100907
1093269888,67100908
1093269888,67100909
1093269888,67100910
1093269888,67100911
1093269888,67100912
1093269888,67100913
1093269888,67100914
1093269888,67100915
1093269888,67100916
1093269888,67100917
1093269888,67100918
1093269888,67100919
1093269888,67100920
1093269888,67100921
1093269888,67100922
1093269888,67100923
1093269888,67100924
1093269888,67100925
1093269888,67100926
1093269888,67100927
1093269888,67100928
1093269888,67100929
1093269888,67100930
1093269888,67100931
1093269888,67100932
1093269888,67100933
1093269888,67100934
1093269888,67100935
1093269888,67100936
1093269888,67100937
1093269888,67100938
1093269888,67100939
1093269888,67100940
1093269888,67100941
1093269888,67100942
1093269888,67100943
1093269888,67101282
33891366528,67100945
33891366528,67100949
33891366528,67100951
33891366528,67100952
33891366528,67100953
33891366528,67100955
33891366528,67100956
33891366528,67100958
33891366528,67100959
33891366528,67100960
33891366528,67100961
33891366528,67100962
33891366528,67100963
33891366528,67100964
33891366528,67100966
33891366528,67100967
33891366528,67100968
33891366528,67100969
33891366528,67100970
33891366528,67100971
33891366528,67100972
33891366528,67100973
33891366528,67100974
33891366528,67100975
33891366528,67100976
33891366528,67100977
33891366528,67100978
33891366528,67100979
33891366528,67100980
33891366528,67100981
33891366528,67100982
33891366528,67100983
33891366528,67100984
33891366528,67100985
33891366528,67100986
33891366528,67100987
33891366528,67100988
33891366528,67100989
33891366528,67100990
33891366528,67100991
33891366528,67100992
33891366528,67100993
33891366528,67100994
33891366528,67100995
33891366528,67100996
33891366528,67100997
33891366528,67100998
33891366528,67100999
33891366528,67101000
33891366528,67101001
33891366528,67101002
33891366528,67101003
33891366528,67101004
33891366528,67101005
33891366528,67101006
33891366528,67101007
33891366528,67101008
33891366528,67101009
33891366528,67101010
33891366528,67101011
33891366528,67101012
33891366528,67101013
33891366528,67101014
33891366528,67101015
33891366528,67101016
33891366528,67101017
33891366528,67101018
33891366528,67101019
33891366528,67101020
33891366528,67101021
33891366528,67101022
33891366528,67101023
33891366528,67101024
33891366528,67101025
33891366528,67101026
33891366528,67101027
33891366528,67101028
33891366528,67101029
33891366528,67101030
33891366528,67101031
33891366528,67101032
33891366528,67101033
33891366528,67101034
33891366528,67101035
33891366528,67101036
33891366528,67101037
33891366528,67101038
33891366528,67101039
33891366528,67101040
33891366528,67101041
33891366528,67101042
33891366528,67101045
33891366528,67101047
33891366528,67101048
33891366528,67101049
33891366528,67101050
33891366528,67101051
33891366528,67101052
33891366528,67101055
33891366528,67101058
33891366528,67101060
33891366528,67101061
33891366528,67101062
33891366528,67101063
33891366528,67101064
33891366528,67101065
33891366528,67101066
33891366528,67101067
33891366528,67101071
33891366528,67101072
33891366528,67101076
33891366528,67101077
33891366528,67101078
33891366528,67101081
33891366528,67101082
33891366528,67101083
33891366528,67101084
33891366528,67101085
33891366528,67101086
33891366528,67101088
33891366528,67101089
33891366528,67101090
33891366528,67101091
33891366528,67101092
33891366528,67101093
33891366528,67101095
33891366528,67101097
33891366528,67106642
66689463168,67100100
66689463168,67100101
66689463168,67100102
66689463168,67100103
66689463168,67100104
66689463168,67100105
66689463168,67100106
66689463168,67100107
66689463168,67100108
66689463168,67100109
66689463168,67100110
66689463168,67100111
66689463168,67100112
66689463168,67100113
66689463168,67100114
66689463168,67100115
66689463168,67100116
66689463168,67100117
66689463168,67100118
66689463168,67100119
66689463168,67100120
66689463168,67100121
66689463168,67100122
66689463168,67100123
66689463168,67100124
66689463168,67100125
66689463168,67100126
66689463168,67100127
66689463168,67100128
66689463168,67100129
66689463168,67100130
66689463168,67100131
66689463168,67100132
66689463168,67100133
66689463168,67100134
66689463168,67100135
66689463168,67100136
66689463168,67100137
66689463168,67100138
66689463168,67100139
66689463168,67100140
66689463168,67100141
66689463168,67100142
66689463168,67100143
66689463168,67100144
66689463168,67100145
66689463168,67100146
66689463168,67100147
66689463168,67100148
66689463168,67100149
66689463168,67100150
66689463168,67100151
66689463168,67100152
66689463168,67100153
66689463168,67100154
66689463168,67100155
66689463168,67100156
66689463168,67100157
66689463168,67100158
66689463168,67100159
66689463168,67100161
66689463168,67100162
66689463168,67100163
66689463168,67100165
66689463168,67100166
66689463168,67100167
66689463168,67100168
66689463168,67100170
66689463168,67100171
66689463168,67100172
66689463168,67100175
66689463168,67100176
66689463168,67100180
66689463168,67100183
66689463168,67100189
66689463168,67100192
66689463168,67100193
66689463168,67102273
66689463168,67102275
66689463168,67102281
66689463168,67102452
66689463168,67102820
66689463168,67108595
99487559808,131244
99487559808,131246
99487559808,67100303
99487559808,67100304
99487559808,67100305
99487559808,67100306
99487559808,67100307
99487559808,67100308
99487559808,67100309
99487559808,67100310
99487559808,67100311
99487559808,67100312
99487559808,67100314
99487559808,67100315
99487559808,67100320
99487559808,67101043
99487559808,67101044
99487559808,67101046
99487559808,67101053
99487559808,67101068
99487559808,67101069
99487559808,67101073
99487559808,67101074
99487559808,67101075
99487559808,67101079
99487559808,67101087
99487559808,67101496
99487559808,67101563
99487559808,67101713
99487559808,67101779
99487559808,67102227
99487559808,67102255
99487559808,67102272
99487559808,67102287
99487559808,67102465
99487559808,67102728
99487559808,67102986
99487559808,67103363
99487559808,67103364
99487559808,67103367
99487559808,67103373
99487559808,67103375
99487559808,67103378
99487559808,67103379
99487559808,67103408
99487559808,67103410
99487559808,67103425
99487559808,67103445
99487559808,67103474
99487559808,67103498
99487559808,67103530
99487559808,67103533
99487559808,67103535
99487559808,67103571
99487559808,67103592
99487559808,67103629
99487559808,67103630
99487559808,67103634
99487559808,67103658
99487559808,67103664
99487559808,67103675
99487559808,67103682
99487559808,67103683
99487559808,67103686
99487559808,67103687
99487559808,67103688
99487559808,67103694
99487559808,67103696
99487559808,67103697
99487559808,67103698
99487559808,67103702
99487559808,67103708
99487559808,67103720
99487559808,67103755
99487559808,67103757
99487559808,67103772
99487559808,67103773
99487559808,67103789
99487559808,67103797
99487559808,67103807
99487559808,67103822
99487559808,67103853
99487559808,67103871
99487559808,67103895
99487559808,67103914
99487559808,67103930
99487559808,67103941
99487559808,67103950
99487559808,67103963
99487559808,67103964
99487559808,67103979
99487559808,67103986
99487559808,67104039
99487559808,67104048
99487559808,67104065
99487559808,67104095
99487559808,67104133
99487559808,67104154
99487559808,67104180
99487559808,67104192
99487559808,67104197
99487559808,67104230
99487559808,67104246
99487559808,67104316
99487559808,67104320
99487559808,67104329
99487559808,67104353
99487559808,67104398
99487559808,67104411
99487559808,67104566
99487559808,67104605
99487559808,67104646
99487559808,67104668
99487559808,67104681
99487559808,67105272
99487559808,67108597
99487559808,67108598
99487559808,67108599
99487559808,67108600
99487559808,67108601
99487559808,67108602
99487559808,67108603
99487559808,67108604
99487559808,67108605
99487559808,67108606
99487559808,67108607
99487559808,67108609
99487559808,67108614
132285656448,67100173
132285656448,67100187
132285656448,67100191
132285656448,67100195
132285656448,67100198
132285656448,67100200
132285656448,67100202
132285656448,67100203
132285656448,67100204
132285656448,67100206
132285656448,67100207
132285656448,67100208
132285656448,67100210
132285656448,67100212
132285656448,67100215
132285656448,67100216
132285656448,67100218
132285656448,67100220
132285656448,67100221
132285656448,67100222
132285656448,67100223
132285656448,67100224
132285656448,67100225
132285656448,67100229
132285656448,67100264
132285656448,67100725
132285656448,67101112
132285656448,67101201
132285656448,67101601
132285656448,67101613
132285656448,67101697
132285656448,67101715
132285656448,67101718
132285656448,67101794
132285656448,67102077
132285656448,67102095
132285656448,67102182
132285656448,67102202
132285656448,67102220
132285656448,67102252
132285656448,67102257
132285656448,67102259
132285656448,67102268
132285656448,67102274
132285656448,67102328
132285656448,67102364
132285656448,67102445
132285656448,67102682
132285656448,67102705
132285656448,67102711
132285656448,67102770
132285656448,67102789
132285656448,67102825
132285656448,67102826
132285656448,67102827
132285656448,67102828
132285656448,67102829
132285656448,67102830
132285656448,67102831
132285656448,67103004
132285656448,67103041
132285656448,67103048
132285656448,67103128
132285656448,67103182
132285656448,67103183
132285656448,67103192
132285656448,67103202
132285656448,67103235
132285656448,67103250
132285656448,67103259
132285656448,67103296
132285656448,67103297
132285656448,67103298
132285656448,67103299
132285656448,67103300
132285656448,67103310
132285656448,67103312
132285656448,67103372
132285656448,67103402
132285656448,67103435
132285656448,67103475
132285656448,67103492
132285656448,67103493
132285656448,67103494
132285656448,67103526
132285656448,67103534
132285656448,67103557
132285656448,67103572
132285656448,67103573
132285656448,67103586
132285656448,67103608
132285656448,67103609
132285656448,67103628
132285656448,67103649
132285656448,67103666
132285656448,67103670
132285656448,67103721
132285656448,67103726
132285656448,67103738
132285656448,67103746
132285656448,67103764
132285656448,67103766
132285656448,67103800
132285656448,67103801
132285656448,67103802
132285656448,67103815
132285656448,67103851
132285656448,67103877
132285656448,67103879
132285656448,67103880
132285656448,67103992
132285656448,67104043
132285656448,67104078
132285656448,67104105
132285656448,67104153
132285656448,67104158
132285656448,67104175
132285656448,67104195
132285656448,67104437
132285656448,67104458
132285656448,67104474
132285656448,67104489
132285656448,67104490
132285656448,67104686
132285656448,67105249
132285656448,67105712
132285656448,67106325
165083753088,131261
165083753088,67100313
165083753088,67101100
165083753088,67101180
165083753088,67101209
165083753088,67101449
165083753088,67101473
165083753088,67101493
165083753088,67101532
165083753088,67101541
165083753088,67101559
165083753088,67101579
165083753088,67101604
165083753088,67101605
165083753088,67101606
165083753088,67101607
165083753088,67101677
165083753088,67101683
165083753088,67101701
165083753088,67101712
165083753088,67101734
165083753088,67101736
165083753088,67101737
165083753088,67101768
165083753088,67101771
165083753088,67101775
165083753088,67101819
165083753088,67101841
165083753088,67101843
165083753088,67101883
165083753088,67101889
165083753088,67101898
165083753088,67101930
165083753088,67101978
165083753088,67101980
165083753088,67102004
165083753088,67102014
165083753088,67102015
165083753088,67102025
165083753088,67102029
165083753088,67102031
165083753088,67102083
165083753088,67102089
165083753088,67102099
165083753088,67102130
165083753088,67102137
165083753088,67102145
165083753088,67102152
165083753088,67102153
165083753088,67102180
165083753088,67102186
165083753088,67102195
165083753088,67102204
165083753088,67102205
165083753088,67102206
165083753088,67102208
165083753088,67102212
165083753088,67102214
165083753088,67102218
165083753088,67102228
165083753088,67102231
165083753088,67102239
165083753088,67102246
165083753088,67102258
165083753088,67102265
165083753088,67102266
165083753088,67102277
165083753088,67102278
165083753088,67102291
165083753088,67102292
165083753088,67102312
165083753088,67102327
165083753088,67102412
165083753088,67102414
165083753088,67102429
165083753088,67102446
165083753088,67102448
165083753088,67102463
165083753088,67102466
165083753088,67102467
165083753088,67102469
165083753088,67102510
165083753088,67102564
165083753088,67102572
165083753088,67102575
165083753088,67102581
165083753088,67102592
165083753088,67102628
165083753088,67102644
165083753088,67102658
165083753088,67102715
165083753088,67102734
165083753088,67102744
165083753088,67102758
165083753088,67102839
165083753088,67102855
165083753088,67102888
165083753088,67102943
165083753088,67102956
165083753088,67102961
165083753088,67102969
165083753088,67102997
165083753088,67103002
165083753088,67103003
165083753088,67103079
165083753088,67103097
165083753088,67103111
165083753088,67103113
165083753088,67103135
165083753088,67103377
165083753088,67103430
165083753088,67103461
165083753088,67103504
165083753088,67103511
165083753088,67103512
165083753088,67103600
165083753088,67104196
165083753088,67104426
165083753088,67104463
165083753088,67104511
165083753088,67104911
165083753088,67104931
165083753088,67105307
165083753088,67105313
165083753088,67105930
165083753088,67105931
197881849728,67100227
197881849728,67100228
197881849728,67100230
197881849728,67100233
197881849728,67100234
197881849728,67100235
197881849728,67100236
197881849728,67100237
197881849728,67100240
197881849728,67100243
197881849728,67100247
197881849728,67100252
197881849728,67100254
197881849728,67100255
197881849728,67100256
197881849728,67100258
197881849728,67100259
197881849728,67100267
197881849728,67100268
197881849728,67100271
197881849728,67100272
197881849728,67100273
197881849728,67100274
197881849728,67100275
197881849728,67100276
197881849728,67100277
197881849728,67100278
197881849728,67100279
197881849728,67100280
197881849728,67100281
197881849728,67100282
197881849728,67100284
197881849728,67100285
197881849728,67100286
197881849728,67100288
197881849728,67100298
197881849728,67101138
197881849728,67101139
197881849728,67101140
197881849728,67101155
197881849728,67101557
197881849728,67101578
197881849728,67101643
197881849728,67101657
197881849728,67101658
197881849728,67101659
197881849728,67101668
197881849728,67101720
197881849728,67101750
197881849728,67101764
197881849728,67101783
197881849728,67101793
197881849728,67101802
197881849728,67101810
197881849728,67101866
197881849728,67101914
197881849728,67101919
197881849728,67102005
197881849728,67102053
197881849728,67102056
197881849728,67102128
197881849728,67102166
197881849728,67102229
197881849728,67102269
197881849728,67102318
197881849728,67102319
197881849728,67102323
197881849728,67102382
197881849728,67102383
197881849728,67102396
197881849728,67102435
197881849728,67102442
197881849728,67102462
197881849728,67102473
197881849728,67102521
197881849728,67102584
197881849728,67102600
197881849728,67102620
197881849728,67102624
197881849728,67102666
197881849728,67102704
197881849728,67102746
197881849728,67102747
197881849728,67102787
197881849728,67102796
197881849728,67102811
197881849728,67102823
197881849728,67102837
197881849728,67102858
197881849728,67102876
197881849728,67102900
197881849728,67103142
197881849728,67103146
197881849728,67103221
197881849728,67103222
197881849728,67103223
197881849728,67103236
197881849728,67103278
197881849728,67103305
197881849728,67103329
197881849728,67103344
197881849728,67103346
197881849728,67103348
197881849728,67103351
197881849728,67103381
197881849728,67103388
197881849728,67103440
197881849728,67103441
197881849728,67103524
197881849728,67103739
197881849728,67103790
197881849728,67103792
197881849728,67103848
197881849728,67103890
197881849728,67103913
197881849728,67103944
197881849728,67103947
197881849728,67103949
197881849728,67103951
197881849728,67103959
197881849728,67104028
197881849728,67104389
197881849728,67104390
197881849728,67104691
197881849728,67105787
197881849728,67105788
230679946368,131247
230679946368,131248
230679946368,131249
230679946368,131250
230679946368,131251
230679946368,131252
230679946368,67100316
230679946368,67100317
230679946368,67100318
230679946368,67100319
230679946368,67100321
230679946368,67100324
230679946368,67100326
230679946368,67100519
230679946368,67101054
230679946368,67101057
230679946368,67101486
230679946368,67101499
230679946368,67101514
230679946368,67101517
230679946368,67101535
230679946368,67101553
230679946368,67101561
230679946368,67101574
230679946368,67101577
230679946368,67101625
230679946368,67101675
230679946368,67101687
230679946368,67101706
230679946368,67101725
230679946368,67101741
230679946368,67101749
230679946368,67101753
230679946368,67101776
230679946368,67101848
230679946368,67101853
230679946368,67101859
230679946368,67101895
230679946368,67101899
230679946368,67101926
230679946368,67101972
230679946368,67102035
230679946368,67102036
230679946368,67102066
230679946368,67102069
230679946368,67102072
230679946368,67102097
230679946368,67102098
230679946368,67102101
230679946368,67102111
230679946368,67102134
230679946368,67102150
230679946368,67102158
230679946368,67102168
230679946368,67102169
230679946368,67102170
230679946368,67102174
230679946368,67102177
230679946368,67102178
230679946368,67102179
230679946368,67102184
230679946368,67102185
230679946368,67102188
230679946368,67102191
230679946368,67102196
230679946368,67102207
230679946368,67102213
230679946368,67102223
230679946368,67102236
230679946368,67102242
230679946368,67102245
230679946368,67102247
230679946368,67102263
230679946368,67102280
230679946368,67102286
230679946368,67102359
230679946368,67102365
230679946368,67102416
230679946368,67102444
230679946368,67102447
230679946368,67102461
230679946368,67102498
230679946368,67102570
230679946368,67102606
230679946368,67102619
230679946368,67102622
230679946368,67102680
230679946368,67102689
230679946368,67102727
230679946368,67102761
230679946368,67102854
230679946368,67102856
230679946368,67102887
230679946368,67102890
230679946368,67102903
230679946368,67102909
230679946368,67102918
230679946368,67102935
230679946368,67103015
230679946368,67103069
230679946368,67103154
230679946368,67103155
230679946368,67103201
230679946368,67103244
230679946368,67103277
230679946368,67103466
230679946368,67103479
230679946368,67103502
230679946368,67103710
230679946368,67103794
230679946368,67104457
230679946368,67104538
230679946368,67104633
230679946368,67104985
230679946368,67105228
230679946368,67106307
230679946368,67106463
230679946368,67106464
230679946368,67108610
230679946368,67108611
230679946368,67108612
230679946368,67108615
230679946368,67108619
230679946368,67108620
263478043008,67100238
263478043008,67100239
263478043008,67100245
263478043008,67100246
263478043008,67100248
263478043008,67100253
263478043008,67100260
263478043008,67100263
263478043008,67100265
263478043008,67100266
263478043008,67100269
263478043008,67100294
263478043008,67100717
263478043008,67101136
263478043008,67101153
263478043008,67101565
263478043008,67101575
263478043008,67101582
263478043008,67101615
263478043008,67101630
263478043008,67101647
263478043008,67101723
263478043008,67101834
263478043008,67101865
263478043008,67101888
263478043008,67102037
263478043008,67102124
263478043008,67102136
263478043008,67102155
263478043008,67102197
263478043008,67102217
263478043008,67102234
263478043008,67102235
263478043008,67102243
263478043008,67102256
263478043008,67102267
263478043008,67102282
263478043008,67102290
263478043008,67102294
263478043008,67102296
263478043008,67102311
263478043008,67102313
263478043008,67102333
263478043008,67102336
263478043008,67102348
263478043008,67102352
263478043008,67102354
263478043008,67102356
263478043008,67102358
263478043008,67102360
263478043008,67102363
263478043008,67102380
263478043008,67102421
263478043008,67102423
263478043008,67102449
263478043008,67102558
263478043008,67102574
263478043008,67102578
263478043008,67102591
263478043008,67102601
263478043008,67102648
263478043008,67102673
263478043008,67102702
263478043008,67102710
263478043008,67102719
263478043008,67102722
263478043008,67102723
263478043008,67102729
263478043008,67102730
263478043008,67102851
263478043008,67102862
263478043008,67102872
263478043008,67102889
263478043008,67102893
263478043008,67102906
263478043008,67102907
263478043008,67102952
263478043008,67102957
263478043008,67102983
263478043008,67102993
263478043008,67103001
263478043008,67103016
263478043008,67103020
263478043008,67103077
263478043008,67103078
263478043008,67103089
263478043008,67103091
263478043008,67103121
263478043008,67103127
263478043008,67103147
263478043008,67103181
263478043008,67103205
263478043008,67103224
263478043008,67103225
263478043008,67103226
263478043008,67103229
263478043008,67103231
263478043008,67103232
263478043008,67103237
263478043008,67103238
263478043008,67103251
263478043008,67103274
263478043008,67103276
263478043008,67103292
263478043008,67103311
263478043008,67103399
263478043008,67103458
263478043008,67103507
263478043008,67103519
263478043008,67103690
263478043008,67103707
263478043008,67103899
263478043008,67104882
263478043008,67104883
263478043008,67104884
263478043008,67104885
263478043008,67104937
263478043008,67105028
263478043008,67105037
263478043008,67105056
263478043008,67105062
263478043008,67105074
263478043008,67105094
296276139648,67100323
296276139648,67100707
296276139648,67101056
296276139648,67101059
296276139648,67101070
296276139648,67101080
296276139648,67101096
296276139648,67101098
296276139648,67101099
296276139648,67101200
296276139648,67101498
296276139648,67101564
296276139648,67101667
296276139648,67101688
296276139648,67101730
296276139648,67101886
296276139648,67101897
296276139648,67102000
296276139648,67102044
296276139648,67102122
296276139648,67102157
296276139648,67102215
296276139648,67102225
296276139648,67102314
296276139648,67102366
296276139648,67102379
296276139648,67102430
296276139648,67102432
296276139648,67102499
296276139648,67102511
296276139648,67102566
296276139648,67102616
296276139648,67102650
296276139648,67102663
296276139648,67102664
296276139648,67102712
296276139648,67102724
296276139648,67102738
296276139648,67102867
296276139648,67102877
296276139648,67102878
296276139648,67102905
296276139648,67102958
296276139648,67102963
296276139648,67102971
296276139648,67102999
296276139648,67103063
296276139648,67103067
296276139648,67103081
296276139648,67103105
296276139648,67103114
296276139648,67103123
296276139648,67103125
296276139648,67103130
296276139648,67103160
296276139648,67103227
296276139648,67103228
296276139648,67103230
296276139648,67103233
296276139648,67103234
296276139648,67103239
296276139648,67103249
296276139648,67103253
296276139648,67103256
296276139648,67103268
296276139648,67103338
296276139648,67103380
296276139648,67103383
296276139648,67103394
296276139648,67103395
296276139648,67103438
296276139648,67103456
296276139648,67103462
296276139648,67103485
296276139648,67103508
296276139648,67103514
296276139648,67103579
296276139648,67103607
296276139648,67103621
296276139648,67103676
296276139648,67103678
296276139648,67103691
296276139648,67103693
296276139648,67103699
296276139648,67103729
296276139648,67103745
296276139648,67103747
296276139648,67103748
296276139648,67103753
296276139648,67103761
296276139648,67103774
296276139648,67103778
296276139648,67103804
296276139648,67103811
296276139648,67103846
296276139648,67103849
296276139648,67103866
296276139648,67103867
296276139648,67103896
296276139648,67103908
296276139648,67103915
296276139648,67103962
296276139648,67103985
296276139648,67103987
296276139648,67103995
296276139648,67103996
296276139648,67103997
296276139648,67103998
296276139648,67104298
296276139648,67105016
296276139648,67105169
296276139648,67105452
296276139648,67105453
296276139648,67105781
296276139648,67105809
296276139648,67105861
296276139648,67106519
296276139648,67108618
329074236288,67100249
329074236288,67100250
329074236288,67100251
329074236288,67100287
329074236288,67100289
329074236288,67100290
329074236288,67100291
329074236288,67100292
329074236288,67100295
329074236288,67100505
329074236288,67102464
329074236288,67102483
329074236288,67102541
329074236288,67102580
329074236288,67102630
329074236288,67102753
329074236288,67102778
329074236288,67102859
329074236288,67103022
329074236288,67103057
329074236288,67103115
329074236288,67103133
329074236288,67103184
329074236288,67103294
329074236288,67103403
329074236288,67103412
329074236288,67103417
329074236288,67103443
329074236288,67103446
329074236288,67103473
329074236288,67103506
329074236288,67103518
329074236288,67103536
329074236288,67103542
329074236288,67103602
329074236288,67103619
329074236288,67103642
329074236288,67103643
329074236288,67103644
329074236288,67103652
329074236288,67103700
329074236288,67103723
329074236288,67103728
329074236288,67103731
329074236288,67103754
329074236288,67103791
329074236288,67103808
329074236288,67103842
329074236288,67103843
329074236288,67103847
329074236288,67103850
329074236288,67103854
329074236288,67103855
329074236288,67103865
329074236288,67103886
329074236288,67103893
329074236288,67103894
329074236288,67103902
329074236288,67103907
329074236288,67103918
329074236288,67103927
329074236288,67103957
329074236288,67103961
329074236288,67103982
329074236288,67104019
329074236288,67104021
329074236288,67104022
329074236288,67104023
329074236288,67104024
329074236288,67104027
329074236288,67104029
329074236288,67104031
329074236288,67104032
329074236288,67104033
329074236288,67104034
329074236288,67104035
329074236288,67104037
329074236288,67104068
329074236288,67104092
329074236288,67104102
329074236288,67104111
329074236288,67104117
329074236288,67104127
329074236288,67104136
329074236288,67104148
329074236288,67104159
329074236288,67104186
329074236288,67104222
329074236288,67104232
329074236288,67104235
329074236288,67104258
329074236288,67104265
329074236288,67104314
329074236288,67104399
329074236288,67104438
329074236288,67104514
329074236288,67104553
329074236288,67104609
329074236288,67104612
329074236288,67104787
329074236288,67104790
329074236288,67105343
329074236288,67105475
329074236288,67105476
329074236288,67105573
329074236288,67105610
329074236288,67105753
329074236288,67105814
329074236288,67105830
329074236288,67105860
329074236288,67106010
329074236288,67106071
329074236288,67106101
329074236288,67106118
329074236288,67106125
329074236288,67106135
329074236288,67106228
329074236288,67108608
361872332928,131253
361872332928,67100325
361872332928,67100342
361872332928,67100351
361872332928,67100352
361872332928,67100353
361872332928,67101686
361872332928,67102046
361872332928,67102503
361872332928,67102750
361872332928,67102885
361872332928,67103161
361872332928,67103211
361872332928,67103217
361872332928,67103317
361872332928,67103391
361872332928,67103463
361872332928,67103470
361872332928,67103481
361872332928,67103515
361872332928,67103562
361872332928,67103563
361872332928,67103713
361872332928,67103750
361872332928,67103819
361872332928,67103911
361872332928,67103991
361872332928,67104115
361872332928,67104120
361872332928,67104163
361872332928,67104204
361872332928,67104206
361872332928,67104213
361872332928,67104214
361872332928,67104223
361872332928,67104227
361872332928,67104231
361872332928,67104245
361872332928,67104273
361872332928,67104304
361872332928,67104376
361872332928,67104380
361872332928,67104396
361872332928,67104422
361872332928,67104424
361872332928,67104454
361872332928,67104465
361872332928,67104479
361872332928,67104483
361872332928,67104498
361872332928,67104523
361872332928,67104542
361872332928,67104545
361872332928,67104551
361872332928,67104555
361872332928,67104556
361872332928,67104557
361872332928,67104574
361872332928,67104588
361872332928,67104600
361872332928,67104601
361872332928,67104602
361872332928,67104647
361872332928,67104651
361872332928,67104653
361872332928,67104656
361872332928,67104658
361872332928,67104711
361872332928,67104727
361872332928,67104754
361872332928,67104792
361872332928,67104795
361872332928,67104804
361872332928,67104901
361872332928,67104920
361872332928,67104930
361872332928,67104946
361872332928,67104991
361872332928,67105022
361872332928,67105070
361872332928,67105126
361872332928,67105127
361872332928,67105133
361872332928,67105134
361872332928,67105140
361872332928,67105170
361872332928,67105171
361872332928,67105172
361872332928,67105274
361872332928,67105285
361872332928,67105312
361872332928,67105460
361872332928,67105472
361872332928,67105566
361872332928,67105662
361872332928,67105740
361872332928,67105741
361872332928,67105751
361872332928,67105789
361872332928,67105790
361872332928,67105824
361872332928,67105825
361872332928,67105997
361872332928,67105998
361872332928,67106042
361872332928,67106183
361872332928,67106239
361872332928,67106275
361872332928,67106484
361872332928,67106579
361872332928,67106580
361872332928,67106589
361872332928,67106649
361872332928,67106665
361872332928,67108613
361872332928,67108621
361872332928,67108636
361872332928,67108646
361872332928,67108647
361872332928,67108648
394670429568,131254
394670429568,67100322
394670429568,67100327
394670429568,67100328
394670429568,67100329
394670429568,67100330
394670429568,67100331
394670429568,67100332
394670429568,67100333
394670429568,67100334
394670429568,67100339
394670429568,67100341
394670429568,67100344
394670429568,67108616
394670429568,67108622
394670429568,67108623
394670429568,67108624
394670429568,67108625
394670429568,67108626
394670429568,67108627
394670429568,67108628
394670429568,67108633
394670429568,67108634
