827860087,67100687
827860087,67100693
827860087,67100694
827860087,67100695
827860087,67100696
827860087,67100697
827860087,67100698
827860087,67100701
827860087,67100710
827860087,67100716
827860087,67100717
827860087,67100718
827860087,67100719
827860087,67100725
827860087,67100728
827860087,67100729
827860087,67100737
827860087,67100740
827860087,67100742
827860087,67100745
827860087,67100751
827860087,67100760
827860087,67100766
827860087,67100768
827860087,67100773
827860087,67100777
827860087,67100781
827860087,67100785
827860087,67100786
827860087,67100787
827860087,67100788
827860087,67100789
827860087,67100790
827860087,67100793
827860087,67100795
827860087,67100798
827860087,67100799
827860087,67100800
827860087,67100802
827860087,67100803
827860087,67100804
827860087,67100807
827860087,67100811
827860087,67100812
827860087,67100818
827860087,67100820
827860087,67100821
827860087,67100822
827860087,67100825
827860087,67100830
827860087,67100832
827860087,67100837
827860087,67100838
827860087,67100839
827860087,67100840
827860087,67100841
827860087,67100842
827860087,67100845
827860087,67100846
827860087,67100847
827860087,67100848
827860087,67100849
827860087,67100861
827860087,67100862
827860087,67100881
827860087,67100891
827860087,67100892
827860087,67100895
827860087,67100899
827860087,67100903
827860087,67100906
827860087,67100909
827860087,67100916
827860087,67100918
827860087,67100923
827860087,67100927
827860087,67100928
827860087,67100931
827860087,67100940
827860087,67100954
827860087,67100966
827860087,67100972
827860087,67100973
827860087,67100979
827860087,67100985
827860087,67101001
827860087,67101007
827860087,67101008
827860087,67101010
827860087,67101014
827860087,67101020
827860087,67101023
827860087,67101028
