1096522560,67100903
1096522560,67100973
1096522560,67100974
1096522560,67100977
1096522560,67100980
1096522560,67100981
1096522560,67100982
1096522560,67101282
33992199360,67100904
33992199360,67100905
33992199360,67100911
33992199360,67100916
33992199360,67100917
33992199360,67100926
33992199360,67100935
33992199360,67100964
66887876160,67100098
66887876160,67100099
66887876160,67100100
66887876160,67100102
66887876160,67100111
66887876160,67100112
66887876160,67100114
66887876160,67100120
99783552960,67100906
99783552960,67100907
99783552960,67100908
99783552960,67100909
99783552960,67100912
99783552960,67100913
99783552960,67100927
99783552960,67104790
132679229760,67100101
132679229760,67100103
132679229760,67100105
132679229760,67100106
132679229760,67100113
132679229760,67100121
132679229760,67100159
132679229760,67105607
165574906560,67100918
165574906560,67100920
165574906560,67100966
165574906560,67100991
165574906560,67101011
165574906560,67101017
165574906560,67102817
165574906560,67108593
198470583360,67100178
198470583360,67100197
198470583360,67100226
198470583360,67100236
198470583360,67100253
198470583360,67100255
198470583360,67100299
198470583360,67102392
231366260160,131243
231366260160,67100301
231366260160,67100914
231366260160,67100923
231366260160,67100941
231366260160,67100965
231366260160,67104564
231366260160,67108595
264261936960,67100107
264261936960,67100108
264261936960,67100110
264261936960,67100115
264261936960,67100122
264261936960,67100160
264261936960,67103835
264261936960,67103836
297157613760,67100910
297157613760,67100919
297157613760,67100933
297157613760,67100937
297157613760,67100940
297157613760,67100942
297157613760,67100946
297157613760,67100947
330053290560,67100104
330053290560,67100126
330053290560,67100161
330053290560,67100162
330053290560,67100164
330053290560,67100303
330053290560,67105438
330053290560,67108597
362948967360,67100915
362948967360,67100939
362948967360,67100945
362948967360,67100948
362948967360,67100950
362948967360,67100951
362948967360,67100952
362948967360,67100953
395844644160,67100123
395844644160,67100127
395844644160,67100128
395844644160,67100132
395844644160,67100163
395844644160,67100165
395844644160,67100169
395844644160,67100183
428740320960,67100124
428740320960,67100168
428740320960,67100171
428740320960,67100181
428740320960,67100189
428740320960,67101407
428740320960,67101418
428740320960,67101423
461635997760,67100936
461635997760,67100967
461635997760,67100989
461635997760,67100993
461635997760,67100996
461635997760,67101000
461635997760,67101013
461635997760,67102727
494531674560,67100109
494531674560,67100117
494531674560,67100118
494531674560,67100141
494531674560,67100200
494531674560,67100275
494531674560,67100277
494531674560,67103215
527427351360,67100241
527427351360,67100268
527427351360,67100271
527427351360,67100273
527427351360,67100284
527427351360,67100285
527427351360,67101642
560323028160,67100929
560323028160,67100932
560323028160,67100968
560323028160,67100972
560323028160,67100979
560323028160,67100986
560323028160,67101008
560323028160,67102015
593218704960,67100921
593218704960,67100922
593218704960,67100928
593218704960,67100931
593218704960,67100934
593218704960,67101216
593218704960,67101257
593218704960,67101342
626114381760,67100116
626114381760,67100158
626114381760,67100179
626114381760,67100229
626114381760,67100274
626114381760,67102298
626114381760,67102310
626114381760,67102475
659010058560,67100119
659010058560,67100172
659010058560,67100176
659010058560,67100184
659010058560,67100218
659010058560,67101934
659010058560,67101956
659010058560,67102014
691905735360,67100125
691905735360,67100129
691905735360,67100130
691905735360,67100134
691905735360,67100170
