1379256614,67104543
1379256614,67104544
1379256614,67104545
1379256614,67104558
1379256614,67104642
1379256614,67104650
1379256614,67104670
1379256614,67104902
42756955034,67104028
42756955034,67104029
42756955034,67104030
42756955034,67104031
42756955034,67104032
42756955034,67104042
42756955034,67104149
42756955034,67107192
84134653454,67104033
84134653454,67104034
84134653454,67104037
84134653454,67104039
84134653454,67104131
84134653454,67104154
84134653454,67106056
84134653454,67108666
125512351874,67104144
125512351874,67104145
125512351874,67104146
125512351874,67104147
125512351874,67104148
125512351874,67104153
125512351874,67104155
125512351874,67105405
166890050294,67104546
166890050294,67104547
166890050294,67104548
166890050294,67104549
166890050294,67104550
166890050294,67104551
166890050294,67104553
166890050294,67108213
208267748714,67104552
208267748714,67104554
208267748714,67104555
208267748714,67104556
208267748714,67104557
208267748714,67104607
208267748714,67104652
208267748714,67107478
249645447134,67104600
249645447134,67104639
249645447134,67104653
249645447134,67104656
249645447134,67104664
249645447134,67104666
249645447134,67104669
249645447134,67105013
291023145554,67104648
291023145554,67104654
291023145554,67104657
291023145554,67104660
291023145554,67104661
291023145554,67104665
291023145554,67104667
291023145554,67106164
332400843974,67104157
332400843974,67104646
332400843974,67104647
332400843974,67104649
332400843974,67104651
332400843974,67104659
332400843974,67104668
332400843974,67106716
373778542394,67104643
373778542394,67104644
373778542394,67104645
373778542394,67104655
373778542394,67104658
373778542394,67104662
373778542394,67104663
373778542394,67105862
415156240814,67104623
415156240814,67104635
415156240814,67104636
415156240814,67104638
415156240814,67104640
415156240814,67104641
415156240814,67104816
415156240814,67108665
456533939234,67104617
456533939234,67104625
456533939234,67104634
456533939234,67104637
456533939234,67105191
456533939234,67105202
