1096522560,67100903
1096522560,67100973
1096522560,67100974
1096522560,67100977
1096522560,67100980
1096522560,67100981
1096522560,67100982
1096522560,67101282
33992199360,67100904
33992199360,67100905
33992199360,67100911
33992199360,67100916
33992199360,67100917
33992199360,67100926
33992199360,67100935
33992199360,67100964
66887876160,67100098
66887876160,67100099
66887876160,67100100
66887876160,67100102
66887876160,67100111
66887876160,67100112
66887876160,67100114
66887876160,67100120
99783552960,67100906
99783552960,67100907
99783552960,67100908
99783552960,67100909
99783552960,67100912
99783552960,67100913
99783552960,67100927
99783552960,67104790
132679229760,67100101
132679229760,67100103
132679229760,67100105
132679229760,67100106
132679229760,67100113
132679229760,67100121
132679229760,67100159
132679229760,67105607
165574906560,67100918
165574906560,67100920
165574906560,67100966
165574906560,67100991
165574906560,67101011
165574906560,67101017
165574906560,67102817
165574906560,67108593
198470583360,67100178
198470583360,67100197
198470583360,67100226
198470583360,67100236
198470583360,67100253
198470583360,67100255
198470583360,67100299
198470583360,67102392
231366260160,131243
231366260160,67100301
231366260160,67100914
231366260160,67100923
231366260160,67100941
231366260160,67100965
231366260160,67104564
231366260160,67108595
264261936960,67100107
264261936960,67100108
264261936960,67100110
264261936960,67100115
264261936960,67100122
264261936960,67100160
264261936960,67103835
264261936960,67103836
297157613760,67100910
297157613760,67100919
297157613760,67100933
297157613760,67100937
297157613760,67100940
297157613760,67100942
297157613760,67100946
297157613760,67100947
330053290560,67100126
330053290560,67100161
330053290560,67100162
330053290560,67100164
330053290560,67100303
330053290560,67108597
