902036450,67100678
902036450,67100679
902036450,67100827
902036450,67101019
902036450,67101020
902036450,67101026
902036450,67101040
902036450,67101199
27963129950,67100683
27963129950,67100684
27963129950,67100685
27963129950,67100693
27963129950,67100694
27963129950,67100695
27963129950,67100709
27963129950,67100875
55024223450,67099388
55024223450,67099391
55024223450,67099392
55024223450,67099398
55024223450,67099399
55024223450,67099401
55024223450,67099402
55024223450,67099403
82085316950,67099226
82085316950,67099227
82085316950,67099329
82085316950,67099350
82085316950,67099422
82085316950,67099430
82085316950,67099467
82085316950,67099481
109146410450,67100689
109146410450,67100690
109146410450,67100692
109146410450,67100703
109146410450,67100707
109146410450,67100722
109146410450,67102199
109146410450,67102252
136207503950,67099228
136207503950,67099229
136207503950,67099230
136207503950,67099231
136207503950,67099232
136207503950,67099235
136207503950,67099519
136207503950,67104342
163268597450,67099590
163268597450,67100680
163268597450,67100682
163268597450,67100686
163268597450,67100687
163268597450,67104617
163268597450,67104623
163268597450,67104951
190329690950,131241
190329690950,67099234
190329690950,67099527
190329690950,67099529
190329690950,67099530
190329690950,67099531
190329690950,67099532
190329690950,67102427
217390784450,67102362
217390784450,67102749
217390784450,67102750
217390784450,67102778
217390784450,67103184
217390784450,67104389
217390784450,67105341
217390784450,67105345
244451877950,67100820
244451877950,67100821
244451877950,67100824
244451877950,67100829
244451877950,67100830
244451877950,67100831
244451877950,67100832
244451877950,67100833
271512971450,67099244
271512971450,67099246
271512971450,67099247
271512971450,67099253
271512971450,67099256
271512971450,67099263
271512971450,67099264
271512971450,67099266
298574064950,67099233
298574064950,67099291
298574064950,67099353
298574064950,67099367
298574064950,67099386
298574064950,67099482
298574064950,67099509
298574064950,67099565
325635158450,67099267
325635158450,67099268
325635158450,67099278
325635158450,67099279
325635158450,67099280
325635158450,67099281
325635158450,67099282
325635158450,67099283
352696251950,67099409
352696251950,67100681
352696251950,67100688
352696251950,67100700
352696251950,67100727
352696251950,67100772
352696251950,67108084
352696251950,67108614
379757345450,67099238
379757345450,67099250
379757345450,67099251
379757345450,67099252
379757345450,67099254
379757345450,67099255
379757345450,67099257
379757345450,67099258
