1379256614,67104543
1379256614,67104544
1379256614,67104545
1379256614,67104558
1379256614,67104642
1379256614,67104650
1379256614,67104670
1379256614,67104902
42756955034,67104028
42756955034,67104029
42756955034,67104030
42756955034,67104031
42756955034,67104032
42756955034,67104042
42756955034,67104149
42756955034,67107192
84134653454,67104033
84134653454,67104034
84134653454,67104037
84134653454,67104039
84134653454,67104131
84134653454,67104154
84134653454,67106056
84134653454,67108666
125512351874,67104144
125512351874,67104145
125512351874,67104146
125512351874,67104147
125512351874,67104148
125512351874,67104153
125512351874,67104155
125512351874,67105405
166890050294,67104546
166890050294,67104547
166890050294,67104548
166890050294,67104549
166890050294,67104550
166890050294,67104551
166890050294,67104553
166890050294,67108213
208267748714,67104552
208267748714,67104554
208267748714,67104555
208267748714,67104556
208267748714,67104557
208267748714,67104607
208267748714,67104652
208267748714,67107478
249645447134,67104600
249645447134,67104639
249645447134,67104653
249645447134,67104656
249645447134,67104664
249645447134,67104666
249645447134,67104669
249645447134,67105013
291023145554,67104648
291023145554,67104654
291023145554,67104657
291023145554,67104660
291023145554,67104661
291023145554,67104665
291023145554,67104667
291023145554,67106164
332400843974,67104157
332400843974,67104646
332400843974,67104647
332400843974,67104649
332400843974,67104651
332400843974,67104659
332400843974,67104668
332400843974,67106716
373778542394,67104643
373778542394,67104644
373778542394,67104645
373778542394,67104655
373778542394,67104658
373778542394,67104662
373778542394,67104663
373778542394,67105862
415156240814,67104623
415156240814,67104635
415156240814,67104636
415156240814,67104638
415156240814,67104640
415156240814,67104641
415156240814,67104816
415156240814,67108665
456533939234,67104617
456533939234,67104625
456533939234,67104629
456533939234,67104630
456533939234,67104634
456533939234,67104637
456533939234,67105191
456533939234,67105202
497911637654,67104612
497911637654,67104619
497911637654,67104622
497911637654,67104624
497911637654,67104628
497911637654,67104632
497911637654,67104633
497911637654,67105347
539289336074,67104590
539289336074,67104610
539289336074,67104615
539289336074,67104618
539289336074,67104621
539289336074,67104626
539289336074,67104631
539289336074,67105224
580667034494,67104035
580667034494,67104036
580667034494,67104038
580667034494,67104040
580667034494,67104041
580667034494,67104043
580667034494,67108128
580667034494,67108672
622044732914,67104072
622044732914,67104082
622044732914,67104083
622044732914,67104114
622044732914,67104128
622044732914,67104136
622044732914,67104138
622044732914,67106170
663422431334,67104584
663422431334,67104598
663422431334,67104608
663422431334,67104611
663422431334,67104614
663422431334,67104616
663422431334,67104899
663422431334,67105393
704800129754,67104099
704800129754,67104130
704800129754,67104133
704800129754,67104135
704800129754,67104139
704800129754,67104143
704800129754,67104800
704800129754,67106603
746177828174,67104563
746177828174,67104570
746177828174,67104574
746177828174,67104575
746177828174,67104580
746177828174,67104604
746177828174,67105304
746177828174,67106964
787555526594,67104079
787555526594,67104121
787555526594,67104129
787555526594,67104134
787555526594,67104141
787555526594,67104152
787555526594,67107014
787555526594,67107319
