732856447,67104566
732856447,67104567
732856447,67104568
732856447,67104569
732856447,67104570
732856447,67104787
22718549857,67104543
22718549857,67104544
22718549857,67104545
22718549857,67104546
22718549857,67104547
22718549857,67104548
22718549857,67104662
22718549857,67104665
44704243267,67104075
44704243267,67104090
44704243267,67104100
44704243267,67104104
44704243267,67104110
44704243267,67104119
44704243267,67104120
44704243267,67104122
66689936677,67104642
66689936677,67104647
66689936677,67104656
66689936677,67104660
66689936677,67104663
66689936677,67104666
66689936677,67107129
66689936677,67108744
88675630087,67104096
88675630087,67104102
88675630087,67104103
88675630087,67104112
88675630087,67104113
88675630087,67104114
88675630087,67104115
88675630087,67104116
110661323497,67104554
110661323497,67104557
110661323497,67104558
110661323497,67104559
110661323497,67104560
110661323497,67104561
110661323497,67104562
110661323497,67104563
132647016907,67104139
132647016907,67104146
132647016907,67104147
132647016907,67104149
132647016907,67104150
132647016907,67104151
132647016907,67104152
132647016907,67104153
154632710317,67104032
154632710317,67104653
154632710317,67104654
154632710317,67104657
154632710317,67104661
154632710317,67104668
154632710317,67104669
154632710317,67104670
176618403727,67104071
176618403727,67104072
176618403727,67104073
176618403727,67104074
176618403727,67104076
176618403727,67104077
176618403727,67104078
176618403727,67104079
198604097137,67104602
198604097137,67104604
198604097137,67104605
198604097137,67104606
198604097137,67104608
198604097137,67104609
198604097137,67104610
198604097137,67104611
220589790547,67104028
220589790547,67104029
220589790547,67104030
220589790547,67104031
220589790547,67104145
220589790547,67104148
220589790547,67104154
220589790547,67104155
242575483957,67104607
242575483957,67104615
242575483957,67104616
242575483957,67104617
242575483957,67104618
242575483957,67104619
242575483957,67104620
242575483957,67104621
264561177367,67104043
264561177367,67104044
264561177367,67104045
264561177367,67104046
264561177367,67104047
264561177367,67104048
264561177367,67104049
264561177367,67104050
286546870777,67104624
286546870777,67104626
286546870777,67104627
286546870777,67104628
286546870777,67104629
286546870777,67104630
286546870777,67104631
286546870777,67104632
308532564187,131251
308532564187,67104136
308532564187,67104138
308532564187,67104140
308532564187,67104141
308532564187,67104142
308532564187,67104143
308532564187,67104144
330518257597,131252
330518257597,67104601
330518257597,67104603
330518257597,67104612
330518257597,67104613
330518257597,67104614
330518257597,67104622
330518257597,67104623
352503951007,67104094
352503951007,67104095
352503951007,67104097
352503951007,67104098
352503951007,67104099
352503951007,67104101
352503951007,67104105
352503951007,67107843
374489644417,67104590
374489644417,67104592
374489644417,67104594
374489644417,67104595
374489644417,67104596
374489644417,67104597
374489644417,67104598
374489644417,67104599
396475337827,67104130
396475337827,67104131
396475337827,67104132
396475337827,67104133
396475337827,67104134
396475337827,67104135
396475337827,67104137
418461031237,67104587
418461031237,67104588
418461031237,67104589
418461031237,67104591
418461031237,67104593
418461031237,67104600
418461031237,67108265
440446724647,67104088
440446724647,67104089
440446724647,67104091
440446724647,67104092
440446724647,67104093
440446724647,67104106
440446724647,67104107
462432418057,67104646
462432418057,67104648
462432418057,67104649
462432418057,67104651
462432418057,67104655
462432418057,67104659
462432418057,67104664
462432418057,67104667
484418111467,67104123
484418111467,67104124
484418111467,67104125
484418111467,67104126
484418111467,67104127
484418111467,67104128
484418111467,67104129
484418111467,67105181
506403804877,67104549
506403804877,67104573
506403804877,67104585
506403804877,67104636
506403804877,67104641
506403804877,67104643
506403804877,67104644
506403804877,67104645
528389498287,67104033
528389498287,67104070
528389498287,67104082
528389498287,67104084
528389498287,67104109
528389498287,67104121
528389498287,67107297
528389498287,67108749
550375191697,67104080
550375191697,67104081
550375191697,67104083
550375191697,67104085
550375191697,67104086
550375191697,67104087
550375191697,67106680
572360885107,67104635
572360885107,67104637
572360885107,67104638
572360885107,67104639
572360885107,67104640
572360885107,67104650
572360885107,67104652
572360885107,67104658
594346578517,67104053
594346578517,67104055
594346578517,67104061
594346578517,67104064
594346578517,67104067
594346578517,67104068
594346578517,67104069
594346578517,67108309
616332271927,67104065
616332271927,67104066
616332271927,67104108
616332271927,67104111
616332271927,67104117
616332271927,67104118
616332271927,67106481
638317965337,67104582
638317965337,67104583
638317965337,67104584
638317965337,67104586
638317965337,67104625
638317965337,67104633
638317965337,67104634
638317965337,67108493
660303658747,67104574
660303658747,67104576
660303658747,67104577
660303658747,67104578
660303658747,67104579
660303658747,67104580
660303658747,67104581
682289352157,67104553
682289352157,67104555
682289352157,67104556
682289352157,67104571
682289352157,67104572
682289352157,67104575
682289352157,67105194
704275045567,67104037
704275045567,67104054
704275045567,67104056
704275045567,67104058
704275045567,67104059
704275045567,67104060
704275045567,67104062
704275045567,67104063
726260738977,67104036
726260738977,67104040
726260738977,67104041
726260738977,67104042
726260738977,67104051
726260738977,67104052
726260738977,67104057
726260738977,67106324
748246432387,67104034
748246432387,67104035
748246432387,67104038
748246432387,67104039
748246432387,67105571
748246432387,67105572
748246432387,67107327
748246432387,67108750
770232125797,67104961
770232125797,67105058
770232125797,67105349
770232125797,67106154
770232125797,67106649
770232125797,67106812
770232125797,67107565
770232125797,67108318
