732856447,67104566
732856447,67104567
732856447,67104568
732856447,67104569
732856447,67104570
732856447,67104787
22718549857,67104543
22718549857,67104544
22718549857,67104545
22718549857,67104546
22718549857,67104547
22718549857,67104548
22718549857,67104662
22718549857,67104665
44704243267,67104075
44704243267,67104090
44704243267,67104100
44704243267,67104104
44704243267,67104110
44704243267,67104119
44704243267,67104120
44704243267,67104122
66689936677,67104642
66689936677,67104647
66689936677,67104656
66689936677,67104660
66689936677,67104663
66689936677,67104666
66689936677,67107129
66689936677,67108744
88675630087,67104096
88675630087,67104102
88675630087,67104103
88675630087,67104112
88675630087,67104113
88675630087,67104114
88675630087,67104115
88675630087,67104116
110661323497,67104554
110661323497,67104557
110661323497,67104558
110661323497,67104559
110661323497,67104560
110661323497,67104561
110661323497,67104562
110661323497,67104563
132647016907,67104139
132647016907,67104146
132647016907,67104147
132647016907,67104149
132647016907,67104150
132647016907,67104151
132647016907,67104152
132647016907,67104153
154632710317,67104032
154632710317,67104653
154632710317,67104654
154632710317,67104657
154632710317,67104661
154632710317,67104668
154632710317,67104669
154632710317,67104670
176618403727,67104071
176618403727,67104072
176618403727,67104073
176618403727,67104074
176618403727,67104076
176618403727,67104077
176618403727,67104078
176618403727,67104079
198604097137,67104602
198604097137,67104604
198604097137,67104605
198604097137,67104606
198604097137,67104608
198604097137,67104609
198604097137,67104610
198604097137,67104611
220589790547,67104028
220589790547,67104029
220589790547,67104030
220589790547,67104031
220589790547,67104145
220589790547,67104148
220589790547,67104154
220589790547,67104155
242575483957,67104607
242575483957,67104615
242575483957,67104616
242575483957,67104617
242575483957,67104618
242575483957,67104619
242575483957,67104620
242575483957,67104621
