827860087,67100686
827860087,67100963
827860087,67100987
827860087,67100990
827860087,67100992
827860087,67100994
827860087,67100995
827860087,67100996
25663662697,67100769
25663662697,67100770
25663662697,67100772
25663662697,67100773
25663662697,67100774
25663662697,67100779
25663662697,67100784
25663662697,67100785
50499465307,67099324
50499465307,67099336
50499465307,67099347
50499465307,67099354
50499465307,67099558
50499465307,67099559
50499465307,67099574
50499465307,67099578
75335267917,67099434
75335267917,67099458
75335267917,67099466
75335267917,67099509
75335267917,67099511
75335267917,67099512
75335267917,67099793
75335267917,67100883
100171070527,67099300
100171070527,67099302
100171070527,67099665
100171070527,67102405
100171070527,67102427
100171070527,67102452
100171070527,67108506
100171070527,67108507
125006873137,67099321
125006873137,67099338
125006873137,67099342
125006873137,67099343
125006873137,67099344
125006873137,67099345
125006873137,67099348
125006873137,67099349
149842675747,67100838
149842675747,67100840
149842675747,67100841
149842675747,67100844
149842675747,67100847
149842675747,67100848
149842675747,67100850
149842675747,67107686
174678478357,67099282
174678478357,67099290
174678478357,67099291
174678478357,67099292
174678478357,67099293
174678478357,67099294
174678478357,67099295
174678478357,67101962
199514280967,67099955
199514280967,67100824
199514280967,67100825
199514280967,67100826
199514280967,67100827
199514280967,67100828
199514280967,67108359
224350083577,67099316
224350083577,67099352
224350083577,67099357
224350083577,67099362
224350083577,67099371
224350083577,67099376
224350083577,67099377
224350083577,67099386
249185886187,67100880
249185886187,67100888
249185886187,67100890
249185886187,67100891
249185886187,67100892
249185886187,67100893
249185886187,67100894
249185886187,67100895
274021688797,67099497
274021688797,67099498
274021688797,67099499
274021688797,67099500
274021688797,67099503
274021688797,67099504
