1379256614,67100550
1379256614,67100551
1379256614,67100552
1379256614,67100553
1379256614,67100554
1379256614,67100959
1379256614,67104954
42756955034,67100556
42756955034,67100557
42756955034,67100558
42756955034,67100559
42756955034,67100560
42756955034,67100561
42756955034,67100562
42756955034,67100563
42756955034,67100564
42756955034,67100598
42756955034,67100601
42756955034,67100609
42756955034,67100613
42756955034,67100626
42756955034,67100645
42756955034,67102397
84134653454,67100565
84134653454,67100602
84134653454,67100612
84134653454,67100620
84134653454,67100633
84134653454,67100654
84134653454,67100661
84134653454,67100673
84134653454,67103369
84134653454,67103370
84134653454,67103371
84134653454,67103372
84134653454,67107364
84134653454,67107365
84134653454,67107366
84134653454,67107367
125512351874,67100586
125512351874,67100593
125512351874,67100604
125512351874,67100644
125512351874,67100650
125512351874,67100657
125512351874,67100662
125512351874,67100664
125512351874,67100665
125512351874,67100666
125512351874,67100671
125512351874,67100674
125512351874,67102317
125512351874,67102318
125512351874,67106312
125512351874,67106313
166890050294,67100572
166890050294,67100573
166890050294,67100580
166890050294,67100599
166890050294,67100621
166890050294,67100639
166890050294,67100646
166890050294,67100647
166890050294,67100649
166890050294,67100658
166890050294,67102382
166890050294,67102384
166890050294,67102385
166890050294,67106377
166890050294,67106379
166890050294,67106380
208267748714,67100567
208267748714,67100605
208267748714,67100607
208267748714,67100615
208267748714,67100617
208267748714,67100622
208267748714,67100625
208267748714,67100627
208267748714,67100631
208267748714,67100643
208267748714,67100656
208267748714,67100672
208267748714,67101971
208267748714,67101972
208267748714,67105966
208267748714,67105967
249645447134,67100578
249645447134,67100579
249645447134,67100596
249645447134,67100597
249645447134,67100618
249645447134,67100638
249645447134,67100648
249645447134,67100652
249645447134,67100653
249645447134,67100655
249645447134,67100663
249645447134,67102184
249645447134,67102203
249645447134,67102243
249645447134,67106179
249645447134,67106198
291023145554,67100588
291023145554,67100624
291023145554,67100628
291023145554,67100629
291023145554,67100632
291023145554,67100634
291023145554,67100635
291023145554,67100636
291023145554,67100637
291023145554,67100640
291023145554,67100642
291023145554,67100659
291023145554,67100660
291023145554,67101113
291023145554,67101114
291023145554,67105108
332400843974,67100591
332400843974,67100594
332400843974,67100600
332400843974,67100610
332400843974,67100616
332400843974,67100619
332400843974,67100623
332400843974,67100630
332400843974,67100641
332400843974,67100651
332400843974,67102920
332400843974,67102967
332400843974,67106914
332400843974,67106961
332400843974,67106962
332400843974,67108667
