1096522560,67091409
1096522560,67093415
1096522560,67093416
1096522560,67093417
1096522560,67093418
1096522560,67093419
1096522560,67093420
1096522560,67093423
1096522560,67093424
1096522560,67093476
1096522560,67093477
1096522560,67093496
1096522560,67093505
1096522560,67093507
1096522560,67093908
1096522560,67101397
33992199360,67093421
33992199360,67093422
33992199360,67093425
33992199360,67093426
33992199360,67093428
33992199360,67093429
33992199360,67093430
33992199360,67093436
33992199360,67093438
33992199360,67093451
33992199360,67093478
33992199360,67093522
33992199360,67093523
33992199360,67098824
33992199360,67106313
33992199360,67106314
66887876160,67093431
66887876160,67093432
66887876160,67093433
66887876160,67093434
66887876160,67093439
66887876160,67093442
66887876160,67093479
66887876160,67093480
66887876160,67093481
66887876160,67093482
66887876160,67093483
66887876160,67093498
66887876160,67093534
66887876160,67093544
66887876160,67096248
66887876160,67103737
99783552960,67093443
99783552960,67093444
99783552960,67093446
99783552960,67093448
99783552960,67093485
99783552960,67093488
99783552960,67093489
99783552960,67093493
99783552960,67093497
99783552960,67093499
99783552960,67093502
99783552960,67093503
99783552960,67093506
99783552960,67093509
99783552960,67095189
99783552960,67102678
132679229760,67093435
132679229760,67093437
132679229760,67093440
132679229760,67093441
132679229760,67093445
132679229760,67093449
132679229760,67093450
132679229760,67093484
132679229760,67093487
132679229760,67093494
132679229760,67093504
132679229760,67093617
132679229760,67099188
132679229760,67106677
132679229760,67108596
132679229760,67108607
165574906560,67093427
165574906560,67093447
165574906560,67093455
165574906560,67093486
165574906560,67093490
165574906560,67093491
165574906560,67093500
165574906560,67093516
165574906560,67093535
165574906560,67098805
165574906560,67098841
165574906560,67106294
165574906560,67106330
165574906560,67108598
165574906560,67108599
165574906560,67108603
198470583360,67093453
198470583360,67093471
198470583360,67093475
198470583360,67093492
198470583360,67093495
198470583360,67093501
198470583360,67093608
198470583360,67093609
198470583360,67097328
198470583360,67097346
198470583360,67097357
198470583360,67097366
198470583360,67104817
198470583360,67104835
198470583360,67104847
198470583360,67108597
231366260160,67093454
231366260160,67093456
231366260160,67093457
231366260160,67093465
231366260160,67093467
231366260160,67093529
231366260160,67093530
231366260160,67098900
231366260160,67098951
231366260160,67098991
231366260160,67106390
231366260160,67106428
231366260160,67106440
231366260160,67106480
231366260160,67108602
231366260160,67108604
264261936960,67093463
264261936960,67093511
264261936960,67093512
264261936960,67093515
264261936960,67093518
264261936960,67093524
264261936960,67093531
264261936960,67093533
264261936960,67093537
264261936960,67093538
264261936960,67093545
264261936960,67093556
264261936960,67093557
264261936960,67093558
264261936960,67093559
264261936960,67093571
297157613760,67093452
297157613760,67093458
297157613760,67093459
297157613760,67093460
297157613760,67093461
297157613760,67093462
297157613760,67093464
297157613760,67093466
297157613760,67093468
297157613760,67093469
297157613760,67093470
297157613760,67098437
297157613760,67105927
297157613760,67108663
297157613760,67108667
297157613760,67108724
