1379256614,67100550
1379256614,67100551
1379256614,67100552
1379256614,67100553
1379256614,67100554
1379256614,67100959
1379256614,67104954
42756955034,67100556
42756955034,67100557
42756955034,67100558
42756955034,67100559
42756955034,67100560
42756955034,67100561
42756955034,67100562
42756955034,67100563
42756955034,67100564
42756955034,67100598
42756955034,67100601
42756955034,67100609
42756955034,67100613
42756955034,67100626
42756955034,67100645
42756955034,67102397
84134653454,67100565
84134653454,67100602
84134653454,67100612
84134653454,67100620
84134653454,67100633
84134653454,67100654
84134653454,67100661
84134653454,67100673
84134653454,67103369
84134653454,67103370
84134653454,67103371
84134653454,67103372
84134653454,67107364
84134653454,67107365
84134653454,67107366
84134653454,67107367
125512351874,67100586
125512351874,67100593
125512351874,67100604
125512351874,67100644
125512351874,67100650
125512351874,67100657
125512351874,67100662
125512351874,67100664
125512351874,67100665
125512351874,67100666
125512351874,67100671
125512351874,67100674
125512351874,67102317
125512351874,67102318
125512351874,67106312
125512351874,67106313
166890050294,67100572
166890050294,67100573
166890050294,67100580
166890050294,67100599
166890050294,67100621
166890050294,67100639
166890050294,67100646
166890050294,67100647
166890050294,67100649
166890050294,67100658
166890050294,67102382
166890050294,67102384
166890050294,67102385
166890050294,67106377
166890050294,67106379
166890050294,67106380
208267748714,67100567
208267748714,67100605
208267748714,67100607
208267748714,67100615
208267748714,67100617
208267748714,67100622
208267748714,67100625
208267748714,67100631
208267748714,67100643
208267748714,67100672
208267748714,67101971
208267748714,67101972
208267748714,67105966
208267748714,67105967
