1093269888,67093415
1093269888,67093416
1093269888,67093417
1093269888,67093418
1093269888,67093419
1093269888,67093420
1093269888,67093421
1093269888,67093422
1093269888,67093423
1093269888,67093441
1093269888,67093455
1093269888,67093457
1093269888,67093462
1093269888,67093468
1093269888,67093915
1093269888,67101404
33891366528,67093424
33891366528,67093425
33891366528,67093426
33891366528,67093427
33891366528,67093430
33891366528,67093431
33891366528,67093435
33891366528,67093436
33891366528,67093439
33891366528,67093446
33891366528,67093452
33891366528,67093453
33891366528,67093463
33891366528,67093464
33891366528,67093539
33891366528,67093540
66689463168,67093428
66689463168,67093432
66689463168,67093433
66689463168,67093440
66689463168,67093458
66689463168,67093459
66689463168,67093460
66689463168,67093465
66689463168,67093470
66689463168,67093484
66689463168,67093496
66689463168,67093501
66689463168,67094862
66689463168,67094863
66689463168,67102352
66689463168,67108594
99487559808,67093444
99487559808,67093478
99487559808,67093482
99487559808,67093490
99487559808,67093494
99487559808,67093497
99487559808,67093508
99487559808,67093522
99487559808,67093527
99487559808,67093544
99487559808,67093546
99487559808,67093547
99487559808,67093548
99487559808,67093549
99487559808,67095997
99487559808,67103486
132285656448,67093429
132285656448,67093434
132285656448,67093437
132285656448,67093442
132285656448,67093443
132285656448,67093445
132285656448,67093447
132285656448,67093448
132285656448,67093449
132285656448,67093450
132285656448,67093456
132285656448,67093474
132285656448,67094940
132285656448,67095006
132285656448,67102429
132285656448,67102495
165083753088,67093438
165083753088,67093451
165083753088,67093454
165083753088,67093461
165083753088,67093466
165083753088,67093471
165083753088,67093476
165083753088,67093488
165083753088,67093503
165083753088,67093536
165083753088,67094167
165083753088,67094803
165083753088,67094854
165083753088,67101656
165083753088,67102292
165083753088,67102343
197881849728,67093467
197881849728,67093472
197881849728,67093479
197881849728,67093492
197881849728,67093493
197881849728,67093502
197881849728,67093504
197881849728,67093523
197881849728,67093589
197881849728,67093594
197881849728,67093609
197881849728,67093610
197881849728,67093611
197881849728,67093628
197881849728,67098359
197881849728,67105848
230679946368,67093469
230679946368,67093491
230679946368,67093495
230679946368,67093507
230679946368,67093525
230679946368,67093530
230679946368,67093531
230679946368,67093532
230679946368,67093533
230679946368,67093534
230679946368,67094342
230679946368,67094448
230679946368,67094641
230679946368,67101831
230679946368,67101937
230679946368,67102130
263478043008,67093514
263478043008,67093528
263478043008,67093577
263478043008,67093579
263478043008,67093588
263478043008,67093591
263478043008,67093592
263478043008,67093593
263478043008,67093595
263478043008,67093596
263478043008,67093597
263478043008,67093598
263478043008,67098199
263478043008,67105688
263478043008,67108601
263478043008,67108624
296276139648,67093475
296276139648,67093481
296276139648,67093607
296276139648,67096981
296276139648,67099079
296276139648,67099358
296276139648,67101091
296276139648,67101092
296276139648,67104471
296276139648,67106568
296276139648,67106847
296276139648,67108580
296276139648,67108581
296276139648,67108660
296276139648,67108790
