1,67104289
1,67104548
1,67104549
1,67104550
1,67104551
1,67104552
1,67104553
1,67104554
1,67104555
1,67104556
1,67104557
1,67104558
1,67104559
1,67104560
1,67104561
1,67104562
1,67104563
1,67104564
1,67104565
1,67104566
1,67104567
1,67104568
1,67104569
1,67104570
1,67104787
3,67104142
3,67104271
3,67104315
3,67104529
3,67104547
3,67108225
3,67108226
3,67108227
3,67108228
3,67108229
3,67108779
5,192
5,131251
5,131252
5,131258
5,131259
5,131260
5,67104032
5,67104033
5,67104034
5,67104035
5,67104036
5,67104037
5,67104038
5,67104039
5,67104040
5,67104041
5,67104042
5,67104043
5,67104044
5,67104045
5,67104046
5,67104047
5,67104048
5,67104049
5,67104050
5,67104051
5,67104052
5,67104053
5,67104054
5,67104055
5,67104056
5,67104057
5,67104058
5,67104059
5,67104060
5,67104061
5,67104062
5,67104063
5,67104064
5,67104065
5,67104066
5,67104067
5,67104068
5,67104069
5,67104070
5,67104071
5,67104072
5,67104073
5,67104074
5,67104075
5,67104076
5,67104077
5,67104078
5,67104079
5,67104080
5,67104081
5,67104082
5,67104083
5,67104084
5,67104085
5,67104086
5,67104087
5,67104088
5,67104089
5,67104090
5,67104091
5,67104092
5,67104093
5,67104094
5,67104095
5,67104096
5,67104097
5,67104098
5,67104099
5,67104100
5,67104101
5,67104102
5,67104103
5,67104104
5,67104105
5,67104106
5,67104107
5,67104108
5,67104109
5,67104110
5,67104111
5,67104112
5,67104113
5,67104114
5,67104115
5,67104116
5,67104117
5,67104118
5,67104119
5,67104120
5,67104121
5,67104122
5,67104123
5,67104124
5,67104125
5,67104126
5,67104143
5,67104144
5,67104145
5,67104146
5,67104147
5,67104148
5,67104149
5,67104150
5,67104151
5,67104152
5,67104153
5,67104154
5,67104155
5,67104161
5,67104162
5,67104163
5,67104164
5,67104165
5,67104166
5,67104167
5,67104168
5,67104169
5,67104170
5,67104171
5,67104173
5,67104174
5,67104175
5,67104176
5,67104177
5,67104178
5,67104179
5,67104180
5,67104181
5,67104182
5,67104183
5,67104184
5,67104185
5,67104186
5,67104187
5,67104188
5,67104189
5,67104190
5,67104193
5,67104198
5,67104203
5,67104204
5,67104212
5,67104230
5,67104235
5,67104244
5,67104248
5,67104272
5,67104440
5,67104543
5,67104544
5,67104545
5,67104546
5,67104581
5,67104585
5,67104588
5,67104589
5,67104591
5,67104597
5,67104599
5,67104601
5,67104603
5,67104604
5,67104608
5,67104616
5,67104618
5,67104624
5,67104627
5,67104629
5,67104630
5,67104631
5,67104634
5,67104638
5,67104639
5,67104645
5,67104648
5,67104655
5,67104661
5,67104662
5,67104664
5,67104667
5,67104669
5,67104799
5,67104916
5,67105007
5,67105064
5,67105272
5,67105311
5,67105313
5,67105338
5,67105341
5,67105342
5,67105361
5,67105367
5,67105382
5,67105386
5,67105413
5,67105418
5,67105424
5,67105447
5,67105465
5,67105469
5,67105489
5,67105525
5,67105545
5,67105579
5,67105613
5,67105624
5,67105653
5,67105660
5,67105661
5,67105679
5,67105689
5,67108670
5,67108671
5,67108672
5,67108673
5,67108674
5,67108675
5,67108676
5,67108677
5,67108678
5,67108679
5,67108680
5,67108681
5,67108682
5,67108683
5,67108684
5,67108685
5,67108686
5,67108687
5,67108688
5,67108689
5,67108690
5,67108691
5,67108692
5,67108693
5,67108694
5,67108695
5,67108696
5,67108697
5,67108698
5,67108699
5,67108701
5,67108707
5,67108721
5,67108738
5,67108752
5,67108757
5,67108782
5,67108785
6,191
6,67104028
6,67104029
6,67104030
6,67104031
6,67104140
6,67104141
6,67104157
6,67104158
6,67104159
6,67104160
6,67104269
6,67104270
6,67104286
6,67104287
6,67104288
6,67104415
6,67104416
6,67104417
6,67104418
6,67104527
6,67104528
6,67104571
6,67104572
6,67104573
6,67104574
6,67104575
6,67104576
6,67104577
6,67104578
6,67104579
6,67104580
6,67104582
6,67104583
6,67104584
6,67104586
6,67104587
6,67104590
6,67104592
6,67104593
6,67104594
6,67104595
6,67104596
6,67104598
6,67104600
6,67104602
6,67104605
6,67104606
6,67104607
6,67104609
6,67104610
6,67104611
6,67104612
6,67104613
6,67104614
6,67104615
6,67104617
6,67104619
6,67104620
6,67104621
6,67104622
6,67104623
6,67104625
6,67104626
6,67104628
6,67104632
6,67104633
6,67104635
6,67104636
6,67104637
6,67104640
6,67104641
6,67104642
6,67104643
6,67104644
6,67104646
6,67104647
6,67104649
6,67104650
6,67104651
6,67104652
6,67104653
6,67104654
6,67104656
6,67104657
6,67104658
6,67104659
6,67104660
6,67104663
6,67104665
6,67104666
6,67104668
6,67104670
6,67104671
6,67104672
6,67104673
6,67104674
6,67104675
6,67104676
6,67104677
6,67104678
6,67104679
6,67104680
6,67104681
6,67104682
6,67104683
6,67104684
6,67104685
6,67104686
6,67104687
6,67104688
6,67104689
6,67104690
6,67104691
6,67104692
6,67104693
6,67104694
6,67104695
6,67104696
6,67104697
6,67104698
6,67104699
6,67104700
6,67104701
6,67104702
6,67104703
6,67104704
6,67104705
6,67104706
6,67104707
6,67104708
6,67104709
6,67104710
6,67104711
6,67104712
6,67104713
6,67104714
6,67104715
6,67104716
6,67104717
6,67104718
6,67104719
6,67104720
6,67104721
6,67104722
6,67104723
6,67104724
6,67104725
6,67104726
6,67104727
6,67104728
6,67104729
6,67104730
6,67104731
6,67104732
6,67104733
6,67104734
6,67104735
6,67104736
6,67104737
6,67104738
6,67104739
6,67104740
6,67104741
6,67104742
6,67104743
6,67104744
6,67104745
6,67104746
6,67104747
6,67104748
6,67104749
6,67104750
6,67104751
6,67104752
6,67104753
6,67104754
6,67104755
6,67104756
6,67104757
6,67104758
6,67104759
6,67104760
6,67104761
6,67104762
6,67104763
6,67104764
6,67104765
6,67104766
6,67104767
6,67104768
6,67104769
6,67104770
6,67104771
6,67104772
6,67104773
6,67104774
6,67104775
6,67104776
6,67104777
6,67104778
6,67104779
6,67104780
6,67104781
6,67104782
6,67104783
6,67104784
6,67104785
6,67104786
6,67108190
6,67108191
6,67108192
6,67108193
6,67108194
6,67108195
6,67108196
6,67108197
6,67108198
6,67108199
6,67108200
6,67108201
6,67108202
6,67108203
6,67108204
6,67108205
6,67108206
6,67108207
6,67108208
6,67108209
6,67108210
6,67108211
6,67108212
6,67108213
6,67108214
6,67108215
6,67108216
6,67108217
6,67108218
6,67108219
6,67108220
6,67108221
6,67108222
6,67108223
6,67108224
6,67108665
6,67108666
6,67108667
6,67108668
6,67108669
6,67108778
6,67108827
6,67108829
6,67108831
6,67108832
6,67108988
6,67109052
7,131253
7,131254
7,131257
7,67104194
7,67104196
7,67104200
7,67104202
7,67104209
7,67104213
7,67104216
7,67104219
7,67104221
7,67104226
7,67104246
7,67104255
7,67104275
7,67104311
7,67104869
7,67105360
7,67105523
7,67105584
7,67105618
7,67105649
7,67105655
7,67105659
7,67105700
7,67105710
7,67105711
7,67105715
7,67105716
7,67105724
7,67105732
7,67105741
7,67105750
7,67105761
7,67105768
7,67105772
7,67105774
7,67105781
7,67105783
7,67105788
7,67105789
7,67105798
7,67105800
7,67105809
7,67105816
7,67105823
7,67105828
7,67105829
7,67105836
7,67105840
7,67105845
7,67105850
7,67105853
7,67105857
7,67105877
7,67105883
7,67105893
7,67105899
7,67105903
7,67105908
7,67105910
7,67105919
7,67105922
7,67105947
7,67105955
7,67105970
7,67105973
7,67105978
7,67105979
7,67105994
7,67105995
7,67105998
7,67106017
7,67106020
7,67106075
7,67106082
7,67106085
7,67106094
7,67106098
7,67106106
7,67106133
7,67106134
7,67106140
7,67106144
7,67106149
7,67106150
7,67106157
7,67106166
7,67106173
7,67106186
7,67106199
7,67106213
7,67106222
7,67106227
7,67106229
7,67106231
7,67106244
7,67106246
7,67106248
7,67106264
7,67106276
7,67106289
7,67106301
7,67106307
7,67106323
7,67106325
7,67106327
7,67106332
7,67106336
7,67106341
7,67106373
7,67106375
7,67106385
7,67106388
7,67106397
7,67106401
7,67106402
7,67106422
7,67106427
7,67106428
7,67106452
7,67106455
7,67106459
7,67106462
7,67106471
7,67106488
7,67106489
7,67106502
7,67106504
7,67106527
7,67106533
7,67106537
7,67106558
7,67106562
7,67106564
7,67106576
7,67106581
7,67106606
7,67106610
7,67106628
7,67106631
7,67106636
7,67106646
7,67106678
7,67106684
7,67106693
7,67106705
7,67106706
7,67106712
7,67106721
7,67106727
7,67106763
7,67106767
7,67106781
7,67106782
7,67106794
7,67106795
7,67106798
7,67106825
7,67106827
7,67106841
7,67106842
7,67106856
7,67106863
7,67106866
7,67106871
7,67106892
7,67106895
7,67106913
7,67106915
7,67106919
7,67106921
7,67106927
7,67106931
7,67106936
7,67106937
7,67106946
7,67106947
7,67106949
7,67106958
7,67106959
7,67106967
7,67106971
7,67106972
7,67106973
7,67106974
7,67106975
7,67106979
7,67106987
7,67106993
7,67106994
7,67106996
7,67107006
7,67107007
7,67107008
7,67107010
7,67107020
7,67107029
7,67107031
7,67107034
7,67107035
7,67107039
7,67107042
7,67107044
7,67107046
7,67107052
7,67107055
7,67107061
7,67107064
7,67107068
7,67107069
7,67107071
7,67107072
7,67107073
7,67107074
7,67107075
7,67107076
7,67107078
7,67107082
7,67107083
7,67107084
7,67107085
7,67107087
7,67107090
7,67107091
7,67107094
7,67107096
7,67107102
7,67107106
7,67107109
7,67107111
7,67107113
7,67107120
7,67107125
7,67107126
7,67107129
7,67108387
7,67108483
7,67108703
7,67108705
7,67108709
7,67108722
7,67108725
7,67108729
7,67108730
7,67108731
7,67108735
7,67108764
7,67108784
7,67108788
8,131255
8,67104792
8,67104895
8,67104936
8,67104954
8,67104998
8,67105006
8,67105013
8,67105065
8,67105080
8,67105083
8,67105093
8,67105095
8,67105109
8,67105133
8,67105224
8,67105232
8,67105252
8,67105265
8,67105282
8,67105287
8,67105293
8,67105297
8,67105298
8,67105322
8,67105336
8,67105337
8,67105351
8,67105372
8,67105395
8,67105408
8,67105436
8,67105449
8,67105457
8,67105475
8,67105482
8,67105484
8,67105487
8,67105509
8,67105510
8,67105568
8,67105588
8,67105641
8,67105643
8,67105645
8,67105647
8,67105684
8,67105688
8,67105693
8,67105696
8,67105698
8,67105702
8,67105706
8,67105709
8,67105717
8,67105720
8,67105721
8,67105728
8,67105737
8,67105745
8,67105749
8,67105754
8,67105760
8,67105763
8,67105767
8,67105780
8,67105785
8,67105801
8,67105811
8,67105824
8,67105825
8,67105830
8,67105833
8,67105837
8,67105838
8,67105842
8,67105844
8,67105858
8,67105867
8,67105868
8,67105869
8,67105871
8,67105873
8,67105884
8,67105890
8,67105900
8,67105902
8,67105904
8,67105913
8,67105915
8,67105917
8,67105925
8,67105930
8,67105952
8,67105953
8,67105958
8,67105960
8,67105965
8,67105967
8,67105968
8,67105983
8,67105984
8,67105987
8,67105990
8,67105992
8,67106006
8,67106018
8,67106024
8,67106025
8,67106031
8,67106032
8,67106035
8,67106039
8,67106040
8,67106041
8,67106045
8,67106053
8,67106054
8,67106057
8,67106071
8,67106076
8,67106077
8,67106083
8,67106084
8,67106090
8,67106092
8,67106111
8,67106123
8,67106129
8,67106135
8,67106151
8,67106152
8,67106155
8,67106159
8,67106164
8,67106165
8,67106170
8,67106172
8,67106175
8,67106180
8,67106182
8,67106190
8,67106198
8,67106202
8,67106206
8,67106207
8,67106212
8,67106216
8,67106219
8,67106221
8,67106232
8,67106237
8,67106240
8,67106243
8,67106260
8,67106261
8,67106266
8,67106279
8,67106284
8,67106285
8,67106288
8,67106292
8,67106294
8,67106308
8,67106312
8,67106317
8,67106322
8,67106324
8,67106338
8,67106345
8,67106346
8,67106350
8,67106353
8,67106361
8,67106366
8,67106377
8,67106393
8,67106400
8,67106403
8,67106405
8,67106409
8,67106413
8,67106417
8,67106419
8,67106425
8,67106431
8,67106432
8,67106433
8,67106435
8,67106437
8,67106439
8,67106458
8,67106460
8,67106461
8,67106465
8,67106467
8,67106468
8,67106472
8,67106473
8,67106481
8,67106483
8,67106485
8,67106490
8,67106494
8,67106498
8,67106507
8,67106930
8,67106935
8,67106944
8,67106961
8,67106980
8,67106985
8,67106989
8,67106990
8,67106995
8,67106999
8,67107005
8,67107012
8,67107018
8,67107021
8,67107025
8,67107027
8,67107028
8,67107036
8,67107048
8,67107049
8,67107110
8,67107387
8,67107617
8,67107618
8,67107625
8,67107699
8,67107710
8,67107714
8,67107755
8,67107762
8,67108232
8,67108244
8,67108255
8,67108259
8,67108263
8,67108289
8,67108378
8,67108384
8,67108395
8,67108407
8,67108432
8,67108494
8,67108497
8,67108502
8,67108525
8,67108548
8,67108580
8,67108590
8,67108594
8,67108627
9,131256
9,67104436
9,67104788
9,67104800
9,67104811
9,67104815
9,67104820
9,67104827
9,67104831
9,67104848
9,67104864
9,67104877
9,67104879
9,67104904
9,67104907
9,67104915
9,67104927
9,67104940
9,67104984
9,67104994
9,67105020
9,67105027
9,67105030
9,67105042
9,67105043
9,67105044
9,67105045
9,67105077
9,67105085
9,67105086
9,67105125
9,67105143
9,67105150
9,67105171
9,67105173
9,67105180
9,67105201
9,67105207
9,67105208
9,67105222
9,67105234
9,67105235
9,67105237
9,67105256
9,67105264
9,67105301
9,67105305
9,67105307
9,67105309
9,67105329
9,67105348
9,67105357
9,67105412
9,67105427
9,67105428
9,67105431
9,67105440
9,67105456
9,67105464
9,67105466
9,67105490
9,67105500
9,67105508
9,67105554
9,67105573
9,67105590
9,67105599
9,67105605
9,67105611
9,67105633
9,67105639
9,67105707
9,67105730
9,67105834
9,67105859
9,67105874
9,67105981
9,67106003
9,67106016
9,67106055
9,67106117
9,67106125
9,67106158
9,67106188
9,67106197
9,67106257
9,67106282
9,67106290
9,67106295
9,67106306
9,67106313
9,67106371
9,67106386
9,67106408
9,67106412
9,67106424
9,67106430
9,67106484
9,67106528
9,67106553
9,67106591
9,67106621
9,67106643
9,67106648
9,67106650
9,67106669
9,67106732
9,67106762
9,67106766
9,67106779
9,67106811
9,67106834
9,67106839
9,67106847
9,67106874
9,67106885
9,67106903
9,67106923
9,67106924
9,67106926
9,67106938
9,67106951
9,67106970
9,67107038
9,67107059
9,67107065
9,67107079
9,67107134
9,67107159
9,67107194
9,67107249
9,67107260
9,67107263
9,67107270
9,67107292
9,67107313
9,67107316
9,67107330
9,67107380
9,67107381
9,67107404
9,67107419
9,67107434
9,67107443
9,67107471
9,67107477
9,67107504
9,67107510
9,67107515
9,67107533
9,67107544
9,67107559
9,67107560
9,67107563
9,67107575
9,67107578
9,67107586
9,67107603
9,67107604
9,67107619
9,67107621
9,67107623
9,67107634
9,67107668
9,67107670
9,67107672
9,67107683
9,67107688
9,67107690
9,67107695
9,67107696
9,67107705
9,67107708
9,67107712
9,67107721
9,67107725
9,67107763
9,67107765
9,67107771
9,67107775
9,67107779
9,67107781
9,67108242
9,67108250
9,67108262
9,67108271
9,67108274
9,67108282
9,67108284
9,67108287
9,67108291
9,67108296
9,67108303
9,67108311
9,67108315
9,67108320
9,67108322
9,67108334
9,67108360
9,67108363
9,67108365
9,67108372
9,67108390
9,67108397
9,67108399
9,67108403
9,67108418
9,67108420
9,67108428
9,67108431
9,67108452
9,67108463
9,67108475
9,67108481
9,67108486
9,67108498
9,67108499
9,67108509
9,67108517
9,67108524
9,67108528
9,67108536
9,67108540
9,67108551
9,67108556
9,67108571
9,67108581
9,67108587
9,67108592
9,67108595
9,67108596
9,67108597
9,67108601
9,67108610
9,67108624
9,67108629
9,67108646
9,67108647
9,67108650
9,67108651
9,67108652
9,67108656
9,67108659
9,67108661
9,67108662
9,67108663
9,67108664
10,67104858
10,67104868
10,67104885
10,67104888
10,67104921
10,67104948
10,67104961
10,67104967
10,67104970
10,67104980
10,67104989
10,67105033
10,67105034
10,67105036
10,67105037
10,67105067
10,67105115
10,67105120
10,67105149
10,67105165
10,67105167
10,67105195
10,67105203
10,67105204
10,67105210
10,67105219
10,67105221
10,67105230
10,67105283
10,67105292
10,67105294
10,67105302
10,67105320
10,67105335
10,67105354
10,67105358
10,67105379
10,67105389
10,67105451
10,67105476
10,67105479
10,67105483
10,67105485
10,67105496
10,67105503
10,67105561
10,67105565
10,67105597
10,67105617
10,67105620
10,67105648
10,67105667
10,67105701
10,67105704
10,67105712
10,67105733
10,67105759
10,67105782
10,67105786
10,67105790
10,67105796
10,67105835
10,67105841
10,67105898
10,67105906
10,67105933
10,67105939
10,67105972
10,67105986
10,67105993
10,67106002
10,67106008
10,67106087
10,67106217
10,67106228
10,67106230
10,67106326
10,67106342
10,67106372
10,67106389
10,67106414
10,67106418
10,67106441
10,67106476
10,67106514
10,67106516
10,67106521
10,67106547
10,67106560
10,67106567
10,67106632
10,67106642
10,67106649
10,67106656
10,67106679
10,67106686
10,67106687
10,67106689
10,67106698
10,67106703
10,67106704
10,67106708
10,67106728
10,67106731
10,67106737
10,67106740
10,67106741
10,67106749
10,67106751
10,67106778
10,67106780
10,67106801
10,67106806
10,67106821
10,67106858
10,67106878
10,67106886
10,67106887
10,67106911
10,67106925
10,67106928
10,67106950
10,67107000
10,67107009
10,67107014
10,67107047
10,67107062
10,67107092
10,67107095
10,67107108
10,67107114
10,67107119
10,67107123
10,67107130
10,67107138
10,67107143
10,67107147
10,67107149
10,67107158
10,67107171
10,67107186
10,67107209
10,67107219
10,67107262
10,67107272
10,67107276
10,67107287
10,67107295
10,67107305
10,67107318
10,67107319
10,67107325
10,67107353
10,67107358
10,67107361
10,67107376
10,67107390
10,67107409
10,67107426
10,67107430
10,67107442
10,67107450
10,67107451
10,67107453
10,67107475
10,67107479
10,67107486
10,67107508
10,67107512
10,67107522
10,67107526
10,67107528
10,67107537
10,67107541
10,67107558
10,67107568
10,67107581
10,67107584
10,67107591
10,67107608
10,67107627
10,67107645
10,67107654
10,67107658
10,67107664
10,67107671
10,67107676
10,67107689
10,67107694
10,67107697
10,67107732
10,67107744
10,67107746
10,67107750
10,67107756
10,67107768
10,67108246
10,67108253
10,67108261
10,67108267
10,67108277
10,67108278
10,67108283
10,67108308
10,67108345
10,67108351
10,67108356
10,67108358
10,67108368
10,67108375
10,67108389
10,67108401
10,67108410
10,67108414
10,67108416
10,67108423
10,67108427
10,67108440
10,67108451
10,67108456
10,67108459
10,67108468
10,67108469
10,67108470
10,67108474
10,67108482
10,67108487
10,67108488
10,67108501
10,67108511
10,67108519
10,67108530
10,67108546
10,67108547
10,67108550
10,67108560
10,67108568
10,67108573
10,67108578
10,67108582
10,67108586
10,67108602
10,67108616
10,67108620
10,67108621
10,67108622
10,67108625
10,67108626
10,67108631
10,67108634
10,67108637
10,67108638
10,67108640
10,67108644
10,67108648
10,67108649
11,67104308
11,67104795
11,67104808
11,67104810
11,67104813
11,67104814
11,67104817
11,67104818
11,67104824
11,67104833
11,67104834
11,67104843
11,67104851
11,67104852
11,67104867
11,67104871
11,67104872
11,67104873
11,67104878
11,67104890
11,67104896
11,67104901
11,67104902
11,67104917
11,67104922
11,67104942
11,67104950
11,67104952
11,67104955
11,67104957
11,67104960
11,67104971
11,67104976
11,67104977
11,67104982
11,67104985
11,67104986
11,67104988
11,67105002
11,67105004
11,67105005
11,67105008
11,67105011
11,67105014
11,67105015
11,67105023
11,67105038
11,67105041
11,67105047
11,67105050
11,67105051
11,67105053
11,67105066
11,67105070
11,67105081
11,67105089
11,67105097
11,67105101
11,67105102
11,67105107
11,67105110
11,67105117
11,67105121
11,67105130
11,67105137
11,67105140
11,67105142
11,67105148
11,67105153
11,67105154
11,67105156
11,67105159
11,67105169
11,67105172
11,67105181
11,67105185
11,67105190
11,67105193
11,67105194
11,67105199
11,67105200
11,67105215
11,67105217
11,67105218
11,67105227
11,67105229
11,67105239
11,67105242
11,67105245
11,67105253
11,67105255
11,67105259
11,67105268
11,67105274
11,67105280
11,67105284
11,67105290
11,67105295
11,67105296
11,67105866
11,67105875
11,67105885
11,67105912
11,67105926
11,67105991
11,67106086
11,67106126
11,67106131
11,67106156
11,67106236
11,67106265
11,67106302
11,67106364
11,67106466
11,67106487
11,67106543
11,67106571
11,67106575
11,67106588
11,67106604
11,67106623
11,67106757
11,67106768
11,67106784
11,67106785
11,67106859
11,67106864
11,67106907
11,67107089
11,67107105
11,67107135
11,67107155
11,67107183
11,67107212
11,67107217
11,67107306
11,67107307
11,67107327
11,67107472
11,67107476
11,67107490
11,67107517
11,67107527
11,67107545
11,67107555
11,67107577
11,67107611
11,67107616
11,67107644
11,67107656
11,67107657
11,67107669
11,67107677
11,67107678
11,67107684
11,67107720
11,67107727
11,67107759
11,67107761
11,67107772
11,67107773
11,67107776
11,67107777
11,67107778
11,67108233
11,67108234
11,67108239
11,67108245
11,67108249
11,67108257
11,67108260
11,67108266
11,67108276
11,67108279
11,67108297
11,67108305
11,67108306
11,67108307
11,67108313
11,67108316
11,67108318
11,67108323
11,67108326
11,67108329
11,67108333
11,67108335
11,67108336
11,67108340
11,67108349
11,67108380
11,67108382
11,67108383
11,67108385
11,67108392
11,67108398
11,67108405
11,67108406
11,67108415
11,67108425
11,67108429
11,67108443
11,67108449
11,67108457
11,67108461
11,67108462
11,67108464
11,67108466
11,67108492
11,67108500
11,67108506
11,67108512
11,67108516
11,67108520
11,67108522
11,67108526
11,67108529
11,67108531
11,67108549
11,67108552
11,67108558
11,67108562
11,67108563
11,67108567
11,67108570
11,67108574
11,67108575
11,67108577
11,67108579
11,67108583
11,67108585
11,67108589
11,67108598
11,67108604
11,67108606
11,67108607
11,67108609
11,67108613
11,67108614
11,67108615
11,67108618
11,67108632
11,67108633
11,67108636
11,67108645
11,67108653
11,67108657
12,67105062
12,67105071
12,67105072
12,67105096
12,67105098
12,67105186
12,67105191
12,67105247
12,67105248
12,67105261
12,67105266
12,67105273
12,67105310
12,67105352
12,67105433
12,67105435
12,67105495
12,67105514
12,67105531
12,67105635
12,67105668
12,67105744
12,67105784
12,67105797
12,67105812
12,67105820
12,67105827
12,67105852
12,67105907
12,67105909
12,67105951
12,67105954
12,67105962
12,67106023
12,67106046
12,67106052
12,67106056
12,67106078
12,67106100
12,67106101
12,67106114
12,67106121
12,67106145
12,67106169
12,67106189
12,67106196
12,67106201
12,67106214
12,67106233
12,67106254
12,67106275
12,67106286
12,67106329
12,67106330
12,67106334
12,67106337
12,67106348
12,67106367
12,67106391
12,67106407
12,67106410
12,67106436
12,67106469
12,67106470
12,67106477
12,67106493
12,67106503
12,67106511
12,67106536
12,67106557
12,67106561
12,67106563
12,67106566
12,67106569
12,67106586
12,67106599
12,67106607
12,67106609
12,67106616
12,67106620
12,67106622
12,67106629
12,67106654
12,67106681
12,67106697
12,67106734
12,67106739
12,67106746
12,67106754
12,67106770
12,67106772
12,67106797
12,67106805
12,67106808
12,67106826
12,67106850
12,67106872
12,67106884
12,67106890
12,67106920
12,67106922
12,67106948
12,67106954
12,67106966
12,67106969
12,67106997
12,67107001
12,67107051
12,67107117
12,67107132
12,67107145
12,67107154
12,67107173
12,67107177
12,67107195
12,67107198
12,67107204
12,67107222
12,67107224
12,67107227
12,67107244
12,67107257
12,67107265
12,67107267
12,67107277
12,67107279
12,67107280
12,67107282
12,67107283
12,67107296
12,67107300
12,67107301
12,67107326
12,67107337
12,67107374
12,67107389
12,67107399
12,67107401
12,67107408
12,67107427
12,67107435
12,67107437
12,67107452
12,67107455
12,67107458
12,67107464
12,67107465
12,67107466
12,67107468
12,67107485
12,67107487
12,67107493
12,67107505
12,67107518
12,67107520
12,67107538
12,67107547
12,67107550
12,67107553
12,67107561
12,67107564
12,67107566
12,67107573
12,67107574
12,67107585
12,67107588
12,67107590
12,67107599
12,67107601
12,67107607
12,67107610
12,67107612
12,67107628
12,67107630
12,67107633
12,67107640
12,67107642
12,67107646
12,67107650
12,67107655
12,67107674
12,67107679
12,67107680
12,67107686
12,67107700
12,67107717
12,67107719
12,67107722
12,67107730
12,67107735
12,67107745
12,67107748
12,67107749
12,67107754
12,67107760
12,67107767
12,67108231
12,67108236
12,67108237
12,67108241
12,67108254
12,67108265
12,67108268
12,67108269
12,67108280
12,67108290
12,67108292
12,67108294
12,67108314
12,67108321
12,67108325
12,67108327
12,67108328
12,67108337
12,67108339
12,67108341
12,67108346
12,67108350
12,67108357
12,67108364
12,67108366
12,67108371
12,67108374
12,67108376
12,67108381
12,67108402
12,67108413
12,67108434
12,67108437
12,67108441
12,67108445
12,67108447
12,67108448
12,67108454
12,67108465
12,67108476
12,67108484
12,67108485
12,67108504
12,67108508
12,67108527
12,67108534
12,67108537
12,67108539
12,67108541
12,67108564
12,67108565
12,67108593
12,67108623
12,67108639
12,67108654
12,67108660
13,67104433
13,67104803
13,67104866
13,67104953
13,67104968
13,67105094
13,67105135
13,67105317
13,67105319
13,67105330
13,67105344
13,67105363
13,67105376
13,67105380
13,67105461
13,67105488
13,67105502
13,67105520
13,67105557
13,67105586
13,67105699
13,67105708
13,67105821
13,67105832
13,67105851
13,67105876
13,67106050
13,67106116
13,67106119
13,67106148
13,67106183
13,67106215
13,67106234
13,67106250
13,67106258
13,67106296
13,67106309
13,67106362
13,67106463
13,67106520
13,67106541
13,67106665
13,67106666
13,67106691
13,67106711
13,67106724
13,67106742
13,67106769
13,67106820
13,67106822
13,67106831
13,67106835
13,67106837
13,67106848
13,67106860
13,67106862
13,67106868
13,67106873
13,67106879
13,67106881
13,67106893
13,67106981
13,67106984
13,67106998
13,67107003
13,67107004
13,67107013
13,67107019
13,67107023
13,67107040
13,67107118
13,67107139
13,67107165
13,67107181
13,67107188
13,67107201
13,67107206
13,67107214
13,67107240
13,67107242
13,67107246
13,67107253
13,67107256
13,67107264
13,67107266
13,67107285
13,67107286
13,67107289
13,67107299
13,67107317
13,67107322
13,67107329
13,67107340
13,67107345
13,67107359
13,67107377
13,67107385
13,67107391
13,67107392
13,67107398
13,67107403
13,67107411
13,67107412
13,67107413
13,67107420
13,67107421
13,67107428
13,67107429
13,67107432
13,67107449
13,67107457
13,67107460
13,67107481
13,67107482
13,67107483
13,67107492
13,67107511
13,67107516
13,67107519
13,67107521
13,67107523
13,67107525
13,67107529
13,67107532
13,67107534
13,67107540
13,67107542
13,67107543
13,67107548
13,67107551
13,67107554
13,67107557
13,67107567
13,67107569
13,67107570
13,67107571
13,67107572
13,67107583
13,67107587
13,67107589
13,67107592
13,67107594
13,67107595
13,67107596
13,67107597
13,67107600
13,67107602
13,67107606
13,67107614
13,67107622
13,67107631
13,67107635
13,67107636
13,67107638
13,67107641
13,67107659
13,67107662
13,67107663
13,67107665
13,67107666
13,67107682
13,67107703
13,67107706
13,67107707
13,67107709
13,67107711
13,67107724
13,67107726
13,67107736
13,67107737
13,67107741
13,67107751
13,67107764
13,67107769
13,67107782
13,67108238
13,67108240
13,67108251
13,67108256
13,67108258
13,67108273
13,67108275
13,67108286
13,67108293
13,67108299
13,67108300
13,67108319
13,67108330
13,67108331
13,67108338
13,67108343
13,67108344
13,67108347
13,67108348
13,67108352
13,67108353
13,67108355
13,67108361
13,67108369
13,67108370
13,67108373
13,67108377
13,67108379
13,67108393
13,67108396
13,67108404
13,67108417
13,67108419
13,67108421
13,67108422
13,67108426
13,67108430
13,67108436
13,67108438
13,67108444
13,67108450
13,67108458
13,67108467
13,67108472
13,67108473
13,67108479
13,67108489
13,67108491
13,67108493
13,67108496
13,67108503
13,67108505
13,67108513
13,67108515
13,67108523
13,67108533
13,67108538
13,67108542
13,67108543
13,67108557
13,67108561
13,67108566
13,67108569
13,67108588
13,67108603
13,67108612
13,67108617
13,67108635
13,67108641
13,67108642
13,67108655
14,67104134
14,67104135
14,67104136
14,67104137
14,67104138
14,67104139
14,67104263
14,67104264
14,67104265
14,67104266
14,67104267
14,67104268
14,67104314
14,67104521
14,67104522
14,67104523
14,67104524
14,67104525
14,67104526
14,67107667
14,67107673
14,67107675
14,67107685
14,67107691
14,67107704
14,67107713
14,67107715
14,67107716
14,67107723
14,67107734
14,67107738
14,67107739
14,67107747
14,67107753
14,67107979
14,67107980
14,67107981
14,67107982
14,67107983
14,67107984
14,67107985
14,67107986
14,67107987
14,67107988
14,67107989
14,67107990
14,67107991
14,67107992
14,67107993
14,67107994
14,67107995
14,67107996
14,67107997
14,67107998
14,67107999
14,67108000
14,67108001
14,67108002
14,67108003
14,67108004
14,67108005
14,67108006
14,67108007
14,67108008
14,67108009
14,67108010
14,67108011
14,67108012
14,67108013
14,67108014
14,67108015
14,67108016
14,67108017
14,67108018
14,67108019
14,67108020
14,67108021
14,67108022
14,67108023
14,67108024
14,67108025
14,67108026
14,67108027
14,67108028
14,67108029
14,67108030
14,67108031
14,67108032
14,67108033
14,67108034
14,67108035
14,67108036
14,67108037
14,67108038
14,67108039
14,67108040
14,67108041
14,67108042
14,67108043
14,67108044
14,67108045
14,67108046
14,67108047
14,67108048
14,67108049
14,67108050
14,67108051
14,67108052
14,67108053
14,67108054
14,67108055
14,67108056
14,67108057
14,67108058
14,67108059
14,67108060
14,67108061
14,67108062
14,67108063
14,67108064
14,67108065
14,67108066
14,67108067
14,67108068
14,67108069
14,67108070
14,67108071
14,67108072
14,67108073
14,67108074
14,67108075
14,67108076
14,67108077
14,67108078
14,67108079
14,67108080
14,67108081
14,67108082
14,67108083
14,67108084
14,67108085
14,67108086
14,67108087
14,67108088
14,67108089
14,67108090
14,67108091
14,67108092
14,67108093
14,67108094
14,67108095
14,67108096
14,67108097
14,67108098
14,67108099
14,67108100
14,67108101
14,67108102
14,67108103
14,67108104
14,67108105
14,67108106
14,67108107
14,67108108
14,67108109
14,67108110
14,67108111
14,67108112
14,67108113
14,67108114
14,67108115
14,67108116
14,67108117
14,67108118
14,67108119
14,67108120
14,67108121
14,67108122
14,67108123
14,67108124
14,67108125
14,67108126
14,67108127
14,67108128
14,67108129
14,67108130
14,67108131
14,67108132
14,67108133
14,67108134
14,67108135
14,67108136
14,67108137
14,67108138
14,67108139
14,67108140
14,67108141
14,67108142
14,67108143
14,67108144
14,67108145
14,67108146
14,67108147
14,67108148
14,67108149
14,67108150
14,67108151
14,67108152
14,67108153
14,67108154
14,67108155
14,67108156
14,67108157
14,67108158
14,67108159
14,67108160
14,67108161
14,67108162
14,67108163
14,67108164
14,67108165
14,67108166
14,67108167
14,67108168
14,67108169
14,67108170
14,67108171
14,67108172
14,67108173
14,67108174
14,67108175
14,67108176
14,67108177
14,67108178
14,67108179
14,67108180
14,67108181
14,67108182
14,67108183
14,67108184
14,67108185
14,67108186
14,67108187
14,67108188
14,67108189
14,67108317
14,67108772
14,67108773
14,67108774
14,67108775
14,67108776
14,67108777
15,67104300
15,67104791
15,67104798
15,67104846
15,67104853
15,67104855
15,67104865
15,67104880
15,67104897
15,67104900
15,67104908
15,67104914
15,67104919
15,67104923
15,67104934
15,67104956
15,67104969
15,67104972
15,67105001
15,67105054
15,67105076
15,67105084
15,67105114
15,67105126
15,67105131
15,67105147
15,67105157
15,67105158
15,67105168
15,67105174
15,67105192
15,67105198
15,67105238
15,67105277
15,67105279
15,67105288
15,67105291
15,67105300
15,67105316
15,67105323
15,67105340
15,67105365
15,67105366
15,67105383
15,67105384
15,67105393
15,67105396
15,67105405
15,67105417
15,67105453
15,67105471
15,67105504
15,67105507
15,67105529
15,67105548
15,67105552
15,67105563
15,67105566
15,67105575
15,67105585
15,67105600
15,67105608
15,67105644
15,67105658
15,67105673
15,67105675
15,67105680
15,67105686
15,67105687
15,67105690
15,67105695
15,67105697
15,67105718
15,67105743
15,67105746
15,67105747
15,67105752
15,67105757
15,67105771
15,67105787
15,67105793
15,67105805
15,67105810
15,67105846
15,67105854
15,67105872
15,67105880
15,67105886
15,67105889
15,67105894
15,67105896
15,67105901
15,67105911
15,67105914
15,67105927
15,67105931
15,67105936
15,67105942
15,67105963
15,67105966
15,67105969
15,67105976
15,67105985
15,67105997
15,67106009
15,67106028
15,67106065
15,67106072
15,67106093
15,67106103
15,67106108
15,67106122
15,67106127
15,67106128
15,67106177
15,67106184
15,67106205
15,67106208
15,67106253
15,67106263
15,67106267
15,67106269
15,67106272
15,67106277
15,67106299
15,67106300
15,67106304
15,67106331
15,67106333
15,67106340
15,67106343
15,67106349
15,67106368
15,67106387
15,67106406
15,67106411
15,67106443
15,67106448
15,67106451
15,67106475
15,67106505
15,67106508
15,67106515
15,67106530
15,67106544
15,67106551
15,67106568
15,67106585
15,67106602
15,67106605
15,67106626
15,67106630
15,67106633
15,67106637
15,67106640
15,67106644
15,67106645
15,67106651
15,67106663
15,67106692
15,67106696
15,67106699
15,67106713
15,67106717
15,67106725
15,67106744
15,67106750
15,67106761
15,67106776
15,67106777
15,67106803
15,67106809
15,67106843
15,67106854
15,67106882
15,67106934
15,67106942
15,67106945
15,67106960
15,67106965
15,67107017
15,67107033
15,67107070
15,67107081
15,67107088
15,67107098
15,67107100
15,67107103
15,67107112
15,67107116
15,67107127
15,67107137
15,67107140
15,67107144
15,67107148
15,67107151
15,67107167
15,67107172
15,67107216
15,67107241
15,67107254
15,67107269
15,67107274
15,67107291
15,67107302
15,67107315
15,67107333
15,67107349
15,67107362
15,67107369
15,67107395
15,67107415
15,67107424
15,67107425
15,67107441
15,67107470
15,67107478
15,67107480
15,67107488
15,67107497
15,67107501
15,67107507
15,67107509
15,67107524
15,67107530
15,67107531
15,67107637
15,67107648
15,67107687
15,67107692
15,67107718
15,67107733
15,67107752
15,67108252
15,67108285
15,67108295
15,67108298
15,67108309
15,67108391
15,67108412
15,67108477
15,67108478
15,67108514
15,67108521
15,67108532
15,67108545
16,67104850
16,67104905
16,67104906
16,67104941
16,67104949
16,67104958
16,67104992
16,67105012
16,67105016
16,67105024
16,67105155
16,67105270
16,67105275
16,67105347
16,67105371
16,67105373
16,67105381
16,67105390
16,67105403
16,67105407
16,67105419
16,67105460
16,67105467
16,67105468
16,67105472
16,67105572
16,67105626
16,67105776
16,67105804
16,67105882
16,67105918
16,67105943
16,67106022
16,67106036
16,67106038
16,67106063
16,67106104
16,67106171
16,67106187
16,67106193
16,67106356
16,67106360
16,67106370
16,67106404
16,67106464
16,67106552
16,67106583
16,67106595
16,67106627
16,67106634
16,67106638
16,67106668
16,67106672
16,67106709
16,67106775
16,67106792
16,67106964
16,67106978
16,67107037
16,67107058
16,67107086
16,67107152
16,67107168
16,67107178
16,67107184
16,67107208
16,67107223
16,67107309
16,67107346
16,67107402
16,67107431
16,67107436
16,67107446
16,67107580
16,67107647
16,67107731
16,67108235
16,67108247
16,67108301
16,67108324
16,67108480
16,67108535
16,67108608
16,67108630
16,67108658
