1,191
1,192
1,67104028
1,67104029
1,67104030
1,67104031
1,67104157
1,67104158
1,67104159
1,67104160
1,67104286
1,67104287
1,67104288
1,67104289
1,67104415
1,67104416
1,67104417
1,67104418
1,67104543
1,67104544
1,67104545
1,67104546
1,67104547
1,67104548
1,67104549
1,67104550
1,67104551
1,67104552
1,67104553
1,67104554
1,67104555
1,67104556
1,67104557
1,67104558
1,67104559
1,67104560
1,67104561
1,67104562
1,67104563
1,67104564
1,67104565
1,67104566
1,67104567
1,67104568
1,67104569
1,67104570
1,67104571
1,67104572
1,67104573
1,67104574
1,67104575
1,67104576
1,67104577
1,67104578
1,67104579
1,67104580
1,67104581
1,67104582
1,67104583
1,67104584
1,67104585
1,67104586
1,67104587
1,67104588
1,67104589
1,67104590
1,67104591
1,67104592
1,67104593
1,67104594
1,67104595
1,67104596
1,67104597
1,67104598
1,67104599
1,67104600
1,67104601
1,67104602
1,67104603
1,67104604
1,67104605
1,67104606
1,67104607
1,67104608
1,67104609
1,67104610
1,67104611
1,67104612
1,67104613
1,67104614
1,67104615
1,67104616
1,67104617
1,67104618
1,67104619
1,67104620
1,67104621
1,67104622
1,67104623
1,67104624
1,67104625
1,67104626
1,67104627
1,67104628
1,67104629
1,67104630
1,67104631
1,67104632
1,67104633
1,67104634
1,67104635
1,67104636
1,67104637
1,67104638
1,67104639
1,67104640
1,67104641
1,67104642
1,67104643
1,67104644
1,67104645
1,67104646
1,67104647
1,67104648
1,67104649
1,67104650
1,67104651
1,67104652
1,67104653
1,67104654
1,67104655
1,67104656
1,67104657
1,67104658
1,67104659
1,67104660
1,67104661
1,67104662
1,67104663
1,67104664
1,67104665
1,67104666
1,67104667
1,67104668
1,67104669
1,67104670
1,67104671
1,67104672
1,67104673
1,67104674
1,67104675
1,67104676
1,67104677
1,67104678
1,67104679
1,67104680
1,67104681
1,67104682
1,67104683
1,67104684
1,67104685
1,67104686
1,67104687
1,67104688
1,67104689
1,67104690
1,67104691
1,67104692
1,67104693
1,67104694
1,67104695
1,67104696
1,67104697
1,67104698
1,67104699
1,67104700
1,67104701
1,67104702
1,67104703
1,67104704
1,67104705
1,67104706
1,67104707
1,67104708
1,67104709
1,67104710
1,67104711
1,67104712
1,67104713
1,67104714
1,67104715
1,67104716
1,67104717
1,67104718
1,67104719
1,67104720
1,67104721
1,67104722
1,67104723
1,67104724
1,67104725
1,67104726
1,67104727
1,67104728
1,67104729
1,67104730
1,67104731
1,67104732
1,67104733
1,67104734
1,67104735
1,67104736
1,67104737
1,67104738
1,67104739
1,67104740
1,67104741
1,67104742
1,67104743
1,67104744
1,67104745
1,67104746
1,67104747
1,67104748
1,67104749
1,67104750
1,67104751
1,67104752
1,67104753
1,67104754
1,67104755
1,67104756
1,67104757
1,67104758
1,67104759
1,67104760
1,67104761
1,67104762
1,67104763
1,67104764
1,67104765
1,67104766
1,67104767
1,67104768
1,67104769
1,67104770
1,67104771
1,67104772
1,67104773
1,67104774
1,67104775
1,67104776
1,67104777
1,67104778
1,67104779
1,67104780
1,67104781
1,67104782
1,67104783
1,67104784
1,67104785
1,67104786
1,67104787
1,67108665
1,67108666
1,67108667
1,67108668
1,67108669
1,67108827
1,67108829
1,67108831
1,67108832
1,67108988
1,67109052
3,67104128
3,67104129
3,67104130
3,67104131
3,67104132
3,67104133
3,67104134
3,67104135
3,67104136
3,67104137
3,67104138
3,67104139
3,67104140
3,67104141
3,67104142
3,67104257
3,67104258
3,67104259
3,67104260
3,67104261
3,67104262
3,67104263
3,67104264
3,67104265
3,67104266
3,67104267
3,67104268
3,67104269
3,67104270
3,67104271
3,67104314
3,67104315
3,67104515
3,67104516
3,67104517
3,67104518
3,67104519
3,67104520
3,67104521
3,67104522
3,67104523
3,67104524
3,67104525
3,67104526
3,67104527
3,67104528
3,67104529
3,67107791
3,67107792
3,67107793
3,67107794
3,67107795
3,67107796
3,67107797
3,67107798
3,67107799
3,67107800
3,67107801
3,67107802
3,67107803
3,67107804
3,67107805
3,67107806
3,67107807
3,67107808
3,67107809
3,67107810
3,67107811
3,67107812
3,67107813
3,67107814
3,67107815
3,67107816
3,67107817
3,67107818
3,67107819
3,67107820
3,67107821
3,67107822
3,67107823
3,67107824
3,67107825
3,67107826
3,67107827
3,67107828
3,67107829
3,67107830
3,67107831
3,67107832
3,67107833
3,67107834
3,67107835
3,67107836
3,67107837
3,67107838
3,67107839
3,67107840
3,67107841
3,67107842
3,67107843
3,67107844
3,67107845
3,67107846
3,67107847
3,67107848
3,67107849
3,67107850
3,67107851
3,67107852
3,67107853
3,67107854
3,67107855
3,67107856
3,67107857
3,67107858
3,67107859
3,67107860
3,67107861
3,67107862
3,67107863
3,67107864
3,67107865
3,67107866
3,67107867
3,67107868
3,67107869
3,67107870
3,67107871
3,67107872
3,67107873
3,67107874
3,67107875
3,67107876
3,67107877
3,67107878
3,67107879
3,67107880
3,67107881
3,67107882
3,67107883
3,67107884
3,67107885
3,67107886
3,67107887
3,67107888
3,67107889
3,67107890
3,67107891
3,67107892
3,67107893
3,67107894
3,67107895
3,67107896
3,67107897
3,67107898
3,67107899
3,67107900
3,67107901
3,67107902
3,67107903
3,67107904
3,67107905
3,67107906
3,67107907
3,67107908
3,67107909
3,67107910
3,67107911
3,67107912
3,67107913
3,67107914
3,67107915
3,67107916
3,67107917
3,67107918
3,67107919
3,67107920
3,67107921
3,67107922
3,67107923
3,67107924
3,67107925
3,67107926
3,67107927
3,67107928
3,67107929
3,67107930
3,67107931
3,67107932
3,67107933
3,67107934
3,67107935
3,67107936
3,67107937
3,67107938
3,67107939
3,67107940
3,67107941
3,67107942
3,67107943
3,67107944
3,67107945
3,67107946
3,67107947
3,67107948
3,67107949
3,67107950
3,67107951
3,67107952
3,67107953
3,67107954
3,67107955
3,67107956
3,67107957
3,67107958
3,67107959
3,67107960
3,67107961
3,67107962
3,67107963
3,67107964
3,67107965
3,67107966
3,67107967
3,67107968
3,67107969
3,67107970
3,67107971
3,67107972
3,67107973
3,67107974
3,67107975
3,67107976
3,67107977
3,67107978
3,67107979
3,67107980
3,67107981
3,67107982
3,67107983
3,67107984
3,67107985
3,67107986
3,67107987
3,67107988
3,67107989
3,67107990
3,67107991
3,67107992
3,67107993
3,67107994
3,67107995
3,67107996
3,67107997
3,67107998
3,67107999
3,67108000
3,67108001
3,67108002
3,67108003
3,67108004
3,67108005
3,67108006
3,67108007
3,67108008
3,67108009
3,67108010
3,67108011
3,67108012
3,67108013
3,67108014
3,67108015
3,67108016
3,67108017
3,67108018
3,67108019
3,67108020
3,67108021
3,67108022
3,67108023
3,67108024
3,67108025
3,67108026
3,67108027
3,67108028
3,67108029
3,67108030
3,67108031
3,67108032
3,67108033
3,67108034
3,67108035
3,67108036
3,67108037
3,67108038
3,67108039
3,67108040
3,67108041
3,67108042
3,67108043
3,67108044
3,67108045
3,67108046
3,67108047
3,67108048
3,67108049
3,67108050
3,67108051
3,67108052
3,67108053
3,67108054
3,67108055
3,67108056
3,67108057
3,67108058
3,67108059
3,67108060
3,67108061
3,67108062
3,67108063
3,67108064
3,67108065
3,67108066
3,67108067
3,67108068
3,67108069
3,67108070
3,67108071
3,67108072
3,67108073
3,67108074
3,67108075
3,67108076
3,67108077
3,67108078
3,67108079
3,67108080
3,67108081
3,67108082
3,67108083
3,67108084
3,67108085
3,67108086
3,67108087
3,67108088
3,67108089
3,67108090
3,67108091
3,67108092
3,67108093
3,67108094
3,67108095
3,67108096
3,67108097
3,67108098
3,67108099
3,67108100
3,67108101
3,67108102
3,67108103
3,67108104
3,67108105
3,67108106
3,67108107
3,67108108
3,67108109
3,67108110
3,67108111
3,67108112
3,67108113
3,67108114
3,67108115
3,67108116
3,67108117
3,67108118
3,67108119
3,67108120
3,67108121
3,67108122
3,67108123
3,67108124
3,67108125
3,67108126
3,67108127
3,67108128
3,67108129
3,67108130
3,67108131
3,67108132
3,67108133
3,67108134
3,67108135
3,67108136
3,67108137
3,67108138
3,67108139
3,67108140
3,67108141
3,67108142
3,67108143
3,67108144
3,67108145
3,67108146
3,67108147
3,67108148
3,67108149
3,67108150
3,67108151
3,67108152
3,67108153
3,67108154
3,67108155
3,67108156
3,67108157
3,67108158
3,67108159
3,67108160
3,67108161
3,67108162
3,67108163
3,67108164
3,67108165
3,67108166
3,67108167
3,67108168
3,67108169
3,67108170
3,67108171
3,67108172
3,67108173
3,67108174
3,67108175
3,67108176
3,67108177
3,67108178
3,67108179
3,67108180
3,67108181
3,67108182
3,67108183
3,67108184
3,67108185
3,67108186
3,67108187
3,67108188
3,67108189
3,67108190
3,67108191
3,67108192
3,67108193
3,67108194
3,67108195
3,67108196
3,67108197
3,67108198
3,67108199
3,67108200
3,67108201
3,67108202
3,67108203
3,67108204
3,67108205
3,67108206
3,67108207
3,67108208
3,67108209
3,67108210
3,67108211
3,67108212
3,67108213
3,67108214
3,67108215
3,67108216
3,67108217
3,67108218
3,67108219
3,67108220
3,67108221
3,67108222
3,67108223
3,67108224
3,67108225
3,67108226
3,67108227
3,67108228
3,67108229
3,67108765
3,67108766
3,67108767
3,67108768
3,67108769
3,67108770
3,67108771
3,67108772
3,67108773
3,67108774
3,67108775
3,67108776
3,67108777
3,67108778
3,67108779
4,67104127
4,67104256
4,67104514
4,67107783
4,67107784
4,67107785
4,67107786
4,67107787
4,67107788
4,67107789
4,67107790
5,131251
5,131252
5,131258
5,131259
5,131260
5,67104032
5,67104033
5,67104034
5,67104035
5,67104036
5,67104037
5,67104038
5,67104039
5,67104040
5,67104041
5,67104042
5,67104043
5,67104044
5,67104045
5,67104046
5,67104047
5,67104048
5,67104049
5,67104050
5,67104051
5,67104052
5,67104053
5,67104054
5,67104055
5,67104056
5,67104057
5,67104058
5,67104059
5,67104060
5,67104061
5,67104062
5,67104063
5,67104064
5,67104065
5,67104066
5,67104067
5,67104068
5,67104069
5,67104070
5,67104071
5,67104072
5,67104073
5,67104074
5,67104075
5,67104076
5,67104077
5,67104078
5,67104079
5,67104080
5,67104081
5,67104082
5,67104083
5,67104084
5,67104085
5,67104086
5,67104087
5,67104088
5,67104089
5,67104090
5,67104091
5,67104092
5,67104093
5,67104094
5,67104095
5,67104096
5,67104097
5,67104098
5,67104099
5,67104100
5,67104101
5,67104102
5,67104103
5,67104104
5,67104105
5,67104106
5,67104107
5,67104108
5,67104109
5,67104110
5,67104111
5,67104112
5,67104113
5,67104114
5,67104115
5,67104116
5,67104117
5,67104118
5,67104119
5,67104120
5,67104121
5,67104122
5,67104123
5,67104124
5,67104125
5,67104126
5,67104143
5,67104144
5,67104145
5,67104146
5,67104147
5,67104148
5,67104149
5,67104150
5,67104151
5,67104152
5,67104153
5,67104154
5,67104155
5,67104161
5,67104162
5,67104163
5,67104164
5,67104165
5,67104166
5,67104167
5,67104168
5,67104169
5,67104170
5,67104171
5,67104173
5,67104174
5,67104175
5,67104176
5,67104177
5,67104178
5,67104179
5,67104180
5,67104181
5,67104182
5,67104183
5,67104184
5,67104185
5,67104186
5,67104187
5,67104188
5,67104189
5,67104190
5,67104193
5,67104198
5,67104203
5,67104204
5,67104212
5,67104230
5,67104235
5,67104244
5,67104248
5,67104272
5,67104440
5,67104799
5,67104916
5,67105007
5,67105064
5,67105272
5,67105311
5,67105313
5,67105338
5,67105341
5,67105342
5,67105361
5,67105367
5,67105382
5,67105386
5,67105413
5,67105418
5,67105424
5,67105447
5,67105465
5,67105469
5,67105489
5,67105499
5,67105505
5,67105515
5,67105518
5,67105519
5,67105525
5,67105532
5,67105537
5,67105538
5,67105544
5,67105545
5,67105562
5,67105564
5,67105567
5,67105579
5,67105582
5,67105591
5,67105594
5,67105607
5,67105609
5,67105613
5,67105615
5,67105621
5,67105622
5,67105624
5,67105629
5,67105630
5,67105632
5,67105637
5,67105638
5,67105651
5,67105652
5,67105653
5,67105654
5,67105660
5,67105661
5,67105662
5,67105664
5,67105672
5,67105678
5,67105679
5,67105682
5,67105689
5,67105692
5,67108670
5,67108671
5,67108672
5,67108673
5,67108674
5,67108675
5,67108676
5,67108677
5,67108678
5,67108679
5,67108680
5,67108681
5,67108682
5,67108683
5,67108684
5,67108685
5,67108686
5,67108687
5,67108688
5,67108689
5,67108690
5,67108691
5,67108692
5,67108693
5,67108694
5,67108695
5,67108696
5,67108697
5,67108698
5,67108699
5,67108701
5,67108707
5,67108721
5,67108738
5,67108752
5,67108757
5,67108782
5,67108785
6,67104172
6,67104191
6,67104192
6,67104195
6,67104197
6,67104199
6,67104201
6,67104205
6,67104206
6,67104207
6,67104208
6,67104210
6,67104211
6,67104214
6,67104215
6,67104217
6,67104218
6,67104220
6,67104222
6,67104223
6,67104224
6,67104225
6,67104227
6,67104228
6,67104229
6,67104231
6,67104232
6,67104233
6,67104234
6,67104236
6,67104237
6,67104238
6,67104239
6,67104240
6,67104241
6,67104242
6,67104243
6,67104245
6,67104247
6,67104249
6,67104250
6,67104251
6,67104252
6,67104253
6,67104254
6,67104273
6,67104274
6,67104276
6,67104277
6,67104278
6,67104279
6,67104280
6,67104281
6,67104282
6,67104283
6,67104284
6,67104789
6,67104790
6,67104793
6,67104794
6,67104797
6,67104804
6,67104816
6,67104822
6,67104823
6,67104829
6,67104835
6,67104836
6,67104838
6,67104839
6,67104840
6,67104842
6,67104845
6,67104849
6,67104854
6,67104859
6,67104874
6,67104875
6,67104881
6,67104884
6,67104887
6,67104889
6,67104894
6,67104899
6,67104903
6,67104911
6,67104912
6,67104929
6,67104931
6,67104938
6,67104946
6,67104947
6,67104965
6,67104974
6,67104975
6,67104979
6,67104981
6,67104987
6,67104997
6,67104999
6,67105000
6,67105009
6,67105017
6,67105026
6,67105035
6,67105040
6,67105048
6,67105057
6,67105058
6,67105060
6,67105074
6,67105078
6,67105079
6,67105088
6,67105090
6,67105092
6,67105099
6,67105100
6,67105104
6,67105105
6,67105127
6,67105129
6,67105132
6,67105136
6,67105144
6,67105170
6,67105175
6,67105176
6,67105177
6,67105183
6,67105188
6,67105202
6,67105213
6,67105220
6,67105236
6,67105244
6,67105251
6,67105258
6,67105267
6,67105271
6,67105281
6,67105285
6,67105303
6,67105327
6,67105328
6,67105331
6,67105333
6,67105334
6,67105339
6,67105346
6,67105350
6,67105355
6,67105364
6,67105374
6,67105377
6,67105394
6,67105398
6,67105399
6,67105406
6,67105409
6,67105425
6,67105426
6,67105434
6,67105437
6,67105439
6,67105444
6,67105448
6,67105452
6,67105454
6,67105455
6,67105477
6,67105486
6,67105493
6,67105497
6,67105640
6,67105723
6,67105738
6,67105799
6,67105928
6,67105964
6,67106259
6,67106303
6,67106394
6,67106641
6,67106953
6,67106982
6,67107022
6,67107056
6,67107191
6,67107324
6,67107615
6,67107661
6,67107728
6,67107774
6,67108435
6,67108453
6,67108554
6,67108700
6,67108702
6,67108704
6,67108706
6,67108708
6,67108710
6,67108711
6,67108712
6,67108713
6,67108714
6,67108715
6,67108716
6,67108717
6,67108718
6,67108719
6,67108720
6,67108723
6,67108724
6,67108726
6,67108727
6,67108728
6,67108732
6,67108733
6,67108734
6,67108736
6,67108737
6,67108739
6,67108740
6,67108741
6,67108742
6,67108743
6,67108744
6,67108745
6,67108746
6,67108747
6,67108748
6,67108749
6,67108750
6,67108751
6,67108753
6,67108754
6,67108755
6,67108756
6,67108758
6,67108759
6,67108760
6,67108761
6,67108762
6,67108763
6,67108780
6,67108781
6,67108783
6,67108786
6,67108787
6,67108789
6,67108790
6,67108791
6,67108792
6,67108793
7,131253
7,131254
7,131257
7,67104194
7,67104196
7,67104200
7,67104202
7,67104209
7,67104213
7,67104216
7,67104219
7,67104221
7,67104226
7,67104246
7,67104255
7,67104275
7,67104311
7,67104869
7,67105360
7,67105523
7,67105584
7,67105618
7,67105649
7,67105655
7,67105659
7,67105700
7,67105710
7,67105711
7,67105715
7,67105716
7,67105724
7,67105732
7,67105741
7,67105750
7,67105761
7,67105768
7,67105772
7,67105774
7,67105781
7,67105783
7,67105788
7,67105789
7,67105798
7,67105800
7,67105809
7,67105816
7,67105823
7,67105828
7,67105829
7,67105836
7,67105840
7,67105845
7,67105850
7,67105853
7,67105857
7,67105877
7,67105883
7,67105893
7,67105899
7,67105903
7,67105908
7,67105910
7,67105919
7,67105922
7,67105947
7,67105955
7,67105970
7,67105973
7,67105978
7,67105979
7,67105994
7,67105995
7,67105998
7,67106017
7,67106020
7,67106075
7,67106082
7,67106085
7,67106094
7,67106098
7,67106106
7,67106133
7,67106134
7,67106140
7,67106144
7,67106149
7,67106150
7,67106157
7,67106166
7,67106173
7,67106186
7,67106199
7,67106213
7,67106222
7,67106227
7,67106229
7,67106231
7,67106244
7,67106246
7,67106248
7,67106264
7,67106276
7,67106289
7,67106301
7,67106307
7,67106323
7,67106325
7,67106327
7,67106332
7,67106336
7,67106341
7,67106373
7,67106375
7,67106385
7,67106388
7,67106397
7,67106401
7,67106402
7,67106422
7,67106427
7,67106428
7,67106452
7,67106455
7,67106459
7,67106462
7,67106471
7,67106488
7,67106489
7,67106502
7,67106504
7,67106527
7,67106533
7,67106537
7,67106558
7,67106562
7,67106564
7,67106576
7,67106581
7,67106606
7,67106610
7,67106628
7,67106631
7,67106636
7,67106646
7,67106678
7,67106684
7,67106693
7,67106705
7,67106706
7,67106712
7,67106721
7,67106727
7,67106763
7,67106767
7,67106781
7,67106782
7,67106794
7,67106795
7,67106798
7,67106825
7,67106827
7,67106841
7,67106842
7,67106856
7,67106863
7,67106866
7,67106871
7,67106892
7,67106895
7,67106913
7,67106915
7,67106919
7,67106921
7,67106927
7,67106931
7,67106936
7,67106937
7,67106946
7,67106947
7,67106949
7,67106958
7,67106959
7,67106967
7,67106971
7,67106972
7,67106973
7,67106974
7,67106975
7,67106979
7,67106987
7,67106993
7,67106994
7,67106996
7,67107006
7,67107007
7,67107008
7,67107010
7,67107020
7,67107029
7,67107031
7,67107034
7,67107035
7,67107039
7,67107042
7,67107044
7,67107046
7,67107052
7,67107055
7,67107061
7,67107064
7,67107069
7,67107072
7,67107075
7,67107078
7,67107082
7,67107083
7,67107084
7,67107085
7,67107094
7,67107109
7,67107125
7,67107126
7,67108387
7,67108483
7,67108703
7,67108705
7,67108709
7,67108722
7,67108725
7,67108729
7,67108730
7,67108731
7,67108735
7,67108764
7,67108784
7,67108788
