1379256614,67104543
1379256614,67104544
1379256614,67104545
1379256614,67104546
1379256614,67104547
1379256614,67104548
1379256614,67104549
1379256614,67104550
1379256614,67104551
1379256614,67104552
1379256614,67104553
1379256614,67104554
1379256614,67104555
1379256614,67104556
1379256614,67104557
1379256614,67104558
1379256614,67104562
1379256614,67104565
1379256614,67104566
1379256614,67104567
1379256614,67104568
1379256614,67104570
1379256614,67104571
1379256614,67104572
1379256614,67104575
1379256614,67104576
1379256614,67104577
1379256614,67104578
1379256614,67104580
1379256614,67104582
1379256614,67104583
1379256614,67104584
1379256614,67104587
1379256614,67104589
1379256614,67104590
1379256614,67104591
1379256614,67104594
1379256614,67104595
1379256614,67104596
1379256614,67104597
1379256614,67104598
1379256614,67104600
1379256614,67104601
1379256614,67104603
1379256614,67104604
1379256614,67104606
1379256614,67104609
1379256614,67104610
1379256614,67104612
1379256614,67104613
1379256614,67104614
1379256614,67104615
1379256614,67104616
1379256614,67104619
1379256614,67104620
1379256614,67104622
1379256614,67104623
1379256614,67104624
1379256614,67104625
1379256614,67104626
1379256614,67104627
1379256614,67104628
1379256614,67104629
1379256614,67104630
1379256614,67104631
1379256614,67104632
1379256614,67104633
1379256614,67104634
1379256614,67104636
1379256614,67104637
1379256614,67104640
1379256614,67104642
1379256614,67104643
1379256614,67104644
1379256614,67104646
1379256614,67104647
1379256614,67104649
1379256614,67104650
1379256614,67104651
1379256614,67104654
1379256614,67104655
1379256614,67104656
1379256614,67104657
1379256614,67104658
1379256614,67104659
1379256614,67104660
1379256614,67104661
1379256614,67104662
1379256614,67104663
1379256614,67104664
1379256614,67104665
1379256614,67104666
1379256614,67104667
1379256614,67104668
1379256614,67104669
1379256614,67104902
42756955034,67104028
42756955034,67104029
42756955034,67104030
42756955034,67104031
42756955034,67104032
42756955034,67104033
42756955034,67104034
42756955034,67104035
42756955034,67104036
42756955034,67104037
42756955034,67104038
42756955034,67104039
42756955034,67104040
42756955034,67104041
42756955034,67104042
42756955034,67104043
42756955034,67104044
42756955034,67104045
42756955034,67104048
42756955034,67104050
42756955034,67104053
42756955034,67104054
42756955034,67104055
42756955034,67104056
42756955034,67104057
42756955034,67104058
42756955034,67104059
42756955034,67104060
42756955034,67104062
42756955034,67104064
42756955034,67104065
42756955034,67104067
42756955034,67104068
42756955034,67104069
42756955034,67104070
42756955034,67104071
42756955034,67104072
42756955034,67104074
42756955034,67104075
42756955034,67104076
42756955034,67104077
42756955034,67104078
42756955034,67104079
42756955034,67104082
42756955034,67104083
42756955034,67104085
42756955034,67104086
42756955034,67104088
42756955034,67104089
42756955034,67104091
42756955034,67104092
42756955034,67104093
42756955034,67104095
42756955034,67104097
42756955034,67104098
42756955034,67104099
42756955034,67104101
42756955034,67104103
42756955034,67104104
42756955034,67104106
42756955034,67104107
42756955034,67104108
42756955034,67104109
42756955034,67104112
42756955034,67104113
42756955034,67104115
42756955034,67104117
42756955034,67104118
42756955034,67104120
42756955034,67104121
42756955034,67104122
42756955034,67104123
42756955034,67104124
42756955034,67104125
42756955034,67104128
42756955034,67104129
42756955034,67104131
42756955034,67104132
42756955034,67104133
42756955034,67104136
42756955034,67104137
42756955034,67104138
42756955034,67104140
42756955034,67104141
42756955034,67104146
42756955034,67104147
42756955034,67104148
42756955034,67104149
42756955034,67104150
42756955034,67104152
42756955034,67104153
42756955034,67104157
42756955034,67104158
42756955034,67104160
42756955034,67104161
42756955034,67107061
42756955034,67107117
42756955034,67107148
42756955034,67107709
42756955034,67107894
42756955034,67107920
42756955034,67108011
42756955034,67108666
42756955034,67108667
42756955034,67108668
42756955034,67108670
42756955034,67108671
84134653454,131252
84134653454,131257
84134653454,67104215
84134653454,67104224
84134653454,67104278
84134653454,67104432
84134653454,67104909
84134653454,67104920
84134653454,67104927
84134653454,67104935
84134653454,67104936
84134653454,67104952
84134653454,67104954
84134653454,67104957
84134653454,67104960
84134653454,67104968
84134653454,67104970
84134653454,67104975
84134653454,67104976
84134653454,67104978
84134653454,67104979
84134653454,67104982
84134653454,67104985
84134653454,67104987
84134653454,67104992
84134653454,67105002
84134653454,67105004
84134653454,67105014
84134653454,67105018
84134653454,67105028
84134653454,67105031
84134653454,67105033
84134653454,67105038
84134653454,67105060
84134653454,67105062
84134653454,67105067
84134653454,67105073
84134653454,67105083
84134653454,67105087
84134653454,67105090
84134653454,67105096
84134653454,67105102
84134653454,67105113
84134653454,67105117
84134653454,67105119
84134653454,67105132
84134653454,67105144
84134653454,67105157
84134653454,67105170
84134653454,67105173
84134653454,67105182
84134653454,67105183
84134653454,67105188
84134653454,67105194
84134653454,67105203
84134653454,67105219
84134653454,67105224
84134653454,67105226
84134653454,67105230
84134653454,67105250
84134653454,67105251
84134653454,67105253
84134653454,67105257
84134653454,67105267
84134653454,67105277
84134653454,67105306
84134653454,67105310
84134653454,67105313
84134653454,67105316
84134653454,67105321
84134653454,67105328
84134653454,67105338
84134653454,67105340
84134653454,67105342
84134653454,67105356
84134653454,67105360
84134653454,67105362
84134653454,67105364
84134653454,67105366
84134653454,67105374
84134653454,67105403
84134653454,67105418
84134653454,67105420
84134653454,67105424
84134653454,67105442
84134653454,67105453
84134653454,67105454
84134653454,67105457
84134653454,67105468
84134653454,67105486
84134653454,67105488
84134653454,67105495
84134653454,67105505
84134653454,67105520
84134653454,67105524
84134653454,67105526
84134653454,67105533
84134653454,67105546
84134653454,67105550
84134653454,67105551
84134653454,67105556
84134653454,67105564
84134653454,67105580
84134653454,67105611
84134653454,67105612
84134653454,67105615
84134653454,67105637
84134653454,67105661
84134653454,67105662
84134653454,67105670
84134653454,67105672
84134653454,67105684
84134653454,67105691
84134653454,67105696
84134653454,67105712
84134653454,67105713
84134653454,67105724
84134653454,67105730
84134653454,67105746
84134653454,67105749
84134653454,67105761
84134653454,67105766
84134653454,67105768
84134653454,67105775
84134653454,67105779
84134653454,67105783
84134653454,67105794
84134653454,67105808
84134653454,67105827
84134653454,67105828
84134653454,67105829
84134653454,67105831
84134653454,67105835
84134653454,67105844
84134653454,67105864
84134653454,67105872
84134653454,67105879
84134653454,67105910
84134653454,67105951
84134653454,67105983
84134653454,67105984
84134653454,67105985
84134653454,67105995
84134653454,67105998
84134653454,67106006
84134653454,67106015
84134653454,67106017
84134653454,67106018
84134653454,67106033
84134653454,67106034
84134653454,67106035
84134653454,67106038
84134653454,67106039
84134653454,67106044
84134653454,67106220
84134653454,67106240
84134653454,67106241
84134653454,67106249
84134653454,67106260
84134653454,67106382
84134653454,67106414
84134653454,67106442
84134653454,67106464
84134653454,67106465
84134653454,67106496
84134653454,67106550
84134653454,67106552
84134653454,67106556
84134653454,67106636
84134653454,67106726
84134653454,67106759
84134653454,67106783
84134653454,67106881
84134653454,67106883
84134653454,67106961
84134653454,67107022
84134653454,67108725
84134653454,67108766
