1379256614,67104543
1379256614,67104544
1379256614,67104545
1379256614,67104546
1379256614,67104547
1379256614,67104548
1379256614,67104549
1379256614,67104550
1379256614,67104551
1379256614,67104552
1379256614,67104553
1379256614,67104554
1379256614,67104555
1379256614,67104556
1379256614,67104557
1379256614,67104558
1379256614,67104562
1379256614,67104565
1379256614,67104566
1379256614,67104567
1379256614,67104568
1379256614,67104570
1379256614,67104571
1379256614,67104572
1379256614,67104575
1379256614,67104576
1379256614,67104577
1379256614,67104578
1379256614,67104580
1379256614,67104582
1379256614,67104583
1379256614,67104584
1379256614,67104587
1379256614,67104589
1379256614,67104590
1379256614,67104591
1379256614,67104594
1379256614,67104595
1379256614,67104596
1379256614,67104597
1379256614,67104598
1379256614,67104600
1379256614,67104601
1379256614,67104603
1379256614,67104604
1379256614,67104606
1379256614,67104609
1379256614,67104610
1379256614,67104612
1379256614,67104613
1379256614,67104614
1379256614,67104615
1379256614,67104616
1379256614,67104619
1379256614,67104620
1379256614,67104622
1379256614,67104623
1379256614,67104624
1379256614,67104625
1379256614,67104626
1379256614,67104627
1379256614,67104628
1379256614,67104629
1379256614,67104630
1379256614,67104631
1379256614,67104632
1379256614,67104633
1379256614,67104634
1379256614,67104636
1379256614,67104637
1379256614,67104640
1379256614,67104642
1379256614,67104643
1379256614,67104644
1379256614,67104646
1379256614,67104647
1379256614,67104649
1379256614,67104650
1379256614,67104651
1379256614,67104654
1379256614,67104655
1379256614,67104656
1379256614,67104657
1379256614,67104658
1379256614,67104659
1379256614,67104660
1379256614,67104661
1379256614,67104662
1379256614,67104663
1379256614,67104664
1379256614,67104665
1379256614,67104666
1379256614,67104667
1379256614,67104668
1379256614,67104669
1379256614,67104902
42756955034,67104028
42756955034,67104029
42756955034,67104030
42756955034,67104031
42756955034,67104032
42756955034,67104033
42756955034,67104034
42756955034,67104035
42756955034,67104036
42756955034,67104037
42756955034,67104038
42756955034,67104039
42756955034,67104040
42756955034,67104041
42756955034,67104042
42756955034,67104043
42756955034,67104044
42756955034,67104045
42756955034,67104048
42756955034,67104050
42756955034,67104053
42756955034,67104054
42756955034,67104055
42756955034,67104056
42756955034,67104057
42756955034,67104058
42756955034,67104059
42756955034,67104060
42756955034,67104062
42756955034,67104064
42756955034,67104065
42756955034,67104067
42756955034,67104068
42756955034,67104069
42756955034,67104070
42756955034,67104071
42756955034,67104072
42756955034,67104074
42756955034,67104075
42756955034,67104076
42756955034,67104077
42756955034,67104078
42756955034,67104079
42756955034,67104082
42756955034,67104083
42756955034,67104085
42756955034,67104086
42756955034,67104088
42756955034,67104089
42756955034,67104091
42756955034,67104092
42756955034,67104093
42756955034,67104095
42756955034,67104097
42756955034,67104098
42756955034,67104099
42756955034,67104101
42756955034,67104103
42756955034,67104104
42756955034,67104106
42756955034,67104107
42756955034,67104108
42756955034,67104109
42756955034,67104112
42756955034,67104113
42756955034,67104115
42756955034,67104117
42756955034,67104118
42756955034,67104120
42756955034,67104121
42756955034,67104122
42756955034,67104123
42756955034,67104124
42756955034,67104125
42756955034,67104128
42756955034,67104129
42756955034,67104131
42756955034,67104132
42756955034,67104133
42756955034,67104136
42756955034,67104137
42756955034,67104138
42756955034,67104140
42756955034,67104141
42756955034,67104146
42756955034,67104147
42756955034,67104148
42756955034,67104149
42756955034,67104150
42756955034,67104152
42756955034,67104153
42756955034,67104157
42756955034,67104158
42756955034,67104160
42756955034,67104161
42756955034,67107061
42756955034,67107117
42756955034,67107148
42756955034,67107709
42756955034,67107894
42756955034,67107920
42756955034,67108011
42756955034,67108666
42756955034,67108667
42756955034,67108668
42756955034,67108670
42756955034,67108671
84134653454,131252
84134653454,131254
84134653454,131257
84134653454,131258
84134653454,131260
84134653454,67104197
84134653454,67104204
84134653454,67104211
84134653454,67104212
84134653454,67104213
84134653454,67104215
84134653454,67104216
84134653454,67104222
84134653454,67104224
84134653454,67104229
84134653454,67104231
84134653454,67104237
84134653454,67104239
84134653454,67104245
84134653454,67104247
84134653454,67104253
84134653454,67104259
84134653454,67104260
84134653454,67104262
84134653454,67104266
84134653454,67104267
84134653454,67104268
84134653454,67104270
84134653454,67104271
84134653454,67104272
84134653454,67104273
84134653454,67104274
84134653454,67104275
84134653454,67104278
84134653454,67104281
84134653454,67104432
84134653454,67104903
84134653454,67104907
84134653454,67104908
84134653454,67104909
84134653454,67104911
84134653454,67104915
84134653454,67104917
84134653454,67104918
84134653454,67104919
84134653454,67104920
84134653454,67104921
84134653454,67104924
84134653454,67104925
84134653454,67104926
84134653454,67104927
84134653454,67104928
84134653454,67104931
84134653454,67104935
84134653454,67104936
84134653454,67104938
84134653454,67104943
84134653454,67104947
84134653454,67104948
84134653454,67104952
84134653454,67104953
84134653454,67104954
84134653454,67104956
84134653454,67104957
84134653454,67104958
84134653454,67104959
84134653454,67104960
84134653454,67104962
84134653454,67104963
84134653454,67104964
84134653454,67104966
84134653454,67104967
84134653454,67104968
84134653454,67104970
84134653454,67104972
84134653454,67104973
84134653454,67104975
84134653454,67104976
84134653454,67104978
84134653454,67104979
84134653454,67104980
84134653454,67104982
84134653454,67104985
84134653454,67104986
84134653454,67104987
84134653454,67104989
84134653454,67104990
84134653454,67104992
84134653454,67104996
84134653454,67105000
84134653454,67105001
84134653454,67105002
84134653454,67105003
84134653454,67105004
84134653454,67105007
84134653454,67105008
84134653454,67105014
84134653454,67105015
84134653454,67105018
84134653454,67105019
84134653454,67105021
84134653454,67105023
84134653454,67105024
84134653454,67105026
84134653454,67105028
84134653454,67105029
84134653454,67105030
84134653454,67105031
84134653454,67105032
84134653454,67105033
84134653454,67105034
84134653454,67105035
84134653454,67105037
84134653454,67105038
84134653454,67105042
84134653454,67105046
84134653454,67105047
84134653454,67105048
84134653454,67105049
84134653454,67105050
84134653454,67105053
84134653454,67105054
84134653454,67105057
84134653454,67105060
84134653454,67105061
84134653454,67105062
84134653454,67105063
84134653454,67105064
84134653454,67105067
84134653454,67105073
84134653454,67105074
84134653454,67105078
84134653454,67105079
84134653454,67105080
84134653454,67105083
84134653454,67105084
84134653454,67105085
84134653454,67105087
84134653454,67105088
84134653454,67105090
84134653454,67105091
84134653454,67105095
84134653454,67105096
84134653454,67105102
84134653454,67105104
84134653454,67105105
84134653454,67105106
84134653454,67105113
84134653454,67105114
84134653454,67105116
84134653454,67105117
84134653454,67105119
84134653454,67105123
84134653454,67105124
84134653454,67105127
84134653454,67105128
84134653454,67105130
84134653454,67105132
84134653454,67105133
84134653454,67105134
84134653454,67105135
84134653454,67105137
84134653454,67105138
84134653454,67105140
84134653454,67105143
84134653454,67105144
84134653454,67105152
84134653454,67105153
84134653454,67105157
84134653454,67105159
84134653454,67105160
84134653454,67105161
84134653454,67105163
84134653454,67105164
84134653454,67105166
84134653454,67105167
84134653454,67105169
84134653454,67105170
84134653454,67105172
84134653454,67105173
84134653454,67105174
84134653454,67105176
84134653454,67105179
84134653454,67105182
84134653454,67105183
84134653454,67105184
84134653454,67105186
84134653454,67105188
84134653454,67105192
84134653454,67105193
84134653454,67105194
84134653454,67105198
84134653454,67105199
84134653454,67105201
84134653454,67105202
84134653454,67105203
84134653454,67105204
84134653454,67105205
84134653454,67105206
84134653454,67105210
84134653454,67105211
84134653454,67105213
84134653454,67105215
84134653454,67105219
84134653454,67105221
84134653454,67105222
84134653454,67105224
84134653454,67105225
84134653454,67105226
84134653454,67105228
84134653454,67105230
84134653454,67105232
84134653454,67105233
84134653454,67105236
84134653454,67105238
84134653454,67105239
84134653454,67105240
84134653454,67105241
84134653454,67105243
84134653454,67105247
84134653454,67105248
84134653454,67105249
84134653454,67105250
84134653454,67105251
84134653454,67105253
84134653454,67105257
84134653454,67105262
84134653454,67105264
84134653454,67105265
84134653454,67105266
84134653454,67105267
84134653454,67105269
84134653454,67105270
84134653454,67105271
84134653454,67105275
84134653454,67105276
84134653454,67105277
84134653454,67105278
84134653454,67105279
84134653454,67105281
84134653454,67105282
84134653454,67105285
84134653454,67105289
84134653454,67105292
84134653454,67105293
84134653454,67105294
84134653454,67105296
84134653454,67105297
84134653454,67105299
84134653454,67105300
84134653454,67105304
84134653454,67105306
84134653454,67105309
84134653454,67105310
84134653454,67105311
84134653454,67105313
84134653454,67105315
84134653454,67105316
84134653454,67105317
84134653454,67105318
84134653454,67105319
84134653454,67105321
84134653454,67105322
84134653454,67105323
84134653454,67105324
84134653454,67105325
84134653454,67105326
84134653454,67105327
84134653454,67105328
84134653454,67105330
84134653454,67105331
84134653454,67105333
84134653454,67105335
84134653454,67105338
84134653454,67105340
84134653454,67105341
84134653454,67105342
84134653454,67105345
84134653454,67105348
84134653454,67105352
84134653454,67105354
84134653454,67105355
84134653454,67105356
84134653454,67105358
84134653454,67105359
84134653454,67105360
84134653454,67105362
84134653454,67105364
84134653454,67105366
84134653454,67105368
84134653454,67105369
84134653454,67105372
84134653454,67105374
84134653454,67105375
84134653454,67105377
84134653454,67105378
84134653454,67105380
84134653454,67105381
84134653454,67105386
84134653454,67105389
84134653454,67105390
84134653454,67105392
84134653454,67105393
84134653454,67105394
84134653454,67105395
84134653454,67105396
84134653454,67105397
84134653454,67105400
84134653454,67105401
84134653454,67105403
84134653454,67105404
84134653454,67105407
84134653454,67105408
84134653454,67105411
84134653454,67105412
84134653454,67105413
84134653454,67105414
84134653454,67105416
84134653454,67105417
84134653454,67105418
84134653454,67105419
84134653454,67105420
84134653454,67105422
84134653454,67105423
84134653454,67105424
84134653454,67105425
84134653454,67105428
84134653454,67105431
84134653454,67105433
84134653454,67105434
84134653454,67105435
84134653454,67105437
84134653454,67105438
84134653454,67105440
84134653454,67105441
84134653454,67105442
84134653454,67105444
84134653454,67105445
84134653454,67105447
84134653454,67105448
84134653454,67105450
84134653454,67105453
84134653454,67105454
84134653454,67105455
84134653454,67105456
84134653454,67105457
84134653454,67105459
84134653454,67105465
84134653454,67105466
84134653454,67105468
84134653454,67105469
84134653454,67105471
84134653454,67105472
84134653454,67105475
84134653454,67105477
84134653454,67105478
84134653454,67105479
84134653454,67105483
84134653454,67105486
84134653454,67105487
84134653454,67105488
84134653454,67105489
84134653454,67105491
84134653454,67105493
84134653454,67105495
84134653454,67105496
84134653454,67105497
84134653454,67105501
84134653454,67105502
84134653454,67105504
84134653454,67105505
84134653454,67105512
84134653454,67105513
84134653454,67105517
84134653454,67105520
84134653454,67105521
84134653454,67105524
84134653454,67105526
84134653454,67105528
84134653454,67105530
84134653454,67105531
84134653454,67105533
84134653454,67105538
84134653454,67105542
84134653454,67105543
84134653454,67105545
84134653454,67105546
84134653454,67105547
84134653454,67105550
84134653454,67105551
84134653454,67105552
84134653454,67105553
84134653454,67105554
84134653454,67105556
84134653454,67105557
84134653454,67105563
84134653454,67105564
84134653454,67105568
84134653454,67105569
84134653454,67105571
84134653454,67105572
84134653454,67105576
84134653454,67105579
84134653454,67105580
84134653454,67105582
84134653454,67105586
84134653454,67105588
84134653454,67105591
84134653454,67105592
84134653454,67105593
84134653454,67105595
84134653454,67105597
84134653454,67105598
84134653454,67105599
84134653454,67105602
84134653454,67105603
84134653454,67105604
84134653454,67105606
84134653454,67105607
84134653454,67105611
84134653454,67105612
84134653454,67105614
84134653454,67105615
84134653454,67105616
84134653454,67105618
84134653454,67105619
84134653454,67105620
84134653454,67105622
84134653454,67105623
84134653454,67105624
84134653454,67105629
84134653454,67105630
84134653454,67105633
84134653454,67105637
84134653454,67105641
84134653454,67105642
84134653454,67105644
84134653454,67105649
84134653454,67105650
84134653454,67105651
84134653454,67105652
84134653454,67105653
84134653454,67105655
84134653454,67105657
84134653454,67105659
84134653454,67105660
84134653454,67105661
84134653454,67105662
84134653454,67105663
84134653454,67105666
84134653454,67105670
84134653454,67105672
84134653454,67105673
84134653454,67105677
84134653454,67105678
84134653454,67105679
84134653454,67105682
84134653454,67105684
84134653454,67105686
84134653454,67105687
84134653454,67105691
84134653454,67105692
84134653454,67105693
84134653454,67105696
84134653454,67105700
84134653454,67105703
84134653454,67105709
84134653454,67105710
84134653454,67105711
84134653454,67105712
84134653454,67105713
84134653454,67105715
84134653454,67105716
84134653454,67105718
84134653454,67105720
84134653454,67105723
84134653454,67105724
84134653454,67105726
84134653454,67105727
84134653454,67105730
84134653454,67105731
84134653454,67105734
84134653454,67105736
84134653454,67105737
84134653454,67105739
84134653454,67105741
84134653454,67105742
84134653454,67105744
84134653454,67105745
84134653454,67105746
84134653454,67105747
84134653454,67105749
84134653454,67105750
84134653454,67105751
84134653454,67105754
84134653454,67105755
84134653454,67105760
84134653454,67105761
84134653454,67105762
84134653454,67105764
84134653454,67105765
84134653454,67105766
84134653454,67105768
84134653454,67105771
84134653454,67105772
84134653454,67105773
84134653454,67105774
84134653454,67105775
84134653454,67105776
84134653454,67105778
84134653454,67105779
84134653454,67105783
84134653454,67105786
84134653454,67105789
84134653454,67105791
84134653454,67105793
84134653454,67105794
84134653454,67105795
84134653454,67105796
84134653454,67105797
84134653454,67105800
84134653454,67105803
84134653454,67105808
84134653454,67105809
84134653454,67105815
84134653454,67105821
84134653454,67105824
84134653454,67105825
84134653454,67105827
84134653454,67105828
84134653454,67105829
84134653454,67105831
84134653454,67105835
84134653454,67105838
84134653454,67105839
84134653454,67105840
84134653454,67105842
84134653454,67105844
84134653454,67105848
84134653454,67105852
84134653454,67105853
84134653454,67105854
84134653454,67105856
84134653454,67105863
84134653454,67105864
84134653454,67105866
84134653454,67105867
84134653454,67105869
84134653454,67105871
84134653454,67105872
84134653454,67105873
84134653454,67105875
84134653454,67105879
84134653454,67105882
84134653454,67105886
84134653454,67105890
84134653454,67105893
84134653454,67105894
84134653454,67105898
84134653454,67105904
84134653454,67105907
84134653454,67105908
84134653454,67105909
84134653454,67105910
84134653454,67105913
84134653454,67105914
84134653454,67105915
84134653454,67105919
84134653454,67105924
84134653454,67105925
84134653454,67105927
84134653454,67105929
84134653454,67105931
84134653454,67105933
84134653454,67105938
84134653454,67105942
84134653454,67105945
84134653454,67105946
84134653454,67105951
84134653454,67105952
84134653454,67105954
84134653454,67105957
84134653454,67105958
84134653454,67105959
84134653454,67105960
84134653454,67105961
84134653454,67105962
84134653454,67105963
84134653454,67105964
84134653454,67105965
84134653454,67105968
84134653454,67105969
84134653454,67105972
84134653454,67105975
84134653454,67105976
84134653454,67105977
84134653454,67105978
84134653454,67105983
84134653454,67105984
84134653454,67105985
84134653454,67105987
84134653454,67105989
84134653454,67105990
84134653454,67105991
84134653454,67105992
84134653454,67105993
84134653454,67105995
84134653454,67105997
84134653454,67105998
84134653454,67106001
84134653454,67106002
84134653454,67106004
84134653454,67106005
84134653454,67106006
84134653454,67106010
84134653454,67106015
84134653454,67106017
84134653454,67106018
84134653454,67106019
84134653454,67106020
84134653454,67106021
84134653454,67106022
84134653454,67106023
84134653454,67106024
84134653454,67106025
84134653454,67106026
84134653454,67106027
84134653454,67106030
84134653454,67106031
84134653454,67106033
84134653454,67106034
84134653454,67106035
84134653454,67106037
84134653454,67106038
84134653454,67106039
84134653454,67106040
84134653454,67106044
84134653454,67106045
84134653454,67106047
84134653454,67106049
84134653454,67106050
84134653454,67106051
84134653454,67106052
84134653454,67106053
84134653454,67106056
84134653454,67106057
84134653454,67106061
84134653454,67106069
84134653454,67106074
84134653454,67106075
84134653454,67106081
84134653454,67106082
84134653454,67106086
84134653454,67106089
84134653454,67106093
84134653454,67106095
84134653454,67106097
84134653454,67106100
84134653454,67106107
84134653454,67106109
84134653454,67106112
84134653454,67106113
84134653454,67106116
84134653454,67106128
84134653454,67106132
84134653454,67106137
84134653454,67106138
84134653454,67106142
84134653454,67106144
84134653454,67106147
84134653454,67106151
84134653454,67106155
84134653454,67106156
84134653454,67106157
84134653454,67106158
84134653454,67106159
84134653454,67106160
84134653454,67106161
84134653454,67106162
84134653454,67106165
84134653454,67106167
84134653454,67106171
84134653454,67106173
84134653454,67106174
84134653454,67106176
84134653454,67106177
84134653454,67106178
84134653454,67106180
84134653454,67106181
84134653454,67106189
84134653454,67106191
84134653454,67106193
84134653454,67106197
84134653454,67106200
84134653454,67106206
84134653454,67106207
84134653454,67106210
84134653454,67106211
84134653454,67106220
84134653454,67106224
84134653454,67106225
84134653454,67106229
84134653454,67106230
84134653454,67106231
84134653454,67106232
84134653454,67106233
84134653454,67106234
84134653454,67106236
84134653454,67106240
84134653454,67106241
84134653454,67106242
84134653454,67106244
84134653454,67106245
84134653454,67106246
84134653454,67106249
84134653454,67106258
84134653454,67106260
84134653454,67106262
84134653454,67106266
84134653454,67106270
84134653454,67106277
84134653454,67106280
84134653454,67106283
84134653454,67106287
84134653454,67106288
84134653454,67106290
84134653454,67106294
84134653454,67106300
84134653454,67106303
84134653454,67106304
84134653454,67106305
84134653454,67106307
84134653454,67106308
84134653454,67106310
84134653454,67106313
84134653454,67106314
84134653454,67106317
84134653454,67106321
84134653454,67106323
84134653454,67106326
84134653454,67106327
84134653454,67106336
84134653454,67106337
84134653454,67106338
84134653454,67106344
84134653454,67106345
84134653454,67106348
84134653454,67106350
84134653454,67106351
84134653454,67106354
84134653454,67106363
84134653454,67106366
84134653454,67106367
84134653454,67106368
84134653454,67106369
84134653454,67106380
84134653454,67106382
84134653454,67106383
84134653454,67106384
84134653454,67106386
84134653454,67106391
84134653454,67106393
84134653454,67106394
84134653454,67106397
84134653454,67106398
84134653454,67106399
84134653454,67106405
84134653454,67106408
84134653454,67106414
84134653454,67106415
84134653454,67106417
84134653454,67106424
84134653454,67106433
84134653454,67106437
84134653454,67106442
84134653454,67106443
84134653454,67106445
84134653454,67106448
84134653454,67106449
84134653454,67106454
84134653454,67106459
84134653454,67106464
84134653454,67106465
84134653454,67106467
84134653454,67106470
84134653454,67106476
84134653454,67106477
84134653454,67106478
84134653454,67106481
84134653454,67106485
84134653454,67106486
84134653454,67106487
84134653454,67106489
84134653454,67106493
84134653454,67106496
84134653454,67106501
84134653454,67106505
84134653454,67106506
84134653454,67106507
84134653454,67106510
84134653454,67106513
84134653454,67106515
84134653454,67106516
84134653454,67106519
84134653454,67106520
84134653454,67106522
84134653454,67106528
84134653454,67106529
84134653454,67106531
84134653454,67106533
84134653454,67106534
84134653454,67106535
84134653454,67106536
84134653454,67106540
84134653454,67106541
84134653454,67106542
84134653454,67106547
84134653454,67106550
84134653454,67106551
84134653454,67106552
84134653454,67106556
84134653454,67106558
84134653454,67106561
84134653454,67106564
84134653454,67106565
84134653454,67106566
84134653454,67106568
84134653454,67106572
84134653454,67106576
84134653454,67106578
84134653454,67106579
84134653454,67106584
84134653454,67106585
84134653454,67106592
84134653454,67106597
84134653454,67106604
84134653454,67106605
84134653454,67106606
84134653454,67106608
84134653454,67106611
84134653454,67106615
84134653454,67106616
84134653454,67106618
84134653454,67106619
84134653454,67106620
84134653454,67106622
84134653454,67106623
84134653454,67106631
84134653454,67106636
84134653454,67106642
84134653454,67106644
84134653454,67106646
84134653454,67106655
84134653454,67106656
84134653454,67106657
84134653454,67106659
84134653454,67106661
84134653454,67106662
84134653454,67106664
84134653454,67106682
84134653454,67106685
84134653454,67106687
84134653454,67106690
84134653454,67106691
84134653454,67106692
84134653454,67106693
84134653454,67106697
84134653454,67106702
84134653454,67106705
84134653454,67106708
84134653454,67106710
84134653454,67106712
84134653454,67106713
84134653454,67106719
84134653454,67106720
84134653454,67106723
84134653454,67106726
84134653454,67106730
84134653454,67106733
84134653454,67106736
84134653454,67106737
84134653454,67106739
84134653454,67106745
84134653454,67106746
84134653454,67106748
84134653454,67106749
84134653454,67106752
84134653454,67106753
84134653454,67106755
84134653454,67106759
84134653454,67106766
84134653454,67106770
84134653454,67106771
84134653454,67106772
84134653454,67106774
84134653454,67106779
84134653454,67106783
84134653454,67106784
84134653454,67106785
84134653454,67106793
84134653454,67106798
84134653454,67106799
84134653454,67106800
84134653454,67106802
84134653454,67106813
84134653454,67106816
84134653454,67106818
84134653454,67106833
84134653454,67106834
84134653454,67106838
84134653454,67106840
84134653454,67106843
84134653454,67106844
84134653454,67106854
84134653454,67106855
84134653454,67106859
84134653454,67106864
84134653454,67106865
84134653454,67106872
84134653454,67106873
84134653454,67106879
84134653454,67106880
84134653454,67106881
84134653454,67106882
84134653454,67106883
84134653454,67106886
84134653454,67106889
84134653454,67106890
84134653454,67106893
84134653454,67106894
84134653454,67106895
84134653454,67106897
84134653454,67106898
84134653454,67106899
84134653454,67106900
84134653454,67106906
84134653454,67106911
84134653454,67106924
84134653454,67106932
84134653454,67106936
84134653454,67106937
84134653454,67106938
84134653454,67106940
84134653454,67106944
84134653454,67106945
84134653454,67106950
84134653454,67106956
84134653454,67106958
84134653454,67106961
84134653454,67106968
84134653454,67106971
84134653454,67106972
84134653454,67106974
84134653454,67106983
84134653454,67106986
84134653454,67106987
84134653454,67106988
84134653454,67106996
84134653454,67107014
84134653454,67107016
84134653454,67107017
84134653454,67107020
84134653454,67107022
84134653454,67107026
84134653454,67107027
84134653454,67107029
84134653454,67107034
84134653454,67107036
84134653454,67107038
84134653454,67107045
84134653454,67107047
84134653454,67107048
84134653454,67107049
84134653454,67107052
84134653454,67107057
84134653454,67108538
84134653454,67108539
84134653454,67108541
84134653454,67108550
84134653454,67108565
84134653454,67108567
84134653454,67108579
84134653454,67108616
84134653454,67108620
84134653454,67108621
84134653454,67108623
84134653454,67108626
84134653454,67108632
84134653454,67108635
84134653454,67108637
84134653454,67108641
84134653454,67108645
84134653454,67108648
84134653454,67108650
84134653454,67108656
84134653454,67108660
84134653454,67108682
84134653454,67108707
84134653454,67108714
84134653454,67108722
84134653454,67108725
84134653454,67108726
84134653454,67108731
84134653454,67108737
84134653454,67108738
84134653454,67108739
84134653454,67108747
84134653454,67108749
84134653454,67108757
84134653454,67108766
84134653454,67108767
84134653454,67108769
84134653454,67108770
84134653454,67108772
84134653454,67108776
84134653454,67108777
84134653454,67108778
84134653454,67108780
84134653454,67108782
84134653454,67108783
84134653454,67108784
84134653454,67108785
84134653454,67108788
84134653454,67108791
125512351874,131251
125512351874,131253
125512351874,131255
125512351874,131256
125512351874,67104423
125512351874,67104913
125512351874,67104914
125512351874,67104916
125512351874,67104930
125512351874,67104934
125512351874,67104937
125512351874,67104942
125512351874,67104950
125512351874,67104955
125512351874,67104961
125512351874,67104965
125512351874,67104969
125512351874,67104971
125512351874,67104977
125512351874,67104981
125512351874,67104988
125512351874,67104993
125512351874,67104995
125512351874,67104998
125512351874,67104999
125512351874,67105005
125512351874,67105006
125512351874,67105009
125512351874,67105010
125512351874,67105013
125512351874,67105016
125512351874,67105017
125512351874,67105020
125512351874,67105022
125512351874,67105025
125512351874,67105027
125512351874,67105051
125512351874,67105055
125512351874,67105056
125512351874,67105059
125512351874,67105066
125512351874,67105068
125512351874,67105069
125512351874,67105071
125512351874,67105075
125512351874,67105076
125512351874,67105077
125512351874,67105086
125512351874,67105089
125512351874,67105097
125512351874,67105099
125512351874,67105101
125512351874,67105103
125512351874,67105107
125512351874,67105109
125512351874,67105110
125512351874,67105111
125512351874,67105112
125512351874,67105115
125512351874,67105118
125512351874,67105120
125512351874,67105122
125512351874,67105136
125512351874,67105139
125512351874,67105141
125512351874,67105142
125512351874,67105150
125512351874,67105151
125512351874,67105154
125512351874,67105155
125512351874,67105156
125512351874,67105162
125512351874,67105165
125512351874,67105178
125512351874,67105180
125512351874,67105181
125512351874,67105185
125512351874,67105191
125512351874,67105197
125512351874,67105200
125512351874,67105208
125512351874,67105209
125512351874,67105212
125512351874,67105220
125512351874,67105227
125512351874,67105229
125512351874,67105231
125512351874,67105234
125512351874,67105237
125512351874,67105242
125512351874,67105244
125512351874,67105245
125512351874,67105255
125512351874,67105258
125512351874,67105260
125512351874,67105268
125512351874,67105272
125512351874,67105283
125512351874,67105284
125512351874,67105287
125512351874,67105295
125512351874,67105301
125512351874,67105303
125512351874,67105305
125512351874,67105307
125512351874,67105320
125512351874,67105329
125512351874,67105334
125512351874,67105337
125512351874,67105339
125512351874,67105344
125512351874,67105346
125512351874,67105350
125512351874,67105353
125512351874,67105361
125512351874,67105365
125512351874,67105367
125512351874,67105371
125512351874,67105373
125512351874,67105376
125512351874,67105382
125512351874,67105383
125512351874,67105384
125512351874,67105387
125512351874,67105391
125512351874,67105398
125512351874,67105399
125512351874,67105402
125512351874,67105405
125512351874,67105410
125512351874,67105415
125512351874,67105446
125512351874,67105460
125512351874,67105470
125512351874,67105474
125512351874,67105480
125512351874,67105494
125512351874,67105511
125512351874,67105527
125512351874,67105548
125512351874,67105573
125512351874,67105575
125512351874,67105584
125512351874,67105631
125512351874,67105639
125512351874,67105654
125512351874,67105683
125512351874,67105698
125512351874,67105701
125512351874,67105702
125512351874,67105714
125512351874,67105732
125512351874,67105748
125512351874,67105752
125512351874,67105759
125512351874,67105784
125512351874,67105799
125512351874,67105802
125512351874,67105804
125512351874,67105805
125512351874,67105812
125512351874,67105814
125512351874,67105818
125512351874,67105820
125512351874,67105830
125512351874,67105843
125512351874,67105849
125512351874,67105877
125512351874,67105891
125512351874,67105899
125512351874,67105916
125512351874,67105918
125512351874,67105949
125512351874,67105953
125512351874,67105971
125512351874,67105988
125512351874,67105994
125512351874,67106013
125512351874,67106029
125512351874,67106032
125512351874,67106041
125512351874,67106068
125512351874,67106080
125512351874,67106090
125512351874,67106103
125512351874,67106114
125512351874,67106120
125512351874,67106129
125512351874,67106135
125512351874,67106139
125512351874,67106150
125512351874,67106154
125512351874,67106163
125512351874,67106172
125512351874,67106194
125512351874,67106195
125512351874,67106218
125512351874,67106227
125512351874,67106235
125512351874,67106238
125512351874,67106239
125512351874,67106247
125512351874,67106248
125512351874,67106254
125512351874,67106274
125512351874,67106276
125512351874,67106286
125512351874,67106298
125512351874,67106312
125512351874,67106315
125512351874,67106322
125512351874,67106335
125512351874,67106341
125512351874,67106342
125512351874,67106359
125512351874,67106365
125512351874,67106373
125512351874,67106390
125512351874,67106404
125512351874,67106413
125512351874,67106419
125512351874,67106425
125512351874,67106428
125512351874,67106435
125512351874,67106436
125512351874,67106446
125512351874,67106452
125512351874,67106461
125512351874,67106468
125512351874,67106469
125512351874,67106475
125512351874,67106494
125512351874,67106502
125512351874,67106504
125512351874,67106512
125512351874,67106523
125512351874,67106543
125512351874,67106544
125512351874,67106545
125512351874,67106559
125512351874,67106574
125512351874,67106581
125512351874,67106582
125512351874,67106583
125512351874,67106596
125512351874,67106603
125512351874,67106625
125512351874,67106632
125512351874,67106634
125512351874,67106641
125512351874,67106643
125512351874,67106665
125512351874,67106676
125512351874,67106678
125512351874,67106704
125512351874,67106706
125512351874,67106707
125512351874,67106756
125512351874,67106761
125512351874,67106762
125512351874,67106767
125512351874,67106768
125512351874,67106773
125512351874,67106777
125512351874,67106786
125512351874,67106789
125512351874,67106795
125512351874,67106807
125512351874,67106822
125512351874,67106823
125512351874,67106829
125512351874,67106836
125512351874,67106849
125512351874,67106853
125512351874,67106858
125512351874,67106863
125512351874,67106878
125512351874,67106884
125512351874,67106896
125512351874,67106902
125512351874,67106914
125512351874,67106915
125512351874,67106919
125512351874,67106926
125512351874,67106927
125512351874,67106933
125512351874,67106949
125512351874,67106959
125512351874,67106960
125512351874,67106966
125512351874,67106982
125512351874,67106991
125512351874,67106992
125512351874,67106998
125512351874,67107006
125512351874,67107035
125512351874,67107040
125512351874,67107043
125512351874,67107051
125512351874,67107058
