1379256614,67104543
1379256614,67104544
1379256614,67104545
1379256614,67104546
1379256614,67104547
1379256614,67104548
1379256614,67104549
1379256614,67104550
1379256614,67104551
1379256614,67104552
1379256614,67104553
1379256614,67104554
1379256614,67104555
1379256614,67104556
1379256614,67104557
1379256614,67104558
1379256614,67104562
1379256614,67104565
1379256614,67104566
1379256614,67104567
1379256614,67104568
1379256614,67104570
1379256614,67104571
1379256614,67104572
1379256614,67104575
1379256614,67104576
1379256614,67104577
1379256614,67104578
1379256614,67104580
1379256614,67104582
1379256614,67104583
1379256614,67104584
1379256614,67104587
1379256614,67104589
1379256614,67104590
1379256614,67104591
1379256614,67104594
1379256614,67104595
1379256614,67104596
1379256614,67104597
1379256614,67104598
1379256614,67104600
1379256614,67104601
1379256614,67104603
1379256614,67104604
1379256614,67104606
1379256614,67104609
1379256614,67104610
1379256614,67104612
1379256614,67104613
1379256614,67104614
1379256614,67104615
1379256614,67104616
1379256614,67104619
1379256614,67104620
1379256614,67104622
1379256614,67104623
1379256614,67104624
1379256614,67104625
1379256614,67104626
1379256614,67104627
1379256614,67104628
1379256614,67104629
1379256614,67104630
1379256614,67104631
1379256614,67104632
1379256614,67104633
1379256614,67104634
1379256614,67104636
1379256614,67104637
1379256614,67104640
1379256614,67104642
1379256614,67104643
1379256614,67104644
1379256614,67104646
1379256614,67104647
1379256614,67104649
1379256614,67104650
1379256614,67104651
1379256614,67104654
1379256614,67104655
1379256614,67104656
1379256614,67104657
1379256614,67104658
1379256614,67104659
1379256614,67104660
1379256614,67104661
1379256614,67104662
1379256614,67104663
1379256614,67104664
1379256614,67104665
1379256614,67104666
1379256614,67104667
1379256614,67104668
1379256614,67104669
1379256614,67104902
42756955034,67104028
42756955034,67104029
42756955034,67104030
42756955034,67104031
42756955034,67104032
42756955034,67104033
42756955034,67104034
42756955034,67104035
42756955034,67104036
42756955034,67104037
42756955034,67104038
42756955034,67104039
42756955034,67104040
42756955034,67104041
42756955034,67104042
42756955034,67104043
42756955034,67104044
42756955034,67104045
42756955034,67104048
42756955034,67104050
42756955034,67104053
42756955034,67104054
42756955034,67104055
42756955034,67104056
42756955034,67104057
42756955034,67104058
42756955034,67104059
42756955034,67104060
42756955034,67104062
42756955034,67104064
42756955034,67104065
42756955034,67104067
42756955034,67104068
42756955034,67104069
42756955034,67104070
42756955034,67104071
42756955034,67104072
42756955034,67104074
42756955034,67104075
42756955034,67104076
42756955034,67104077
42756955034,67104078
42756955034,67104079
42756955034,67104082
42756955034,67104083
42756955034,67104085
42756955034,67104086
42756955034,67104088
42756955034,67104089
42756955034,67104091
42756955034,67104092
42756955034,67104093
42756955034,67104095
42756955034,67104097
42756955034,67104098
42756955034,67104099
42756955034,67104101
42756955034,67104103
42756955034,67104104
42756955034,67104106
42756955034,67104107
42756955034,67104108
42756955034,67104109
42756955034,67104112
42756955034,67104113
42756955034,67104115
42756955034,67104117
42756955034,67104118
42756955034,67104120
42756955034,67104121
42756955034,67104122
42756955034,67104123
42756955034,67104124
42756955034,67104125
42756955034,67104128
42756955034,67104129
42756955034,67104131
42756955034,67104132
42756955034,67104133
42756955034,67104136
42756955034,67104137
42756955034,67104138
42756955034,67104140
42756955034,67104141
42756955034,67104146
42756955034,67104147
42756955034,67104148
42756955034,67104149
42756955034,67104150
42756955034,67104152
42756955034,67104153
42756955034,67104157
42756955034,67104158
42756955034,67104160
42756955034,67104161
42756955034,67107061
42756955034,67107117
42756955034,67107148
42756955034,67107709
42756955034,67107894
42756955034,67107920
42756955034,67108011
42756955034,67108666
42756955034,67108667
42756955034,67108668
42756955034,67108670
42756955034,67108671
84134653454,131252
84134653454,131257
84134653454,131258
84134653454,131260
84134653454,67104197
84134653454,67104212
84134653454,67104215
84134653454,67104224
84134653454,67104229
84134653454,67104237
84134653454,67104260
84134653454,67104278
84134653454,67104432
84134653454,67104903
84134653454,67104907
84134653454,67104909
84134653454,67104911
84134653454,67104918
84134653454,67104920
84134653454,67104921
84134653454,67104925
84134653454,67104927
84134653454,67104931
84134653454,67104935
84134653454,67104936
84134653454,67104938
84134653454,67104943
84134653454,67104948
84134653454,67104952
84134653454,67104954
84134653454,67104956
84134653454,67104957
84134653454,67104958
84134653454,67104959
84134653454,67104960
84134653454,67104963
84134653454,67104964
84134653454,67104966
84134653454,67104967
84134653454,67104968
84134653454,67104970
84134653454,67104972
84134653454,67104975
84134653454,67104976
84134653454,67104978
84134653454,67104979
84134653454,67104980
84134653454,67104982
84134653454,67104985
84134653454,67104987
84134653454,67104989
84134653454,67104990
84134653454,67104992
84134653454,67104996
84134653454,67105000
84134653454,67105002
84134653454,67105004
84134653454,67105008
84134653454,67105014
84134653454,67105015
84134653454,67105018
84134653454,67105021
84134653454,67105024
84134653454,67105026
84134653454,67105028
84134653454,67105030
84134653454,67105031
84134653454,67105032
84134653454,67105033
84134653454,67105034
84134653454,67105038
84134653454,67105047
84134653454,67105048
84134653454,67105049
84134653454,67105050
84134653454,67105053
84134653454,67105054
84134653454,67105060
84134653454,67105062
84134653454,67105064
84134653454,67105067
84134653454,67105073
84134653454,67105074
84134653454,67105078
84134653454,67105080
84134653454,67105083
84134653454,67105087
84134653454,67105088
84134653454,67105090
84134653454,67105096
84134653454,67105102
84134653454,67105105
84134653454,67105106
84134653454,67105113
84134653454,67105114
84134653454,67105117
84134653454,67105119
84134653454,67105132
84134653454,67105135
84134653454,67105137
84134653454,67105140
84134653454,67105144
84134653454,67105152
84134653454,67105153
84134653454,67105157
84134653454,67105160
84134653454,67105161
84134653454,67105164
84134653454,67105167
84134653454,67105169
84134653454,67105170
84134653454,67105172
84134653454,67105173
84134653454,67105174
84134653454,67105176
84134653454,67105182
84134653454,67105183
84134653454,67105188
84134653454,67105192
84134653454,67105193
84134653454,67105194
84134653454,67105198
84134653454,67105202
84134653454,67105203
84134653454,67105205
84134653454,67105210
84134653454,67105213
84134653454,67105215
84134653454,67105219
84134653454,67105221
84134653454,67105222
84134653454,67105224
84134653454,67105225
84134653454,67105226
84134653454,67105228
84134653454,67105230
84134653454,67105232
84134653454,67105236
84134653454,67105238
84134653454,67105239
84134653454,67105240
84134653454,67105241
84134653454,67105248
84134653454,67105250
84134653454,67105251
84134653454,67105253
84134653454,67105257
84134653454,67105262
84134653454,67105264
84134653454,67105265
84134653454,67105266
84134653454,67105267
84134653454,67105269
84134653454,67105270
84134653454,67105271
84134653454,67105275
84134653454,67105276
84134653454,67105277
84134653454,67105278
84134653454,67105279
84134653454,67105281
84134653454,67105285
84134653454,67105292
84134653454,67105293
84134653454,67105296
84134653454,67105297
84134653454,67105299
84134653454,67105306
84134653454,67105309
84134653454,67105310
84134653454,67105311
84134653454,67105313
84134653454,67105315
84134653454,67105316
84134653454,67105317
84134653454,67105318
84134653454,67105319
84134653454,67105321
84134653454,67105326
84134653454,67105327
84134653454,67105328
84134653454,67105330
84134653454,67105335
84134653454,67105338
84134653454,67105340
84134653454,67105342
84134653454,67105345
84134653454,67105352
84134653454,67105354
84134653454,67105355
84134653454,67105356
84134653454,67105359
84134653454,67105360
84134653454,67105362
84134653454,67105364
84134653454,67105366
84134653454,67105374
84134653454,67105377
84134653454,67105378
84134653454,67105389
84134653454,67105392
84134653454,67105395
84134653454,67105396
84134653454,67105400
84134653454,67105401
84134653454,67105403
84134653454,67105404
84134653454,67105407
84134653454,67105411
84134653454,67105412
84134653454,67105414
84134653454,67105416
84134653454,67105417
84134653454,67105418
84134653454,67105420
84134653454,67105422
84134653454,67105423
84134653454,67105424
84134653454,67105428
84134653454,67105433
84134653454,67105434
84134653454,67105437
84134653454,67105438
84134653454,67105440
84134653454,67105442
84134653454,67105444
84134653454,67105445
84134653454,67105453
84134653454,67105454
84134653454,67105455
84134653454,67105456
84134653454,67105457
84134653454,67105459
84134653454,67105465
84134653454,67105466
84134653454,67105468
84134653454,67105469
84134653454,67105471
84134653454,67105472
84134653454,67105475
84134653454,67105477
84134653454,67105486
84134653454,67105487
84134653454,67105488
84134653454,67105491
84134653454,67105495
84134653454,67105502
84134653454,67105505
84134653454,67105512
84134653454,67105517
84134653454,67105520
84134653454,67105524
84134653454,67105526
84134653454,67105528
84134653454,67105530
84134653454,67105531
84134653454,67105533
84134653454,67105538
84134653454,67105542
84134653454,67105543
84134653454,67105545
84134653454,67105546
84134653454,67105547
84134653454,67105550
84134653454,67105551
84134653454,67105552
84134653454,67105556
84134653454,67105563
84134653454,67105564
84134653454,67105568
84134653454,67105569
84134653454,67105572
84134653454,67105576
84134653454,67105579
84134653454,67105580
84134653454,67105582
84134653454,67105586
84134653454,67105591
84134653454,67105593
84134653454,67105597
84134653454,67105599
84134653454,67105603
84134653454,67105604
84134653454,67105606
84134653454,67105607
84134653454,67105611
84134653454,67105612
84134653454,67105614
84134653454,67105615
84134653454,67105616
84134653454,67105618
84134653454,67105620
84134653454,67105622
84134653454,67105624
84134653454,67105629
84134653454,67105637
84134653454,67105642
84134653454,67105644
84134653454,67105650
84134653454,67105651
84134653454,67105652
84134653454,67105653
84134653454,67105657
84134653454,67105659
84134653454,67105660
84134653454,67105661
84134653454,67105662
84134653454,67105663
84134653454,67105666
84134653454,67105670
84134653454,67105672
84134653454,67105673
84134653454,67105677
84134653454,67105678
84134653454,67105682
84134653454,67105684
84134653454,67105686
84134653454,67105687
84134653454,67105691
84134653454,67105692
84134653454,67105693
84134653454,67105696
84134653454,67105700
84134653454,67105709
84134653454,67105711
84134653454,67105712
84134653454,67105713
84134653454,67105716
84134653454,67105718
84134653454,67105720
84134653454,67105724
84134653454,67105726
84134653454,67105730
84134653454,67105731
84134653454,67105734
84134653454,67105739
84134653454,67105742
84134653454,67105744
84134653454,67105745
84134653454,67105746
84134653454,67105747
84134653454,67105749
84134653454,67105751
84134653454,67105754
84134653454,67105755
84134653454,67105760
84134653454,67105761
84134653454,67105764
84134653454,67105765
84134653454,67105766
84134653454,67105768
84134653454,67105774
84134653454,67105775
84134653454,67105778
84134653454,67105779
84134653454,67105783
84134653454,67105789
84134653454,67105791
84134653454,67105794
84134653454,67105795
84134653454,67105796
84134653454,67105803
84134653454,67105808
84134653454,67105815
84134653454,67105827
84134653454,67105828
84134653454,67105829
84134653454,67105831
84134653454,67105835
84134653454,67105842
84134653454,67105844
84134653454,67105848
84134653454,67105852
84134653454,67105853
84134653454,67105854
84134653454,67105863
84134653454,67105864
84134653454,67105866
84134653454,67105869
84134653454,67105872
84134653454,67105875
84134653454,67105879
84134653454,67105886
84134653454,67105890
84134653454,67105893
84134653454,67105894
84134653454,67105898
84134653454,67105904
84134653454,67105908
84134653454,67105909
84134653454,67105910
84134653454,67105914
84134653454,67105924
84134653454,67105925
84134653454,67105929
84134653454,67105933
84134653454,67105938
84134653454,67105942
84134653454,67105945
84134653454,67105946
84134653454,67105951
84134653454,67105952
84134653454,67105954
84134653454,67105957
84134653454,67105959
84134653454,67105961
84134653454,67105962
84134653454,67105963
84134653454,67105965
84134653454,67105968
84134653454,67105969
84134653454,67105977
84134653454,67105978
84134653454,67105983
84134653454,67105984
84134653454,67105985
84134653454,67105987
84134653454,67105989
84134653454,67105991
84134653454,67105993
84134653454,67105995
84134653454,67105997
84134653454,67105998
84134653454,67106001
84134653454,67106002
84134653454,67106004
84134653454,67106005
84134653454,67106006
84134653454,67106010
84134653454,67106015
84134653454,67106017
84134653454,67106018
84134653454,67106020
84134653454,67106021
84134653454,67106022
84134653454,67106023
84134653454,67106027
84134653454,67106030
84134653454,67106031
84134653454,67106033
84134653454,67106034
84134653454,67106035
84134653454,67106038
84134653454,67106039
84134653454,67106040
84134653454,67106044
84134653454,67106045
84134653454,67106051
84134653454,67106052
84134653454,67106056
84134653454,67106061
84134653454,67106074
84134653454,67106075
84134653454,67106082
84134653454,67106107
84134653454,67106113
84134653454,67106159
84134653454,67106171
84134653454,67106176
84134653454,67106180
84134653454,67106181
84134653454,67106191
84134653454,67106211
84134653454,67106220
84134653454,67106231
84134653454,67106240
84134653454,67106241
84134653454,67106244
84134653454,67106249
84134653454,67106260
84134653454,67106262
84134653454,67106266
84134653454,67106270
84134653454,67106283
84134653454,67106288
84134653454,67106305
84134653454,67106313
84134653454,67106323
84134653454,67106336
84134653454,67106351
84134653454,67106366
84134653454,67106380
84134653454,67106382
84134653454,67106386
84134653454,67106405
84134653454,67106414
84134653454,67106437
84134653454,67106442
84134653454,67106449
84134653454,67106454
84134653454,67106464
84134653454,67106465
84134653454,67106470
84134653454,67106486
84134653454,67106487
84134653454,67106496
84134653454,67106501
84134653454,67106506
84134653454,67106510
84134653454,67106533
84134653454,67106550
84134653454,67106552
84134653454,67106556
84134653454,67106558
84134653454,67106565
84134653454,67106615
84134653454,67106622
84134653454,67106636
84134653454,67106642
84134653454,67106644
84134653454,67106682
84134653454,67106702
84134653454,67106726
84134653454,67106736
84134653454,67106746
84134653454,67106753
84134653454,67106755
84134653454,67106759
84134653454,67106779
84134653454,67106783
84134653454,67106785
84134653454,67106802
84134653454,67106813
84134653454,67106854
84134653454,67106865
84134653454,67106881
84134653454,67106883
84134653454,67106886
84134653454,67106889
84134653454,67106895
84134653454,67106911
84134653454,67106932
84134653454,67106937
84134653454,67106945
84134653454,67106961
84134653454,67106971
84134653454,67106974
84134653454,67106983
84134653454,67106987
84134653454,67107014
84134653454,67107017
84134653454,67107020
84134653454,67107022
84134653454,67107029
84134653454,67107036
84134653454,67107045
84134653454,67107047
84134653454,67107048
84134653454,67107049
84134653454,67107052
84134653454,67108541
84134653454,67108567
84134653454,67108579
84134653454,67108656
84134653454,67108722
84134653454,67108725
84134653454,67108739
84134653454,67108747
84134653454,67108766
84134653454,67108788
