1096522560,67100098
1096522560,67100299
1096522560,67100515
1096522560,67100702
1096522560,67100903
1096522560,67100904
1096522560,67100905
1096522560,67100906
1096522560,67100907
1096522560,67100908
1096522560,67100909
1096522560,67100910
1096522560,67100911
1096522560,67100912
1096522560,67100913
1096522560,67100914
1096522560,67100916
1096522560,67100917
1096522560,67100918
1096522560,67100919
1096522560,67100920
1096522560,67100921
1096522560,67100922
1096522560,67100926
1096522560,67100927
1096522560,67100928
1096522560,67100929
1096522560,67100930
1096522560,67100931
1096522560,67100932
1096522560,67100933
1096522560,67100934
1096522560,67100935
1096522560,67100964
1096522560,67100965
1096522560,67100966
1096522560,67100967
1096522560,67100968
1096522560,67100969
1096522560,67100970
1096522560,67100971
1096522560,67100972
1096522560,67100973
1096522560,67100974
1096522560,67100975
1096522560,67100976
1096522560,67100977
1096522560,67100978
1096522560,67100979
1096522560,67100980
1096522560,67100981
1096522560,67100982
1096522560,67101282
1096522560,67108593
33992199360,67100113
33992199360,67100314
33992199360,67100546
33992199360,67100717
33992199360,67106797
33992199360,67106798
33992199360,67106799
33992199360,67106800
33992199360,67106801
33992199360,67108608
66887876160,131243
66887876160,131245
66887876160,131255
66887876160,131260
66887876160,67100099
66887876160,67100100
66887876160,67100101
66887876160,67100102
66887876160,67100103
66887876160,67100114
66887876160,67100115
66887876160,67100116
66887876160,67100117
66887876160,67100118
66887876160,67100119
66887876160,67100120
66887876160,67100121
66887876160,67100122
66887876160,67100123
66887876160,67100124
66887876160,67100125
66887876160,67100126
66887876160,67100127
66887876160,67100128
66887876160,67100129
66887876160,67100130
66887876160,67100131
66887876160,67100132
66887876160,67100133
66887876160,67100134
66887876160,67100135
66887876160,67100136
66887876160,67100137
66887876160,67100138
66887876160,67100139
66887876160,67100140
66887876160,67100142
66887876160,67100159
66887876160,67100160
66887876160,67100161
66887876160,67100162
66887876160,67100163
66887876160,67100164
66887876160,67100165
66887876160,67100166
66887876160,67100167
66887876160,67100168
66887876160,67100169
66887876160,67100170
66887876160,67100171
66887876160,67100172
66887876160,67100173
66887876160,67100174
66887876160,67100175
66887876160,67100176
66887876160,67100177
66887876160,67100178
66887876160,67100179
66887876160,67100180
66887876160,67100181
66887876160,67100182
66887876160,67100184
66887876160,67100185
66887876160,67100186
66887876160,67100187
66887876160,67100189
66887876160,67100190
66887876160,67100191
66887876160,67100192
66887876160,67100193
66887876160,67100194
66887876160,67100196
66887876160,67100197
66887876160,67100198
66887876160,67100203
66887876160,67100212
66887876160,67100215
66887876160,67100220
66887876160,67100223
66887876160,67100225
66887876160,67100226
66887876160,67100300
66887876160,67100301
66887876160,67100303
66887876160,67100731
66887876160,67101896
66887876160,67103659
66887876160,67103677
66887876160,67103907
66887876160,67105438
66887876160,67108594
66887876160,67108595
66887876160,67108597
99783552960,131244
99783552960,131247
99783552960,131248
99783552960,131249
99783552960,131250
99783552960,131251
99783552960,131252
99783552960,131253
99783552960,131254
99783552960,131256
99783552960,131257
99783552960,131259
99783552960,67100317
99783552960,67100319
99783552960,67100320
99783552960,67100324
99783552960,67100325
99783552960,67100326
99783552960,67100329
99783552960,67100330
99783552960,67100332
99783552960,67100333
99783552960,67100335
99783552960,67100336
99783552960,67100337
99783552960,67100339
99783552960,67100340
99783552960,67100341
99783552960,67100363
99783552960,67100367
99783552960,67100372
99783552960,67100374
99783552960,67100413
99783552960,67100418
99783552960,67100529
99783552960,67101495
99783552960,67101498
99783552960,67101503
99783552960,67101504
99783552960,67101508
99783552960,67101514
99783552960,67101516
99783552960,67101518
99783552960,67101520
99783552960,67101525
99783552960,67101531
99783552960,67101532
99783552960,67101542
99783552960,67101543
99783552960,67101547
99783552960,67101560
99783552960,67101575
99783552960,67101605
99783552960,67101624
99783552960,67101626
99783552960,67101668
99783552960,67101688
99783552960,67101699
99783552960,67101719
99783552960,67101747
99783552960,67101751
99783552960,67101774
99783552960,67101779
99783552960,67101785
99783552960,67101790
99783552960,67101810
99783552960,67101821
99783552960,67101850
99783552960,67101870
99783552960,67101878
99783552960,67101892
99783552960,67101927
99783552960,67101928
99783552960,67101930
99783552960,67101938
99783552960,67101943
99783552960,67101949
99783552960,67101952
99783552960,67101966
99783552960,67101967
99783552960,67101974
99783552960,67101978
99783552960,67101981
99783552960,67101985
99783552960,67101987
99783552960,67101988
99783552960,67101990
99783552960,67101991
99783552960,67101997
99783552960,67102003
99783552960,67102007
99783552960,67102009
99783552960,67102017
99783552960,67102021
99783552960,67102022
99783552960,67102025
99783552960,67102029
99783552960,67102032
99783552960,67102034
99783552960,67102038
99783552960,67102040
99783552960,67102042
99783552960,67102049
99783552960,67102053
99783552960,67102054
99783552960,67102055
99783552960,67102056
99783552960,67102058
99783552960,67102062
99783552960,67102063
99783552960,67102065
99783552960,67102067
99783552960,67102068
99783552960,67102069
99783552960,67102070
99783552960,67102078
99783552960,67102079
99783552960,67102081
99783552960,67102084
99783552960,67102086
99783552960,67102087
99783552960,67102088
99783552960,67102090
99783552960,67102091
99783552960,67102096
99783552960,67102103
99783552960,67102107
99783552960,67102109
99783552960,67102111
99783552960,67102114
99783552960,67102115
99783552960,67102116
99783552960,67102117
99783552960,67102119
99783552960,67102121
99783552960,67102124
99783552960,67102125
99783552960,67102127
99783552960,67102130
99783552960,67102131
99783552960,67102132
99783552960,67102133
99783552960,67102135
99783552960,67102138
99783552960,67102139
99783552960,67102140
99783552960,67102141
99783552960,67102142
99783552960,67102144
99783552960,67102149
99783552960,67102152
99783552960,67102153
99783552960,67102155
99783552960,67102156
99783552960,67102160
99783552960,67102163
99783552960,67102164
99783552960,67102165
99783552960,67102172
99783552960,67102173
99783552960,67102175
99783552960,67102178
99783552960,67102179
99783552960,67102190
99783552960,67102196
99783552960,67102198
99783552960,67102201
99783552960,67102202
99783552960,67102249
99783552960,67102277
99783552960,67102280
99783552960,67102281
99783552960,67102283
99783552960,67102292
99783552960,67102293
99783552960,67102297
99783552960,67102312
99783552960,67102318
99783552960,67102328
99783552960,67102330
99783552960,67102331
99783552960,67102339
99783552960,67102345
99783552960,67102359
99783552960,67102377
99783552960,67102378
99783552960,67102383
99783552960,67102396
99783552960,67102402
99783552960,67102413
99783552960,67102414
99783552960,67102415
99783552960,67102422
99783552960,67102428
99783552960,67102436
99783552960,67102437
99783552960,67102444
99783552960,67102448
99783552960,67102454
99783552960,67102456
99783552960,67102464
99783552960,67102466
99783552960,67102467
99783552960,67102468
99783552960,67102473
99783552960,67102474
99783552960,67102477
99783552960,67102478
99783552960,67102481
99783552960,67102492
99783552960,67102497
99783552960,67102499
99783552960,67102503
99783552960,67102504
99783552960,67102507
99783552960,67102512
99783552960,67102515
99783552960,67102523
99783552960,67102536
99783552960,67102543
99783552960,67102550
99783552960,67102551
99783552960,67102561
99783552960,67102563
99783552960,67102564
99783552960,67102566
99783552960,67102567
99783552960,67102568
99783552960,67102571
99783552960,67102572
99783552960,67102574
99783552960,67102578
99783552960,67102581
99783552960,67102582
99783552960,67102583
99783552960,67102586
99783552960,67102592
99783552960,67102593
99783552960,67102598
99783552960,67102601
99783552960,67102608
99783552960,67102613
99783552960,67102616
99783552960,67102618
99783552960,67102620
99783552960,67102623
99783552960,67102626
99783552960,67102627
99783552960,67102628
99783552960,67102630
99783552960,67102631
99783552960,67102633
99783552960,67102634
99783552960,67102636
99783552960,67102638
99783552960,67102639
99783552960,67102640
99783552960,67102642
99783552960,67102643
99783552960,67102644
99783552960,67102645
99783552960,67102646
99783552960,67102648
99783552960,67102649
99783552960,67102652
99783552960,67102656
99783552960,67102658
99783552960,67102659
99783552960,67102660
99783552960,67102661
99783552960,67102663
99783552960,67102665
99783552960,67102672
99783552960,67102679
99783552960,67102681
99783552960,67102684
99783552960,67102688
99783552960,67102689
99783552960,67102690
99783552960,67102695
99783552960,67102700
99783552960,67102702
99783552960,67102704
99783552960,67102707
99783552960,67102709
99783552960,67102711
99783552960,67102714
99783552960,67102715
99783552960,67102716
99783552960,67102717
99783552960,67102718
99783552960,67102719
99783552960,67102720
99783552960,67102722
99783552960,67102723
99783552960,67102724
99783552960,67102726
99783552960,67102730
99783552960,67102732
99783552960,67102733
99783552960,67102736
99783552960,67102737
99783552960,67102739
99783552960,67102742
99783552960,67102752
99783552960,67102753
99783552960,67102754
99783552960,67102756
99783552960,67102757
99783552960,67102759
99783552960,67102764
99783552960,67102778
99783552960,67102780
99783552960,67102781
99783552960,67102783
99783552960,67102784
99783552960,67102785
99783552960,67102787
99783552960,67102788
99783552960,67102789
99783552960,67102790
99783552960,67102798
99783552960,67102800
99783552960,67102804
99783552960,67102807
99783552960,67102809
99783552960,67102814
99783552960,67102816
99783552960,67102822
99783552960,67102832
99783552960,67102847
99783552960,67102849
99783552960,67102850
99783552960,67102852
99783552960,67102853
99783552960,67102854
99783552960,67102855
99783552960,67102856
99783552960,67102860
99783552960,67102863
99783552960,67102865
99783552960,67102867
99783552960,67102871
99783552960,67102877
99783552960,67102883
99783552960,67102884
99783552960,67102889
99783552960,67102894
99783552960,67102897
99783552960,67102901
99783552960,67102902
99783552960,67102906
99783552960,67102908
99783552960,67102912
99783552960,67102914
99783552960,67102916
99783552960,67102917
99783552960,67102921
99783552960,67102922
99783552960,67102926
99783552960,67102930
99783552960,67102931
99783552960,67102933
99783552960,67102935
99783552960,67102937
99783552960,67102941
99783552960,67102944
99783552960,67102945
99783552960,67102946
99783552960,67102949
99783552960,67102958
99783552960,67102964
99783552960,67102966
99783552960,67102976
99783552960,67102977
99783552960,67102979
99783552960,67102984
99783552960,67102985
99783552960,67102988
99783552960,67102995
99783552960,67103001
99783552960,67103002
99783552960,67103007
99783552960,67103012
99783552960,67103016
99783552960,67103018
99783552960,67103019
99783552960,67103020
99783552960,67103022
99783552960,67103034
99783552960,67103036
99783552960,67103037
99783552960,67103042
99783552960,67103047
99783552960,67103048
99783552960,67103050
99783552960,67103051
99783552960,67103053
99783552960,67103063
99783552960,67103064
99783552960,67103066
99783552960,67103069
99783552960,67103070
99783552960,67103071
99783552960,67103072
99783552960,67103079
99783552960,67103081
99783552960,67103082
99783552960,67103090
99783552960,67103092
99783552960,67103110
99783552960,67103114
99783552960,67103119
99783552960,67103146
99783552960,67103158
99783552960,67103160
99783552960,67103165
99783552960,67103171
99783552960,67103200
99783552960,67103240
99783552960,67103632
99783552960,67103670
99783552960,67103676
99783552960,67103679
99783552960,67103685
99783552960,67103698
99783552960,67103739
99783552960,67103744
99783552960,67103746
99783552960,67103748
99783552960,67103749
99783552960,67103786
99783552960,67103794
99783552960,67103795
99783552960,67103801
99783552960,67103806
99783552960,67103809
99783552960,67103810
99783552960,67103811
99783552960,67103826
99783552960,67103841
99783552960,67103845
99783552960,67103865
99783552960,67103866
99783552960,67103867
99783552960,67103870
99783552960,67103871
99783552960,67103876
99783552960,67103885
99783552960,67103891
99783552960,67103900
99783552960,67103932
99783552960,67103936
99783552960,67103945
99783552960,67103961
99783552960,67103962
99783552960,67103963
99783552960,67103964
99783552960,67103973
99783552960,67103977
99783552960,67103987
99783552960,67103988
99783552960,67104003
99783552960,67104020
99783552960,67104056
99783552960,67104076
99783552960,67104181
99783552960,67104565
99783552960,67104616
99783552960,67104620
99783552960,67104627
99783552960,67104630
99783552960,67104635
99783552960,67104662
99783552960,67104705
99783552960,67104713
99783552960,67104723
99783552960,67104740
99783552960,67104747
99783552960,67104771
99783552960,67104779
99783552960,67104789
99783552960,67104803
99783552960,67104820
99783552960,67104915
99783552960,67104941
99783552960,67105084
99783552960,67105405
99783552960,67105420
99783552960,67105468
99783552960,67105489
99783552960,67105518
99783552960,67105577
99783552960,67105673
99783552960,67105804
99783552960,67105822
99783552960,67105823
99783552960,67105824
99783552960,67105825
99783552960,67106913
99783552960,67106937
99783552960,67107120
99783552960,67107127
99783552960,67107202
99783552960,67107244
99783552960,67107354
99783552960,67107385
99783552960,67107386
99783552960,67107387
99783552960,67107639
99783552960,67107640
99783552960,67107662
99783552960,67107663
99783552960,67107664
99783552960,67108087
99783552960,67108143
99783552960,67108144
99783552960,67108159
99783552960,67108361
99783552960,67108379
99783552960,67108611
99783552960,67108613
99783552960,67108614
99783552960,67108618
99783552960,67108619
99783552960,67108620
99783552960,67108622
99783552960,67108624
99783552960,67108627
99783552960,67108630
99783552960,67108632
99783552960,67108633
99783552960,67108634
99783552960,67108635
99783552960,67108657
99783552960,67108660
99783552960,67108666
99783552960,67108668
99783552960,67108708
99783552960,67108712
