902036450,67099226
902036450,67099589
902036450,67099955
902036450,67100316
902036450,67100678
902036450,67100679
902036450,67100680
902036450,67100681
902036450,67100682
902036450,67100683
902036450,67100684
902036450,67100685
902036450,67100686
902036450,67100687
902036450,67100688
902036450,67100689
902036450,67100690
902036450,67100691
902036450,67100692
902036450,67100693
902036450,67100694
902036450,67100695
902036450,67100696
902036450,67100697
902036450,67100698
902036450,67100699
902036450,67100700
902036450,67100701
902036450,67100702
902036450,67100703
902036450,67100704
902036450,67100705
902036450,67100706
902036450,67100707
902036450,67100708
902036450,67100709
902036450,67100710
902036450,67100711
902036450,67100712
902036450,67100713
902036450,67100714
902036450,67100715
902036450,67100716
902036450,67100717
902036450,67100718
902036450,67100719
902036450,67100720
902036450,67100721
902036450,67100722
902036450,67100723
902036450,67100724
902036450,67100725
902036450,67100726
902036450,67100727
902036450,67100728
902036450,67100729
902036450,67100730
902036450,67100731
902036450,67100732
902036450,67100733
902036450,67100734
902036450,67100735
902036450,67100736
902036450,67100737
902036450,67100738
902036450,67100739
902036450,67100740
902036450,67100741
902036450,67100742
902036450,67100743
902036450,67100744
902036450,67100745
902036450,67100746
902036450,67100747
902036450,67100748
902036450,67100749
902036450,67100750
902036450,67100751
902036450,67100752
902036450,67100753
902036450,67100754
902036450,67100755
902036450,67100756
902036450,67100757
902036450,67100758
902036450,67100759
902036450,67100760
902036450,67100761
902036450,67100762
902036450,67100763
902036450,67100764
902036450,67100765
902036450,67100766
902036450,67100767
902036450,67100768
902036450,67100769
902036450,67100770
902036450,67100771
902036450,67100772
902036450,67100773
902036450,67100774
902036450,67100775
902036450,67100776
902036450,67100777
902036450,67100778
902036450,67100779
902036450,67100781
902036450,67100782
902036450,67100783
902036450,67100784
902036450,67100785
902036450,67100786
902036450,67100787
902036450,67100788
902036450,67100790
902036450,67100791
902036450,67100792
902036450,67100794
902036450,67100795
902036450,67100796
902036450,67100797
902036450,67100798
902036450,67100799
902036450,67100800
902036450,67100801
902036450,67100802
902036450,67100803
902036450,67100804
902036450,67100805
902036450,67100806
902036450,67100807
902036450,67100809
902036450,67100810
902036450,67100811
902036450,67100812
902036450,67100813
902036450,67100814
902036450,67100815
902036450,67100816
902036450,67100817
902036450,67100818
902036450,67100819
902036450,67100820
902036450,67100821
902036450,67100822
902036450,67100823
902036450,67100824
902036450,67100825
902036450,67100826
902036450,67100827
902036450,67100828
902036450,67100829
902036450,67100830
902036450,67100831
902036450,67100832
902036450,67100833
902036450,67100834
902036450,67100835
902036450,67100836
902036450,67100837
902036450,67100838
902036450,67100839
902036450,67100840
902036450,67100841
902036450,67100842
902036450,67100843
902036450,67100844
902036450,67100845
902036450,67100846
902036450,67100847
902036450,67100848
902036450,67100849
902036450,67100850
902036450,67100851
902036450,67100852
902036450,67100853
902036450,67100854
902036450,67100855
902036450,67100856
902036450,67100857
902036450,67100858
902036450,67100859
902036450,67100860
902036450,67100861
902036450,67100862
902036450,67100863
902036450,67100864
902036450,67100865
902036450,67100866
902036450,67100867
902036450,67100868
902036450,67100869
902036450,67100870
902036450,67100871
902036450,67100872
902036450,67100873
902036450,67100874
902036450,67100875
902036450,67100876
902036450,67100877
902036450,67100878
902036450,67100879
902036450,67100880
902036450,67100881
902036450,67100882
902036450,67100883
902036450,67100884
902036450,67100885
902036450,67100886
902036450,67100887
902036450,67100888
902036450,67100889
902036450,67100890
902036450,67100891
902036450,67100892
902036450,67100893
902036450,67100894
902036450,67100895
902036450,67100896
902036450,67100897
902036450,67100898
902036450,67100899
902036450,67100900
902036450,67100901
902036450,67100902
902036450,67100903
902036450,67100904
902036450,67100905
902036450,67100906
902036450,67100907
902036450,67100908
902036450,67100909
902036450,67100910
902036450,67100911
902036450,67100912
902036450,67100913
902036450,67100914
902036450,67100915
902036450,67100916
902036450,67100917
902036450,67100918
902036450,67100919
902036450,67100920
902036450,67100921
902036450,67100922
902036450,67100923
902036450,67100924
902036450,67100925
902036450,67100926
902036450,67100927
902036450,67100928
902036450,67100929
902036450,67100930
902036450,67100931
902036450,67100932
902036450,67100933
902036450,67100934
902036450,67100935
902036450,67100936
902036450,67100937
902036450,67100938
902036450,67100939
902036450,67100940
902036450,67100941
902036450,67100942
902036450,67100943
902036450,67100944
902036450,67100945
902036450,67100946
902036450,67100947
902036450,67100948
902036450,67100949
902036450,67100950
902036450,67100951
902036450,67100952
902036450,67100953
902036450,67100954
902036450,67100955
902036450,67100956
902036450,67100957
902036450,67100958
902036450,67100959
902036450,67100960
902036450,67100961
902036450,67100962
902036450,67100963
902036450,67100964
902036450,67100965
902036450,67100966
902036450,67100967
902036450,67100968
902036450,67100969
902036450,67100970
902036450,67100971
902036450,67100972
902036450,67100973
902036450,67100974
902036450,67100975
902036450,67100976
902036450,67100977
902036450,67100978
902036450,67100979
902036450,67100980
902036450,67100981
902036450,67100982
902036450,67100983
902036450,67100984
902036450,67100985
902036450,67100986
902036450,67100987
902036450,67100988
902036450,67100989
902036450,67100990
902036450,67100991
902036450,67100992
902036450,67100993
902036450,67100994
902036450,67100995
902036450,67100996
902036450,67100997
902036450,67100998
902036450,67100999
902036450,67101001
902036450,67101002
902036450,67101003
902036450,67101004
902036450,67101005
902036450,67101006
902036450,67101007
902036450,67101008
902036450,67101009
902036450,67101010
902036450,67101011
902036450,67101012
902036450,67101013
902036450,67101014
902036450,67101015
902036450,67101016
902036450,67101017
902036450,67101018
902036450,67101019
902036450,67101020
902036450,67101021
902036450,67101022
902036450,67101023
902036450,67101024
902036450,67101025
902036450,67101026
902036450,67101027
902036450,67101028
902036450,67101029
902036450,67101030
902036450,67101033
902036450,67101034
902036450,67101035
902036450,67101036
902036450,67101037
902036450,67101038
902036450,67101039
902036450,67101040
902036450,67101198
902036450,67101199
27963129950,67099232
27963129950,67099595
27963129950,67100015
27963129950,67100322
27963129950,67105795
27963129950,67105796
27963129950,67105797
27963129950,67105798
27963129950,67105799
27963129950,67108438
55024223450,67099233
55024223450,67099234
55024223450,67099235
55024223450,67099236
55024223450,67099237
55024223450,67099238
55024223450,67099239
55024223450,67099240
55024223450,67099241
55024223450,67099242
55024223450,67099243
55024223450,67099244
55024223450,67099245
55024223450,67099246
55024223450,67099247
55024223450,67099248
55024223450,67099249
55024223450,67099250
55024223450,67099251
55024223450,67099252
55024223450,67099253
55024223450,67099254
55024223450,67099255
55024223450,67099256
55024223450,67099257
55024223450,67099258
55024223450,67099259
55024223450,67099260
55024223450,67099261
55024223450,67099262
55024223450,67099263
55024223450,67099264
55024223450,67099265
55024223450,67099266
55024223450,67099267
55024223450,67099268
55024223450,67099269
55024223450,67099270
55024223450,67099271
55024223450,67099272
55024223450,67099273
55024223450,67099274
55024223450,67099275
55024223450,67099276
55024223450,67099277
55024223450,67099278
55024223450,67099279
55024223450,67099280
55024223450,67099281
55024223450,67099282
55024223450,67099283
55024223450,67099284
55024223450,67099285
55024223450,67099286
55024223450,67099287
55024223450,67099288
55024223450,67099289
55024223450,67099290
55024223450,67099291
55024223450,67099292
55024223450,67099293
55024223450,67099294
55024223450,67099295
55024223450,67099296
55024223450,67099297
55024223450,67099298
55024223450,67099299
55024223450,67099300
55024223450,67099301
55024223450,67099302
55024223450,67099303
55024223450,67099304
55024223450,67099305
55024223450,67099306
55024223450,67099307
55024223450,67099308
55024223450,67099309
55024223450,67099310
55024223450,67099311
55024223450,67099312
55024223450,67099313
55024223450,67099314
55024223450,67099315
55024223450,67099316
55024223450,67099317
55024223450,67099318
55024223450,67099319
55024223450,67099320
55024223450,67099321
55024223450,67099322
55024223450,67099323
55024223450,67099324
55024223450,67099325
55024223450,67099326
55024223450,67099327
55024223450,67099328
55024223450,67099329
55024223450,67099330
55024223450,67099331
55024223450,67099332
55024223450,67099333
55024223450,67099334
55024223450,67099335
55024223450,67099336
55024223450,67099338
55024223450,67099339
55024223450,67099340
55024223450,67099341
55024223450,67099342
55024223450,67099343
55024223450,67099344
55024223450,67099345
55024223450,67099346
55024223450,67099347
55024223450,67099348
55024223450,67099349
55024223450,67099350
55024223450,67099351
55024223450,67099352
55024223450,67099353
55024223450,67099354
55024223450,67099355
55024223450,67099356
55024223450,67099357
55024223450,67099358
55024223450,67099359
55024223450,67099360
55024223450,67099361
55024223450,67099362
55024223450,67099363
55024223450,67099364
55024223450,67099365
55024223450,67099366
55024223450,67099367
55024223450,67099368
55024223450,67099369
55024223450,67099370
55024223450,67099371
55024223450,67099372
55024223450,67099373
55024223450,67099374
55024223450,67099375
55024223450,67099376
55024223450,67099377
55024223450,67099378
55024223450,67099379
55024223450,67099380
55024223450,67099381
55024223450,67099382
55024223450,67099383
55024223450,67099384
55024223450,67099385
55024223450,67099386
55024223450,67099387
55024223450,67099388
55024223450,67099389
55024223450,67099390
55024223450,67099391
55024223450,67099392
55024223450,67099393
55024223450,67099394
55024223450,67099395
55024223450,67099396
55024223450,67099397
55024223450,67099398
55024223450,67099399
55024223450,67099400
55024223450,67099401
55024223450,67099402
55024223450,67099403
55024223450,67099404
55024223450,67099405
55024223450,67099406
55024223450,67099407
55024223450,67099408
55024223450,67099409
55024223450,67099410
55024223450,67099411
55024223450,67099412
55024223450,67099413
55024223450,67099414
55024223450,67099415
55024223450,67099416
55024223450,67099417
55024223450,67099418
55024223450,67099419
55024223450,67099420
55024223450,67099421
55024223450,67099422
55024223450,67099423
55024223450,67099424
55024223450,67099425
55024223450,67099426
55024223450,67099427
55024223450,67099428
55024223450,67099429
55024223450,67099430
55024223450,67099431
55024223450,67099432
55024223450,67099433
55024223450,67099434
55024223450,67099435
55024223450,67099436
55024223450,67099437
55024223450,67099438
55024223450,67099439
55024223450,67099440
55024223450,67099441
55024223450,67099442
55024223450,67099443
55024223450,67099444
55024223450,67099445
55024223450,67099446
55024223450,67099447
55024223450,67099448
55024223450,67099449
55024223450,67099450
55024223450,67099451
55024223450,67099452
55024223450,67099453
55024223450,67099454
55024223450,67099455
55024223450,67099456
55024223450,67099457
55024223450,67099458
55024223450,67099459
55024223450,67099460
55024223450,67099461
55024223450,67099462
55024223450,67099463
55024223450,67099464
55024223450,67099465
55024223450,67099466
55024223450,67099467
55024223450,67099468
55024223450,67099469
55024223450,67099470
55024223450,67099471
55024223450,67099472
55024223450,67099473
55024223450,67099474
55024223450,67099475
55024223450,67099476
55024223450,67099477
55024223450,67099478
55024223450,67099479
55024223450,67099480
55024223450,67099481
55024223450,67099482
55024223450,67099483
55024223450,67099484
55024223450,67099485
55024223450,67099486
55024223450,67099487
55024223450,67099488
55024223450,67099489
55024223450,67099490
55024223450,67099491
55024223450,67099492
55024223450,67099493
55024223450,67099494
55024223450,67099495
55024223450,67099496
55024223450,67099497
55024223450,67099498
55024223450,67099499
55024223450,67099500
55024223450,67099501
55024223450,67099502
55024223450,67099503
55024223450,67099504
55024223450,67099505
55024223450,67099506
55024223450,67099507
55024223450,67099508
55024223450,67099509
55024223450,67099510
55024223450,67099511
55024223450,67099512
55024223450,67099513
55024223450,67099514
55024223450,67099515
55024223450,67099516
55024223450,67099517
55024223450,67099518
55024223450,67099519
55024223450,67099520
55024223450,67099521
55024223450,67099522
55024223450,67099523
55024223450,67099524
55024223450,67099525
55024223450,67099526
55024223450,67099527
55024223450,67099528
55024223450,67099529
55024223450,67099530
55024223450,67099531
55024223450,67099532
55024223450,67099533
55024223450,67099534
55024223450,67099535
55024223450,67099536
55024223450,67099537
55024223450,67099538
55024223450,67099539
55024223450,67099540
55024223450,67099541
55024223450,67099542
55024223450,67099543
55024223450,67099544
55024223450,67099545
55024223450,67099546
55024223450,67099547
55024223450,67099548
55024223450,67099549
55024223450,67099550
55024223450,67099551
55024223450,67099552
55024223450,67099553
55024223450,67099554
55024223450,67099555
55024223450,67099556
55024223450,67099557
55024223450,67099558
55024223450,67099559
55024223450,67099560
55024223450,67099561
55024223450,67099562
55024223450,67099563
55024223450,67099564
55024223450,67099565
55024223450,67099566
55024223450,67099567
55024223450,67099568
55024223450,67099569
55024223450,67099570
55024223450,67099571
55024223450,67099572
55024223450,67099573
55024223450,67099574
55024223450,67099575
55024223450,67099576
55024223450,67099577
55024223450,67099578
55024223450,67099579
55024223450,67099580
55024223450,67099581
55024223450,67099582
55024223450,67099583
55024223450,67099584
55024223450,67099585
55024223450,67099586
55024223450,67099587
55024223450,67099588
55024223450,67099965
55024223450,67100363
55024223450,67101361
55024223450,67101368
55024223450,67101369
55024223450,67101371
55024223450,67101372
55024223450,67101374
55024223450,67101376
55024223450,67101377
55024223450,67101380
55024223450,67101387
55024223450,67101388
55024223450,67101389
55024223450,67101390
55024223450,67101391
55024223450,67101394
82085316950,131241
82085316950,131242
82085316950,131243
82085316950,131244
82085316950,131245
82085316950,131253
82085316950,131254
82085316950,131258
82085316950,131259
82085316950,131260
82085316950,67099612
82085316950,67099637
82085316950,67099659
82085316950,67099660
82085316950,67099661
82085316950,67099662
82085316950,67099664
82085316950,67099665
82085316950,67099667
82085316950,67099668
82085316950,67099669
82085316950,67099671
82085316950,67099672
82085316950,67099674
82085316950,67099675
82085316950,67099676
82085316950,67099679
82085316950,67099680
82085316950,67099685
82085316950,67099686
82085316950,67099688
82085316950,67099691
82085316950,67099695
82085316950,67099696
82085316950,67099698
82085316950,67099702
82085316950,67099703
82085316950,67099706
82085316950,67099713
82085316950,67099714
82085316950,67099718
82085316950,67099719
82085316950,67099721
82085316950,67099722
82085316950,67099723
82085316950,67099731
82085316950,67099732
82085316950,67099735
82085316950,67099737
82085316950,67099741
82085316950,67099748
82085316950,67099751
82085316950,67099752
82085316950,67099753
82085316950,67099756
82085316950,67099757
82085316950,67099758
82085316950,67099773
82085316950,67099777
82085316950,67099778
82085316950,67099779
82085316950,67099780
82085316950,67099781
82085316950,67099782
82085316950,67099783
82085316950,67099784
82085316950,67099785
82085316950,67099786
82085316950,67099787
82085316950,67099789
82085316950,67099797
82085316950,67099798
82085316950,67099800
82085316950,67099802
82085316950,67099803
82085316950,67099809
82085316950,67099810
82085316950,67099811
82085316950,67099814
82085316950,67099815
82085316950,67099816
82085316950,67099817
82085316950,67099819
82085316950,67099821
82085316950,67099827
82085316950,67099829
82085316950,67099831
82085316950,67099832
82085316950,67099843
82085316950,67099845
82085316950,67099846
82085316950,67099852
82085316950,67099854
82085316950,67099860
82085316950,67099866
82085316950,67099867
82085316950,67099868
82085316950,67099875
82085316950,67099876
82085316950,67099883
82085316950,67099884
82085316950,67099888
82085316950,67099889
82085316950,67099900
82085316950,67099904
82085316950,67099909
82085316950,67099911
82085316950,67099919
82085316950,67099930
82085316950,67099935
82085316950,67099942
82085316950,67099947
82085316950,67100064
82085316950,67101857
82085316950,67106227
82085316950,67106522
82085316950,67106918
82085316950,67107112
82085316950,67107477
82085316950,67107505
82085316950,67107507
82085316950,67107527
82085316950,67107536
82085316950,67107560
82085316950,67107565
82085316950,67107599
82085316950,67107623
82085316950,67107638
82085316950,67107641
82085316950,67107680
82085316950,67107700
82085316950,67107710
82085316950,67107739
82085316950,67107799
82085316950,67107800
82085316950,67107870
82085316950,67107880
82085316950,67107881
82085316950,67107883
82085316950,67107884
82085316950,67107885
82085316950,67107886
82085316950,67107887
82085316950,67107888
82085316950,67107889
82085316950,67107890
82085316950,67107891
82085316950,67107892
82085316950,67107893
82085316950,67107894
82085316950,67107895
82085316950,67107896
82085316950,67107897
82085316950,67107898
82085316950,67107900
82085316950,67107901
82085316950,67107909
82085316950,67107910
82085316950,67107911
82085316950,67107912
82085316950,67107913
82085316950,67107915
82085316950,67107920
82085316950,67107923
82085316950,67107929
82085316950,67107932
82085316950,67107939
82085316950,67107940
82085316950,67107944
82085316950,67107945
82085316950,67107947
82085316950,67107948
82085316950,67107951
82085316950,67107953
82085316950,67107956
82085316950,67107963
82085316950,67107978
82085316950,67107985
82085316950,67107989
82085316950,67107992
82085316950,67107993
82085316950,67107994
82085316950,67108005
82085316950,67108006
82085316950,67108007
82085316950,67108008
82085316950,67108010
82085316950,67108017
82085316950,67108018
82085316950,67108020
82085316950,67108023
82085316950,67108025
82085316950,67108026
82085316950,67108029
82085316950,67108030
82085316950,67108033
82085316950,67108035
82085316950,67108036
82085316950,67108041
82085316950,67108046
82085316950,67108047
82085316950,67108051
82085316950,67108054
82085316950,67108057
82085316950,67108058
82085316950,67108061
82085316950,67108065
82085316950,67108066
82085316950,67108067
82085316950,67108069
82085316950,67108070
82085316950,67108076
82085316950,67108079
82085316950,67108085
82085316950,67108086
82085316950,67108092
82085316950,67108093
82085316950,67108094
82085316950,67108095
82085316950,67108096
82085316950,67108097
82085316950,67108099
82085316950,67108100
82085316950,67108101
82085316950,67108107
82085316950,67108108
82085316950,67108109
82085316950,67108113
82085316950,67108114
82085316950,67108118
82085316950,67108119
82085316950,67108122
82085316950,67108124
82085316950,67108125
82085316950,67108127
82085316950,67108128
82085316950,67108129
82085316950,67108134
82085316950,67108135
82085316950,67108138
82085316950,67108144
82085316950,67108145
82085316950,67108158
82085316950,67108159
82085316950,67108161
82085316950,67108169
82085316950,67108175
82085316950,67108183
82085316950,67108186
82085316950,67108193
82085316950,67108196
82085316950,67108199
82085316950,67108200
82085316950,67108201
82085316950,67108202
82085316950,67108204
82085316950,67108209
82085316950,67108214
82085316950,67108219
82085316950,67108224
82085316950,67108225
82085316950,67108231
82085316950,67108232
82085316950,67108233
82085316950,67108238
82085316950,67108241
82085316950,67108247
82085316950,67108250
82085316950,67108251
82085316950,67108253
82085316950,67108261
82085316950,67108263
82085316950,67108270
82085316950,67108276
82085316950,67108278
82085316950,67108281
82085316950,67108284
82085316950,67108285
82085316950,67108289
82085316950,67108292
82085316950,67108293
82085316950,67108299
82085316950,67108300
82085316950,67108301
82085316950,67108302
82085316950,67108303
82085316950,67108304
82085316950,67108305
82085316950,67108306
82085316950,67108309
82085316950,67108313
82085316950,67108316
82085316950,67108317
82085316950,67108318
82085316950,67108322
82085316950,67108323
82085316950,67108324
82085316950,67108326
82085316950,67108338
82085316950,67108341
82085316950,67108347
82085316950,67108353
82085316950,67108360
82085316950,67108363
82085316950,67108368
82085316950,67108374
82085316950,67108380
82085316950,67108385
82085316950,67108388
82085316950,67108390
82085316950,67108394
82085316950,67108395
82085316950,67108396
82085316950,67108397
82085316950,67108399
82085316950,67108404
82085316950,67108409
82085316950,67108413
82085316950,67108415
82085316950,67108418
82085316950,67108421
82085316950,67108422
82085316950,67108425
82085316950,67108426
82085316950,67108442
82085316950,67108501
82085316950,67108502
82085316950,67108503
82085316950,67108504
82085316950,67108505
82085316950,67108508
82085316950,67108509
82085316950,67108510
82085316950,67108511
82085316950,67108514
82085316950,67108515
82085316950,67108517
82085316950,67108520
82085316950,67108521
82085316950,67108522
82085316950,67108523
82085316950,67108527
82085316950,67108528
82085316950,67108530
82085316950,67108531
82085316950,67108537
82085316950,67108538
82085316950,67108539
82085316950,67108541
82085316950,67108543
82085316950,67108546
82085316950,67108549
82085316950,67108556
82085316950,67108557
82085316950,67108561
82085316950,67108563
82085316950,67108564
82085316950,67108570
82085316950,67108574
82085316950,67108578
82085316950,67108580
82085316950,67108583
82085316950,67108584
82085316950,67108594
82085316950,67108595
82085316950,67108596
82085316950,67108598
82085316950,67108600
82085316950,67108603
82085316950,67108606
82085316950,67108614
82085316950,67108619
82085316950,67108620
82085316950,67108622
82085316950,67108623
82085316950,67108624
82085316950,67108626
82085316950,67108627
82085316950,67108629
82085316950,67108630
82085316950,67108639
82085316950,67108640
82085316950,67108642
82085316950,67108645
82085316950,67108646
82085316950,67108650
82085316950,67108651
82085316950,67108652
82085316950,67108653
82085316950,67108654
82085316950,67108656
82085316950,67108657
82085316950,67108658
82085316950,67108659
82085316950,67108663
82085316950,67108664
82085316950,67108669
82085316950,67108675
82085316950,67108679
82085316950,67108685
82085316950,67108688
82085316950,67108695
82085316950,67108696
82085316950,67108702
82085316950,67108709
82085316950,67108710
82085316950,67108711
82085316950,67108717
82085316950,67108719
82085316950,67108722
82085316950,67108725
82085316950,67108731
82085316950,67108734
82085316950,67108743
82085316950,67108759
82085316950,67108769
82085316950,67108772
82085316950,67108778
82085316950,67108784
82085316950,67108785
82085316950,67108790
82085316950,67108791
109146410450,131255
109146410450,131256
109146410450,131257
109146410450,67102197
109146410450,67102199
109146410450,67102200
109146410450,67102206
109146410450,67102228
109146410450,67102235
109146410450,67102236
109146410450,67102244
109146410450,67102245
109146410450,67102252
109146410450,67102264
109146410450,67102265
109146410450,67102287
109146410450,67102293
109146410450,67102306
109146410450,67102309
109146410450,67102317
109146410450,67102319
109146410450,67104387
109146410450,67105800
109146410450,67105801
109146410450,67105803
109146410450,67105804
109146410450,67105806
109146410450,67105807
109146410450,67105808
109146410450,67105809
109146410450,67105810
109146410450,67105812
109146410450,67105813
109146410450,67105815
109146410450,67105816
109146410450,67105818
109146410450,67105819
109146410450,67105844
109146410450,67105858
109146410450,67106013
109146410450,67106059
109146410450,67106064
109146410450,67106312
109146410450,67106400
109146410450,67106452
109146410450,67106453
109146410450,67106455
109146410450,67106456
109146410450,67106457
109146410450,67106458
109146410450,67106459
109146410450,67106460
109146410450,67106461
109146410450,67106462
109146410450,67106463
109146410450,67106464
109146410450,67106465
109146410450,67106466
109146410450,67106467
109146410450,67106469
109146410450,67106470
109146410450,67106472
109146410450,67106473
109146410450,67106474
109146410450,67106748
109146410450,67106866
109146410450,67107128
109146410450,67107137
109146410450,67107433
109146410450,67107664
109146410450,67107743
109146410450,67107787
109146410450,67107829
109146410450,67107840
109146410450,67108038
109146410450,67108050
136207503950,67101278
136207503950,67101280
136207503950,67101296
136207503950,67101300
136207503950,67101301
136207503950,67101308
136207503950,67101312
136207503950,67101318
136207503950,67101323
136207503950,67101343
136207503950,67101363
136207503950,67101393
136207503950,67101398
136207503950,67101403
136207503950,67101404
136207503950,67101409
136207503950,67101419
136207503950,67101424
136207503950,67101428
136207503950,67101436
136207503950,67101466
136207503950,67101471
136207503950,67101472
136207503950,67101489
136207503950,67101492
136207503950,67101496
136207503950,67101536
136207503950,67101558
136207503950,67101562
136207503950,67101574
136207503950,67101581
136207503950,67101590
136207503950,67101624
136207503950,67101627
136207503950,67101628
136207503950,67101631
136207503950,67101636
136207503950,67101645
136207503950,67101646
136207503950,67101647
136207503950,67101654
136207503950,67101659
136207503950,67101698
136207503950,67101719
136207503950,67101731
136207503950,67101750
136207503950,67101766
136207503950,67101770
136207503950,67101800
136207503950,67101914
136207503950,67101916
136207503950,67101960
136207503950,67101974
136207503950,67101977
136207503950,67101978
136207503950,67101980
136207503950,67102029
136207503950,67102059
136207503950,67102061
136207503950,67102062
136207503950,67102111
136207503950,67102126
136207503950,67102135
136207503950,67102139
136207503950,67102140
136207503950,67102153
136207503950,67102155
136207503950,67102156
136207503950,67102163
136207503950,67102164
136207503950,67102215
136207503950,67102256
136207503950,67102258
136207503950,67102260
136207503950,67102277
136207503950,67102298
136207503950,67102329
136207503950,67102335
136207503950,67102345
136207503950,67102346
136207503950,67102348
136207503950,67102352
136207503950,67102360
136207503950,67102378
136207503950,67102379
136207503950,67102389
136207503950,67102396
136207503950,67102426
136207503950,67102434
136207503950,67102448
136207503950,67102458
136207503950,67102561
136207503950,67102582
136207503950,67102598
136207503950,67102617
136207503950,67102661
136207503950,67102670
136207503950,67102672
136207503950,67102675
136207503950,67102676
136207503950,67102690
136207503950,67102727
136207503950,67102731
136207503950,67102757
136207503950,67102761
136207503950,67102792
136207503950,67102811
136207503950,67102824
136207503950,67102825
136207503950,67102827
136207503950,67102833
136207503950,67102836
136207503950,67102837
136207503950,67102861
136207503950,67102865
136207503950,67102867
136207503950,67102872
136207503950,67102878
136207503950,67102890
136207503950,67102906
136207503950,67102926
136207503950,67102933
136207503950,67102935
136207503950,67102939
136207503950,67102940
136207503950,67102944
136207503950,67102978
136207503950,67102981
136207503950,67102988
136207503950,67102991
136207503950,67102992
136207503950,67103002
136207503950,67103003
136207503950,67103006
136207503950,67103025
136207503950,67103030
136207503950,67103044
136207503950,67103052
136207503950,67103055
136207503950,67103064
136207503950,67103065
136207503950,67103067
136207503950,67103069
136207503950,67103078
136207503950,67103080
136207503950,67103083
136207503950,67103096
136207503950,67103107
136207503950,67103142
136207503950,67103160
136207503950,67103162
136207503950,67103166
136207503950,67103167
136207503950,67103169
136207503950,67103174
136207503950,67103201
136207503950,67103205
136207503950,67103224
136207503950,67103235
136207503950,67103244
136207503950,67103259
136207503950,67103280
136207503950,67103281
136207503950,67103283
136207503950,67103297
136207503950,67103306
136207503950,67103308
136207503950,67103341
136207503950,67103352
136207503950,67103355
136207503950,67103361
136207503950,67103364
136207503950,67103396
136207503950,67103402
136207503950,67103407
136207503950,67103413
136207503950,67103435
136207503950,67103450
136207503950,67103461
136207503950,67103471
136207503950,67103479
136207503950,67103486
136207503950,67103505
136207503950,67103510
136207503950,67103511
136207503950,67103540
136207503950,67103554
136207503950,67103560
136207503950,67103561
136207503950,67103564
136207503950,67103565
136207503950,67103579
136207503950,67103580
136207503950,67103582
136207503950,67103586
136207503950,67103598
136207503950,67103604
136207503950,67103610
136207503950,67103620
136207503950,67103623
136207503950,67103644
136207503950,67103645
136207503950,67103646
136207503950,67103649
136207503950,67103650
136207503950,67103660
136207503950,67103663
136207503950,67103664
136207503950,67103668
136207503950,67103687
136207503950,67103688
136207503950,67103695
136207503950,67103702
136207503950,67103704
136207503950,67103717
136207503950,67103720
136207503950,67103735
136207503950,67103775
136207503950,67103796
136207503950,67103802
136207503950,67103807
136207503950,67103819
136207503950,67103827
136207503950,67103832
136207503950,67103834
136207503950,67103836
136207503950,67103843
136207503950,67103880
136207503950,67103887
136207503950,67103889
136207503950,67103890
136207503950,67103892
136207503950,67103899
136207503950,67103901
136207503950,67103911
136207503950,67103915
136207503950,67103918
136207503950,67103922
136207503950,67103928
136207503950,67103933
136207503950,67103963
136207503950,67103964
136207503950,67103965
136207503950,67103973
136207503950,67103977
136207503950,67103984
136207503950,67103986
136207503950,67104020
136207503950,67104052
136207503950,67104054
136207503950,67104055
136207503950,67104120
136207503950,67104131
136207503950,67104138
136207503950,67104171
136207503950,67104192
136207503950,67104195
136207503950,67104225
136207503950,67104258
136207503950,67104263
136207503950,67104267
136207503950,67104269
136207503950,67104270
136207503950,67104273
136207503950,67104280
136207503950,67104282
136207503950,67104306
136207503950,67104308
136207503950,67104316
136207503950,67104320
136207503950,67104325
136207503950,67104327
136207503950,67104328
136207503950,67104329
136207503950,67104332
136207503950,67104340
136207503950,67104342
