732856447,67104566
732856447,67104567
732856447,67104568
732856447,67104569
732856447,67104570
732856447,67104787
22718549857,67104141
22718549857,67104270
22718549857,67104314
22718549857,67104528
22718549857,67108225
22718549857,67108226
22718549857,67108227
22718549857,67108228
22718549857,67108229
22718549857,67108779
44704243267,67104031
44704243267,67104032
44704243267,67104033
44704243267,67104034
44704243267,67104035
44704243267,67104036
44704243267,67104037
44704243267,67104038
44704243267,67104039
44704243267,67104040
44704243267,67104042
44704243267,67104043
44704243267,67104044
44704243267,67104046
44704243267,67104047
44704243267,67104048
44704243267,67104049
44704243267,67104050
44704243267,67104051
44704243267,67104052
44704243267,67104054
44704243267,67104055
44704243267,67104057
44704243267,67104058
44704243267,67104059
44704243267,67104060
44704243267,67104061
44704243267,67104062
44704243267,67104063
44704243267,67104064
44704243267,67104065
44704243267,67104066
44704243267,67104069
44704243267,67104070
44704243267,67104071
44704243267,67104072
44704243267,67104074
44704243267,67104075
44704243267,67104076
44704243267,67104077
44704243267,67104078
44704243267,67104079
44704243267,67104080
44704243267,67104081
44704243267,67104082
44704243267,67104083
44704243267,67104085
44704243267,67104086
44704243267,67104088
44704243267,67104089
44704243267,67104090
44704243267,67104091
44704243267,67104092
44704243267,67104093
44704243267,67104094
44704243267,67104096
44704243267,67104097
44704243267,67104098
44704243267,67104099
44704243267,67104100
44704243267,67104103
44704243267,67104104
44704243267,67104105
44704243267,67104106
44704243267,67104107
44704243267,67104110
44704243267,67104111
44704243267,67104142
44704243267,67104143
44704243267,67104144
44704243267,67104145
44704243267,67104146
44704243267,67104147
44704243267,67104148
44704243267,67104149
44704243267,67104150
44704243267,67104151
44704243267,67104153
44704243267,67104154
