732856447,67104566
732856447,67104567
732856447,67104568
732856447,67104569
732856447,67104570
732856447,67104787
22718549857,67104141
22718549857,67104270
22718549857,67104314
22718549857,67104528
22718549857,67108225
22718549857,67108226
22718549857,67108227
22718549857,67108228
22718549857,67108229
22718549857,67108779
44704243267,131251
44704243267,131252
44704243267,131257
44704243267,131258
44704243267,131259
44704243267,131260
44704243267,67104031
44704243267,67104032
44704243267,67104033
44704243267,67104034
44704243267,67104035
44704243267,67104036
44704243267,67104037
44704243267,67104038
44704243267,67104039
44704243267,67104040
44704243267,67104041
44704243267,67104042
44704243267,67104043
44704243267,67104044
44704243267,67104045
44704243267,67104046
44704243267,67104047
44704243267,67104048
44704243267,67104049
44704243267,67104050
44704243267,67104051
44704243267,67104052
44704243267,67104053
44704243267,67104054
44704243267,67104055
44704243267,67104056
44704243267,67104057
44704243267,67104058
44704243267,67104059
44704243267,67104060
44704243267,67104061
44704243267,67104062
44704243267,67104063
44704243267,67104064
44704243267,67104065
44704243267,67104066
44704243267,67104067
44704243267,67104068
44704243267,67104069
44704243267,67104070
44704243267,67104071
44704243267,67104072
44704243267,67104073
44704243267,67104074
44704243267,67104075
44704243267,67104076
44704243267,67104077
44704243267,67104078
44704243267,67104079
44704243267,67104080
44704243267,67104081
44704243267,67104082
44704243267,67104083
44704243267,67104084
44704243267,67104085
44704243267,67104086
44704243267,67104087
44704243267,67104088
44704243267,67104089
44704243267,67104090
44704243267,67104091
44704243267,67104092
44704243267,67104093
44704243267,67104094
44704243267,67104095
44704243267,67104096
44704243267,67104097
44704243267,67104098
44704243267,67104099
44704243267,67104100
44704243267,67104101
44704243267,67104102
44704243267,67104103
44704243267,67104104
44704243267,67104105
44704243267,67104106
44704243267,67104107
44704243267,67104108
44704243267,67104109
44704243267,67104110
44704243267,67104111
44704243267,67104142
44704243267,67104143
44704243267,67104144
44704243267,67104145
44704243267,67104146
44704243267,67104147
44704243267,67104148
44704243267,67104149
44704243267,67104150
44704243267,67104151
44704243267,67104152
44704243267,67104153
44704243267,67104154
44704243267,67104160
44704243267,67104161
44704243267,67104162
44704243267,67104163
44704243267,67104164
44704243267,67104165
44704243267,67104166
44704243267,67104167
44704243267,67104168
44704243267,67104169
44704243267,67104170
44704243267,67104171
44704243267,67104172
44704243267,67104173
44704243267,67104174
44704243267,67104175
44704243267,67104176
44704243267,67104177
44704243267,67104178
44704243267,67104179
44704243267,67104180
44704243267,67104181
44704243267,67104182
44704243267,67104183
44704243267,67104184
44704243267,67104185
44704243267,67104186
44704243267,67104187
44704243267,67104188
44704243267,67104192
44704243267,67104439
44704243267,67104887
44704243267,67104916
44704243267,67104974
44704243267,67104999
44704243267,67105007
44704243267,67105064
44704243267,67105272
44704243267,67105311
44704243267,67105342
44704243267,67105361
44704243267,67105382
44704243267,67105413
44704243267,67105418
44704243267,67105424
44704243267,67105469
44704243267,67105489
44704243267,67105525
44704243267,67105544
44704243267,67105545
44704243267,67105564
44704243267,67105579
44704243267,67105613
44704243267,67105624
44704243267,67105652
44704243267,67105653
44704243267,67105654
44704243267,67105660
44704243267,67105661
44704243267,67105679
44704243267,67105689
44704243267,67105692
44704243267,67108670
44704243267,67108671
44704243267,67108672
44704243267,67108673
44704243267,67108674
44704243267,67108675
44704243267,67108676
44704243267,67108677
44704243267,67108678
44704243267,67108679
44704243267,67108680
44704243267,67108681
44704243267,67108682
44704243267,67108683
44704243267,67108684
44704243267,67108685
44704243267,67108686
44704243267,67108687
44704243267,67108688
44704243267,67108689
44704243267,67108690
44704243267,67108691
44704243267,67108692
44704243267,67108693
44704243267,67108694
44704243267,67108695
44704243267,67108696
44704243267,67108697
44704243267,67108698
44704243267,67108699
44704243267,67108701
66689936677,131253
66689936677,131254
66689936677,131255
66689936677,131256
66689936677,67104310
66689936677,67104869
66689936677,67104996
66689936677,67105065
66689936677,67105093
66689936677,67105133
66689936677,67105224
66689936677,67105360
66689936677,67105395
66689936677,67105523
66689936677,67105568
66689936677,67105584
66689936677,67105618
66689936677,67105649
66689936677,67105828
66689936677,67105850
66689936677,67105877
66689936677,67105883
66689936677,67105890
66689936677,67105899
66689936677,67105903
66689936677,67105904
66689936677,67105908
66689936677,67105913
66689936677,67105922
66689936677,67105947
66689936677,67105958
66689936677,67105967
66689936677,67105970
66689936677,67105973
66689936677,67105978
66689936677,67105979
66689936677,67105983
66689936677,67105990
66689936677,67105998
66689936677,67106017
66689936677,67106018
66689936677,67106020
66689936677,67106024
66689936677,67106031
66689936677,67106032
66689936677,67106039
66689936677,67106045
66689936677,67106057
66689936677,67106075
66689936677,67106082
66689936677,67106085
66689936677,67106090
66689936677,67106094
66689936677,67106098
66689936677,67106106
66689936677,67106133
66689936677,67106149
66689936677,67106151
66689936677,67106152
66689936677,67106157
66689936677,67106159
66689936677,67106164
66689936677,67106166
66689936677,67106175
66689936677,67106186
66689936677,67106199
66689936677,67106202
66689936677,67106206
66689936677,67106213
66689936677,67106227
66689936677,67106229
66689936677,67106231
66689936677,67106240
66689936677,67106243
66689936677,67106244
66689936677,67106264
66689936677,67106266
66689936677,67106276
66689936677,67106289
66689936677,67106292
66689936677,67106301
66689936677,67106307
66689936677,67106317
66689936677,67106324
66689936677,67106327
66689936677,67106332
66689936677,67106336
66689936677,67106341
66689936677,67106345
66689936677,67106346
66689936677,67106353
66689936677,67106361
66689936677,67106366
66689936677,67106373
66689936677,67106375
66689936677,67106385
66689936677,67106388
66689936677,67106393
66689936677,67106397
66689936677,67106401
66689936677,67106402
66689936677,67106409
66689936677,67106422
66689936677,67106427
66689936677,67106428
66689936677,67106439
66689936677,67106452
66689936677,67106455
66689936677,67106459
66689936677,67106461
66689936677,67106462
66689936677,67106471
66689936677,67106481
66689936677,67106483
66689936677,67106489
66689936677,67106498
66689936677,67106502
66689936677,67106504
66689936677,67106514
66689936677,67106527
66689936677,67106531
66689936677,67106533
66689936677,67106536
66689936677,67106537
66689936677,67106545
66689936677,67106558
66689936677,67106562
66689936677,67106564
66689936677,67106565
66689936677,67106576
66689936677,67106581
66689936677,67106608
66689936677,67106610
66689936677,67106622
66689936677,67106628
66689936677,67106631
66689936677,67106646
66689936677,67106654
66689936677,67106678
66689936677,67106705
66689936677,67106706
66689936677,67106712
66689936677,67106721
66689936677,67106781
66689936677,67106794
66689936677,67106795
66689936677,67106825
66689936677,67106827
66689936677,67106841
66689936677,67106866
66689936677,67106895
66689936677,67106913
66689936677,67106919
66689936677,67106921
66689936677,67106927
66689936677,67106946
66689936677,67106947
66689936677,67107031
66689936677,67107042
66689936677,67107069
66689936677,67107078
66689936677,67107126
66689936677,67108244
66689936677,67108255
66689936677,67108378
66689936677,67108384
66689936677,67108395
66689936677,67108432
66689936677,67108483
66689936677,67108494
66689936677,67108571
