1093269888,67100903
1093269888,67100904
1093269888,67100905
1093269888,67100906
1093269888,67100907
1093269888,67100908
1093269888,67100909
1093269888,67100910
1093269888,67100911
1093269888,67100912
1093269888,67100913
1093269888,67100914
1093269888,67100915
1093269888,67100916
1093269888,67100917
1093269888,67100918
1093269888,67100919
1093269888,67100920
1093269888,67100921
1093269888,67100922
1093269888,67100923
1093269888,67100924
1093269888,67100925
1093269888,67100926
1093269888,67100927
1093269888,67100928
1093269888,67100929
1093269888,67100930
1093269888,67100931
1093269888,67100932
1093269888,67100933
1093269888,67100934
1093269888,67100935
1093269888,67100936
1093269888,67100937
1093269888,67100938
1093269888,67100939
1093269888,67100940
1093269888,67100941
1093269888,67100942
1093269888,67101281
33891366528,67100156
33891366528,67100357
33891366528,67100565
33891366528,67100760
33891366528,67106637
33891366528,67106638
33891366528,67106639
33891366528,67106640
33891366528,67106641
33891366528,67108651
66689463168,131243
66689463168,131245
66689463168,67100099
66689463168,67100100
66689463168,67100101
66689463168,67100102
66689463168,67100103
66689463168,67100104
66689463168,67100105
66689463168,67100106
66689463168,67100107
66689463168,67100108
66689463168,67100109
66689463168,67100110
66689463168,67100111
66689463168,67100112
66689463168,67100113
66689463168,67100114
66689463168,67100115
66689463168,67100116
66689463168,67100117
66689463168,67100118
66689463168,67100119
66689463168,67100120
66689463168,67100121
66689463168,67100122
66689463168,67100123
66689463168,67100124
66689463168,67100125
66689463168,67100126
66689463168,67100127
66689463168,67100128
66689463168,67100157
66689463168,67100158
66689463168,67100160
66689463168,67100161
66689463168,67100162
66689463168,67100164
66689463168,67100165
66689463168,67100166
66689463168,67100167
66689463168,67100169
66689463168,67100170
66689463168,67100171
66689463168,67100173
66689463168,67100174
66689463168,67100175
66689463168,67100177
66689463168,67100178
66689463168,67100179
66689463168,67100181
66689463168,67100182
66689463168,67100188
66689463168,67100189
66689463168,67100191
66689463168,67100192
66689463168,67100195
66689463168,67100216
66689463168,67100230
66689463168,67100231
66689463168,67100282
66689463168,67100292
66689463168,67100300
66689463168,67100301
66689463168,67101914
66689463168,67102272
66689463168,67102274
66689463168,67102280
66689463168,67102451
66689463168,67102819
66689463168,67103124
66689463168,67108594
66689463168,67108595
99487559808,131247
99487559808,131248
99487559808,131249
99487559808,131250
99487559808,131251
99487559808,131252
99487559808,131254
99487559808,131255
99487559808,131260
99487559808,67100324
99487559808,67100529
99487559808,67101562
99487559808,67101711
99487559808,67101712
99487559808,67102027
99487559808,67102136
99487559808,67102155
99487559808,67102183
99487559808,67102187
99487559808,67102198
99487559808,67102223
99487559808,67102226
99487559808,67102229
99487559808,67102230
99487559808,67102237
99487559808,67102273
99487559808,67102286
99487559808,67102447
99487559808,67102464
99487559808,67102494
99487559808,67102792
99487559808,67102852
99487559808,67102978
99487559808,67103000
99487559808,67103071
99487559808,67103101
99487559808,67103108
99487559808,67103112
99487559808,67103121
99487559808,67103144
99487559808,67103374
99487559808,67103377
99487559808,67103409
99487559808,67103439
99487559808,67103497
99487559808,67103686
99487559808,67103772
99487559808,67103894
99487559808,67103963
99487559808,67106900
