827860087,67100686
827860087,67100692
827860087,67100693
827860087,67100694
827860087,67100696
827860087,67100697
827860087,67100709
827860087,67100715
827860087,67100717
827860087,67100718
827860087,67100720
827860087,67100724
827860087,67100727
827860087,67100728
827860087,67100736
827860087,67100739
827860087,67100741
827860087,67100744
827860087,67100750
827860087,67100763
827860087,67100772
827860087,67100776
827860087,67100780
827860087,67100785
827860087,67100786
827860087,67100787
827860087,67100789
827860087,67100792
827860087,67100797
827860087,67100798
827860087,67100799
827860087,67100801
827860087,67100803
827860087,67100805
827860087,67100806
827860087,67100810
827860087,67100811
827860087,67100815
827860087,67100817
827860087,67100819
827860087,67100820
827860087,67100821
827860087,67100824
827860087,67100829
827860087,67100831
827860087,67100832
827860087,67100836
827860087,67100837
827860087,67100838
827860087,67100839
827860087,67100840
827860087,67100841
827860087,67100845
827860087,67100846
827860087,67100847
827860087,67100848
827860087,67100861
827860087,67100866
827860087,67100880
827860087,67100890
827860087,67100894
827860087,67100898
827860087,67100902
827860087,67100903
827860087,67100904
827860087,67100905
827860087,67100908
827860087,67100911
827860087,67100913
827860087,67100915
827860087,67100917
827860087,67100926
827860087,67100927
827860087,67100930
827860087,67100939
827860087,67100949
827860087,67100953
827860087,67100961
827860087,67100965
827860087,67100971
827860087,67100972
827860087,67100978
827860087,67100985
827860087,67101000
827860087,67101006
827860087,67101007
827860087,67101009
827860087,67101013
827860087,67101019
827860087,67101021
827860087,67101022
827860087,67101026
827860087,67101033
827860087,67101166
