1,67099296
1,67099906
1,67100546
1,67100547
1,67100548
1,67100549
1,67100550
1,67100551
1,67100552
1,67100553
1,67100554
1,67100555
1,67100556
1,67100557
1,67100558
1,67100559
1,67100560
1,67100561
1,67100562
1,67100563
1,67100564
1,67100565
1,67100566
1,67100567
1,67100568
1,67100569
1,67100570
1,67100571
1,67100572
1,67100573
1,67100574
1,67100575
1,67100576
1,67100577
1,67100578
1,67100579
1,67100580
1,67100581
1,67100582
1,67100583
1,67100584
1,67100585
1,67100586
1,67100587
1,67100588
1,67100589
1,67100590
1,67100591
1,67100592
1,67100593
1,67100594
1,67100595
1,67100596
1,67100597
1,67100598
1,67100599
1,67100600
1,67100601
1,67100602
1,67100603
1,67100604
1,67100605
1,67100606
1,67100607
1,67100608
1,67100609
1,67100610
1,67100611
1,67100612
1,67100613
1,67100614
1,67100615
1,67100616
1,67100617
1,67100618
1,67100619
1,67100620
1,67100621
1,67100622
1,67100623
1,67100624
1,67100625
1,67100626
1,67100627
1,67100628
1,67100629
1,67100630
1,67100631
1,67100632
1,67100633
1,67100634
1,67100635
1,67100636
1,67100637
1,67100638
1,67100639
1,67100640
1,67100641
1,67100642
1,67100643
1,67100644
1,67100645
1,67100646
1,67100647
1,67100648
1,67100649
1,67100650
1,67100651
1,67100652
1,67100653
1,67100654
1,67100655
1,67100656
1,67100657
1,67100658
1,67100659
1,67100660
1,67100661
1,67100662
1,67100663
1,67100664
1,67100665
1,67100666
1,67100667
1,67100668
1,67100669
1,67100670
1,67100671
1,67100672
1,67100673
1,67100674
1,67100676
1,67100677
1,67100683
1,67100684
1,67100687
1,67100699
1,67100702
1,67100720
1,67100725
1,67100726
1,67100728
1,67100737
1,67100747
1,67100750
1,67100753
1,67100756
1,67100757
1,67100759
1,67100762
1,67100763
1,67100780
1,67100781
1,67100785
1,67100787
1,67100788
1,67100790
1,67100791
1,67104562
1,67104574
1,67104575
1,67104584
1,67104585
1,67104587
1,67104588
1,67104589
1,67104593
1,67104595
1,67104597
1,67104601
1,67104604
1,67104606
1,67104609
1,67104620
1,67104621
1,67104631
1,67104640
1,67104642
1,67104644
1,67104654
1,67104658
1,67104659
1,67104661
1,67104662
1,67104663
1,67104664
1,67104666
1,67104667
1,67104671
1,67104672
1,67104678
1,67104679
1,67104680
1,67104681
1,67104694
1,67104697
1,67104715
1,67104719
1,67104721
1,67104722
1,67104732
1,67104742
1,67104745
1,67104748
1,67104751
1,67104752
1,67104754
1,67104758
1,67104775
1,67104776
1,67104779
1,67104781
1,67104782
1,67104783
1,67104785
1,67104786
1,67108557
1,67108569
1,67108570
1,67108578
1,67108579
1,67108580
1,67108582
1,67108583
1,67108584
1,67108588
1,67108590
1,67108592
1,67108596
1,67108599
1,67108601
1,67108603
1,67108615
1,67108616
1,67108626
1,67108635
1,67108637
1,67108639
1,67108648
1,67108653
1,67108654
1,67108656
1,67108657
1,67108658
1,67108660
1,67108662
1,67108663
1,67108664
1,67108665
1,67108666
1,67108667
1,67108788
1,67108789
1,67108790
1,67108791
1,67109050
2,67099295
2,67104474
2,67104478
2,67104528
2,67104533
2,67104536
2,67104556
2,67104559
2,67104561
2,67108469
2,67108473
2,67108523
2,67108528
2,67108531
2,67108551
2,67108553
2,67108556
2,67108787
3,67099931
3,67103908
3,67103909
3,67103915
3,67103920
3,67103924
3,67103927
3,67103929
3,67103930
3,67103933
3,67103934
3,67103940
3,67103942
3,67103944
3,67103946
3,67103950
3,67103951
3,67103952
3,67103959
3,67103961
3,67103962
3,67103964
3,67103969
3,67103970
3,67103972
3,67103974
3,67103977
3,67103980
3,67103981
3,67103983
3,67103985
3,67103987
3,67103996
3,67103999
3,67104000
3,67104001
3,67104003
3,67104005
3,67104006
3,67104009
3,67104010
3,67104011
3,67104012
3,67104014
3,67104015
3,67104017
3,67104018
3,67104022
3,67104025
3,67104028
3,67104031
3,67104032
3,67104033
3,67104034
3,67104037
3,67104040
3,67104043
3,67104048
3,67104054
3,67104059
3,67104060
3,67104061
3,67104063
3,67104064
3,67104067
3,67104069
3,67104071
3,67104072
3,67104079
3,67104083
3,67104084
3,67104085
3,67104089
3,67104094
3,67104095
3,67104111
3,67104112
3,67104115
3,67104116
3,67104117
3,67104118
3,67104122
3,67104127
3,67104132
3,67104134
3,67104139
3,67104140
3,67104142
3,67104143
3,67104144
3,67104146
3,67104148
3,67104149
3,67104152
3,67104153
3,67104154
3,67104155
3,67104157
3,67104162
3,67104163
3,67104164
3,67104165
3,67104166
3,67104167
3,67104168
3,67104171
3,67104172
3,67104174
3,67104175
3,67104176
3,67104177
3,67104179
3,67104180
3,67104182
3,67104195
3,67104196
3,67104197
3,67104199
3,67104200
3,67104202
3,67104203
3,67104204
3,67104206
3,67104207
3,67104209
3,67104210
3,67104211
3,67104212
3,67104213
3,67104215
3,67107903
3,67107904
3,67107908
3,67107915
3,67107920
3,67107922
3,67107924
3,67107926
3,67107929
3,67107935
3,67107937
3,67107939
3,67107945
3,67107947
3,67107954
3,67107955
3,67107956
3,67107957
3,67107959
3,67107964
3,67107965
3,67107967
3,67107969
3,67107975
3,67107976
3,67107982
3,67107991
3,67107993
3,67107995
3,67107997
3,67107998
3,67108000
3,67108001
3,67108004
3,67108005
3,67108006
3,67108007
3,67108009
3,67108011
3,67108012
3,67108013
3,67108016
3,67108017
3,67108019
3,67108021
3,67108023
3,67108027
3,67108028
3,67108029
3,67108035
3,67108038
3,67108043
3,67108048
3,67108050
3,67108057
3,67108059
3,67108062
3,67108064
3,67108066
3,67108074
3,67108078
3,67108079
3,67108080
3,67108089
3,67108090
3,67108105
3,67108106
3,67108107
3,67108110
3,67108111
3,67108112
3,67108113
3,67108114
3,67108117
3,67108122
3,67108127
3,67108128
3,67108129
3,67108134
3,67108135
3,67108137
3,67108138
3,67108139
3,67108141
3,67108143
3,67108144
3,67108146
3,67108147
3,67108148
3,67108149
3,67108150
3,67108152
3,67108155
3,67108157
3,67108158
3,67108159
3,67108160
3,67108161
3,67108162
3,67108163
3,67108166
3,67108168
3,67108169
3,67108170
3,67108171
3,67108172
3,67108174
3,67108175
3,67108177
3,67108190
3,67108191
3,67108192
3,67108194
3,67108195
3,67108196
3,67108197
3,67108198
3,67108201
3,67108202
3,67108204
3,67108205
3,67108206
3,67108207
3,67108210
3,67108766
3,67108767
4,131249
4,131257
4,67103859
4,67103880
4,67103881
4,67103882
4,67103883
4,67103884
4,67103885
4,67103886
4,67103890
4,67103891
4,67103893
4,67103896
4,67103899
4,67103901
4,67103903
4,67103906
4,67103907
4,67103910
4,67103911
4,67103912
4,67103913
4,67103914
4,67103916
4,67103917
4,67103919
4,67103921
4,67103922
4,67103923
4,67103925
4,67103926
4,67103928
4,67103931
4,67103932
4,67103935
4,67103937
4,67103938
4,67103941
4,67103943
4,67103945
4,67103955
4,67103958
4,67103960
4,67103963
4,67103966
4,67103967
4,67103968
4,67103971
4,67103973
4,67103975
4,67103978
4,67103979
4,67103982
4,67103986
4,67103988
4,67103989
4,67103990
4,67103991
4,67103992
4,67103993
4,67103997
4,67103998
4,67104002
4,67104004
4,67104007
4,67104008
4,67104019
4,67104020
4,67104021
4,67104023
4,67104024
4,67104027
4,67104029
4,67104030
4,67104035
4,67104038
4,67104041
4,67104042
4,67104044
4,67104045
4,67104047
4,67104049
4,67104050
4,67104051
4,67104053
4,67104055
4,67104065
4,67104066
4,67104068
4,67104070
4,67104073
4,67104074
4,67104075
4,67104078
4,67104080
4,67104081
4,67104086
4,67104087
4,67104088
4,67104093
4,67104096
4,67104097
4,67104100
4,67104110
4,67104119
4,67104120
4,67104123
4,67104125
4,67104126
4,67104129
4,67104130
4,67104133
4,67104141
4,67104147
4,67104150
4,67104151
4,67104156
4,67104158
4,67104161
4,67104170
4,67104173
4,67104178
4,67104181
4,67104183
4,67104198
4,67104201
4,67107854
4,67107874
4,67107875
4,67107876
4,67107877
4,67107878
4,67107879
4,67107880
4,67107881
4,67107885
4,67107886
4,67107890
4,67107891
4,67107894
4,67107895
4,67107896
4,67107897
4,67107898
4,67107901
4,67107902
4,67107905
4,67107906
4,67107907
4,67107909
4,67107910
4,67107911
4,67107913
4,67107914
4,67107916
4,67107917
4,67107918
4,67107919
4,67107921
4,67107923
4,67107925
4,67107927
4,67107928
4,67107932
4,67107934
4,67107936
4,67107938
4,67107940
4,67107941
4,67107944
4,67107946
4,67107949
4,67107950
4,67107953
4,67107958
4,67107961
4,67107962
4,67107963
4,67107966
4,67107968
4,67107970
4,67107972
4,67107973
4,67107974
4,67107977
4,67107978
4,67107979
4,67107980
4,67107981
4,67107985
4,67107986
4,67107987
4,67107988
4,67107994
4,67107996
4,67107999
4,67108002
4,67108003
4,67108014
4,67108018
4,67108022
4,67108024
4,67108025
4,67108026
4,67108032
4,67108033
4,67108036
4,67108037
4,67108039
4,67108040
4,67108042
4,67108044
4,67108045
4,67108046
4,67108049
4,67108055
4,67108058
4,67108060
4,67108061
4,67108063
4,67108065
4,67108067
4,67108068
4,67108069
4,67108070
4,67108073
4,67108075
4,67108076
4,67108081
4,67108082
4,67108083
4,67108084
4,67108091
4,67108092
4,67108094
4,67108095
4,67108118
4,67108120
4,67108121
4,67108124
4,67108136
4,67108142
4,67108145
4,67108151
4,67108153
4,67108156
4,67108165
4,67108167
4,67108173
4,67108176
4,67108178
4,67108193
4,67108199
4,67108209
4,67108765
5,131242
5,131250
5,131256
5,131258
5,67099957
5,67100675
5,67100678
5,67100679
5,67100680
5,67100681
5,67100682
5,67100685
5,67100686
5,67100688
5,67100689
5,67100690
5,67100691
5,67100692
5,67100693
5,67100694
5,67100695
5,67100696
5,67100697
5,67100698
5,67100700
5,67100701
5,67100703
5,67100704
5,67100705
5,67100706
5,67100707
5,67100724
5,67100727
5,67100729
5,67100730
5,67100731
5,67100732
5,67100733
5,67100734
5,67100735
5,67100736
5,67100738
5,67100739
5,67100740
5,67100741
5,67100742
5,67100743
5,67100744
5,67100745
5,67100746
5,67100748
5,67100749
5,67100751
5,67100752
5,67100754
5,67100755
5,67103984
5,67104102
5,67104219
5,67104293
5,67104335
5,67104337
5,67104341
5,67104359
5,67104361
5,67104379
5,67104380
5,67104385
5,67104387
5,67104389
5,67104398
5,67104411
5,67104414
5,67104417
5,67104424
5,67104425
5,67104445
5,67104450
5,67104451
5,67104452
5,67104454
5,67104455
5,67104463
5,67104471
5,67104480
5,67104491
5,67104497
5,67104500
5,67104503
5,67104511
5,67104512
5,67104520
5,67104522
5,67104524
5,67104534
5,67104545
5,67104548
5,67104551
5,67104557
5,67104563
5,67104568
5,67104569
5,67104578
5,67104580
5,67104583
5,67104586
5,67104590
5,67104592
5,67104596
5,67104598
5,67104602
5,67104610
5,67104617
5,67104624
5,67104628
5,67104630
5,67104637
5,67104639
5,67104643
5,67104645
5,67104650
5,67104651
5,67104652
5,67104655
5,67104657
5,67104660
5,67104665
5,67104668
5,67104669
5,67104670
5,67104673
5,67104674
5,67104675
5,67104676
5,67104677
5,67104682
5,67104683
5,67104684
5,67104685
5,67104686
5,67104687
5,67104688
5,67104689
5,67104690
5,67104691
5,67104692
5,67104693
5,67104695
5,67104696
5,67104698
5,67104699
5,67104700
5,67104701
5,67104702
5,67104720
5,67104723
5,67104724
5,67104725
5,67104726
5,67104727
5,67104728
5,67104729
5,67104730
5,67104731
5,67104733
5,67104734
5,67104735
5,67104736
5,67104737
5,67104738
5,67104739
5,67104740
5,67104741
5,67104743
5,67104744
5,67104746
5,67104747
5,67104749
5,67104750
5,67108214
5,67108248
5,67108288
5,67108300
5,67108330
5,67108335
5,67108347
5,67108354
5,67108356
5,67108374
5,67108375
5,67108379
5,67108385
5,67108393
5,67108400
5,67108409
5,67108412
5,67108418
5,67108420
5,67108438
5,67108440
5,67108445
5,67108447
5,67108449
5,67108458
5,67108465
5,67108475
5,67108482
5,67108491
5,67108492
5,67108495
5,67108498
5,67108507
5,67108509
5,67108515
5,67108517
5,67108519
5,67108529
5,67108540
5,67108543
5,67108545
5,67108548
5,67108558
5,67108563
5,67108564
5,67108572
5,67108575
5,67108581
5,67108587
5,67108593
5,67108597
5,67108604
5,67108610
5,67108612
5,67108614
5,67108618
5,67108623
5,67108625
5,67108632
5,67108633
5,67108634
5,67108638
5,67108640
5,67108645
5,67108646
5,67108647
5,67108649
5,67108650
5,67108652
5,67108686
5,67108714
5,67108734
5,67108739
5,67108741
5,67108762
6,67103904
6,67104105
6,67104187
6,67104192
6,67104224
6,67104233
6,67104249
6,67104253
6,67104254
6,67104278
6,67104285
6,67104288
6,67104298
6,67104305
6,67104306
6,67104308
6,67104332
6,67104334
6,67104339
6,67104340
6,67104343
6,67104349
6,67104354
6,67104355
6,67104358
6,67104372
6,67104374
6,67104381
6,67104382
6,67104384
6,67104390
6,67104395
6,67104397
6,67104399
6,67104405
6,67104406
6,67104416
6,67104420
6,67104421
6,67104423
6,67104429
6,67104433
6,67104435
6,67104436
6,67104441
6,67104443
6,67104444
6,67104447
6,67104457
6,67104468
6,67104469
6,67104472
6,67104473
6,67104482
6,67104484
6,67104487
6,67104488
6,67104498
6,67104501
6,67104502
6,67104505
6,67104506
6,67104510
6,67104515
6,67104518
6,67104523
6,67104525
6,67104529
6,67104537
6,67104539
6,67104540
6,67104543
6,67104546
6,67104549
6,67104550
6,67104552
6,67104553
6,67104554
6,67104558
6,67104560
6,67104564
6,67104566
6,67104567
6,67104571
6,67104573
6,67104576
6,67104579
6,67104581
6,67104582
6,67104591
6,67104599
6,67104607
6,67104614
6,67104615
6,67104616
6,67104618
6,67104619
6,67104622
6,67104623
6,67104626
6,67104627
6,67104632
6,67104633
6,67104634
6,67104635
6,67104638
6,67104641
6,67104647
6,67104648
6,67104656
6,67107899
6,67108100
6,67108182
6,67108187
6,67108212
6,67108228
6,67108265
6,67108273
6,67108279
6,67108280
6,67108283
6,67108293
6,67108303
6,67108327
6,67108329
6,67108331
6,67108334
6,67108344
6,67108349
6,67108350
6,67108352
6,67108353
6,67108363
6,67108367
6,67108369
6,67108389
6,67108392
6,67108394
6,67108405
6,67108406
6,67108411
6,67108415
6,67108416
6,67108419
6,67108424
6,67108428
6,67108431
6,67108436
6,67108442
6,67108446
6,67108450
6,67108463
6,67108464
6,67108466
6,67108467
6,67108471
6,67108476
6,67108477
6,67108479
6,67108480
6,67108484
6,67108487
6,67108496
6,67108497
6,67108499
6,67108501
6,67108504
6,67108505
6,67108506
6,67108510
6,67108518
6,67108521
6,67108524
6,67108530
6,67108532
6,67108534
6,67108535
6,67108538
6,67108546
6,67108547
6,67108552
6,67108561
6,67108562
6,67108566
6,67108571
6,67108573
6,67108574
6,67108576
6,67108577
6,67108585
6,67108586
6,67108591
6,67108594
6,67108598
6,67108600
6,67108602
6,67108605
6,67108609
6,67108611
6,67108613
6,67108617
6,67108621
6,67108622
6,67108624
6,67108627
6,67108628
6,67108629
6,67108630
6,67108636
6,67108641
6,67108643
6,67108651
6,67108655
6,67108661
6,67108668
6,67108669
6,67108670
6,67108671
6,67108672
6,67108673
6,67108674
6,67108675
6,67108676
6,67108677
6,67108679
6,67108680
6,67108681
6,67108682
6,67108683
6,67108684
6,67108685
6,67108687
6,67108688
6,67108689
6,67108690
6,67108691
6,67108693
6,67108694
6,67108696
6,67108698
6,67108699
6,67108700
6,67108701
6,67108705
6,67108707
6,67108709
6,67108710
6,67108711
6,67108712
6,67108713
6,67108715
6,67108722
6,67108736
6,67108737
6,67108738
6,67108740
7,131248
7,67099275
7,67099968
7,67100708
7,67100709
7,67100710
7,67100711
7,67100712
7,67100713
7,67100714
7,67100715
7,67100716
7,67100717
7,67100718
7,67100719
7,67100721
7,67100722
7,67100723
7,67100758
7,67100760
7,67100761
7,67100764
7,67100765
7,67100766
7,67100767
7,67100768
7,67100769
7,67100770
7,67100771
7,67100772
7,67100773
7,67100774
7,67100775
7,67100776
7,67100777
7,67100778
7,67100779
7,67100782
7,67100783
7,67100784
7,67100786
7,67100789
7,67100795
7,67100873
7,67100915
7,67100925
7,67101087
7,67101206
7,67102780
7,67103751
7,67104046
7,67104103
7,67104104
7,67104136
7,67104222
7,67104229
7,67104239
7,67104258
7,67104259
7,67104268
7,67104273
7,67104286
7,67104289
7,67104314
7,67104318
7,67104319
7,67104323
7,67104325
7,67104327
7,67104329
7,67104330
7,67104344
7,67104345
7,67104347
7,67104353
7,67104356
7,67104364
7,67104391
7,67104407
7,67104413
7,67104434
7,67104437
7,67104446
7,67104456
7,67104458
7,67104476
7,67104489
7,67104494
7,67104495
7,67104508
7,67104509
7,67104517
7,67104531
7,67104547
7,67104594
7,67104600
7,67104605
7,67104613
7,67104636
7,67104649
7,67104703
7,67104704
7,67104705
7,67104706
7,67104707
7,67104708
7,67104709
7,67104710
7,67104711
7,67104712
7,67104713
7,67104714
7,67104716
7,67104717
7,67104718
7,67104753
7,67104755
7,67104756
7,67104757
7,67104759
7,67104760
7,67104761
7,67104762
7,67104763
7,67104764
7,67104765
7,67104766
7,67104767
7,67104768
7,67104769
7,67104770
7,67104771
7,67104772
7,67104773
7,67104774
7,67104777
7,67104778
7,67104780
7,67104920
7,67104924
7,67105082
7,67105201
7,67106775
7,67107746
7,67108041
7,67108098
7,67108099
7,67108131
7,67108217
7,67108224
7,67108234
7,67108237
7,67108253
7,67108254
7,67108263
7,67108267
7,67108268
7,67108281
7,67108284
7,67108297
7,67108309
7,67108313
7,67108314
7,67108318
7,67108320
7,67108322
7,67108324
7,67108325
7,67108340
7,67108341
7,67108348
7,67108351
7,67108359
7,67108372
7,67108376
7,67108380
7,67108386
7,67108401
7,67108408
7,67108432
7,67108433
7,67108441
7,67108453
7,67108474
7,67108483
7,67108489
7,67108490
7,67108494
7,67108500
7,67108503
7,67108512
7,67108514
7,67108520
7,67108526
7,67108527
7,67108542
7,67108544
7,67108554
7,67108595
7,67108608
7,67108620
7,67108631
7,67108642
7,67108644
7,67108678
7,67108692
7,67108695
7,67108697
7,67108702
7,67108703
7,67108704
7,67108706
7,67108708
7,67108716
7,67108718
7,67108719
7,67108720
7,67108721
7,67108723
7,67108724
7,67108725
7,67108726
7,67108728
7,67108730
7,67108731
7,67108732
7,67108733
7,67108735
7,67108742
7,67108743
7,67108744
7,67108745
7,67108746
7,67108747
7,67108748
7,67108749
7,67108750
7,67108751
7,67108752
7,67108753
7,67108754
7,67108755
7,67108756
7,67108757
7,67108758
7,67108759
7,67108760
7,67108761
7,67108763
7,67108764
8,67100800
8,67100807
8,67100823
8,67100830
8,67100836
8,67100837
8,67100848
8,67100872
8,67100892
8,67100908
8,67100928
8,67100929
8,67100943
8,67100969
8,67100984
8,67101000
8,67101002
8,67101013
8,67101019
8,67101030
8,67101033
8,67101060
8,67101090
8,67101105
8,67101324
8,67101391
8,67101519
8,67101709
8,67101716
8,67101726
8,67101765
8,67101776
8,67101865
8,67101907
8,67101925
8,67101928
8,67101948
8,67102030
8,67102070
8,67102116
8,67102126
8,67102188
8,67102230
8,67102412
8,67102433
8,67102437
8,67102439
8,67102452
8,67102455
8,67102526
8,67102531
8,67102690
8,67102782
8,67102887
8,67103353
8,67103888
8,67103939
8,67104186
8,67104191
8,67104193
8,67104225
8,67104230
8,67104231
8,67104235
8,67104238
8,67104242
8,67104243
8,67104245
8,67104266
8,67104269
8,67104284
8,67104287
8,67104290
8,67104297
8,67104301
8,67104302
8,67104328
8,67104333
8,67104336
8,67104346
8,67104348
8,67104357
8,67104363
8,67104365
8,67104366
8,67104368
8,67104371
8,67104373
8,67104377
8,67104378
8,67104383
8,67104392
8,67104402
8,67104403
8,67104410
8,67104412
8,67104426
8,67104431
8,67104438
8,67104439
8,67104449
8,67104460
8,67104461
8,67104470
8,67104479
8,67104481
8,67104483
8,67104504
8,67104507
8,67104530
8,67104532
8,67104535
8,67104538
8,67104542
8,67104565
8,67104570
8,67104577
8,67104603
8,67104608
8,67104625
8,67104629
8,67104646
8,67104653
8,67104789
8,67104801
8,67104818
8,67104825
8,67104831
8,67104832
8,67104842
8,67104847
8,67104867
8,67104868
8,67104879
8,67104887
8,67104903
8,67104910
8,67104923
8,67104938
8,67104948
8,67104979
8,67104984
8,67104995
8,67105000
8,67105008
8,67105014
8,67105022
8,67105025
8,67105028
8,67105054
8,67105085
8,67105100
8,67105319
8,67105386
8,67105513
8,67105704
8,67105711
8,67105721
8,67105759
8,67105770
8,67105860
8,67105902
8,67105920
8,67105923
8,67105943
8,67106025
8,67106065
8,67106111
8,67106121
8,67106183
8,67106225
8,67106406
8,67106428
8,67106432
8,67106434
8,67106447
8,67106450
8,67106521
8,67106525
8,67106685
8,67106713
8,67106756
8,67106776
8,67106881
8,67107348
8,67107883
8,67107933
8,67108097
8,67108115
8,67108180
8,67108186
8,67108188
8,67108219
8,67108220
8,67108221
8,67108225
8,67108226
8,67108238
8,67108240
8,67108244
8,67108261
8,67108264
8,67108276
8,67108282
8,67108285
8,67108286
8,67108292
8,67108296
8,67108301
8,67108305
8,67108319
8,67108323
8,67108328
8,67108333
8,67108338
8,67108339
8,67108342
8,67108343
8,67108358
8,67108360
8,67108361
8,67108366
8,67108373
8,67108377
8,67108382
8,67108384
8,67108387
8,67108390
8,67108397
8,67108399
8,67108407
8,67108421
8,67108426
8,67108430
8,67108434
8,67108439
8,67108444
8,67108451
8,67108452
8,67108454
8,67108455
8,67108456
8,67108457
8,67108478
8,67108502
8,67108533
8,67108537
8,67108541
8,67108549
8,67108550
8,67108559
8,67108565
8,67108606
8,67108607
8,67108619
8,67108717
9,131243
9,131244
9,131251
9,67100797
9,67100806
9,67100814
9,67100819
9,67100855
9,67100856
9,67100881
9,67100894
9,67100904
9,67100906
9,67100924
9,67100940
9,67100949
9,67100950
9,67100967
9,67100986
9,67100996
9,67101004
9,67101012
9,67101029
9,67101031
9,67101039
9,67101042
9,67101043
9,67101046
9,67101047
9,67101051
9,67101055
9,67101058
9,67101063
9,67101064
9,67101067
9,67101071
9,67101082
9,67101084
9,67101088
9,67101110
9,67101115
9,67101126
9,67101140
9,67101148
9,67101160
9,67101177
9,67101185
9,67101199
9,67101207
9,67101219
9,67101228
9,67101232
9,67101241
9,67101297
9,67101307
9,67101316
9,67101319
9,67101337
9,67101342
9,67101354
9,67101388
9,67101403
9,67101414
9,67101417
9,67101432
9,67101434
9,67101442
9,67101445
9,67101460
9,67101462
9,67101501
9,67101512
9,67101514
9,67101518
9,67101533
9,67101550
9,67101564
9,67101588
9,67101591
9,67101596
9,67101604
9,67101614
9,67101630
9,67101631
9,67101647
9,67101654
9,67101665
9,67101666
9,67101667
9,67101677
9,67101678
9,67101722
9,67101728
9,67101741
9,67101749
9,67101753
9,67101764
9,67101781
9,67101785
9,67101802
9,67101829
9,67101830
9,67101832
9,67101835
9,67101857
9,67101869
9,67101903
9,67101905
9,67102312
9,67102593
9,67102738
9,67102905
9,67102977
9,67103024
9,67103372
9,67103381
9,67103511
9,67103523
9,67103738
9,67103812
9,67104188
9,67104263
9,67104299
9,67104321
9,67104792
9,67104799
9,67104809
9,67104814
9,67104849
9,67104851
9,67104876
9,67104899
9,67104901
9,67104918
9,67104935
9,67104944
9,67104945
9,67104961
9,67104981
9,67104991
9,67104993
9,67104999
9,67105006
9,67105023
9,67105026
9,67105034
9,67105037
9,67105038
9,67105041
9,67105042
9,67105046
9,67105050
9,67105053
9,67105058
9,67105061
9,67105062
9,67105066
9,67105077
9,67105079
9,67105105
9,67105109
9,67105121
9,67105135
9,67105142
9,67105155
9,67105162
9,67105180
9,67105194
9,67105202
9,67105214
9,67105223
9,67105227
9,67105236
9,67105292
9,67105302
9,67105309
9,67105314
9,67105332
9,67105378
9,67105383
9,67105397
9,67105409
9,67105412
9,67105415
9,67105427
9,67105429
9,67105437
9,67105440
9,67105455
9,67105457
9,67105494
9,67105507
9,67105509
9,67105510
9,67105545
9,67105559
9,67105575
9,67105582
9,67105586
9,67105591
9,67105599
9,67105609
9,67105625
9,67105642
9,67105648
9,67105660
9,67105662
9,67105665
9,67105672
9,67105673
9,67105695
9,67105717
9,67105722
9,67105724
9,67105736
9,67105743
9,67105748
9,67105776
9,67105780
9,67105797
9,67105805
9,67105824
9,67105825
9,67105827
9,67105830
9,67105851
9,67105864
9,67105874
9,67105898
9,67105900
9,67106307
9,67106588
9,67106733
9,67106945
9,67106972
9,67107019
9,67107367
9,67107376
9,67107506
9,67107518
9,67107733
9,67107807
9,67108258
9,67108278
9,67108294
9,67108316
9,67108659
9,67108727
9,67108729
10,131246
10,131252
10,131254
10,67099285
10,67099974
10,67100792
10,67100805
10,67100815
10,67100818
10,67101670
10,67101671
10,67101683
10,67101695
10,67101697
10,67101699
10,67101700
10,67101701
10,67101702
10,67101705
10,67101710
10,67101711
10,67101714
10,67101717
10,67101718
10,67101719
10,67101720
10,67101721
10,67101723
10,67101724
10,67101725
10,67101727
10,67101729
10,67101730
10,67101734
10,67101738
10,67101742
10,67101744
10,67101745
10,67101748
10,67101750
10,67101754
10,67101756
10,67101757
10,67101760
10,67101762
10,67101766
10,67101767
10,67101768
10,67101771
10,67101773
10,67101778
10,67101779
10,67101784
10,67101787
10,67101788
10,67101789
10,67101792
10,67101793
10,67101798
10,67101799
10,67101801
10,67101803
10,67101807
10,67101808
10,67101810
10,67101811
10,67101812
10,67101814
10,67101815
10,67101818
10,67101820
10,67101823
10,67101824
10,67101825
10,67101834
10,67101837
10,67101838
10,67101839
10,67101845
10,67101847
10,67101848
10,67101849
10,67101853
10,67101858
10,67101862
10,67101868
10,67101873
10,67101875
10,67101876
10,67101878
10,67101879
10,67101880
10,67101883
10,67101887
10,67101888
10,67101889
10,67101892
10,67101893
10,67101894
10,67101897
10,67101898
10,67101901
10,67101909
10,67102043
10,67102138
10,67102291
10,67102524
10,67102693
10,67102726
10,67102729
10,67102867
10,67102907
10,67102950
10,67103016
10,67103058
10,67103063
10,67103189
10,67103198
10,67103225
10,67103384
10,67103542
10,67103544
10,67103571
10,67103665
10,67103687
10,67103873
10,67103900
10,67104227
10,67104248
10,67104265
10,67104267
10,67104496
10,67104790
10,67104802
10,67104810
10,67104813
10,67104821
10,67104827
10,67105666
10,67105678
10,67105691
10,67105692
10,67105694
10,67105696
10,67105697
10,67105700
10,67105705
10,67105706
10,67105709
10,67105712
10,67105713
10,67105714
10,67105715
10,67105716
10,67105718
10,67105719
10,67105720
10,67105723
10,67105729
10,67105733
10,67105737
10,67105739
10,67105740
10,67105745
10,67105750
10,67105752
10,67105755
10,67105757
10,67105760
10,67105761
10,67105762
10,67105763
10,67105766
10,67105768
10,67105771
10,67105772
10,67105773
10,67105774
10,67105778
10,67105782
10,67105783
10,67105784
10,67105787
10,67105788
10,67105793
10,67105794
10,67105796
10,67105798
10,67105801
10,67105803
10,67105807
10,67105809
10,67105810
10,67105813
10,67105814
10,67105818
10,67105819
10,67105820
10,67105826
10,67105828
10,67105832
10,67105833
10,67105834
10,67105840
10,67105842
10,67105843
10,67105844
10,67105848
10,67105853
10,67105856
10,67105859
10,67105863
10,67105868
10,67105870
10,67105871
10,67105873
10,67105878
10,67105882
10,67105883
10,67105884
10,67105887
10,67105888
10,67105889
10,67105892
10,67105896
10,67105903
10,67106037
10,67106133
10,67106286
10,67106519
10,67106688
10,67106695
10,67106724
10,67106861
10,67106900
10,67106902
10,67107011
10,67107053
10,67107058
10,67107184
10,67107192
10,67107196
10,67107220
10,67107379
10,67107537
10,67107566
10,67107660
10,67107682
10,67107702
10,67107868
10,67108232
10,67108235
10,67108242
10,67108259
10,67108274
10,67108290
11,131245
11,131253
11,131255
11,67099297
11,67100793
11,67100794
11,67100796
11,67100798
11,67100799
11,67100801
11,67100802
11,67100803
11,67100804
11,67100808
11,67100809
11,67100810
11,67100811
11,67100812
11,67100813
11,67100816
11,67100817
11,67100820
11,67100821
11,67100822
11,67100824
11,67100825
11,67100826
11,67100827
11,67100828
11,67100829
11,67100831
11,67100832
11,67100833
11,67100834
11,67100835
11,67100838
11,67100839
11,67100840
11,67100841
11,67100842
11,67100843
11,67100844
11,67100845
11,67100846
11,67100847
11,67100849
11,67100850
11,67100851
11,67100852
11,67100853
11,67100854
11,67100857
11,67100858
11,67100859
11,67100860
11,67100861
11,67100862
11,67100863
11,67100864
11,67100921
11,67101123
11,67101153
11,67101154
11,67101303
11,67101333
11,67101490
11,67101544
11,67101559
11,67101703
11,67101926
11,67101956
11,67101985
11,67101994
11,67102003
11,67102012
11,67102035
11,67102091
11,67102104
11,67102123
11,67102151
11,67102281
11,67102306
11,67102323
11,67102375
11,67102468
11,67102555
11,67102560
11,67102568
11,67102572
11,67102717
11,67102743
11,67102810
11,67102900
11,67102923
11,67102934
11,67103096
11,67103104
11,67103219
11,67103257
11,67103334
11,67103362
11,67103415
11,67103437
11,67103462
11,67103478
11,67103520
11,67103527
11,67103539
11,67103557
11,67103577
11,67103617
11,67103643
11,67103694
11,67103700
11,67103729
11,67103742
11,67103765
11,67103775
11,67103800
11,67103804
11,67103898
11,67104430
11,67104784
11,67104787
11,67104788
11,67104791
11,67104793
11,67104794
11,67104795
11,67104796
11,67104797
11,67104798
11,67104800
11,67104803
11,67104804
11,67104805
11,67104806
11,67104807
11,67104808
11,67104811
11,67104812
11,67104815
11,67104816
11,67104817
11,67104819
11,67104820
11,67104822
11,67104823
11,67104824
11,67104826
11,67104828
11,67104829
11,67104830
11,67104833
11,67104834
11,67104835
11,67104836
11,67104837
11,67104838
11,67104839
11,67104840
11,67104841
11,67104843
11,67104844
11,67104845
11,67104846
11,67104848
11,67104850
11,67104852
11,67104853
11,67104854
11,67104855
11,67104856
11,67104857
11,67104858
11,67104859
11,67104916
11,67105118
11,67105147
11,67105148
11,67105149
11,67105163
11,67105298
11,67105328
11,67105485
11,67105539
11,67105554
11,67105698
11,67105950
11,67105951
11,67105980
11,67105989
11,67105998
11,67106007
11,67106019
11,67106030
11,67106086
11,67106146
11,67106276
11,67106300
11,67106318
11,67106369
11,67106463
11,67106550
11,67106555
11,67106563
11,67106567
11,67106712
11,67106738
11,67106742
11,67106805
11,67106895
11,67106917
11,67106918
11,67106928
11,67107025
11,67107091
11,67107099
11,67107163
11,67107214
11,67107252
11,67107319
11,67107329
11,67107357
11,67107410
11,67107432
11,67107457
11,67107472
11,67107515
11,67107522
11,67107552
11,67107565
11,67107571
11,67107607
11,67107638
11,67107689
11,67107695
11,67107724
11,67107760
11,67107770
11,67107799
11,67107893
11,67108425
12,131247
12,67100960
12,67101026
12,67101165
12,67101168
12,67101291
12,67101416
12,67101590
12,67101610
12,67101639
12,67102008
12,67102024
12,67102029
12,67102054
12,67102065
12,67102225
12,67102305
12,67102411
12,67102451
12,67102462
12,67102517
12,67102556
12,67102570
12,67102591
12,67102645
12,67102659
12,67102709
12,67102747
12,67102748
12,67102753
12,67102759
12,67102789
12,67102814
12,67102822
12,67102845
12,67102852
12,67102871
12,67102878
12,67102884
12,67102908
12,67102913
12,67102917
12,67102929
12,67102931
12,67102937
12,67102949
12,67102962
12,67102963
12,67102991
12,67102992
12,67103030
12,67103047
12,67103080
12,67103086
12,67103168
12,67103207
12,67103250
12,67103256
12,67103262
12,67103325
12,67103341
12,67103369
12,67103379
12,67103387
12,67103390
12,67103407
12,67103414
12,67103417
12,67103430
12,67103431
12,67103438
12,67103449
12,67103452
12,67103459
12,67103468
12,67103469
12,67103486
12,67103494
12,67103510
12,67103521
12,67103525
12,67103526
12,67103589
12,67103591
12,67103599
12,67103607
12,67103612
12,67103613
12,67103629
12,67103659
12,67103672
12,67103690
12,67103691
12,67103693
12,67103701
12,67103706
12,67103728
12,67103735
12,67103740
12,67103743
12,67103744
12,67103750
12,67103760
12,67103763
12,67103777
12,67103783
12,67103803
12,67103807
12,67103815
12,67103827
12,67103837
12,67103839
12,67103849
12,67103850
12,67103854
12,67103867
12,67103871
12,67103872
12,67103875
12,67103879
12,67103894
12,67103954
12,67104106
12,67104217
12,67104232
12,67104246
12,67104247
12,67104291
12,67104296
12,67104316
12,67104475
12,67104492
12,67104521
12,67104527
12,67104611
12,67105021
12,67105160
12,67105286
12,67105527
12,67105576
12,67105605
12,67105632
12,67105634
12,67105674
12,67105862
12,67106003
12,67106017
12,67106024
12,67106049
12,67106060
12,67106098
12,67106099
12,67106117
12,67106220
12,67106446
12,67106472
12,67106511
12,67106546
12,67106565
12,67106586
12,67106639
12,67106654
12,67106668
12,67106704
12,67106748
12,67106784
12,67106816
12,67106840
12,67106865
12,67106872
12,67106878
12,67106903
12,67106906
12,67106907
12,67106912
12,67106924
12,67106926
12,67106931
12,67106944
12,67106956
12,67106958
12,67106985
12,67106987
12,67107042
12,67107075
12,67107202
12,67107245
12,67107250
12,67107257
12,67107336
12,67107374
12,67107382
12,67107385
12,67107409
12,67107411
12,67107425
12,67107426
12,67107444
12,67107453
12,67107463
12,67107464
12,67107480
12,67107489
12,67107505
12,67107516
12,67107520
12,67107534
12,67107538
12,67107584
12,67107586
12,67107594
12,67107601
12,67107611
12,67107612
12,67107624
12,67107685
12,67107688
12,67107696
12,67107701
12,67107723
12,67107730
12,67107735
12,67107736
12,67107737
12,67107738
12,67107739
12,67107745
12,67107755
12,67107758
12,67107759
12,67107771
12,67107777
12,67107795
12,67107797
12,67107802
12,67107810
12,67107821
12,67107832
12,67107843
12,67107844
12,67107849
12,67107862
12,67107867
12,67107869
12,67107888
12,67107889
12,67108181
12,67108227
12,67108241
12,67108311
12,67108470
12,67108486
12,67108508
12,67108516
12,67108522
12,67108786
13,67100867
13,67100874
13,67100875
13,67100877
13,67100883
13,67100884
13,67100888
13,67100889
13,67100893
13,67100897
13,67100899
13,67100900
13,67100909
13,67100911
13,67100912
13,67100913
13,67100916
13,67100917
13,67100919
13,67100922
13,67100927
13,67100932
13,67100935
13,67100936
13,67100942
13,67100945
13,67100946
13,67100947
13,67100948
13,67100952
13,67100953
13,67100956
13,67100958
13,67100961
13,67100965
13,67100966
13,67100974
13,67100979
13,67100980
13,67100983
13,67100985
13,67100987
13,67100988
13,67100990
13,67100994
13,67100995
13,67101006
13,67101014
13,67101015
13,67101018
13,67101024
13,67101027
13,67101032
13,67101045
13,67101048
13,67101049
13,67101052
13,67101053
13,67101054
13,67101056
13,67101059
13,67101061
13,67101062
13,67101065
13,67101069
13,67101070
13,67101076
13,67101080
13,67101086
13,67101093
13,67101095
13,67101098
13,67101099
13,67101101
13,67101102
13,67101103
13,67101112
13,67101118
13,67101119
13,67101120
13,67101124
13,67101129
13,67101131
13,67101135
13,67101136
13,67101143
13,67101144
13,67101145
13,67101147
13,67101149
13,67101150
13,67101156
13,67101158
13,67101161
13,67101166
13,67101167
13,67101169
13,67101170
13,67101174
13,67101175
13,67101176
13,67101186
13,67101187
13,67101188
13,67101201
13,67101203
13,67101204
13,67101209
13,67101212
13,67101214
13,67101225
13,67101226
13,67101227
13,67101229
13,67101230
13,67101231
13,67101233
13,67101234
13,67101236
13,67101237
13,67101238
13,67101240
13,67101242
13,67101293
13,67101294
13,67101295
13,67101298
13,67101299
13,67101301
13,67104862
13,67104869
13,67104872
13,67104874
13,67104875
13,67104877
13,67104878
13,67104883
13,67104884
13,67104888
13,67104889
13,67104892
13,67104893
13,67104895
13,67104898
13,67104907
13,67104908
13,67104911
13,67104914
13,67104917
13,67104922
13,67104927
13,67104930
13,67104937
13,67104940
13,67104942
13,67104943
13,67104946
13,67104947
13,67104952
13,67104955
13,67104956
13,67104969
13,67104975
13,67104978
13,67104980
13,67104982
13,67104983
13,67104985
13,67104989
13,67104990
13,67105001
13,67105005
13,67105009
13,67105010
13,67105013
13,67105027
13,67105039
13,67105040
13,67105044
13,67105047
13,67105048
13,67105056
13,67105057
13,67105059
13,67105064
13,67105065
13,67105070
13,67105075
13,67105078
13,67105081
13,67105083
13,67105087
13,67105093
13,67105094
13,67105096
13,67105097
13,67105098
13,67105107
13,67105110
13,67105113
13,67105115
13,67105117
13,67105119
13,67105124
13,67105125
13,67105126
13,67105130
13,67105131
13,67105138
13,67105139
13,67105140
13,67105144
13,67105151
13,67105153
13,67105156
13,67105161
13,67105164
13,67105165
13,67105169
13,67105170
13,67105171
13,67105181
13,67105183
13,67105196
13,67105197
13,67105198
13,67105199
13,67105204
13,67105206
13,67105207
13,67105209
13,67105219
13,67105220
13,67105221
13,67105224
13,67105226
13,67105228
13,67105231
13,67105232
13,67105233
13,67105235
13,67105237
13,67105287
13,67105288
13,67105289
13,67105290
13,67105293
13,67105294
13,67105296
14,67100868
14,67100870
14,67100871
14,67100879
14,67100880
14,67100882
14,67100886
14,67100887
14,67100890
14,67100891
14,67100895
14,67100896
14,67100898
14,67100901
14,67100903
14,67100905
14,67100907
14,67100914
14,67100918
14,67100920
14,67100926
14,67100930
14,67100933
14,67100934
14,67100937
14,67100938
14,67100939
14,67100951
14,67100954
14,67100955
14,67100957
14,67100964
14,67100968
14,67100971
14,67100973
14,67100976
14,67100982
14,67100989
14,67100991
14,67100997
14,67100998
14,67100999
14,67101001
14,67101005
14,67101007
14,67101008
14,67101010
14,67101011
14,67101017
14,67101023
14,67101028
14,67101035
14,67101037
14,67101038
14,67101040
14,67101041
14,67101044
14,67101050
14,67101057
14,67101072
14,67101073
14,67101074
14,67101075
14,67101077
14,67101079
14,67101081
14,67101083
14,67101091
14,67101092
14,67101094
14,67101096
14,67101097
14,67101106
14,67101107
14,67101108
14,67101111
14,67101113
14,67101114
14,67101117
14,67101121
14,67101122
14,67101127
14,67101128
14,67101130
14,67101133
14,67101134
14,67101137
14,67101139
14,67101141
14,67101142
14,67101146
14,67101151
14,67101155
14,67101157
14,67101159
14,67101162
14,67101163
14,67101164
14,67101171
14,67101172
14,67101178
14,67101189
14,67101190
14,67101200
14,67101202
14,67101205
14,67101208
14,67101210
14,67101211
14,67101213
14,67101215
14,67101220
14,67101221
14,67101222
14,67101223
14,67101224
14,67101235
14,67101239
14,67101292
14,67101296
14,67101300
14,67101302
14,67104863
14,67104865
14,67104866
14,67104870
14,67104871
14,67104881
14,67104882
14,67104885
14,67104886
14,67104890
14,67104891
14,67104894
14,67104896
14,67104897
14,67104900
14,67104902
14,67104904
14,67104905
14,67104906
14,67104909
14,67104912
14,67104913
14,67104915
14,67104919
14,67104928
14,67104929
14,67104931
14,67104933
14,67104941
14,67104949
14,67104950
14,67104951
14,67104953
14,67104954
14,67104958
14,67104959
14,67104960
14,67104963
14,67104964
14,67104966
14,67104968
14,67104970
14,67104971
14,67104973
14,67104974
14,67104976
14,67104977
14,67104986
14,67104988
14,67104994
14,67104996
14,67104997
14,67105002
14,67105003
14,67105012
14,67105018
14,67105019
14,67105024
14,67105029
14,67105030
14,67105032
14,67105033
14,67105035
14,67105036
14,67105043
14,67105045
14,67105049
14,67105051
14,67105052
14,67105055
14,67105060
14,67105067
14,67105068
14,67105071
14,67105072
14,67105073
14,67105074
14,67105076
14,67105086
14,67105088
14,67105089
14,67105090
14,67105091
14,67105092
14,67105095
14,67105099
14,67105101
14,67105102
14,67105103
14,67105106
14,67105108
14,67105112
14,67105116
14,67105122
14,67105123
14,67105128
14,67105129
14,67105134
14,67105136
14,67105137
14,67105141
14,67105143
14,67105145
14,67105146
14,67105150
14,67105152
14,67105154
14,67105157
14,67105158
14,67105159
14,67105166
14,67105167
14,67105172
14,67105173
14,67105182
14,67105184
14,67105185
14,67105195
14,67105200
14,67105203
14,67105205
14,67105208
14,67105210
14,67105215
14,67105216
14,67105217
14,67105218
14,67105222
14,67105225
14,67105229
14,67105230
14,67105234
14,67105291
14,67105295
15,67100977
15,67100993
15,67101003
15,67101109
15,67101116
15,67101243
15,67101252
15,67101313
15,67101314
15,67101326
15,67101330
15,67101335
15,67101345
15,67101350
15,67101364
15,67101368
15,67101369
15,67101370
15,67101372
15,67101376
15,67101380
15,67101381
15,67101384
15,67101386
15,67101394
15,67101419
15,67101423
15,67101436
15,67101453
15,67101465
15,67101467
15,67101485
15,67101489
15,67101494
15,67101507
15,67101521
15,67101540
15,67101541
15,67101545
15,67101554
15,67101557
15,67101567
15,67101572
15,67101589
15,67101593
15,67101605
15,67101607
15,67101619
15,67101632
15,67101656
15,67101669
15,67101675
15,67101686
15,67101689
15,67101694
15,67101698
15,67101708
15,67101737
15,67101740
15,67101743
15,67101746
15,67101790
15,67101794
15,67101795
15,67101800
15,67101822
15,67101836
15,67101841
15,67101842
15,67101867
15,67101874
15,67101882
15,67101885
15,67101890
15,67101902
15,67101911
15,67101915
15,67101918
15,67101924
15,67101932
15,67101933
15,67101934
15,67101939
15,67101946
15,67101955
15,67101961
15,67101962
15,67101968
15,67101970
15,67101971
15,67101976
15,67101978
15,67101987
15,67101997
15,67101999
15,67102022
15,67102026
15,67102031
15,67102034
15,67102038
15,67102044
15,67102049
15,67102051
15,67102067
15,67102077
15,67102079
15,67102080
15,67102088
15,67102093
15,67102100
15,67102108
15,67102110
15,67102114
15,67102121
15,67102122
15,67102124
15,67102135
15,67102140
15,67102142
15,67102228
15,67102239
15,67102243
15,67102246
15,67102248
15,67104992
15,67104998
15,67105104
15,67105111
15,67105193
15,67105238
15,67105247
15,67105308
15,67105320
15,67105325
15,67105330
15,67105340
15,67105345
15,67105358
15,67105363
15,67105364
15,67105365
15,67105367
15,67105371
15,67105375
15,67105376
15,67105381
15,67105407
15,67105414
15,67105418
15,67105431
15,67105448
15,67105460
15,67105462
15,67105480
15,67105484
15,67105489
15,67105502
15,67105505
15,67105516
15,67105535
15,67105540
15,67105549
15,67105552
15,67105562
15,67105567
15,67105583
15,67105587
15,67105588
15,67105600
15,67105601
15,67105614
15,67105627
15,67105651
15,67105664
15,67105670
15,67105681
15,67105684
15,67105689
15,67105725
15,67105732
15,67105738
15,67105751
15,67105775
15,67105785
15,67105789
15,67105795
15,67105817
15,67105831
15,67105836
15,67105857
15,67105861
15,67105869
15,67105876
15,67105880
15,67105906
15,67105910
15,67105913
15,67105918
15,67105919
15,67105927
15,67105928
15,67105929
15,67105941
15,67105949
15,67105955
15,67105956
15,67105963
15,67105965
15,67105966
15,67105971
15,67105973
15,67105982
15,67105993
15,67106021
15,67106026
15,67106029
15,67106033
15,67106039
15,67106044
15,67106045
15,67106048
15,67106062
15,67106071
15,67106074
15,67106075
15,67106083
15,67106088
15,67106095
15,67106103
15,67106106
15,67106109
15,67106116
15,67106119
15,67106130
15,67106134
15,67106135
15,67106137
15,67106223
15,67106224
15,67106227
15,67106230
15,67106234
15,67106238
15,67106240
15,67106242
16,67101247
16,67101261
16,67101268
16,67101284
16,67101325
16,67101329
16,67101338
16,67101344
16,67101351
16,67101360
16,67101392
16,67101397
16,67101399
16,67101400
16,67101412
16,67101427
16,67101439
16,67101450
16,67101454
16,67101481
16,67101495
16,67101499
16,67101504
16,67101506
16,67101509
16,67101510
16,67101513
16,67101516
16,67101531
16,67101543
16,67101558
16,67101560
16,67101561
16,67101568
16,67101573
16,67101580
16,67101581
16,67101592
16,67101601
16,67101609
16,67101611
16,67101612
16,67101622
16,67101624
16,67101629
16,67101648
16,67101672
16,67101688
16,67101690
16,67101732
16,67101735
16,67101759
16,67101775
16,67101777
16,67101780
16,67101797
16,67101809
16,67101821
16,67101826
16,67101859
16,67101863
16,67101871
16,67101891
16,67101899
16,67101906
16,67101910
16,67101913
16,67101916
16,67101920
16,67101922
16,67101923
16,67101936
16,67101937
16,67101947
16,67101950
16,67101957
16,67101959
16,67101964
16,67101965
16,67101966
16,67101969
16,67101979
16,67101981
16,67101982
16,67102000
16,67102023
16,67102025
16,67102027
16,67102032
16,67102037
16,67102040
16,67102042
16,67102053
16,67102058
16,67102062
16,67102069
16,67102074
16,67102075
16,67102083
16,67102086
16,67102090
16,67102092
16,67102094
16,67102102
16,67102103
16,67102106
16,67102107
16,67102111
16,67102112
16,67102113
16,67102117
16,67102119
16,67102127
16,67102129
16,67102130
16,67102131
16,67102136
16,67102226
16,67102227
16,67102229
16,67102231
16,67102232
16,67102233
16,67102235
16,67102236
16,67102237
16,67102240
16,67102242
16,67102244
16,67102245
16,67102247
16,67104972
16,67105007
16,67105242
16,67105256
16,67105263
16,67105279
16,67105303
16,67105305
16,67105310
16,67105324
16,67105337
16,67105339
16,67105346
16,67105354
16,67105370
16,67105379
16,67105387
16,67105389
16,67105394
16,67105395
16,67105434
16,67105445
16,67105475
16,67105479
16,67105490
16,67105501
16,67105504
16,67105508
16,67105511
16,67105517
16,67105526
16,67105538
16,67105555
16,67105563
16,67105568
16,67105584
16,67105596
16,67105603
16,67105604
16,67105607
16,67105613
16,67105617
16,67105619
16,67105624
16,67105667
16,67105683
16,67105685
16,67105690
16,67105693
16,67105703
16,67105727
16,67105730
16,67105735
16,67105744
16,67105749
16,67105754
16,67105779
16,67105790
16,67105804
16,67105806
16,67105816
16,67105841
16,67105854
16,67105866
16,67105875
16,67105886
16,67105894
16,67105897
16,67105901
16,67105905
16,67105908
16,67105911
16,67105915
16,67105917
16,67105931
16,67105932
16,67105934
16,67105942
16,67105954
16,67105957
16,67105959
16,67105960
16,67105961
16,67105964
16,67105970
16,67105974
16,67105976
16,67105987
16,67105991
16,67105992
16,67105995
16,67106018
16,67106027
16,67106035
16,67106047
16,67106052
16,67106057
16,67106061
16,67106064
16,67106069
16,67106070
16,67106077
16,67106085
16,67106087
16,67106089
16,67106101
16,67106102
16,67106104
16,67106105
16,67106107
16,67106112
16,67106114
16,67106125
16,67106126
16,67106131
16,67106221
16,67106222
16,67106226
16,67106231
16,67106232
16,67106235
16,67106236
16,67106239
16,67106241
17,67099316
17,67100931
17,67100941
17,67100963
17,67101245
17,67101253
17,67101310
17,67101320
17,67101343
17,67101362
17,67101389
17,67101404
17,67101429
17,67101470
17,67101476
17,67101505
17,67101556
17,67101562
17,67101599
17,67101602
17,67101613
17,67101634
17,67101684
17,67101900
17,67101917
17,67101943
17,67101960
17,67101975
17,67101989
17,67102018
17,67102033
17,67102047
17,67102071
17,67102073
17,67102078
17,67102084
17,67102164
17,67102165
17,67102182
17,67102196
17,67102204
17,67102209
17,67102274
17,67102282
17,67102287
17,67102319
17,67102354
17,67102367
17,67102399
17,67102409
17,67102432
17,67102461
17,67102489
17,67102490
17,67102497
17,67102505
17,67102547
17,67102571
17,67102624
17,67102625
17,67102637
17,67102646
17,67102681
17,67102687
17,67102697
17,67102718
17,67102727
17,67102737
17,67102746
17,67102751
17,67102769
17,67102770
17,67102772
17,67102855
17,67102856
17,67102857
17,67102882
17,67102893
17,67102924
17,67102930
17,67102945
17,67102951
17,67102955
17,67102968
17,67102979
17,67102993
17,67103017
17,67103073
17,67103079
17,67103108
17,67103116
17,67103157
17,67103162
17,67103202
17,67103271
17,67103283
17,67103285
17,67103286
17,67103306
17,67103310
17,67103313
17,67103363
17,67103364
17,67103397
17,67103463
17,67103466
17,67103491
17,67103507
17,67103524
17,67103534
17,67103537
17,67103550
17,67103562
17,67103566
17,67103587
17,67103588
17,67103602
17,67103603
17,67103785
17,67103806
17,67103877
17,67104256
17,67104326
17,67104921
17,67104926
17,67105240
17,67105297
17,67105304
17,67105338
17,67105357
17,67105384
17,67105398
17,67105403
17,67105424
17,67105435
17,67105464
17,67105471
17,67105500
17,67105518
17,67105550
17,67105557
17,67105594
17,67105597
17,67105629
17,67105912
17,67105938
17,67105977
17,67105984
17,67106013
17,67106028
17,67106042
17,67106066
17,67106073
17,67106079
17,67106147
17,67106159
17,67106160
17,67106177
17,67106190
17,67106199
17,67106204
17,67106277
17,67106282
17,67106314
17,67106349
17,67106362
17,67106394
17,67106403
17,67106427
17,67106456
17,67106484
17,67106485
17,67106491
17,67106500
17,67106542
17,67106566
17,67106619
17,67106620
17,67106632
17,67106640
17,67106682
17,67106692
17,67106722
17,67106732
17,67106741
17,67106746
17,67106764
17,67106766
17,67106767
17,67106849
17,67106851
17,67106852
17,67106877
17,67106888
17,67106925
17,67106940
17,67106946
17,67106949
17,67106963
17,67106974
17,67107067
17,67107074
17,67107103
17,67107111
17,67107151
17,67107197
17,67107208
17,67107266
17,67107278
17,67107280
17,67107281
17,67107301
17,67107305
17,67107308
17,67107358
17,67107359
17,67107391
17,67107458
17,67107461
17,67107486
17,67107502
17,67107519
17,67107529
17,67107532
17,67107545
17,67107556
17,67107561
17,67107582
17,67107583
17,67107598
17,67107690
17,67107780
17,67107801
17,67107839
17,67107872
17,67108251
17,67108321
17,67108368
17,67108402
18,67101085
18,67101191
18,67101198
18,67101246
18,67101276
18,67101312
18,67101357
18,67101367
18,67101385
18,67101408
18,67101418
18,67101422
18,67101428
18,67101440
18,67101441
18,67101488
18,67101524
18,67101530
18,67101534
18,67101547
18,67101563
18,67101608
18,67101626
18,67101664
18,67101774
18,67101813
18,67101843
18,67101851
18,67101877
18,67101919
18,67101944
18,67101945
18,67101952
18,67102013
18,67102045
18,67102060
18,67102105
18,67102125
18,67102133
18,67102152
18,67102201
18,67102211
18,67102221
18,67102254
18,67102262
18,67102269
18,67102285
18,67102293
18,67102302
18,67102325
18,67102350
18,67102352
18,67102358
18,67102363
18,67102379
18,67102420
18,67102423
18,67102431
18,67102458
18,67102471
18,67102475
18,67102508
18,67102519
18,67102522
18,67102550
18,67102565
18,67102583
18,67102605
18,67102639
18,67102657
18,67102721
18,67102778
18,67102786
18,67102791
18,67102798
18,67102806
18,67102889
18,67102964
18,67102970
18,67103051
18,67103137
18,67103153
18,67103166
18,67103213
18,67103290
18,67103319
18,67103332
18,67103333
18,67103418
18,67103471
18,67103485
18,67103513
18,67103518
18,67103574
18,67103583
18,67103584
18,67103601
18,67103634
18,67103636
18,67103644
18,67103656
18,67103658
18,67103725
18,67103844
18,67103845
18,67103847
18,67103848
18,67103861
18,67103866
18,67103869
18,67103895
18,67104260
18,67104300
18,67105080
18,67105186
18,67105271
18,67105307
18,67105351
18,67105361
18,67105380
18,67105413
18,67105482
18,67105525
18,67105529
18,67105542
18,67105558
18,67105585
18,67105621
18,67105659
18,67105677
18,67105769
18,67105808
18,67105815
18,67105838
18,67105846
18,67105872
18,67105895
18,67105914
18,67105939
18,67105940
18,67105947
18,67106008
18,67106055
18,67106067
18,67106078
18,67106100
18,67106120
18,67106124
18,67106171
18,67106196
18,67106216
18,67106228
18,67106248
18,67106257
18,67106264
18,67106268
18,67106269
18,67106280
18,67106288
18,67106296
18,67106320
18,67106345
18,67106347
18,67106353
18,67106358
18,67106374
18,67106418
18,67106426
18,67106453
18,67106466
18,67106470
18,67106471
18,67106499
18,67106501
18,67106503
18,67106514
18,67106516
18,67106545
18,67106559
18,67106578
18,67106600
18,67106634
18,67106652
18,67106676
18,67106716
18,67106763
18,67106765
18,67106773
18,67106781
18,67106786
18,67106793
18,67106801
18,67106884
18,67106950
18,67106959
18,67106965
18,67107012
18,67107046
18,67107082
18,67107132
18,67107148
18,67107156
18,67107161
18,67107221
18,67107285
18,67107314
18,67107327
18,67107328
18,67107413
18,67107466
18,67107508
18,67107513
18,67107579
18,67107595
18,67107597
18,67107629
18,67107639
18,67107651
18,67107653
18,67107720
18,67107776
18,67107792
18,67107842
18,67107856
18,67107861
18,67107864
18,67108216
18,67108233
18,67108255
18,67108295
