827860087,67099233
827860087,67099596
827860087,67099956
827860087,67100323
827860087,67100679
827860087,67100680
827860087,67100681
827860087,67100682
827860087,67100683
827860087,67100684
827860087,67100685
827860087,67100686
827860087,67100687
827860087,67100688
827860087,67100689
827860087,67100690
827860087,67100691
827860087,67100692
827860087,67100693
827860087,67100694
827860087,67100695
827860087,67100696
827860087,67100697
827860087,67100698
827860087,67100699
827860087,67100700
827860087,67100701
827860087,67100702
827860087,67100703
827860087,67100704
827860087,67100705
827860087,67100706
827860087,67100707
827860087,67100708
827860087,67100709
827860087,67100710
827860087,67100711
827860087,67100712
827860087,67100713
827860087,67100714
827860087,67100715
827860087,67100716
827860087,67100717
827860087,67100718
827860087,67100720
827860087,67100721
827860087,67100722
827860087,67100723
827860087,67100724
827860087,67100725
827860087,67100726
827860087,67100727
827860087,67100728
827860087,67100729
827860087,67100731
827860087,67100732
827860087,67100733
827860087,67100734
827860087,67100735
827860087,67100736
827860087,67100737
827860087,67100738
827860087,67100739
827860087,67100740
827860087,67100741
827860087,67100742
827860087,67100743
827860087,67100744
827860087,67100745
827860087,67100746
827860087,67100747
827860087,67100748
827860087,67100749
827860087,67100750
827860087,67100751
827860087,67100752
827860087,67100753
827860087,67100754
827860087,67100755
827860087,67100756
827860087,67100757
827860087,67100758
827860087,67100759
827860087,67100760
827860087,67100761
827860087,67100762
827860087,67100763
827860087,67100764
827860087,67100765
827860087,67100766
827860087,67100767
827860087,67100768
827860087,67100769
827860087,67100770
827860087,67100771
827860087,67100772
827860087,67100773
827860087,67100774
827860087,67100775
827860087,67100776
827860087,67100777
827860087,67100778
827860087,67100779
827860087,67100780
827860087,67100781
827860087,67100782
827860087,67100783
827860087,67100784
827860087,67100785
827860087,67100786
827860087,67100787
827860087,67100788
827860087,67100789
827860087,67100790
827860087,67100791
827860087,67100792
827860087,67100793
827860087,67100794
827860087,67100795
827860087,67100796
827860087,67100797
827860087,67100798
827860087,67100799
827860087,67100800
827860087,67100801
827860087,67100802
827860087,67100803
827860087,67100804
827860087,67100805
827860087,67100806
827860087,67100807
827860087,67100808
827860087,67100809
827860087,67100810
827860087,67100811
827860087,67100812
827860087,67100813
827860087,67100814
827860087,67100815
827860087,67100816
827860087,67100817
827860087,67100818
827860087,67100819
827860087,67100820
827860087,67100821
827860087,67100822
827860087,67100823
827860087,67100824
827860087,67100825
827860087,67100826
827860087,67100827
827860087,67100828
827860087,67100829
827860087,67100830
827860087,67100831
827860087,67100832
827860087,67100833
827860087,67100834
827860087,67100835
827860087,67100836
827860087,67100837
827860087,67100838
827860087,67100839
827860087,67100840
827860087,67100841
827860087,67100842
827860087,67100843
827860087,67100844
827860087,67100845
827860087,67100846
827860087,67100847
827860087,67100848
827860087,67100849
827860087,67100850
827860087,67100851
827860087,67100852
827860087,67100853
827860087,67100854
827860087,67100855
827860087,67100856
827860087,67100857
827860087,67100858
827860087,67100859
827860087,67100860
827860087,67100861
827860087,67100862
827860087,67100863
827860087,67100864
827860087,67100865
827860087,67100866
827860087,67100867
827860087,67100868
827860087,67100869
827860087,67100870
827860087,67100871
827860087,67100872
827860087,67100873
827860087,67100874
827860087,67100875
827860087,67100876
827860087,67100877
827860087,67100878
827860087,67100879
827860087,67100880
827860087,67100881
827860087,67100882
827860087,67100883
827860087,67100884
827860087,67100885
827860087,67100886
827860087,67100887
827860087,67100888
827860087,67100889
827860087,67100890
827860087,67100891
827860087,67100892
827860087,67100893
827860087,67100894
827860087,67100895
827860087,67100896
827860087,67100897
827860087,67100898
827860087,67100899
827860087,67100900
827860087,67100901
827860087,67100902
827860087,67100903
827860087,67100904
827860087,67100905
827860087,67100906
827860087,67100907
827860087,67100908
827860087,67100909
827860087,67100910
827860087,67100911
827860087,67100912
827860087,67100913
827860087,67100914
827860087,67100915
827860087,67100916
827860087,67100917
827860087,67100918
827860087,67100919
827860087,67100920
827860087,67100921
827860087,67100922
827860087,67100923
827860087,67100924
827860087,67100925
827860087,67100926
827860087,67100927
827860087,67100928
827860087,67100929
827860087,67100930
827860087,67100931
827860087,67100932
827860087,67100933
827860087,67100934
827860087,67100935
827860087,67100936
827860087,67100937
827860087,67100938
827860087,67100939
827860087,67100940
827860087,67100941
827860087,67100942
827860087,67100943
827860087,67100944
827860087,67100945
827860087,67100946
827860087,67100947
827860087,67100948
827860087,67100949
827860087,67100950
827860087,67100951
827860087,67100952
827860087,67100953
827860087,67100954
827860087,67100955
827860087,67100956
827860087,67100957
827860087,67100958
827860087,67100959
827860087,67100960
827860087,67100961
827860087,67100962
827860087,67100963
827860087,67100964
827860087,67100965
827860087,67100966
827860087,67100967
827860087,67100968
827860087,67100969
827860087,67100970
827860087,67100971
827860087,67100972
827860087,67100973
827860087,67100974
827860087,67100975
827860087,67100976
827860087,67100977
827860087,67100978
827860087,67100979
827860087,67100980
827860087,67100981
827860087,67100982
827860087,67100983
827860087,67100984
827860087,67100985
827860087,67100986
827860087,67100987
827860087,67100988
827860087,67100989
827860087,67100990
827860087,67100991
827860087,67100992
827860087,67100993
827860087,67100994
827860087,67100995
827860087,67100996
827860087,67100997
827860087,67100998
827860087,67100999
827860087,67101000
827860087,67101001
827860087,67101002
827860087,67101003
827860087,67101004
827860087,67101005
827860087,67101006
827860087,67101007
827860087,67101008
827860087,67101009
827860087,67101010
827860087,67101011
827860087,67101012
827860087,67101013
827860087,67101014
827860087,67101015
827860087,67101016
827860087,67101017
827860087,67101018
827860087,67101019
827860087,67101020
827860087,67101021
827860087,67101022
827860087,67101023
827860087,67101024
827860087,67101025
827860087,67101026
827860087,67101027
827860087,67101028
827860087,67101030
827860087,67101031
827860087,67101032
827860087,67101033
827860087,67101034
827860087,67101035
827860087,67101036
827860087,67101037
827860087,67101038
827860087,67101039
827860087,67101040
827860087,67101166
827860087,67108439
25663662697,67099423
25663662697,67099786
25663662697,67100043
25663662697,67100513
25663662697,67104983
25663662697,67104984
25663662697,67104985
25663662697,67104986
25663662697,67108628
50499465307,131241
50499465307,131242
50499465307,131243
50499465307,131244
50499465307,131245
50499465307,131252
50499465307,131253
50499465307,131259
50499465307,131260
50499465307,67099234
50499465307,67099235
50499465307,67099236
50499465307,67099237
50499465307,67099238
50499465307,67099239
50499465307,67099240
50499465307,67099241
50499465307,67099242
50499465307,67099243
50499465307,67099244
50499465307,67099245
50499465307,67099246
50499465307,67099247
50499465307,67099248
50499465307,67099249
50499465307,67099250
50499465307,67099251
50499465307,67099252
50499465307,67099253
50499465307,67099254
50499465307,67099255
50499465307,67099256
50499465307,67099257
50499465307,67099258
50499465307,67099259
50499465307,67099260
50499465307,67099261
50499465307,67099262
50499465307,67099263
50499465307,67099264
50499465307,67099265
50499465307,67099266
50499465307,67099267
50499465307,67099268
50499465307,67099269
50499465307,67099270
50499465307,67099271
50499465307,67099272
50499465307,67099273
50499465307,67099274
50499465307,67099275
50499465307,67099276
50499465307,67099277
50499465307,67099279
50499465307,67099280
50499465307,67099281
50499465307,67099282
50499465307,67099283
50499465307,67099284
50499465307,67099285
50499465307,67099286
50499465307,67099287
50499465307,67099288
50499465307,67099289
50499465307,67099290
50499465307,67099291
50499465307,67099292
50499465307,67099293
50499465307,67099294
50499465307,67099295
50499465307,67099296
50499465307,67099297
50499465307,67099298
50499465307,67099299
50499465307,67099300
50499465307,67099301
50499465307,67099302
50499465307,67099303
50499465307,67099304
50499465307,67099305
50499465307,67099306
50499465307,67099307
50499465307,67099308
50499465307,67099309
50499465307,67099310
50499465307,67099311
50499465307,67099312
50499465307,67099313
50499465307,67099314
50499465307,67099315
50499465307,67099316
50499465307,67099317
50499465307,67099318
50499465307,67099319
50499465307,67099320
50499465307,67099321
50499465307,67099322
50499465307,67099323
50499465307,67099324
50499465307,67099325
50499465307,67099326
50499465307,67099327
50499465307,67099328
50499465307,67099329
50499465307,67099330
50499465307,67099331
50499465307,67099332
50499465307,67099333
50499465307,67099334
50499465307,67099335
50499465307,67099336
50499465307,67099337
50499465307,67099338
50499465307,67099339
50499465307,67099340
50499465307,67099341
50499465307,67099342
50499465307,67099343
50499465307,67099344
50499465307,67099345
50499465307,67099346
50499465307,67099347
50499465307,67099348
50499465307,67099349
50499465307,67099350
50499465307,67099351
50499465307,67099352
50499465307,67099353
50499465307,67099354
50499465307,67099355
50499465307,67099356
50499465307,67099357
50499465307,67099358
50499465307,67099359
50499465307,67099360
50499465307,67099361
50499465307,67099362
50499465307,67099363
50499465307,67099364
50499465307,67099365
50499465307,67099366
50499465307,67099367
50499465307,67099368
50499465307,67099369
50499465307,67099370
50499465307,67099371
50499465307,67099372
50499465307,67099373
50499465307,67099374
50499465307,67099375
50499465307,67099376
50499465307,67099377
50499465307,67099378
50499465307,67099379
50499465307,67099380
50499465307,67099381
50499465307,67099382
50499465307,67099383
50499465307,67099384
50499465307,67099385
50499465307,67099386
50499465307,67099387
50499465307,67099388
50499465307,67099389
50499465307,67099390
50499465307,67099391
50499465307,67099392
50499465307,67099393
50499465307,67099394
50499465307,67099395
50499465307,67099396
50499465307,67099397
50499465307,67099398
50499465307,67099399
50499465307,67099400
50499465307,67099424
50499465307,67099425
50499465307,67099426
50499465307,67099427
50499465307,67099428
50499465307,67099429
50499465307,67099430
50499465307,67099431
50499465307,67099432
50499465307,67099433
50499465307,67099434
50499465307,67099435
50499465307,67099436
50499465307,67099437
50499465307,67099438
50499465307,67099439
50499465307,67099440
50499465307,67099441
50499465307,67099442
50499465307,67099443
50499465307,67099444
50499465307,67099445
50499465307,67099446
50499465307,67099447
50499465307,67099448
50499465307,67099449
50499465307,67099450
50499465307,67099451
50499465307,67099452
50499465307,67099453
50499465307,67099454
50499465307,67099455
50499465307,67099456
50499465307,67099457
50499465307,67099458
50499465307,67099459
50499465307,67099460
50499465307,67099461
50499465307,67099462
50499465307,67099463
50499465307,67099464
50499465307,67099465
50499465307,67099466
50499465307,67099467
50499465307,67099468
50499465307,67099469
50499465307,67099470
50499465307,67099471
50499465307,67099472
50499465307,67099473
50499465307,67099474
50499465307,67099475
50499465307,67099476
50499465307,67099477
50499465307,67099478
50499465307,67099479
50499465307,67099480
50499465307,67099481
50499465307,67099482
50499465307,67099483
50499465307,67099484
50499465307,67099485
50499465307,67099486
50499465307,67099487
50499465307,67099488
50499465307,67099489
50499465307,67099490
50499465307,67099491
50499465307,67099492
50499465307,67099493
50499465307,67099494
50499465307,67099495
50499465307,67099496
50499465307,67099497
50499465307,67099498
50499465307,67099499
50499465307,67099500
50499465307,67099501
50499465307,67099502
50499465307,67099503
50499465307,67099504
50499465307,67099505
50499465307,67099506
50499465307,67099507
50499465307,67099508
50499465307,67099509
50499465307,67099510
50499465307,67099511
50499465307,67099512
50499465307,67099513
50499465307,67099514
50499465307,67099515
50499465307,67099516
50499465307,67099517
50499465307,67099518
50499465307,67099519
50499465307,67099520
50499465307,67099521
50499465307,67099522
50499465307,67099523
50499465307,67099524
50499465307,67099525
50499465307,67099526
50499465307,67099527
50499465307,67099528
50499465307,67099529
50499465307,67099530
50499465307,67099531
50499465307,67099532
50499465307,67099533
50499465307,67099534
50499465307,67099535
50499465307,67099536
50499465307,67099537
50499465307,67099538
50499465307,67099539
50499465307,67099540
50499465307,67099541
50499465307,67099542
50499465307,67099543
50499465307,67099544
50499465307,67099545
50499465307,67099546
50499465307,67099547
50499465307,67099548
50499465307,67099549
50499465307,67099550
50499465307,67099551
50499465307,67099552
50499465307,67099553
50499465307,67099554
50499465307,67099555
50499465307,67099556
50499465307,67099557
50499465307,67099558
50499465307,67099559
50499465307,67099560
50499465307,67099561
50499465307,67099562
50499465307,67099563
50499465307,67099564
50499465307,67099565
50499465307,67099566
50499465307,67099567
50499465307,67099568
50499465307,67099569
50499465307,67099570
50499465307,67099571
50499465307,67099572
50499465307,67099573
50499465307,67099574
50499465307,67099575
50499465307,67099576
50499465307,67099577
50499465307,67099578
50499465307,67099579
50499465307,67099580
50499465307,67099581
50499465307,67099582
50499465307,67099583
50499465307,67099584
50499465307,67099585
50499465307,67099586
50499465307,67099587
50499465307,67099588
50499465307,67099599
50499465307,67099609
50499465307,67099621
50499465307,67099681
50499465307,67099682
50499465307,67099709
50499465307,67099726
50499465307,67099740
50499465307,67099751
50499465307,67099753
50499465307,67099755
50499465307,67099756
50499465307,67099763
50499465307,67099795
50499465307,67099799
50499465307,67099805
50499465307,67099807
50499465307,67099810
50499465307,67099820
50499465307,67099821
50499465307,67099828
50499465307,67099831
50499465307,67099838
50499465307,67099849
50499465307,67099876
50499465307,67099880
50499465307,67099886
50499465307,67099887
50499465307,67099900
50499465307,67099903
50499465307,67099904
50499465307,67099914
50499465307,67099915
50499465307,67099921
50499465307,67099922
50499465307,67099925
50499465307,67099927
50499465307,67099931
50499465307,67099937
50499465307,67099941
50499465307,67100353
50499465307,67101420
50499465307,67101514
50499465307,67101615
50499465307,67101663
50499465307,67101803
50499465307,67101814
50499465307,67101831
50499465307,67101896
50499465307,67101975
50499465307,67102619
50499465307,67102897
50499465307,67104047
50499465307,67104200
50499465307,67104427
50499465307,67104460
50499465307,67104555
50499465307,67104992
50499465307,67105145
50499465307,67105311
50499465307,67105759
50499465307,67105864
50499465307,67105952
50499465307,67105977
50499465307,67106200
50499465307,67106568
50499465307,67106647
50499465307,67106929
50499465307,67106989
50499465307,67107029
50499465307,67107089
50499465307,67107170
50499465307,67107171
50499465307,67107230
50499465307,67107376
50499465307,67107438
50499465307,67107485
50499465307,67107526
50499465307,67107770
50499465307,67107829
50499465307,67107858
50499465307,67107918
50499465307,67107964
50499465307,67108016
50499465307,67108043
50499465307,67108123
50499465307,67108214
50499465307,67108247
50499465307,67108344
50499465307,67108441
50499465307,67108452
50499465307,67108464
50499465307,67108498
50499465307,67108525
50499465307,67108538
50499465307,67108552
50499465307,67108557
50499465307,67108568
50499465307,67108582
50499465307,67108596
50499465307,67108598
50499465307,67108599
50499465307,67108605
50499465307,67108630
50499465307,67108641
50499465307,67108649
50499465307,67108650
50499465307,67108653
50499465307,67108661
50499465307,67108663
50499465307,67108664
50499465307,67108671
50499465307,67108674
50499465307,67108681
50499465307,67108702
50499465307,67108716
50499465307,67108718
50499465307,67108719
50499465307,67108722
50499465307,67108726
50499465307,67108728
50499465307,67108730
50499465307,67108739
50499465307,67108743
50499465307,67108746
50499465307,67108757
50499465307,67108765
50499465307,67108767
50499465307,67108770
50499465307,67108773
50499465307,67108776
50499465307,67108784
75335267917,67099602
75335267917,67099604
75335267917,67099606
75335267917,67099607
75335267917,67099608
75335267917,67099610
75335267917,67099611
75335267917,67099612
75335267917,67099614
75335267917,67099618
75335267917,67099619
75335267917,67099626
75335267917,67099627
75335267917,67099628
75335267917,67099631
75335267917,67099636
75335267917,67099637
75335267917,67099638
75335267917,67099642
75335267917,67099643
75335267917,67099645
75335267917,67099647
75335267917,67099648
75335267917,67099649
75335267917,67099650
75335267917,67099651
75335267917,67099652
75335267917,67099653
75335267917,67099654
75335267917,67099655
75335267917,67099656
75335267917,67099658
75335267917,67099660
75335267917,67099664
75335267917,67099670
75335267917,67099672
75335267917,67099673
75335267917,67099674
75335267917,67099675
75335267917,67099676
75335267917,67099677
75335267917,67099679
75335267917,67099680
75335267917,67099683
75335267917,67099684
75335267917,67099685
75335267917,67099686
75335267917,67099688
75335267917,67099693
75335267917,67099694
75335267917,67099695
75335267917,67099696
75335267917,67099697
75335267917,67099698
75335267917,67099699
75335267917,67099700
75335267917,67099701
75335267917,67099702
75335267917,67099703
75335267917,67099704
75335267917,67099707
75335267917,67099708
75335267917,67099712
75335267917,67099713
75335267917,67099717
75335267917,67099718
75335267917,67099721
75335267917,67099723
75335267917,67099727
75335267917,67099728
75335267917,67099729
75335267917,67099731
75335267917,67099732
75335267917,67099734
75335267917,67099736
75335267917,67099737
75335267917,67099738
75335267917,67099741
75335267917,67099743
75335267917,67099744
75335267917,67099747
75335267917,67099748
75335267917,67099749
75335267917,67099750
75335267917,67099752
75335267917,67099754
75335267917,67099757
75335267917,67099760
75335267917,67099761
75335267917,67099762
75335267917,67099787
75335267917,67099788
75335267917,67099789
75335267917,67099790
75335267917,67099791
75335267917,67099792
75335267917,67099793
75335267917,67099794
75335267917,67099796
75335267917,67099797
75335267917,67099798
75335267917,67099800
75335267917,67099802
75335267917,67099803
75335267917,67099804
75335267917,67099806
75335267917,67099808
75335267917,67099809
75335267917,67099812
75335267917,67099813
75335267917,67099814
75335267917,67099815
75335267917,67099816
75335267917,67099817
75335267917,67099818
75335267917,67099819
75335267917,67099822
75335267917,67099823
75335267917,67099824
75335267917,67099825
75335267917,67099827
75335267917,67099829
75335267917,67099830
75335267917,67099832
75335267917,67099833
75335267917,67099834
75335267917,67099836
75335267917,67099839
75335267917,67099840
75335267917,67099841
75335267917,67099842
75335267917,67099844
75335267917,67099846
75335267917,67099847
75335267917,67099848
75335267917,67099850
75335267917,67099851
75335267917,67099852
75335267917,67099853
75335267917,67099854
75335267917,67099855
75335267917,67099856
75335267917,67099857
75335267917,67099858
75335267917,67099859
75335267917,67099860
75335267917,67099861
75335267917,67099862
75335267917,67099863
75335267917,67099864
75335267917,67099865
75335267917,67099866
75335267917,67099868
75335267917,67099869
75335267917,67099870
75335267917,67099871
75335267917,67099872
75335267917,67099873
75335267917,67099874
75335267917,67099875
75335267917,67099877
75335267917,67099878
75335267917,67099879
75335267917,67099881
75335267917,67099882
75335267917,67099883
75335267917,67099884
75335267917,67099885
75335267917,67099888
75335267917,67099889
75335267917,67099890
75335267917,67099891
75335267917,67099892
75335267917,67099894
75335267917,67099895
75335267917,67099897
75335267917,67099898
75335267917,67099899
75335267917,67099901
75335267917,67099905
75335267917,67099906
75335267917,67099907
75335267917,67099908
75335267917,67099909
75335267917,67099910
75335267917,67099911
75335267917,67099912
75335267917,67099913
75335267917,67099916
75335267917,67099917
75335267917,67099918
75335267917,67099919
75335267917,67099920
75335267917,67099923
75335267917,67099924
75335267917,67099926
75335267917,67099928
75335267917,67099929
75335267917,67099930
75335267917,67099932
75335267917,67099933
75335267917,67099934
75335267917,67099935
75335267917,67099936
75335267917,67099938
75335267917,67099945
75335267917,67099947
75335267917,67099948
75335267917,67099949
75335267917,67099950
75335267917,67100054
75335267917,67101409
75335267917,67101969
75335267917,67102030
75335267917,67102079
75335267917,67102232
75335267917,67102560
75335267917,67103068
75335267917,67103372
75335267917,67103870
75335267917,67104032
75335267917,67104242
75335267917,67104243
75335267917,67105428
75335267917,67105429
75335267917,67105593
75335267917,67105736
75335267917,67105753
75335267917,67105767
75335267917,67105774
75335267917,67105798
75335267917,67105866
75335267917,67106256
75335267917,67106435
75335267917,67106544
75335267917,67106726
75335267917,67106760
75335267917,67106921
75335267917,67107246
75335267917,67107293
75335267917,67107390
75335267917,67107722
75335267917,67107930
75335267917,67108006
75335267917,67108414
75335267917,67108445
75335267917,67108446
75335267917,67108448
75335267917,67108449
75335267917,67108450
75335267917,67108451
75335267917,67108453
75335267917,67108454
75335267917,67108457
75335267917,67108460
75335267917,67108461
75335267917,67108463
75335267917,67108465
75335267917,67108468
75335267917,67108469
75335267917,67108470
75335267917,67108471
75335267917,67108474
75335267917,67108476
75335267917,67108478
75335267917,67108479
75335267917,67108481
75335267917,67108485
75335267917,67108486
75335267917,67108490
75335267917,67108491
75335267917,67108492
75335267917,67108493
75335267917,67108494
75335267917,67108495
75335267917,67108496
75335267917,67108497
75335267917,67108499
75335267917,67108500
75335267917,67108502
75335267917,67108505
75335267917,67108506
75335267917,67108512
75335267917,67108513
75335267917,67108514
75335267917,67108515
75335267917,67108516
75335267917,67108517
75335267917,67108518
75335267917,67108519
75335267917,67108520
75335267917,67108527
75335267917,67108528
75335267917,67108531
75335267917,67108532
75335267917,67108535
75335267917,67108536
75335267917,67108537
75335267917,67108539
75335267917,67108541
75335267917,67108542
75335267917,67108543
75335267917,67108544
75335267917,67108545
75335267917,67108546
75335267917,67108547
75335267917,67108549
75335267917,67108550
75335267917,67108551
75335267917,67108555
75335267917,67108559
75335267917,67108560
75335267917,67108561
75335267917,67108566
75335267917,67108569
75335267917,67108570
75335267917,67108572
75335267917,67108573
75335267917,67108574
75335267917,67108575
75335267917,67108576
75335267917,67108578
75335267917,67108579
75335267917,67108580
75335267917,67108581
75335267917,67108583
75335267917,67108584
75335267917,67108586
75335267917,67108587
75335267917,67108590
75335267917,67108591
75335267917,67108592
75335267917,67108593
75335267917,67108594
75335267917,67108597
75335267917,67108601
75335267917,67108602
75335267917,67108603
75335267917,67108604
75335267917,67108629
75335267917,67108631
75335267917,67108632
75335267917,67108634
75335267917,67108637
75335267917,67108638
75335267917,67108639
75335267917,67108640
75335267917,67108642
75335267917,67108643
75335267917,67108645
75335267917,67108646
75335267917,67108647
75335267917,67108651
75335267917,67108652
75335267917,67108655
75335267917,67108656
75335267917,67108657
75335267917,67108658
75335267917,67108659
75335267917,67108660
75335267917,67108662
75335267917,67108665
75335267917,67108666
75335267917,67108667
75335267917,67108668
75335267917,67108670
75335267917,67108672
75335267917,67108673
75335267917,67108675
75335267917,67108676
75335267917,67108677
75335267917,67108679
75335267917,67108682
75335267917,67108683
75335267917,67108686
75335267917,67108687
75335267917,67108688
75335267917,67108689
75335267917,67108690
75335267917,67108691
75335267917,67108692
75335267917,67108693
75335267917,67108694
75335267917,67108695
75335267917,67108696
75335267917,67108697
75335267917,67108698
75335267917,67108699
75335267917,67108700
75335267917,67108701
75335267917,67108703
75335267917,67108704
75335267917,67108705
75335267917,67108706
75335267917,67108707
75335267917,67108708
75335267917,67108709
75335267917,67108710
75335267917,67108711
75335267917,67108712
75335267917,67108713
75335267917,67108714
75335267917,67108715
75335267917,67108717
75335267917,67108720
75335267917,67108721
75335267917,67108723
75335267917,67108724
75335267917,67108725
75335267917,67108727
75335267917,67108729
75335267917,67108731
75335267917,67108732
75335267917,67108733
75335267917,67108734
75335267917,67108737
75335267917,67108738
75335267917,67108740
75335267917,67108741
75335267917,67108742
75335267917,67108745
75335267917,67108747
75335267917,67108748
75335267917,67108749
75335267917,67108750
75335267917,67108751
75335267917,67108752
75335267917,67108753
75335267917,67108754
75335267917,67108755
75335267917,67108756
75335267917,67108758
75335267917,67108759
75335267917,67108760
75335267917,67108761
75335267917,67108762
75335267917,67108764
75335267917,67108766
75335267917,67108768
75335267917,67108769
75335267917,67108771
75335267917,67108772
75335267917,67108774
75335267917,67108775
75335267917,67108777
75335267917,67108778
75335267917,67108780
75335267917,67108781
75335267917,67108789
75335267917,67108790
75335267917,67108791
75335267917,67108792
75335267917,67108793
100171070527,131251
100171070527,131256
100171070527,67099603
100171070527,67099632
100171070527,67099639
100171070527,67099644
100171070527,67099646
100171070527,67099661
100171070527,67099662
100171070527,67099663
100171070527,67099666
100171070527,67099669
100171070527,67099671
100171070527,67099691
100171070527,67099692
100171070527,67099706
100171070527,67099710
100171070527,67099715
100171070527,67099735
100171070527,67099811
100171070527,67099837
100171070527,67099845
100171070527,67099946
100171070527,67101255
100171070527,67101260
100171070527,67101486
100171070527,67101616
100171070527,67101653
100171070527,67101666
100171070527,67101823
100171070527,67101856
100171070527,67101936
100171070527,67101992
100171070527,67102072
100171070527,67102154
100171070527,67102155
100171070527,67102182
100171070527,67102273
100171070527,67102315
100171070527,67102345
100171070527,67102405
100171070527,67102723
100171070527,67103050
100171070527,67103129
100171070527,67104119
100171070527,67105050
100171070527,67106219
100171070527,67106729
100171070527,67106880
100171070527,67107589
100171070527,67108466
100171070527,67108482
100171070527,67108487
100171070527,67108489
100171070527,67108501
100171070527,67108504
100171070527,67108511
100171070527,67108522
100171070527,67108523
100171070527,67108534
100171070527,67108540
100171070527,67108553
100171070527,67108556
100171070527,67108558
100171070527,67108565
100171070527,67108571
100171070527,67108577
100171070527,67108635
100171070527,67108654
100171070527,67108680
100171070527,67108684
100171070527,67108735
125006873137,131246
125006873137,131247
125006873137,131248
125006873137,131249
125006873137,131250
125006873137,131254
125006873137,131255
125006873137,131257
125006873137,131258
125006873137,67099613
125006873137,67099617
125006873137,67099630
125006873137,67099690
125006873137,67099720
125006873137,67099942
125006873137,67099944
125006873137,67099989
125006873137,67100376
125006873137,67101263
125006873137,67101277
125006873137,67101362
125006873137,67101398
125006873137,67101440
125006873137,67101485
125006873137,67101502
125006873137,67101509
125006873137,67101523
125006873137,67101735
125006873137,67101764
125006873137,67101766
125006873137,67101789
125006873137,67101982
125006873137,67102014
125006873137,67102044
125006873137,67102076
125006873137,67102136
125006873137,67102242
125006873137,67102316
125006873137,67102815
125006873137,67102821
125006873137,67102850
125006873137,67102934
125006873137,67103133
125006873137,67103208
125006873137,67103228
125006873137,67103270
125006873137,67103422
125006873137,67103490
125006873137,67103613
125006873137,67103616
125006873137,67103654
125006873137,67103665
125006873137,67103672
125006873137,67103675
125006873137,67103676
125006873137,67103686
125006873137,67103690
125006873137,67103693
125006873137,67103723
125006873137,67103876
125006873137,67103971
125006873137,67103982
125006873137,67104086
125006873137,67104115
125006873137,67104220
125006873137,67104244
125006873137,67104250
125006873137,67104261
125006873137,67104302
125006873137,67104306
125006873137,67104316
125006873137,67104468
125006873137,67104474
125006873137,67104505
125006873137,67104522
125006873137,67104531
125006873137,67104557
125006873137,67104567
125006873137,67105006
125006873137,67105175
125006873137,67105228
125006873137,67105279
125006873137,67105309
125006873137,67105383
125006873137,67105389
125006873137,67105525
125006873137,67105562
125006873137,67105565
125006873137,67105584
125006873137,67105602
125006873137,67105642
125006873137,67105694
125006873137,67105771
125006873137,67105781
125006873137,67105909
125006873137,67106136
125006873137,67106295
125006873137,67106387
125006873137,67106535
125006873137,67106634
125006873137,67106796
125006873137,67107014
125006873137,67107100
125006873137,67107177
125006873137,67107225
125006873137,67107249
125006873137,67107342
125006873137,67107428
125006873137,67107505
125006873137,67107540
125006873137,67107551
125006873137,67107553
125006873137,67107572
125006873137,67107591
125006873137,67107661
125006873137,67107662
125006873137,67107720
125006873137,67107734
125006873137,67107745
125006873137,67107746
125006873137,67107757
125006873137,67107830
125006873137,67107831
125006873137,67108041
125006873137,67108059
125006873137,67108226
125006873137,67108254
125006873137,67108306
125006873137,67108336
125006873137,67108345
125006873137,67108370
125006873137,67108421
125006873137,67108459
125006873137,67108473
125006873137,67108526
125006873137,67108562
125006873137,67108564
125006873137,67108648
125006873137,67108763
125006873137,67108785
125006873137,67108787
