1379256614,67104061
1379256614,67104543
1379256614,67104544
1379256614,67104545
1379256614,67104546
1379256614,67104547
1379256614,67104548
1379256614,67104549
1379256614,67104550
1379256614,67104551
1379256614,67104552
1379256614,67104553
1379256614,67104554
1379256614,67104555
1379256614,67104556
1379256614,67104557
1379256614,67104558
1379256614,67104559
1379256614,67104560
1379256614,67104561
1379256614,67104562
1379256614,67104563
1379256614,67104564
1379256614,67104565
1379256614,67104566
1379256614,67104567
1379256614,67104568
1379256614,67104569
1379256614,67104570
1379256614,67104571
1379256614,67104572
1379256614,67104573
1379256614,67104574
1379256614,67104575
1379256614,67104576
1379256614,67104577
1379256614,67104578
1379256614,67104579
1379256614,67104580
1379256614,67104581
1379256614,67104582
1379256614,67104583
1379256614,67104584
1379256614,67104585
1379256614,67104586
1379256614,67104587
1379256614,67104588
1379256614,67104589
1379256614,67104590
1379256614,67104591
1379256614,67104592
1379256614,67104593
1379256614,67104594
1379256614,67104595
1379256614,67104596
1379256614,67104597
1379256614,67104598
1379256614,67104599
1379256614,67104600
1379256614,67104601
1379256614,67104602
1379256614,67104603
1379256614,67104604
1379256614,67104605
1379256614,67104606
1379256614,67104607
1379256614,67104608
1379256614,67104609
1379256614,67104610
1379256614,67104611
1379256614,67104612
1379256614,67104613
1379256614,67104614
1379256614,67104615
1379256614,67104616
1379256614,67104617
1379256614,67104618
1379256614,67104619
1379256614,67104620
1379256614,67104621
1379256614,67104622
1379256614,67104623
1379256614,67104624
1379256614,67104625
1379256614,67104627
1379256614,67104628
1379256614,67104629
1379256614,67104630
1379256614,67104631
1379256614,67104632
1379256614,67104633
1379256614,67104634
1379256614,67104635
1379256614,67104636
1379256614,67104637
1379256614,67104638
1379256614,67104639
1379256614,67104640
1379256614,67104641
1379256614,67104642
1379256614,67104643
1379256614,67104644
1379256614,67104645
1379256614,67104646
1379256614,67104648
1379256614,67104649
1379256614,67104650
1379256614,67104651
1379256614,67104652
1379256614,67104653
1379256614,67104654
1379256614,67104655
1379256614,67104656
1379256614,67104657
1379256614,67104658
1379256614,67104659
1379256614,67104660
1379256614,67104661
1379256614,67104662
1379256614,67104663
1379256614,67104664
1379256614,67104665
1379256614,67104666
1379256614,67104667
1379256614,67104668
1379256614,67104669
1379256614,67104670
1379256614,67105687
15171822754,131252
15171822754,67108304
15171822754,67108435
15171822754,67108458
15171822754,67108466
15171822754,67108469
15171822754,67108472
15171822754,67108484
15171822754,67108485
15171822754,67108486
15171822754,67108489
15171822754,67108490
15171822754,67108492
15171822754,67108496
15171822754,67108499
15171822754,67108501
15171822754,67108504
15171822754,67108505
15171822754,67108506
15171822754,67108515
15171822754,67108517
15171822754,67108518
15171822754,67108519
15171822754,67108520
15171822754,67108522
15171822754,67108526
15171822754,67108529
15171822754,67108530
15171822754,67108531
15171822754,67108533
15171822754,67108534
15171822754,67108536
15171822754,67108537
15171822754,67108541
15171822754,67108543
15171822754,67108547
15171822754,67108549
15171822754,67108552
15171822754,67108554
15171822754,67108557
15171822754,67108558
15171822754,67108559
15171822754,67108561
15171822754,67108567
15171822754,67108568
15171822754,67108569
15171822754,67108570
15171822754,67108571
15171822754,67108572
15171822754,67108573
15171822754,67108585
15171822754,67108641
15171822754,67108651
15171822754,67108670
15171822754,67108672
15171822754,67108673
15171822754,67108674
15171822754,67108675
15171822754,67108676
15171822754,67108677
15171822754,67108678
15171822754,67108679
15171822754,67108680
15171822754,67108681
15171822754,67108682
15171822754,67108685
15171822754,67108686
15171822754,67108687
15171822754,67108688
15171822754,67108689
15171822754,67108690
15171822754,67108693
15171822754,67108694
15171822754,67108695
15171822754,67108696
15171822754,67108697
15171822754,67108698
15171822754,67108699
15171822754,67108700
15171822754,67108701
15171822754,67108702
15171822754,67108704
15171822754,67108705
15171822754,67108706
15171822754,67108707
15171822754,67108708
15171822754,67108709
15171822754,67108712
15171822754,67108713
15171822754,67108714
15171822754,67108715
15171822754,67108716
15171822754,67108717
15171822754,67108718
15171822754,67108719
15171822754,67108720
15171822754,67108721
15171822754,67108722
15171822754,67108723
15171822754,67108724
15171822754,67108725
15171822754,67108726
15171822754,67108729
15171822754,67108731
15171822754,67108732
15171822754,67108733
15171822754,67108734
15171822754,67108735
15171822754,67108736
15171822754,67108737
15171822754,67108738
15171822754,67108740
15171822754,67108741
15171822754,67108742
15171822754,67108743
15171822754,67108744
15171822754,67108745
15171822754,67108747
15171822754,67108750
15171822754,67108753
15171822754,67108762
15171822754,67108780
15171822754,67108781
15171822754,67108783
15171822754,67108785
15171822754,67108787
15171822754,67108789
15171822754,67108790
