1379256614,67104061
1379256614,67104543
1379256614,67104544
1379256614,67104545
1379256614,67104546
1379256614,67104547
1379256614,67104548
1379256614,67104549
1379256614,67104550
1379256614,67104551
1379256614,67104552
1379256614,67104553
1379256614,67104554
1379256614,67104555
1379256614,67104556
1379256614,67104557
1379256614,67104558
1379256614,67104559
1379256614,67104560
1379256614,67104561
1379256614,67104562
1379256614,67104563
1379256614,67104564
1379256614,67104565
1379256614,67104566
1379256614,67104567
1379256614,67104568
1379256614,67104571
1379256614,67104572
1379256614,67104573
1379256614,67104574
1379256614,67104576
1379256614,67104577
1379256614,67104578
1379256614,67104580
1379256614,67104581
1379256614,67104582
1379256614,67104583
1379256614,67104585
1379256614,67104587
1379256614,67104588
1379256614,67104589
1379256614,67104590
1379256614,67104591
1379256614,67104593
1379256614,67104594
1379256614,67104595
1379256614,67104596
1379256614,67104598
1379256614,67104600
1379256614,67104601
1379256614,67104602
1379256614,67104603
1379256614,67104605
1379256614,67104606
1379256614,67104610
1379256614,67104612
1379256614,67104615
1379256614,67104616
1379256614,67104617
1379256614,67104619
1379256614,67104622
1379256614,67104623
1379256614,67104624
1379256614,67104629
1379256614,67104630
1379256614,67104631
1379256614,67104632
1379256614,67104636
1379256614,67104637
1379256614,67104639
1379256614,67104644
1379256614,67104645
1379256614,67104646
1379256614,67104648
1379256614,67104649
1379256614,67104650
1379256614,67104655
1379256614,67104656
1379256614,67104658
1379256614,67104660
1379256614,67104662
1379256614,67104663
1379256614,67104667
1379256614,67104669
1379256614,67104670
1379256614,67105687
