1096522560,67100102
1096522560,67100512
1096522560,67100904
1096522560,67100905
1096522560,67100906
1096522560,67100907
1096522560,67100908
1096522560,67100909
1096522560,67100910
1096522560,67100911
1096522560,67100912
1096522560,67100913
1096522560,67100914
1096522560,67100915
1096522560,67100916
1096522560,67100917
1096522560,67100918
1096522560,67100919
1096522560,67100920
1096522560,67100921
1096522560,67100922
1096522560,67100923
1096522560,67100924
1096522560,67100925
1096522560,67100926
1096522560,67100927
1096522560,67100928
1096522560,67100929
1096522560,67100930
1096522560,67100931
1096522560,67100932
1096522560,67100933
1096522560,67100934
1096522560,67100935
1096522560,67100936
1096522560,67100937
1096522560,67100938
1096522560,67100939
1096522560,67100940
1096522560,67100941
1096522560,67100942
1096522560,67100943
1096522560,67100944
1096522560,67100945
1096522560,67100946
1096522560,67100947
1096522560,67100948
1096522560,67100949
1096522560,67100950
1096522560,67100952
1096522560,67100958
1096522560,67100965
1096522560,67100966
1096522560,67100967
1096522560,67100968
1096522560,67100969
1096522560,67100970
1096522560,67100971
1096522560,67100972
1096522560,67100973
1096522560,67100974
1096522560,67100975
1096522560,67100976
1096522560,67100977
1096522560,67100978
1096522560,67100979
1096522560,67100980
1096522560,67100981
1096522560,67100982
1096522560,67100983
1096522560,67100984
1096522560,67100985
1096522560,67100986
1096522560,67100987
1096522560,67100988
1096522560,67100989
1096522560,67100990
1096522560,67100991
1096522560,67100992
1096522560,67100993
1096522560,67100994
1096522560,67100995
1096522560,67100996
1096522560,67100997
1096522560,67100998
1096522560,67100999
1096522560,67101000
1096522560,67101001
1096522560,67101002
1096522560,67101003
1096522560,67101004
1096522560,67101005
1096522560,67101006
1096522560,67101007
1096522560,67101008
1096522560,67101009
1096522560,67101010
1096522560,67101011
1096522560,67101012
1096522560,67101013
1096522560,67101014
1096522560,67101015
1096522560,67101016
1096522560,67101017
1096522560,67101018
1096522560,67101019
1096522560,67101020
1096522560,67101021
1096522560,67101022
1096522560,67101025
1096522560,67101027
1096522560,67101030
1096522560,67101032
1096522560,67101034
1096522560,67101036
1096522560,67101037
1096522560,67101039
1096522560,67101040
1096522560,67101041
1096522560,67101051
1096522560,67101073
1096522560,67101079
1096522560,67101082
1096522560,67101750
1096522560,67101751
1096522560,67101752
1096522560,67101753
1096522560,67101754
12061748160,67100573
12061748160,67100951
12061748160,67100953
12061748160,67100954
12061748160,67100955
12061748160,67100956
12061748160,67100957
12061748160,67100959
12061748160,67101023
12061748160,67101024
12061748160,67101026
12061748160,67101028
12061748160,67101029
12061748160,67101031
12061748160,67101033
12061748160,67101035
12061748160,67101038
12061748160,67101042
12061748160,67101043
12061748160,67101044
12061748160,67101045
12061748160,67101046
12061748160,67101047
12061748160,67101053
12061748160,67101055
12061748160,67101056
12061748160,67101057
12061748160,67101059
12061748160,67101061
12061748160,67101062
12061748160,67101063
12061748160,67101066
12061748160,67101068
12061748160,67101069
12061748160,67101083
12061748160,67101087
12061748160,67101088
12061748160,67102729
12061748160,67102973
12061748160,67102981
12061748160,67102993
12061748160,67103053
12061748160,67103102
12061748160,67103113
12061748160,67103122
12061748160,67103123
12061748160,67103124
12061748160,67103125
12061748160,67103139
12061748160,67103146
12061748160,67103690
12061748160,67103704
12061748160,67103733
12061748160,67103745
12061748160,67103772
12061748160,67103808
12061748160,67103809
12061748160,67103810
12061748160,67103811
12061748160,67103813
12061748160,67103814
12061748160,67103816
12061748160,67103817
12061748160,67103829
12061748160,67103851
12061748160,67103872
12061748160,67103875
12061748160,67103896
12061748160,67103902
12061748160,67103903
12061748160,67103904
12061748160,67103920
12061748160,67103922
12061748160,67103924
12061748160,67103926
12061748160,67103928
12061748160,67103931
12061748160,67103935
12061748160,67103938
12061748160,67103940
12061748160,67103942
12061748160,67103943
12061748160,67103945
12061748160,67103948
12061748160,67103949
12061748160,67103956
12061748160,67103957
12061748160,67103963
12061748160,67103964
12061748160,67103965
12061748160,67103970
12061748160,67103971
12061748160,67103974
12061748160,67103977
12061748160,67103980
12061748160,67103982
12061748160,67103992
12061748160,67103993
12061748160,67103994
12061748160,67103996
12061748160,67103999
12061748160,67104003
12061748160,67104004
12061748160,67104006
12061748160,67104010
12061748160,67104011
12061748160,67104012
12061748160,67104018
12061748160,67104019
12061748160,67104020
12061748160,67104021
12061748160,67104023
12061748160,67104024
12061748160,67106470
12061748160,67106924
12061748160,67108594
12061748160,67108595
12061748160,67108604
12061748160,67108605
12061748160,67108607
12061748160,67108608
12061748160,67108609
12061748160,67108610
12061748160,67108611
12061748160,67108617
12061748160,67108618
12061748160,67108621
12061748160,67108623
23026973760,131246
23026973760,67100960
23026973760,67100961
23026973760,67100962
23026973760,67100963
23026973760,67100964
23026973760,67101048
23026973760,67101049
23026973760,67101050
23026973760,67101052
23026973760,67101054
23026973760,67101058
23026973760,67101060
23026973760,67101064
23026973760,67101065
23026973760,67101067
23026973760,67101070
23026973760,67101071
23026973760,67101072
23026973760,67101074
23026973760,67101075
23026973760,67101076
23026973760,67101077
23026973760,67101078
23026973760,67101081
23026973760,67101084
23026973760,67101086
23026973760,67101089
23026973760,67101090
23026973760,67101098
23026973760,67103499
23026973760,67104259
23026973760,67104353
23026973760,67104395
23026973760,67105157
23026973760,67105858
23026973760,67106546
23026973760,67106603
23026973760,67106976
23026973760,67107309
23026973760,67107423
23026973760,67107627
23026973760,67108083
23026973760,67108121
23026973760,67108136
23026973760,67108139
23026973760,67108148
23026973760,67108162
23026973760,67108170
23026973760,67108180
23026973760,67108188
23026973760,67108189
23026973760,67108209
23026973760,67108219
23026973760,67108237
23026973760,67108243
23026973760,67108261
23026973760,67108272
23026973760,67108289
23026973760,67108297
23026973760,67108596
23026973760,67108600
23026973760,67108606
23026973760,67108612
23026973760,67108613
23026973760,67108614
23026973760,67108615
23026973760,67108622
23026973760,67108624
23026973760,67108625
23026973760,67108626
23026973760,67108627
23026973760,67108628
23026973760,67108629
23026973760,67108630
23026973760,67108631
23026973760,67108632
23026973760,67108633
23026973760,67108634
23026973760,67108637
23026973760,67108656
23026973760,67108657
23026973760,67108658
23026973760,67108659
23026973760,67108660
23026973760,67108661
23026973760,67108663
23026973760,67108664
23026973760,67108665
23026973760,67108666
23026973760,67108667
23026973760,67108668
23026973760,67108669
23026973760,67108670
23026973760,67108671
23026973760,67108672
23026973760,67108673
23026973760,67108674
23026973760,67108675
23026973760,67108676
23026973760,67108677
23026973760,67108678
23026973760,67108679
23026973760,67108680
23026973760,67108681
23026973760,67108682
23026973760,67108683
23026973760,67108684
23026973760,67108685
23026973760,67108686
23026973760,67108687
23026973760,67108688
23026973760,67108689
23026973760,67108690
23026973760,67108691
23026973760,67108692
23026973760,67108693
23026973760,67108694
23026973760,67108695
23026973760,67108696
23026973760,67108697
23026973760,67108698
23026973760,67108699
23026973760,67108700
23026973760,67108701
23026973760,67108702
23026973760,67108703
23026973760,67108716
