1093269888,67100512
1093269888,67100904
1093269888,67100905
1093269888,67100906
1093269888,67100907
1093269888,67100908
1093269888,67100909
1093269888,67100910
1093269888,67100911
1093269888,67100912
1093269888,67100913
1093269888,67100914
1093269888,67100915
1093269888,67100916
1093269888,67100917
1093269888,67100918
1093269888,67100919
1093269888,67100920
1093269888,67100921
1093269888,67100922
1093269888,67100923
1093269888,67100924
1093269888,67100925
1093269888,67100926
1093269888,67100927
1093269888,67100928
1093269888,67100929
1093269888,67100930
1093269888,67100931
1093269888,67100932
1093269888,67100933
1093269888,67100934
1093269888,67100935
1093269888,67100936
1093269888,67100937
1093269888,67100938
1093269888,67100939
1093269888,67100940
1093269888,67100941
1093269888,67100942
1093269888,67100943
1093269888,67100944
1093269888,67100945
1093269888,67100946
1093269888,67100947
1093269888,67100948
1093269888,67100949
1093269888,67100950
1093269888,67100951
1093269888,67100952
1093269888,67100953
1093269888,67100954
1093269888,67100955
1093269888,67100956
1093269888,67100957
1093269888,67100958
1093269888,67100959
1093269888,67100960
1093269888,67100961
1093269888,67100962
1093269888,67100963
1093269888,67100965
1093269888,67100967
1093269888,67100968
1093269888,67100969
1093269888,67100972
1093269888,67100974
1093269888,67100976
1093269888,67100977
1093269888,67100978
1093269888,67100981
1093269888,67100982
1093269888,67100983
1093269888,67100984
1093269888,67100985
1093269888,67100987
1093269888,67100991
1093269888,67100993
1093269888,67101792
1093269888,67108594
