1093269888,67100102
1093269888,67100512
1093269888,67100904
1093269888,67100905
1093269888,67100906
1093269888,67100907
1093269888,67100908
1093269888,67100909
1093269888,67100910
1093269888,67100911
1093269888,67100912
1093269888,67100913
1093269888,67100914
1093269888,67100915
1093269888,67100916
1093269888,67100917
1093269888,67100918
1093269888,67100919
1093269888,67100920
1093269888,67100921
1093269888,67100922
1093269888,67100923
1093269888,67100924
1093269888,67100925
1093269888,67100926
1093269888,67100927
1093269888,67100928
1093269888,67100929
1093269888,67100930
1093269888,67100931
1093269888,67100932
1093269888,67100933
1093269888,67100934
1093269888,67100935
1093269888,67100936
1093269888,67100937
1093269888,67100938
1093269888,67100939
1093269888,67100940
1093269888,67100941
1093269888,67100942
1093269888,67100943
1093269888,67100944
1093269888,67100945
1093269888,67100946
1093269888,67100947
1093269888,67100948
1093269888,67100949
1093269888,67100950
1093269888,67100951
1093269888,67100952
1093269888,67100953
1093269888,67100954
1093269888,67100955
1093269888,67100956
1093269888,67100957
1093269888,67100958
1093269888,67100959
1093269888,67100960
1093269888,67100961
1093269888,67100962
1093269888,67100963
1093269888,67100964
1093269888,67100965
1093269888,67100966
1093269888,67100967
1093269888,67100968
1093269888,67100969
1093269888,67100970
1093269888,67100971
1093269888,67100972
1093269888,67100973
1093269888,67100974
1093269888,67100975
1093269888,67100976
1093269888,67100977
1093269888,67100978
1093269888,67100979
1093269888,67100980
1093269888,67100981
1093269888,67100982
1093269888,67100983
1093269888,67100984
1093269888,67100985
1093269888,67100986
1093269888,67100987
1093269888,67100988
1093269888,67100990
1093269888,67100991
1093269888,67100992
1093269888,67100993
1093269888,67100994
1093269888,67100995
1093269888,67100996
1093269888,67100997
1093269888,67100998
1093269888,67101000
1093269888,67101001
1093269888,67101002
1093269888,67101003
1093269888,67101004
1093269888,67101005
1093269888,67101006
1093269888,67101007
1093269888,67101008
1093269888,67101009
1093269888,67101014
1093269888,67101017
1093269888,67101022
1093269888,67101023
1093269888,67101027
1093269888,67101029
1093269888,67101033
1093269888,67101038
1093269888,67101072
1093269888,67101082
1093269888,67101085
1093269888,67101090
1093269888,67101091
1093269888,67101786
1093269888,67101787
1093269888,67101788
1093269888,67101789
1093269888,67101790
1093269888,67101791
1093269888,67101792
1093269888,67108594
1093269888,67109053
12025968768,67100573
12025968768,67100989
12025968768,67100999
12025968768,67101010
12025968768,67101011
12025968768,67101012
12025968768,67101013
12025968768,67101015
12025968768,67101016
12025968768,67101018
12025968768,67101019
12025968768,67101020
12025968768,67101021
12025968768,67101024
12025968768,67101025
12025968768,67101026
12025968768,67101028
12025968768,67101030
12025968768,67101031
12025968768,67101032
12025968768,67101034
12025968768,67101035
12025968768,67101036
12025968768,67101037
12025968768,67101039
12025968768,67101040
12025968768,67101041
12025968768,67101042
12025968768,67101044
12025968768,67101045
12025968768,67101046
12025968768,67101047
12025968768,67101048
12025968768,67101049
12025968768,67101050
12025968768,67101051
12025968768,67101052
12025968768,67101053
12025968768,67101057
12025968768,67101059
12025968768,67101060
12025968768,67101061
12025968768,67101062
12025968768,67101064
12025968768,67101066
12025968768,67101067
12025968768,67101068
12025968768,67101069
12025968768,67101071
12025968768,67101073
12025968768,67101075
12025968768,67101076
12025968768,67101077
12025968768,67101078
12025968768,67101079
12025968768,67101080
12025968768,67101081
12025968768,67101083
12025968768,67101097
12025968768,67101338
12025968768,67101463
12025968768,67101507
12025968768,67101544
12025968768,67101548
12025968768,67101562
12025968768,67101564
12025968768,67101565
12025968768,67101574
12025968768,67101649
12025968768,67101651
12025968768,67101697
12025968768,67101699
12025968768,67101736
12025968768,67101859
12025968768,67101893
12025968768,67101978
12025968768,67101986
12025968768,67102018
12025968768,67102059
12025968768,67102074
12025968768,67102088
12025968768,67102096
12025968768,67102101
12025968768,67102102
12025968768,67102132
12025968768,67102150
12025968768,67102158
12025968768,67102159
12025968768,67102164
12025968768,67102166
12025968768,67102171
12025968768,67102172
12025968768,67102173
12025968768,67102174
12025968768,67102177
12025968768,67102180
12025968768,67102181
12025968768,67102182
12025968768,67102327
12025968768,67105743
12025968768,67108595
12025968768,67108596
12025968768,67108597
12025968768,67108598
12025968768,67108599
12025968768,67108600
12025968768,67108601
12025968768,67108602
12025968768,67108603
12025968768,67108604
12025968768,67108605
12025968768,67108606
12025968768,67108607
12025968768,67108608
12025968768,67108609
12025968768,67108610
12025968768,67108611
12025968768,67108612
12025968768,67108614
12025968768,67108615
12025968768,67108618
12025968768,67108619
12025968768,67108620
12025968768,67108621
12025968768,67108622
12025968768,67108623
12025968768,67108624
12025968768,67108625
22958667648,131246
22958667648,131261
22958667648,67101043
22958667648,67101054
22958667648,67101055
22958667648,67101056
22958667648,67101058
22958667648,67101063
22958667648,67101065
22958667648,67101070
22958667648,67101074
22958667648,67101084
22958667648,67101086
22958667648,67101087
22958667648,67101088
22958667648,67101089
22958667648,67105346
22958667648,67105347
22958667648,67105652
22958667648,67106316
22958667648,67106426
22958667648,67106459
22958667648,67106651
22958667648,67106652
22958667648,67107287
22958667648,67108616
22958667648,67108626
22958667648,67108627
22958667648,67108628
22958667648,67108629
22958667648,67108630
22958667648,67108631
22958667648,67108632
22958667648,67108633
22958667648,67108634
22958667648,67108635
22958667648,67108636
22958667648,67108637
22958667648,67108638
22958667648,67108639
22958667648,67108640
22958667648,67108641
22958667648,67108642
22958667648,67108643
22958667648,67108644
22958667648,67108645
22958667648,67108646
22958667648,67108647
22958667648,67108648
22958667648,67108649
22958667648,67108650
22958667648,67108651
22958667648,67108652
22958667648,67108653
22958667648,67108654
22958667648,67108655
22958667648,67108657
22958667648,67108658
22958667648,67108659
22958667648,67108660
22958667648,67108661
22958667648,67108662
22958667648,67108664
22958667648,67108669
22958667648,67108672
22958667648,67108677
22958667648,67108679
