827860087,67100695
827860087,67100697
827860087,67100698
827860087,67100699
827860087,67100700
827860087,67100701
827860087,67100706
827860087,67100709
827860087,67100710
827860087,67100711
827860087,67100712
827860087,67100713
827860087,67100715
827860087,67100716
827860087,67100717
827860087,67100722
827860087,67100723
827860087,67100724
827860087,67100727
827860087,67100729
827860087,67100737
827860087,67100739
827860087,67100741
827860087,67100743
827860087,67100746
827860087,67100747
827860087,67100748
827860087,67100749
827860087,67100750
827860087,67100751
827860087,67100752
827860087,67100755
827860087,67100757
827860087,67100758
827860087,67100760
827860087,67100761
827860087,67100762
827860087,67100763
827860087,67100764
827860087,67100765
827860087,67100767
827860087,67100768
827860087,67100769
827860087,67100771
827860087,67100779
827860087,67100780
827860087,67100783
827860087,67100786
827860087,67100788
827860087,67100789
827860087,67100790
827860087,67100793
827860087,67100794
827860087,67100795
827860087,67100797
827860087,67100798
827860087,67100799
827860087,67100801
827860087,67100802
827860087,67100803
827860087,67100804
827860087,67100805
827860087,67100807
827860087,67100808
827860087,67100809
827860087,67100810
827860087,67100812
827860087,67100814
827860087,67100815
827860087,67100816
827860087,67100817
827860087,67100818
827860087,67100819
827860087,67100820
827860087,67100821
827860087,67100822
827860087,67100823
827860087,67100824
827860087,67100825
827860087,67100826
827860087,67100827
827860087,67100828
827860087,67100829
827860087,67100830
827860087,67100831
827860087,67100832
827860087,67100833
827860087,67100834
827860087,67100835
827860087,67100837
827860087,67100838
827860087,67100839
827860087,67100840
827860087,67100841
827860087,67100842
827860087,67100843
827860087,67100844
827860087,67100845
827860087,67100846
827860087,67100847
827860087,67100848
827860087,67100849
827860087,67100850
827860087,67100851
827860087,67100852
827860087,67100853
827860087,67100854
827860087,67100855
827860087,67100856
827860087,67100857
827860087,67100858
827860087,67100859
827860087,67100860
827860087,67100861
827860087,67100862
827860087,67100863
827860087,67100864
827860087,67100865
827860087,67100866
827860087,67100867
827860087,67100868
827860087,67100869
827860087,67100870
827860087,67100871
827860087,67100872
827860087,67100873
827860087,67100874
827860087,67104457
9106460957,131245
9106460957,131246
9106460957,67100681
9106460957,67100683
9106460957,67100686
9106460957,67100687
9106460957,67100690
9106460957,67100692
9106460957,67100693
9106460957,67100694
9106460957,67100696
9106460957,67100702
9106460957,67100703
9106460957,67100705
9106460957,67100718
9106460957,67100719
9106460957,67100721
9106460957,67100728
9106460957,67100731
9106460957,67100732
9106460957,67100733
9106460957,67100734
9106460957,67100736
9106460957,67100738
9106460957,67100740
9106460957,67100742
9106460957,67100744
9106460957,67100745
9106460957,67100754
9106460957,67100759
9106460957,67100766
9106460957,67100770
9106460957,67100773
9106460957,67100774
9106460957,67100775
9106460957,67100776
9106460957,67100777
9106460957,67100778
9106460957,67100781
9106460957,67100782
9106460957,67100784
9106460957,67100785
9106460957,67100787
9106460957,67100791
9106460957,67100792
9106460957,67100796
9106460957,67100800
9106460957,67100806
9106460957,67100811
9106460957,67100813
9106460957,67100836
9106460957,67100875
9106460957,67100880
9106460957,67100886
9106460957,67100887
9106460957,67100894
9106460957,67100895
9106460957,67100902
9106460957,67100904
9106460957,67100906
9106460957,67100907
9106460957,67100915
9106460957,67100917
9106460957,67100918
9106460957,67100923
9106460957,67100924
9106460957,67100925
9106460957,67100926
9106460957,67100928
9106460957,67100929
9106460957,67100931
9106460957,67100932
9106460957,67100933
9106460957,67100935
9106460957,67100936
9106460957,67100937
9106460957,67100938
9106460957,67100940
9106460957,67100941
9106460957,67100947
9106460957,67100948
9106460957,67100949
9106460957,67100956
9106460957,67100957
9106460957,67100960
9106460957,67100964
9106460957,67100970
9106460957,67100972
9106460957,67100973
9106460957,67100975
9106460957,67100977
9106460957,67100980
9106460957,67100982
9106460957,67100983
9106460957,67100990
9106460957,67100993
9106460957,67100994
9106460957,67101002
9106460957,67101003
9106460957,67101004
9106460957,67101005
9106460957,67101006
9106460957,67101007
9106460957,67101008
9106460957,67101010
9106460957,67101011
9106460957,67101012
9106460957,67101015
9106460957,67101016
9106460957,67101017
9106460957,67101018
9106460957,67101019
9106460957,67101020
9106460957,67101023
9106460957,67101024
9106460957,67101026
9106460957,67101028
9106460957,67106176
9106460957,67108605
9106460957,67108608
9106460957,67108624
9106460957,67108627
9106460957,67108641
9106460957,67108669
9106460957,67108743
9106460957,67108753
9106460957,67108767
9106460957,67108790
17385061827,67100725
17385061827,67100726
17385061827,67100753
17385061827,67100756
17385061827,67100772
17385061827,67100877
17385061827,67100878
17385061827,67100885
17385061827,67100890
17385061827,67100891
17385061827,67100899
17385061827,67100900
17385061827,67100901
17385061827,67100903
17385061827,67100905
17385061827,67100908
17385061827,67100909
17385061827,67100910
17385061827,67100911
17385061827,67100912
17385061827,67100913
17385061827,67100914
17385061827,67100916
17385061827,67100919
17385061827,67100920
17385061827,67100921
17385061827,67100922
17385061827,67100927
17385061827,67100930
17385061827,67100934
17385061827,67100939
17385061827,67100942
17385061827,67100943
17385061827,67100944
17385061827,67100946
17385061827,67100950
17385061827,67100953
17385061827,67100954
17385061827,67100955
17385061827,67100961
17385061827,67100962
17385061827,67100963
17385061827,67100966
17385061827,67100967
17385061827,67100969
17385061827,67100971
17385061827,67100974
17385061827,67100978
17385061827,67100979
17385061827,67100985
17385061827,67100988
17385061827,67100991
17385061827,67100995
17385061827,67100996
17385061827,67100997
17385061827,67100998
17385061827,67101000
17385061827,67101001
17385061827,67101009
17385061827,67101013
17385061827,67101014
17385061827,67101021
17385061827,67101022
17385061827,67101025
17385061827,67101027
17385061827,67101029
17385061827,67101032
17385061827,67101033
17385061827,67101036
17385061827,67101037
17385061827,67101038
17385061827,67101039
17385061827,67101040
17385061827,67101041
17385061827,67108655
17385061827,67108783
17385061827,67108784
