1379256614,67104543
1379256614,67104558
1379256614,67104650
1379256614,67104902
42756955034,67104028
42756955034,67104029
42756955034,67104030
42756955034,67104031
84134653454,67104042
84134653454,67104131
84134653454,67104154
84134653454,67106056
125512351874,67104153
125512351874,67104155
125512351874,67105405
125512351874,67108666
166890050294,67104544
166890050294,67104545
166890050294,67108213
166890050294,67108674
208267748714,67104546
208267748714,67104554
208267748714,67104607
208267748714,67107478
249645447134,67104553
249645447134,67104639
249645447134,67104653
249645447134,67105013
291023145554,67104661
291023145554,67104665
291023145554,67104670
291023145554,67106164
332400843974,67104659
332400843974,67104662
332400843974,67104664
332400843974,67106716
373778542394,67104549
373778542394,67104552
373778542394,67104556
373778542394,67104557
415156240814,67104157
415156240814,67104669
415156240814,67104816
415156240814,67108665
456533939234,67104548
456533939234,67104550
456533939234,67104551
456533939234,67105202
497911637654,67104547
497911637654,67104667
497911637654,67104668
497911637654,67105347
539289336074,67104660
539289336074,67104663
539289336074,67104666
539289336074,67105224
580667034494,67104032
580667034494,67104033
580667034494,67104041
580667034494,67108128
622044732914,67104034
622044732914,67104128
622044732914,67104146
622044732914,67106170
663422431334,67104648
663422431334,67104656
663422431334,67104658
663422431334,67105393
704800129754,67104040
704800129754,67104147
704800129754,67104149
704800129754,67106603
746177828174,67104555
746177828174,67104631
746177828174,67104635
746177828174,67105304
787555526594,67104035
787555526594,67104036
787555526594,67104039
787555526594,67107014
