1096522560,67100903
1096522560,67100980
1096522560,67100982
1096522560,67101282
33992199360,67100904
33992199360,67100932
33992199360,67100935
33992199360,67100964
66887876160,67100111
66887876160,67100112
66887876160,67100114
66887876160,67100120
99783552960,67100906
99783552960,67100927
99783552960,67104790
99783552960,67108595
132679229760,67100098
132679229760,67100100
132679229760,67100102
132679229760,67100103
165574906560,67100905
165574906560,67100907
165574906560,67102817
165574906560,67108593
198470583360,67100099
198470583360,67100101
198470583360,67100236
198470583360,67102392
231366260160,67100301
231366260160,67100926
231366260160,67101030
231366260160,67104564
264261936960,67100106
264261936960,67100109
264261936960,67100110
264261936960,67100159
297157613760,67100916
297157613760,67100942
297157613760,67100943
297157613760,67100947
330053290560,67100104
330053290560,67100108
330053290560,67100121
330053290560,67105438
362948967360,67100950
362948967360,67100951
362948967360,67100952
362948967360,67100953
395844644160,67100105
395844644160,67100169
395844644160,67100175
395844644160,67100183
428740320960,67100181
428740320960,67100197
428740320960,67100299
428740320960,67101423
461635997760,67101005
461635997760,67101012
461635997760,67101013
461635997760,67102727
494531674560,67100200
494531674560,67100273
494531674560,67100277
494531674560,67103215
527427351360,67100264
527427351360,67100268
527427351360,67100271
527427351360,67101642
560323028160,67100908
560323028160,67101004
560323028160,67101008
560323028160,67102015
593218704960,67100911
593218704960,67100912
593218704960,67100968
593218704960,67101257
626114381760,67100160
626114381760,67100162
626114381760,67100274
626114381760,67102475
659010058560,67100107
659010058560,67100113
659010058560,67100118
659010058560,67100119
691905735360,67100123
691905735360,67100127
691905735360,67104632
691905735360,67108133
724801412160,67100122
724801412160,67100124
724801412160,67100161
724801412160,67102832
757697088960,67100116
757697088960,67100129
757697088960,67100163
757697088960,67106465
790592765760,67100909
790592765760,67100966
790592765760,67100969
790592765760,67102648
823488442560,67100917
823488442560,67100965
823488442560,67100974
823488442560,67101534
856384119360,67100165
856384119360,67100174
856384119360,67101214
856384119360,67101532
889279796160,67100185
889279796160,67101349
889279796160,67102339
889279796160,67102645
922175472960,67100918
922175472960,67100967
922175472960,67100983
922175472960,67101250
