732856447,67104568
732856447,67104569
732856447,67104570
732856447,67104787
22718549857,67104544
22718549857,67104546
22718549857,67104547
22718549857,67104548
44704243267,67104104
44704243267,67104119
44704243267,67104120
44704243267,67104122
66689936677,67104543
66689936677,67104663
66689936677,67104666
66689936677,67107129
88675630087,67104112
88675630087,67104113
88675630087,67104115
88675630087,67104116
110661323497,67104561
110661323497,67104562
110661323497,67104564
110661323497,67104565
132647016907,67104150
132647016907,67104151
132647016907,67104152
132647016907,67104153
154632710317,67104032
154632710317,67104161
154632710317,67104669
154632710317,67104670
176618403727,67104076
176618403727,67104077
176618403727,67104078
176618403727,67104079
198604097137,67104608
198604097137,67104609
198604097137,67104610
198604097137,67104611
220589790547,67104028
220589790547,67104029
220589790547,67104030
220589790547,67104031
242575483957,67104617
242575483957,67104619
242575483957,67104620
242575483957,67104621
264561177367,67104047
264561177367,67104048
264561177367,67104049
264561177367,67104050
286546870777,67104629
286546870777,67104630
286546870777,67104631
286546870777,67104632
308532564187,67104142
308532564187,67104143
308532564187,67104144
308532564187,67104145
330518257597,67104616
330518257597,67104618
330518257597,67104622
330518257597,67104623
352503951007,67104101
352503951007,67104102
352503951007,67104103
352503951007,67104105
374489644417,67104596
374489644417,67104597
374489644417,67104598
374489644417,67104599
396475337827,131251
396475337827,67104139
396475337827,67104140
396475337827,67104141
418461031237,67104604
418461031237,67104606
418461031237,67104607
418461031237,67104612
440446724647,67104098
440446724647,67104100
440446724647,67104106
440446724647,67104107
462432418057,67104664
462432418057,67104665
462432418057,67104667
462432418057,67104668
484418111467,67104147
484418111467,67104148
484418111467,67104155
484418111467,67105181
506403804877,67104636
506403804877,67104642
506403804877,67104643
506403804877,67104645
528389498287,67104033
528389498287,67104138
528389498287,67104146
528389498287,67104149
550375191697,67104096
550375191697,67104097
550375191697,67104099
572360885107,67104654
572360885107,67104655
572360885107,67104657
572360885107,67104658
594346578517,67104091
594346578517,67104092
594346578517,67104094
594346578517,67104095
616332271927,67104128
616332271927,67104129
616332271927,67104130
616332271927,67104131
638317965337,67104656
638317965337,67104660
638317965337,67104661
638317965337,67104662
660303658747,67104585
660303658747,67104586
660303658747,67104587
660303658747,67104588
682289352157,131252
682289352157,67104652
682289352157,67104653
682289352157,67104659
704275045567,67104085
704275045567,67104087
704275045567,67104088
704275045567,67104089
726260738977,67104133
726260738977,67104136
726260738977,67104137
748246432387,67104067
748246432387,67104069
748246432387,67104075
748246432387,67104135
770232125797,67104110
770232125797,67104111
770232125797,67104114
