1093269888,67100903
1093269888,67100904
1093269888,67100909
1093269888,67101281
33891366528,67100923
33891366528,67100935
33891366528,67100956
33891366528,67100964
66689463168,67100098
66689463168,67100107
66689463168,67100130
66689463168,67103125
99487559808,67100905
99487559808,67100906
99487559808,67100907
99487559808,67100908
132285656448,67100099
132285656448,67100100
132285656448,67100101
132285656448,67101600
165083753088,67100910
165083753088,67100911
165083753088,67100912
165083753088,67100913
197881849728,67100113
197881849728,67100114
197881849728,67100119
197881849728,67102052
230679946368,67100941
230679946368,67100963
230679946368,67100993
230679946368,67100998
263478043008,67100103
263478043008,67100123
263478043008,67100135
263478043008,67101956
296276139648,67100304
296276139648,67101002
296276139648,67104039
296276139648,67108599
329074236288,67100144
329074236288,67100145
329074236288,67100157
329074236288,67103710
361872332928,67100915
361872332928,67100928
361872332928,67100944
361872332928,67104713
394670429568,67100224
394670429568,67100228
394670429568,67104262
394670429568,67108600
427468526208,67100283
427468526208,67100299
427468526208,67101596
427468526208,67108593
460266622848,67100920
460266622848,67100932
460266622848,67100938
460266622848,67103950
493064719488,67100133
493064719488,67100302
493064719488,67103505
493064719488,67108596
525862816128,67100914
525862816128,67100927
525862816128,67100966
525862816128,67101015
558660912768,67100918
558660912768,67100936
558660912768,67104476
558660912768,67108602
591459009408,67100102
591459009408,67100104
591459009408,67100105
591459009408,67100106
624257106048,67100196
624257106048,67100202
624257106048,67102886
624257106048,67108594
657055202688,67100125
657055202688,67100128
657055202688,67100139
657055202688,67101299
689853299328,67100108
689853299328,67100115
689853299328,67100120
689853299328,67101289
722651395968,131245
722651395968,67100274
722651395968,67103333
722651395968,67103334
755449492608,67100109
755449492608,67100118
755449492608,67101742
788247589248,67100916
788247589248,67100917
788247589248,67100954
788247589248,67102024
821045685888,67100919
821045685888,67100950
821045685888,67100965
821045685888,67101188
853843782528,67100110
853843782528,67103626
853843782528,67103685
853843782528,67103793
886641879168,67100111
886641879168,67100116
886641879168,67100126
886641879168,67101849
919439975808,67100921
919439975808,67100922
919439975808,67101110
919439975808,67101111
