1379256614,67104543
1379256614,67104544
1379256614,67104545
1379256614,67104546
1379256614,67104547
1379256614,67104548
1379256614,67104549
1379256614,67104550
1379256614,67104551
1379256614,67104552
1379256614,67104553
1379256614,67104554
1379256614,67104555
1379256614,67104556
1379256614,67104557
1379256614,67104558
1379256614,67104562
1379256614,67104568
1379256614,67104570
1379256614,67104571
1379256614,67104572
1379256614,67104576
1379256614,67104577
1379256614,67104582
1379256614,67104590
1379256614,67104597
1379256614,67104610
1379256614,67104612
1379256614,67104613
1379256614,67104619
1379256614,67104626
1379256614,67104627
1379256614,67104631
1379256614,67104632
1379256614,67104633
1379256614,67104635
1379256614,67104636
1379256614,67104637
1379256614,67104639
1379256614,67104642
1379256614,67104643
1379256614,67104644
1379256614,67104646
1379256614,67104647
1379256614,67104649
1379256614,67104650
1379256614,67104652
1379256614,67104654
1379256614,67104655
1379256614,67104656
1379256614,67104657
1379256614,67104658
1379256614,67104659
1379256614,67104660
1379256614,67104661
1379256614,67104662
1379256614,67104663
1379256614,67104664
1379256614,67104666
1379256614,67104667
1379256614,67104668
1379256614,67104669
1379256614,67104670
1379256614,67104902
42756955034,67104028
42756955034,67104029
42756955034,67104030
42756955034,67104031
42756955034,67104032
42756955034,67104033
42756955034,67104034
42756955034,67104035
42756955034,67104036
42756955034,67104037
42756955034,67104038
42756955034,67104039
42756955034,67104040
42756955034,67104041
42756955034,67104042
42756955034,67104043
42756955034,67104044
42756955034,67104046
42756955034,67104055
42756955034,67104056
42756955034,67104061
42756955034,67104063
42756955034,67104066
42756955034,67104070
42756955034,67104072
42756955034,67104073
42756955034,67104077
42756955034,67104078
42756955034,67104084
42756955034,67104100
42756955034,67104102
42756955034,67104104
42756955034,67104105
42756955034,67104114
42756955034,67104116
42756955034,67104129
42756955034,67104132
42756955034,67104139
42756955034,67104141
42756955034,67104147
42756955034,67104149
42756955034,67104151
42756955034,67104158
42756955034,67104159
42756955034,67104161
42756955034,67104162
42756955034,67107148
42756955034,67108667
42756955034,67108668
42756955034,67108670
42756955034,67108671
84134653454,67104047
84134653454,67104049
84134653454,67104051
84134653454,67104053
84134653454,67104054
84134653454,67104057
84134653454,67104058
84134653454,67104060
84134653454,67104064
84134653454,67104065
84134653454,67104067
84134653454,67104068
84134653454,67104069
84134653454,67104074
84134653454,67104075
84134653454,67104080
84134653454,67104081
84134653454,67104085
84134653454,67104086
84134653454,67104087
84134653454,67104088
84134653454,67104089
84134653454,67104090
84134653454,67104091
84134653454,67104094
84134653454,67104095
84134653454,67104096
84134653454,67104097
84134653454,67104099
84134653454,67104103
84134653454,67104106
84134653454,67104107
84134653454,67104108
84134653454,67104109
84134653454,67104110
84134653454,67104111
84134653454,67104115
84134653454,67104118
84134653454,67104120
84134653454,67104122
84134653454,67104125
84134653454,67104126
84134653454,67104127
84134653454,67104128
84134653454,67104130
84134653454,67104131
84134653454,67104133
84134653454,67104134
84134653454,67104136
84134653454,67104137
84134653454,67104140
84134653454,67104142
84134653454,67104145
84134653454,67104146
84134653454,67104148
84134653454,67104153
84134653454,67104155
84134653454,67104157
84134653454,67106039
84134653454,67106044
84134653454,67106045
84134653454,67106052
84134653454,67106056
84134653454,67108666
125512351874,67104045
125512351874,67104048
125512351874,67104050
125512351874,67104052
125512351874,67104059
125512351874,67104062
125512351874,67104082
125512351874,67104083
125512351874,67104092
125512351874,67104098
125512351874,67104101
125512351874,67104112
125512351874,67104113
125512351874,67104121
125512351874,67104135
125512351874,67104138
125512351874,67104144
125512351874,67105258
125512351874,67105289
125512351874,67105310
125512351874,67105311
125512351874,67105313
125512351874,67105322
125512351874,67105324
125512351874,67105326
125512351874,67105327
125512351874,67105330
125512351874,67105333
125512351874,67105334
125512351874,67105339
125512351874,67105341
125512351874,67105342
125512351874,67105344
125512351874,67105346
125512351874,67105352
125512351874,67105354
125512351874,67105355
125512351874,67105359
125512351874,67105360
125512351874,67105361
125512351874,67105365
125512351874,67105366
125512351874,67105367
125512351874,67105368
125512351874,67105369
125512351874,67105371
125512351874,67105372
125512351874,67105373
125512351874,67105376
125512351874,67105377
125512351874,67105382
125512351874,67105384
125512351874,67105386
125512351874,67105387
125512351874,67105390
125512351874,67105391
125512351874,67105393
125512351874,67105395
125512351874,67105398
125512351874,67105399
125512351874,67105400
125512351874,67105401
125512351874,67105404
125512351874,67105405
166890050294,131251
166890050294,131252
166890050294,67104163
166890050294,67104164
166890050294,67104165
166890050294,67104166
166890050294,67104167
166890050294,67104168
166890050294,67104169
166890050294,67104170
166890050294,67104171
166890050294,67104172
166890050294,67104559
166890050294,67104560
166890050294,67104563
166890050294,67104564
166890050294,67104569
166890050294,67104575
166890050294,67104581
166890050294,67104586
166890050294,67104588
166890050294,67104589
166890050294,67104591
166890050294,67104593
166890050294,67104594
166890050294,67104599
166890050294,67104602
166890050294,67104609
166890050294,67104615
166890050294,67104616
166890050294,67104617
166890050294,67104620
166890050294,67104621
166890050294,67104622
166890050294,67104623
166890050294,67104624
166890050294,67104629
166890050294,67104634
166890050294,67104638
166890050294,67104641
166890050294,67104645
166890050294,67104648
166890050294,67104651
166890050294,67104653
166890050294,67104665
166890050294,67108170
166890050294,67108181
166890050294,67108204
166890050294,67108211
166890050294,67108213
166890050294,67108219
166890050294,67108247
166890050294,67108267
166890050294,67108286
166890050294,67108672
166890050294,67108673
166890050294,67108674
166890050294,67108675
166890050294,67108676
166890050294,67108677
166890050294,67108678
166890050294,67108679
166890050294,67108680
166890050294,67108681
208267748714,67104306
208267748714,67104561
208267748714,67104565
208267748714,67104566
208267748714,67104567
208267748714,67104573
208267748714,67104574
208267748714,67104578
208267748714,67104579
208267748714,67104580
208267748714,67104583
208267748714,67104584
208267748714,67104585
208267748714,67104587
208267748714,67104592
208267748714,67104595
208267748714,67104596
208267748714,67104598
208267748714,67104600
208267748714,67104601
208267748714,67104603
208267748714,67104604
208267748714,67104605
208267748714,67104606
208267748714,67104607
208267748714,67104608
208267748714,67104611
208267748714,67104614
208267748714,67104618
208267748714,67104625
208267748714,67104628
208267748714,67104630
208267748714,67104640
208267748714,67107207
208267748714,67107240
208267748714,67107291
208267748714,67107328
208267748714,67107338
208267748714,67107341
208267748714,67107344
208267748714,67107347
208267748714,67107356
208267748714,67107369
208267748714,67107374
208267748714,67107385
208267748714,67107394
208267748714,67107419
208267748714,67107433
208267748714,67107435
208267748714,67107448
208267748714,67107455
208267748714,67107456
208267748714,67107457
208267748714,67107458
208267748714,67107461
208267748714,67107462
208267748714,67107468
208267748714,67107469
208267748714,67107473
208267748714,67107474
208267748714,67107477
208267748714,67107478
249645447134,67104767
249645447134,67104788
249645447134,67104816
249645447134,67104821
249645447134,67104831
249645447134,67104835
249645447134,67104837
249645447134,67104843
249645447134,67104856
249645447134,67104861
249645447134,67104868
249645447134,67104870
249645447134,67104872
249645447134,67104875
249645447134,67104878
249645447134,67104884
249645447134,67104885
249645447134,67104890
249645447134,67104893
249645447134,67104895
249645447134,67104897
249645447134,67104900
249645447134,67104901
249645447134,67104931
249645447134,67104932
249645447134,67104938
249645447134,67104944
249645447134,67104945
249645447134,67104948
249645447134,67104957
249645447134,67104958
249645447134,67104962
249645447134,67104966
249645447134,67104969
249645447134,67104970
249645447134,67104971
249645447134,67104973
249645447134,67104974
249645447134,67104975
249645447134,67104976
249645447134,67104977
249645447134,67104978
249645447134,67104980
249645447134,67104981
249645447134,67104984
249645447134,67104986
249645447134,67104987
249645447134,67104990
249645447134,67104991
249645447134,67104993
249645447134,67104995
249645447134,67104996
249645447134,67104997
249645447134,67105000
249645447134,67105001
249645447134,67105004
249645447134,67105005
249645447134,67105006
249645447134,67105007
249645447134,67105008
249645447134,67105012
249645447134,67105013
249645447134,67108665
291023145554,67105186
291023145554,67105691
291023145554,67105697
291023145554,67105702
291023145554,67105716
291023145554,67105721
291023145554,67105731
291023145554,67105761
291023145554,67105770
291023145554,67105778
291023145554,67105784
291023145554,67105785
291023145554,67105788
291023145554,67105790
291023145554,67105795
291023145554,67105797
291023145554,67105811
291023145554,67105817
291023145554,67105824
291023145554,67105825
291023145554,67105865
291023145554,67105872
291023145554,67105873
291023145554,67105885
291023145554,67105888
291023145554,67105892
291023145554,67105899
291023145554,67105906
291023145554,67105926
291023145554,67105938
291023145554,67105947
291023145554,67105972
291023145554,67105977
291023145554,67105985
291023145554,67105987
291023145554,67105994
291023145554,67105997
291023145554,67106018
291023145554,67106027
291023145554,67106032
291023145554,67106033
291023145554,67106040
291023145554,67106049
291023145554,67106054
291023145554,67106069
291023145554,67106073
291023145554,67106077
291023145554,67106079
291023145554,67106086
291023145554,67106088
291023145554,67106090
291023145554,67106097
291023145554,67106102
291023145554,67106107
291023145554,67106124
291023145554,67106126
291023145554,67106134
291023145554,67106141
291023145554,67106148
291023145554,67106160
291023145554,67106163
291023145554,67106164
291023145554,67107029
332400843974,67105953
332400843974,67106237
332400843974,67106272
332400843974,67106298
332400843974,67106299
332400843974,67106373
332400843974,67106394
332400843974,67106416
332400843974,67106424
332400843974,67106447
332400843974,67106456
332400843974,67106468
332400843974,67106470
332400843974,67106472
332400843974,67106479
332400843974,67106490
332400843974,67106492
332400843974,67106493
332400843974,67106497
332400843974,67106500
332400843974,67106506
332400843974,67106514
332400843974,67106524
332400843974,67106530
332400843974,67106531
332400843974,67106533
332400843974,67106535
332400843974,67106536
332400843974,67106538
332400843974,67106542
332400843974,67106550
332400843974,67106551
332400843974,67106552
332400843974,67106556
332400843974,67106557
332400843974,67106562
332400843974,67106569
332400843974,67106596
332400843974,67106597
332400843974,67106599
332400843974,67106602
332400843974,67106603
332400843974,67106611
332400843974,67106622
332400843974,67106624
332400843974,67106638
332400843974,67106640
332400843974,67106650
332400843974,67106657
332400843974,67106659
332400843974,67106663
332400843974,67106667
332400843974,67106672
332400843974,67106684
332400843974,67106686
332400843974,67106689
332400843974,67106690
332400843974,67106693
332400843974,67106694
332400843974,67106701
332400843974,67106704
332400843974,67106708
332400843974,67106713
332400843974,67106716
373778542394,67105088
373778542394,67105130
373778542394,67105184
373778542394,67105422
373778542394,67105478
373778542394,67105519
373778542394,67105524
373778542394,67105532
373778542394,67105535
373778542394,67105539
373778542394,67105545
373778542394,67105550
373778542394,67105555
373778542394,67105565
373778542394,67105571
373778542394,67105572
373778542394,67105573
373778542394,67105587
373778542394,67105590
373778542394,67105594
373778542394,67105601
373778542394,67105606
373778542394,67105610
373778542394,67105614
373778542394,67105617
373778542394,67105620
373778542394,67105622
373778542394,67105625
373778542394,67105635
373778542394,67105637
373778542394,67105640
373778542394,67105669
373778542394,67105670
373778542394,67105673
373778542394,67105678
373778542394,67105711
373778542394,67105715
373778542394,67105724
373778542394,67105729
373778542394,67105730
373778542394,67105739
373778542394,67105744
373778542394,67105747
373778542394,67105762
373778542394,67105768
373778542394,67105773
373778542394,67105787
373778542394,67105789
373778542394,67105793
373778542394,67105796
373778542394,67105798
373778542394,67105801
373778542394,67105804
373778542394,67105813
373778542394,67105815
373778542394,67105816
373778542394,67105819
373778542394,67105820
373778542394,67105822
373778542394,67105834
373778542394,67105843
373778542394,67105851
373778542394,67105860
373778542394,67105862
415156240814,67104744
415156240814,67104776
415156240814,67104778
415156240814,67104795
415156240814,67104860
415156240814,67105011
415156240814,67105080
415156240814,67105136
415156240814,67105157
415156240814,67105276
415156240814,67105349
415156240814,67105440
415156240814,67105482
415156240814,67105483
415156240814,67105500
415156240814,67105541
415156240814,67105547
415156240814,67105577
415156240814,67105700
415156240814,67105735
415156240814,67105753
415156240814,67105911
415156240814,67105981
415156240814,67106003
415156240814,67106019
415156240814,67106031
415156240814,67106080
415156240814,67106109
415156240814,67106170
415156240814,67106194
415156240814,67106322
415156240814,67106359
415156240814,67106391
415156240814,67106395
415156240814,67106400
415156240814,67106413
415156240814,67106423
415156240814,67106463
415156240814,67106480
415156240814,67106525
415156240814,67106527
415156240814,67106541
415156240814,67106578
415156240814,67106582
415156240814,67106661
415156240814,67106715
415156240814,67106734
415156240814,67106757
415156240814,67106835
415156240814,67106836
415156240814,67106837
415156240814,67106842
415156240814,67106849
415156240814,67106864
415156240814,67106874
415156240814,67106899
415156240814,67106923
415156240814,67106926
415156240814,67106957
415156240814,67106998
415156240814,67107051
415156240814,67108437
456533939234,131260
456533939234,67104681
456533939234,67104728
456533939234,67104745
456533939234,67104752
456533939234,67104779
456533939234,67104783
456533939234,67104792
456533939234,67104794
456533939234,67104798
456533939234,67104802
456533939234,67104819
456533939234,67104842
456533939234,67104859
456533939234,67104874
456533939234,67104894
456533939234,67104906
456533939234,67104914
456533939234,67104919
456533939234,67104926
456533939234,67104942
456533939234,67104960
456533939234,67105002
456533939234,67105036
456533939234,67105053
456533939234,67105102
456533939234,67105104
456533939234,67105125
456533939234,67105137
456533939234,67105143
456533939234,67105151
456533939234,67105153
456533939234,67105183
456533939234,67105188
456533939234,67105191
456533939234,67105202
456533939234,67105567
456533939234,67105978
456533939234,67106000
456533939234,67106006
456533939234,67106132
456533939234,67106368
456533939234,67106376
456533939234,67106380
456533939234,67106397
456533939234,67106419
456533939234,67106437
456533939234,67106475
456533939234,67106544
456533939234,67106629
456533939234,67106653
456533939234,67106654
456533939234,67106665
456533939234,67106700
456533939234,67106812
456533939234,67106815
456533939234,67106820
456533939234,67106840
456533939234,67106843
456533939234,67106852
456533939234,67106856
456533939234,67106982
456533939234,67106996
497911637654,131253
497911637654,67104686
497911637654,67104691
497911637654,67104692
497911637654,67104699
497911637654,67104759
497911637654,67104826
497911637654,67104866
497911637654,67104869
497911637654,67104871
497911637654,67104912
497911637654,67105016
497911637654,67105024
497911637654,67105047
497911637654,67105067
497911637654,67105097
497911637654,67105112
497911637654,67105156
497911637654,67105167
497911637654,67105209
497911637654,67105224
497911637654,67105225
497911637654,67105245
497911637654,67105248
497911637654,67105253
497911637654,67105285
497911637654,67105323
497911637654,67105336
497911637654,67105347
497911637654,67105792
497911637654,67105927
497911637654,67106231
497911637654,67106290
497911637654,67106312
497911637654,67106323
497911637654,67106415
497911637654,67106421
497911637654,67106427
497911637654,67106455
497911637654,67106477
497911637654,67106585
497911637654,67106590
497911637654,67106594
497911637654,67106601
497911637654,67106606
497911637654,67106619
497911637654,67106681
497911637654,67106703
497911637654,67106783
497911637654,67106786
497911637654,67106787
497911637654,67106806
497911637654,67106862
497911637654,67106893
497911637654,67106895
497911637654,67106932
497911637654,67106933
497911637654,67106944
497911637654,67106947
497911637654,67106950
497911637654,67107004
497911637654,67107008
497911637654,67107032
539289336074,131255
539289336074,67104675
539289336074,67104706
539289336074,67104743
539289336074,67104786
539289336074,67104806
539289336074,67104827
539289336074,67104834
539289336074,67104838
539289336074,67104892
539289336074,67104896
539289336074,67104915
539289336074,67104916
539289336074,67104923
539289336074,67104943
539289336074,67105027
539289336074,67105051
539289336074,67105074
539289336074,67105126
539289336074,67105199
539289336074,67105241
539289336074,67105269
539289336074,67105331
539289336074,67105351
539289336074,67105446
539289336074,67105450
539289336074,67105556
539289336074,67105629
539289336074,67105657
539289336074,67105714
539289336074,67105746
539289336074,67105791
539289336074,67105802
539289336074,67105854
539289336074,67105880
539289336074,67105928
539289336074,67105946
539289336074,67106008
539289336074,67106025
539289336074,67106112
539289336074,67106149
539289336074,67106265
539289336074,67106288
539289336074,67106315
539289336074,67106338
539289336074,67106442
539289336074,67106561
539289336074,67106618
539289336074,67106664
539289336074,67106726
539289336074,67106763
539289336074,67106780
539289336074,67106825
539289336074,67106826
539289336074,67106828
539289336074,67106869
539289336074,67106972
539289336074,67107012
539289336074,67107015
539289336074,67107040
539289336074,67107049
580667034494,67104160
580667034494,67104933
580667034494,67105111
580667034494,67105146
580667034494,67105189
580667034494,67105228
580667034494,67105249
580667034494,67105254
580667034494,67105288
580667034494,67105303
580667034494,67105379
580667034494,67105435
580667034494,67105464
580667034494,67105706
580667034494,67105722
580667034494,67105723
580667034494,67105736
580667034494,67105826
580667034494,67105921
580667034494,67105941
580667034494,67106012
580667034494,67106047
580667034494,67106061
580667034494,67106098
580667034494,67106326
580667034494,67106327
580667034494,67106347
580667034494,67106401
580667034494,67106428
580667034494,67106495
580667034494,67106673
580667034494,67106698
580667034494,67106766
580667034494,67106773
580667034494,67106794
580667034494,67106855
580667034494,67106891
580667034494,67106907
580667034494,67107043
580667034494,67107233
580667034494,67107238
580667034494,67107489
580667034494,67107519
580667034494,67107534
580667034494,67107546
580667034494,67107560
580667034494,67107580
580667034494,67107624
580667034494,67107631
580667034494,67107675
580667034494,67107682
580667034494,67107702
580667034494,67107705
580667034494,67107710
580667034494,67107723
580667034494,67107747
580667034494,67107760
580667034494,67107859
580667034494,67107876
580667034494,67107881
580667034494,67108076
580667034494,67108128
580667034494,67108669
622044732914,131254
622044732914,67104677
622044732914,67104694
622044732914,67104736
622044732914,67104770
622044732914,67104790
622044732914,67104801
622044732914,67104839
622044732914,67104855
622044732914,67104881
622044732914,67105050
622044732914,67105068
622044732914,67105127
622044732914,67105132
622044732914,67105141
622044732914,67105162
622044732914,67105255
622044732914,67105340
622044732914,67105409
622044732914,67105413
622044732914,67105414
622044732914,67105504
622044732914,67105537
622044732914,67105581
622044732914,67105607
622044732914,67105627
622044732914,67105698
622044732914,67105720
622044732914,67105767
622044732914,67105878
622044732914,67105980
622044732914,67106105
622044732914,67106131
622044732914,67106144
622044732914,67106162
622044732914,67106197
622044732914,67106200
622044732914,67106229
622044732914,67106273
622044732914,67106291
622044732914,67106293
622044732914,67106309
622044732914,67106433
622044732914,67106487
622044732914,67106534
622044732914,67106563
622044732914,67106675
622044732914,67106696
622044732914,67106738
622044732914,67106741
622044732914,67106797
622044732914,67106829
622044732914,67106884
622044732914,67106927
622044732914,67107005
622044732914,67107020
622044732914,67107053
622044732914,67107178
622044732914,67107838
622044732914,67107850
622044732914,67107955
622044732914,67108031
622044732914,67108099
663422431334,131256
663422431334,67104734
663422431334,67104807
663422431334,67104899
663422431334,67104930
663422431334,67104954
663422431334,67105073
663422431334,67105078
663422431334,67105081
663422431334,67105114
663422431334,67105235
663422431334,67105272
663422431334,67105397
663422431334,67105510
663422431334,67105557
663422431334,67105576
663422431334,67105588
663422431334,67105591
663422431334,67105595
663422431334,67105598
663422431334,67105649
663422431334,67105661
663422431334,67105665
663422431334,67105701
663422431334,67105777
663422431334,67105831
663422431334,67105871
663422431334,67105886
663422431334,67105929
663422431334,67105931
663422431334,67105945
663422431334,67105988
663422431334,67106115
663422431334,67106120
663422431334,67106127
663422431334,67106142
663422431334,67106161
663422431334,67106175
663422431334,67106249
663422431334,67106283
663422431334,67106313
663422431334,67106325
663422431334,67106339
663422431334,67106362
663422431334,67106445
663422431334,67106521
663422431334,67106573
663422431334,67106580
663422431334,67106747
663422431334,67106758
663422431334,67106772
663422431334,67106792
663422431334,67106827
663422431334,67106915
663422431334,67106945
663422431334,67107027
663422431334,67107028
663422431334,67107044
663422431334,67108141
663422431334,67108619
663422431334,67108769
704800129754,131257
704800129754,67104716
704800129754,67104758
704800129754,67104800
704800129754,67104840
704800129754,67104911
704800129754,67105019
704800129754,67105066
704800129754,67105100
704800129754,67105171
704800129754,67105195
704800129754,67105226
704800129754,67105264
704800129754,67105282
704800129754,67105411
704800129754,67105419
704800129754,67105420
704800129754,67105540
704800129754,67105612
704800129754,67105684
704800129754,67105846
704800129754,67105876
704800129754,67105877
704800129754,67105884
704800129754,67105909
704800129754,67105937
704800129754,67105951
704800129754,67105958
704800129754,67105993
704800129754,67106021
704800129754,67106060
704800129754,67106096
704800129754,67106139
704800129754,67106146
704800129754,67106151
704800129754,67106154
704800129754,67106238
704800129754,67106271
704800129754,67106277
704800129754,67106371
704800129754,67106375
704800129754,67106462
704800129754,67106498
704800129754,67106501
704800129754,67106547
704800129754,67106583
704800129754,67106631
704800129754,67106641
704800129754,67106658
704800129754,67106691
704800129754,67106887
704800129754,67106889
704800129754,67106987
704800129754,67107018
704800129754,67107056
704800129754,67107475
704800129754,67107516
704800129754,67107544
704800129754,67107596
746177828174,67104177
746177828174,67104184
746177828174,67104197
746177828174,67104254
746177828174,67104256
746177828174,67104265
746177828174,67104277
746177828174,67104688
746177828174,67104953
746177828174,67104955
746177828174,67105060
746177828174,67105131
746177828174,67105135
746177828174,67105304
746177828174,67105348
746177828174,67105425
746177828174,67105517
746177828174,67105575
746177828174,67105611
746177828174,67106001
746177828174,67106026
746177828174,67106036
746177828174,67106062
746177828174,67106130
746177828174,67106155
746177828174,67106220
746177828174,67106311
746177828174,67106365
746177828174,67106614
746177828174,67106677
746177828174,67106695
746177828174,67106702
746177828174,67106762
746177828174,67106814
746177828174,67106870
746177828174,67106916
746177828174,67106961
746177828174,67106964
746177828174,67107059
746177828174,67107685
746177828174,67108467
746177828174,67108478
746177828174,67108503
746177828174,67108548
746177828174,67108609
746177828174,67108613
746177828174,67108630
746177828174,67108651
746177828174,67108686
746177828174,67108692
746177828174,67108694
746177828174,67108706
746177828174,67108730
746177828174,67108763
746177828174,67108765
746177828174,67108774
746177828174,67108786
787555526594,67104680
787555526594,67104703
787555526594,67104735
787555526594,67104771
787555526594,67104785
787555526594,67104797
787555526594,67104846
787555526594,67104913
787555526594,67104988
787555526594,67105035
787555526594,67105059
787555526594,67105109
787555526594,67105205
787555526594,67105273
787555526594,67105319
787555526594,67105337
787555526594,67105338
787555526594,67105415
787555526594,67105432
787555526594,67105433
787555526594,67105445
787555526594,67105521
787555526594,67105523
787555526594,67105534
787555526594,67105566
787555526594,67105579
787555526594,67105605
787555526594,67105628
787555526594,67105692
787555526594,67105725
787555526594,67105853
787555526594,67105870
787555526594,67105897
787555526594,67105975
787555526594,67105976
787555526594,67105982
787555526594,67105983
787555526594,67105989
787555526594,67106015
787555526594,67106106
787555526594,67106206
787555526594,67106243
787555526594,67106279
787555526594,67106328
787555526594,67106364
787555526594,67106482
787555526594,67106499
787555526594,67106528
787555526594,67106568
787555526594,67106636
787555526594,67106717
787555526594,67106759
787555526594,67106782
787555526594,67106860
787555526594,67106880
787555526594,67106954
787555526594,67106995
787555526594,67107014
787555526594,67107026
787555526594,67107046
787555526594,67107319
787555526594,67108033
787555526594,67108305
