1096522560,67100098
1096522560,67100299
1096522560,67100515
1096522560,67100702
1096522560,67100903
1096522560,67100904
1096522560,67100905
1096522560,67100906
1096522560,67100907
1096522560,67100908
1096522560,67100909
1096522560,67100910
1096522560,67100911
1096522560,67100912
1096522560,67100913
1096522560,67100914
1096522560,67100916
1096522560,67100917
1096522560,67100918
1096522560,67100919
1096522560,67100920
1096522560,67100921
1096522560,67100922
1096522560,67100926
1096522560,67100927
1096522560,67100928
1096522560,67100929
1096522560,67100930
1096522560,67100931
1096522560,67100932
1096522560,67100933
1096522560,67100934
1096522560,67100935
1096522560,67100964
1096522560,67100965
1096522560,67100966
1096522560,67100967
1096522560,67100968
1096522560,67100969
1096522560,67100970
1096522560,67100971
1096522560,67100972
1096522560,67100973
1096522560,67100974
1096522560,67100975
1096522560,67100976
1096522560,67100977
1096522560,67100978
1096522560,67100979
1096522560,67100980
1096522560,67100981
1096522560,67100982
1096522560,67101282
1096522560,67108593
33992199360,67100915
33992199360,67100923
33992199360,67100924
33992199360,67100925
33992199360,67100936
33992199360,67100937
33992199360,67100938
33992199360,67100939
33992199360,67100940
33992199360,67100941
33992199360,67100942
33992199360,67100943
33992199360,67100944
33992199360,67100945
33992199360,67100948
33992199360,67100953
33992199360,67100983
33992199360,67100984
33992199360,67100985
33992199360,67100986
33992199360,67100987
33992199360,67100988
33992199360,67100989
33992199360,67100990
33992199360,67100991
33992199360,67100992
33992199360,67100993
33992199360,67100994
33992199360,67100995
33992199360,67100996
33992199360,67100997
33992199360,67100998
33992199360,67100999
33992199360,67101000
33992199360,67101001
33992199360,67101002
33992199360,67101003
33992199360,67101004
33992199360,67101005
33992199360,67101006
33992199360,67101007
33992199360,67101008
33992199360,67101009
33992199360,67101010
33992199360,67101011
33992199360,67101012
33992199360,67101013
33992199360,67101014
33992199360,67101015
33992199360,67101016
33992199360,67101017
33992199360,67101018
33992199360,67101019
33992199360,67101020
33992199360,67101021
33992199360,67101026
33992199360,67101041
33992199360,67101043
33992199360,67101046
33992199360,67101058
33992199360,67101068
33992199360,67101071
33992199360,67106800
33992199360,67106801
66887876160,67100099
66887876160,67100100
66887876160,67100101
66887876160,67100102
66887876160,67100103
66887876160,67100104
66887876160,67100105
66887876160,67100106
66887876160,67100107
66887876160,67100108
66887876160,67100109
66887876160,67100110
66887876160,67100111
66887876160,67100112
66887876160,67100113
66887876160,67100114
66887876160,67100115
66887876160,67100116
66887876160,67100117
66887876160,67100118
66887876160,67100119
66887876160,67100120
66887876160,67100121
66887876160,67100122
66887876160,67100123
66887876160,67100124
66887876160,67100125
66887876160,67100126
66887876160,67100127
66887876160,67100128
66887876160,67100129
66887876160,67100130
66887876160,67100131
66887876160,67100132
66887876160,67100133
66887876160,67100134
66887876160,67100159
66887876160,67100160
66887876160,67100161
66887876160,67100162
66887876160,67100163
66887876160,67100164
66887876160,67100165
66887876160,67100166
66887876160,67100167
66887876160,67100168
66887876160,67100169
66887876160,67100170
66887876160,67100171
66887876160,67100172
66887876160,67100173
66887876160,67100174
66887876160,67100175
66887876160,67100176
66887876160,67100177
66887876160,67100178
66887876160,67100180
66887876160,67100181
66887876160,67100186
66887876160,67100187
66887876160,67100198
66887876160,67100223
66887876160,67101896
66887876160,67103907
99783552960,67100300
99783552960,67100301
99783552960,67100946
99783552960,67100947
99783552960,67100949
99783552960,67100950
99783552960,67100951
99783552960,67100952
99783552960,67100954
99783552960,67100956
99783552960,67100957
99783552960,67100958
99783552960,67100959
99783552960,67101022
99783552960,67101023
99783552960,67101024
99783552960,67101025
99783552960,67101027
99783552960,67101029
99783552960,67101031
99783552960,67101038
99783552960,67101039
99783552960,67101040
99783552960,67101067
99783552960,67101077
99783552960,67103670
99783552960,67103811
99783552960,67103898
99783552960,67103979
99783552960,67104020
99783552960,67104588
99783552960,67104616
99783552960,67104623
99783552960,67104624
99783552960,67104630
99783552960,67104641
99783552960,67104649
99783552960,67104650
99783552960,67104652
99783552960,67104654
99783552960,67104658
99783552960,67104689
99783552960,67104701
99783552960,67104740
99783552960,67104745
99783552960,67104746
99783552960,67104751
99783552960,67104752
99783552960,67104755
99783552960,67104758
99783552960,67104760
99783552960,67104764
99783552960,67104770
99783552960,67104773
99783552960,67104776
99783552960,67104777
99783552960,67104778
99783552960,67104779
99783552960,67104780
99783552960,67104787
99783552960,67104789
99783552960,67104790
99783552960,67108594
99783552960,67108595
132679229760,67100135
132679229760,67100136
132679229760,67100137
132679229760,67100138
132679229760,67100139
132679229760,67100140
132679229760,67100141
132679229760,67100142
132679229760,67100143
132679229760,67100144
132679229760,67100145
132679229760,67100146
132679229760,67100147
132679229760,67100148
132679229760,67100149
132679229760,67100153
132679229760,67100154
132679229760,67100155
132679229760,67100156
132679229760,67100179
132679229760,67100182
132679229760,67100183
132679229760,67100184
132679229760,67100185
132679229760,67100188
132679229760,67100189
132679229760,67100190
132679229760,67100191
132679229760,67100192
132679229760,67100193
132679229760,67100194
132679229760,67100195
132679229760,67100196
132679229760,67100197
132679229760,67100199
132679229760,67100200
132679229760,67100201
132679229760,67100202
132679229760,67100203
132679229760,67100204
132679229760,67100205
132679229760,67100206
132679229760,67100210
132679229760,67100226
132679229760,67100279
132679229760,67100303
132679229760,67100304
132679229760,67102439
132679229760,67102576
132679229760,67102600
132679229760,67102655
132679229760,67102762
132679229760,67102763
132679229760,67102790
132679229760,67103138
132679229760,67103722
132679229760,67103813
132679229760,67103855
132679229760,67105433
132679229760,67105521
132679229760,67105556
132679229760,67105607
132679229760,67108597
132679229760,67108598
165574906560,131243
165574906560,67100306
165574906560,67100307
165574906560,67100360
165574906560,67100955
165574906560,67101028
165574906560,67101030
165574906560,67101032
165574906560,67101033
165574906560,67101034
165574906560,67101042
165574906560,67101446
165574906560,67101503
165574906560,67101505
165574906560,67101531
165574906560,67101545
165574906560,67101715
165574906560,67101719
165574906560,67101763
165574906560,67101789
165574906560,67101860
165574906560,67101897
165574906560,67101906
165574906560,67101931
165574906560,67101947
165574906560,67101960
165574906560,67101974
165574906560,67101993
165574906560,67102007
165574906560,67102021
165574906560,67102057
165574906560,67102078
165574906560,67102115
165574906560,67102121
165574906560,67102124
165574906560,67102148
165574906560,67102167
165574906560,67102187
165574906560,67102242
165574906560,67102304
165574906560,67102328
165574906560,67102374
165574906560,67102381
165574906560,67102456
165574906560,67102501
165574906560,67102503
165574906560,67102508
165574906560,67102581
165574906560,67102584
165574906560,67102598
165574906560,67102701
165574906560,67102737
165574906560,67102760
165574906560,67102776
165574906560,67102797
165574906560,67102808
165574906560,67102817
165574906560,67102960
165574906560,67103053
165574906560,67103854
165574906560,67108601
165574906560,67108602
165574906560,67108606
165574906560,67108654
198470583360,131245
198470583360,67100150
198470583360,67100207
198470583360,67100208
198470583360,67100209
198470583360,67100211
198470583360,67100214
198470583360,67100215
198470583360,67100217
198470583360,67100219
198470583360,67100221
198470583360,67100222
198470583360,67100224
198470583360,67100225
198470583360,67100227
198470583360,67100228
198470583360,67100230
198470583360,67100236
198470583360,67100253
198470583360,67100255
198470583360,67100264
198470583360,67100265
198470583360,67100267
198470583360,67100273
198470583360,67100308
198470583360,67100312
198470583360,67100313
198470583360,67100314
198470583360,67100321
198470583360,67100322
198470583360,67101675
198470583360,67101989
198470583360,67102056
198470583360,67102067
198470583360,67102140
198470583360,67102156
198470583360,67102169
198470583360,67102176
198470583360,67102178
198470583360,67102180
198470583360,67102184
198470583360,67102190
198470583360,67102198
198470583360,67102235
198470583360,67102252
198470583360,67102276
198470583360,67102292
198470583360,67102293
198470583360,67102299
198470583360,67102300
198470583360,67102301
198470583360,67102309
198470583360,67102316
198470583360,67102353
198470583360,67102379
198470583360,67102386
198470583360,67102392
198470583360,67108061
198470583360,67108607
198470583360,67108608
198470583360,67108616
198470583360,67108655
198470583360,67108656
231366260160,131260
231366260160,67100519
231366260160,67101085
231366260160,67101087
231366260160,67102713
231366260160,67103001
231366260160,67103032
231366260160,67103068
231366260160,67103090
231366260160,67103630
231366260160,67103633
231366260160,67103708
231366260160,67103715
231366260160,67103717
231366260160,67103801
231366260160,67103831
231366260160,67103834
231366260160,67103838
231366260160,67103839
231366260160,67103843
231366260160,67103848
231366260160,67103849
231366260160,67103862
231366260160,67103864
231366260160,67103886
231366260160,67103893
231366260160,67103894
231366260160,67103895
231366260160,67103921
231366260160,67103923
231366260160,67103927
231366260160,67103936
231366260160,67103943
231366260160,67103946
231366260160,67103947
231366260160,67103952
231366260160,67103954
231366260160,67103962
231366260160,67103968
231366260160,67103970
231366260160,67103971
231366260160,67103972
231366260160,67103975
231366260160,67103977
231366260160,67103980
231366260160,67103981
231366260160,67103983
231366260160,67103984
231366260160,67103985
231366260160,67103986
231366260160,67103987
231366260160,67103992
231366260160,67104000
231366260160,67104001
231366260160,67104014
231366260160,67104024
231366260160,67104035
231366260160,67104061
231366260160,67104085
231366260160,67104090
231366260160,67104096
231366260160,67104119
231366260160,67104564
264261936960,131250
264261936960,67100151
264261936960,67100152
264261936960,67100157
264261936960,67100212
264261936960,67100213
264261936960,67100216
264261936960,67100218
264261936960,67100220
264261936960,67100229
264261936960,67100231
264261936960,67100232
264261936960,67100233
264261936960,67100234
264261936960,67100235
264261936960,67100237
264261936960,67100238
264261936960,67100239
264261936960,67100240
264261936960,67100241
264261936960,67100242
264261936960,67100243
264261936960,67100263
264261936960,67100278
264261936960,67100280
264261936960,67102971
264261936960,67102986
264261936960,67103049
264261936960,67103114
264261936960,67103119
264261936960,67103123
264261936960,67103129
264261936960,67103131
264261936960,67103149
264261936960,67103159
264261936960,67103162
264261936960,67103166
264261936960,67103177
264261936960,67103186
264261936960,67103644
264261936960,67103665
264261936960,67103685
264261936960,67103700
264261936960,67103706
264261936960,67103724
264261936960,67103726
264261936960,67103734
264261936960,67103741
264261936960,67103742
264261936960,67103770
264261936960,67103777
264261936960,67103778
264261936960,67103789
264261936960,67103791
264261936960,67103794
264261936960,67103795
264261936960,67103805
264261936960,67103815
264261936960,67103821
264261936960,67103826
264261936960,67103827
264261936960,67103835
264261936960,67103836
297157613760,131246
297157613760,67100309
297157613760,67100327
297157613760,67100361
297157613760,67100363
297157613760,67100364
297157613760,67100365
297157613760,67100368
297157613760,67100706
297157613760,67101035
297157613760,67101036
297157613760,67101037
297157613760,67101044
297157613760,67101045
297157613760,67101047
297157613760,67101048
297157613760,67101200
297157613760,67101325
297157613760,67101536
297157613760,67101662
297157613760,67101809
297157613760,67101813
297157613760,67101888
297157613760,67102022
297157613760,67102037
297157613760,67102484
297157613760,67102537
297157613760,67102659
297157613760,67102828
297157613760,67103006
297157613760,67103027
297157613760,67103730
297157613760,67103934
297157613760,67103973
297157613760,67104782
297157613760,67104786
297157613760,67105444
297157613760,67105756
297157613760,67105763
297157613760,67106141
297157613760,67106191
297157613760,67106412
297157613760,67106700
297157613760,67106865
297157613760,67107257
297157613760,67107316
297157613760,67107317
297157613760,67108074
297157613760,67108084
297157613760,67108088
297157613760,67108093
297157613760,67108101
297157613760,67108120
297157613760,67108596
297157613760,67108599
297157613760,67108603
297157613760,67108621
297157613760,67108657
297157613760,67108658
297157613760,67108660
297157613760,67108662
330053290560,131252
330053290560,131253
330053290560,67100244
330053290560,67100249
330053290560,67100251
330053290560,67100252
330053290560,67100254
330053290560,67100302
330053290560,67100324
330053290560,67100362
330053290560,67100405
330053290560,67103913
330053290560,67104037
330053290560,67104087
330053290560,67104638
330053290560,67104669
330053290560,67104684
330053290560,67104742
330053290560,67104750
330053290560,67104756
330053290560,67104885
330053290560,67104888
330053290560,67104903
330053290560,67104912
330053290560,67104914
330053290560,67104919
330053290560,67104926
330053290560,67104934
330053290560,67104935
330053290560,67104940
330053290560,67104953
330053290560,67104956
330053290560,67104972
330053290560,67104977
330053290560,67105390
330053290560,67105394
330053290560,67105398
330053290560,67105402
330053290560,67105403
330053290560,67105404
330053290560,67105405
330053290560,67105409
330053290560,67105413
330053290560,67105419
330053290560,67105420
330053290560,67105421
330053290560,67105423
330053290560,67105424
330053290560,67105425
330053290560,67105426
330053290560,67105428
330053290560,67105430
330053290560,67105431
330053290560,67105432
330053290560,67105434
330053290560,67105436
330053290560,67105437
330053290560,67105438
330053290560,67108600
330053290560,67108617
330053290560,67108699
330053290560,67108700
362948967360,67100310
362948967360,67100400
362948967360,67100960
362948967360,67100961
362948967360,67100962
362948967360,67100963
362948967360,67101049
362948967360,67101050
362948967360,67101051
362948967360,67101052
362948967360,67101053
362948967360,67101054
362948967360,67101055
362948967360,67101056
362948967360,67101057
362948967360,67101059
362948967360,67101060
362948967360,67101061
362948967360,67101062
362948967360,67101066
362948967360,67101069
362948967360,67101070
362948967360,67101072
362948967360,67101073
362948967360,67101074
362948967360,67101075
362948967360,67101076
362948967360,67101078
362948967360,67101079
362948967360,67101080
362948967360,67101081
362948967360,67101082
362948967360,67101083
362948967360,67101084
362948967360,67101086
362948967360,67101088
362948967360,67101089
362948967360,67101090
362948967360,67102422
362948967360,67102913
362948967360,67102965
362948967360,67102975
362948967360,67103021
362948967360,67103201
362948967360,67103217
362948967360,67103231
362948967360,67103258
362948967360,67103287
362948967360,67103900
362948967360,67103956
362948967360,67104115
362948967360,67104321
362948967360,67104653
362948967360,67104882
362948967360,67105084
362948967360,67105572
362948967360,67105603
362948967360,67107183
362948967360,67107509
362948967360,67108297
362948967360,67108604
362948967360,67108610
362948967360,67108694
395844644160,67100245
395844644160,67100246
395844644160,67100248
395844644160,67100250
395844644160,67100258
395844644160,67100311
395844644160,67100315
395844644160,67100316
395844644160,67100317
395844644160,67100323
395844644160,67100325
395844644160,67100326
395844644160,67100328
395844644160,67100329
395844644160,67100330
395844644160,67100366
395844644160,67100369
395844644160,67100370
395844644160,67100371
395844644160,67100372
395844644160,67100373
395844644160,67100376
395844644160,67100377
395844644160,67100378
395844644160,67100391
395844644160,67103928
395844644160,67104247
395844644160,67105511
395844644160,67105562
395844644160,67106152
395844644160,67106177
395844644160,67106246
395844644160,67106665
395844644160,67106674
395844644160,67106677
395844644160,67106787
395844644160,67107177
395844644160,67107190
395844644160,67108064
395844644160,67108134
395844644160,67108609
395844644160,67108611
395844644160,67108612
395844644160,67108618
395844644160,67108619
395844644160,67108620
395844644160,67108622
395844644160,67108623
395844644160,67108625
395844644160,67108627
395844644160,67108659
395844644160,67108661
395844644160,67108663
395844644160,67108664
395844644160,67108665
395844644160,67108666
395844644160,67108667
395844644160,67108669
395844644160,67108670
395844644160,67108672
395844644160,67108673
395844644160,67108685
428740320960,67101123
428740320960,67101125
428740320960,67101138
428740320960,67101156
428740320960,67101189
428740320960,67101190
428740320960,67101198
428740320960,67101201
428740320960,67101207
428740320960,67101210
428740320960,67101221
428740320960,67101224
428740320960,67101232
428740320960,67101234
428740320960,67101235
428740320960,67101239
428740320960,67101244
428740320960,67101266
428740320960,67101269
428740320960,67101310
428740320960,67101316
428740320960,67101321
428740320960,67101322
428740320960,67101339
428740320960,67101341
428740320960,67101342
428740320960,67101344
428740320960,67101345
428740320960,67101352
428740320960,67101359
428740320960,67101369
428740320960,67101373
428740320960,67101374
428740320960,67101381
428740320960,67101385
428740320960,67101390
428740320960,67101396
428740320960,67101398
428740320960,67101399
428740320960,67101402
428740320960,67101407
428740320960,67101418
428740320960,67101423
428740320960,67101445
428740320960,67101450
428740320960,67101517
428740320960,67101533
428740320960,67101605
428740320960,67101608
428740320960,67101686
428740320960,67101748
428740320960,67101791
428740320960,67101831
428740320960,67101891
428740320960,67101900
428740320960,67102014
428740320960,67102017
428740320960,67102039
428740320960,67102084
428740320960,67102094
428740320960,67102095
461635997760,131244
461635997760,67101597
461635997760,67101673
461635997760,67101688
461635997760,67101741
461635997760,67101755
461635997760,67101762
461635997760,67101772
461635997760,67101899
461635997760,67101944
461635997760,67101968
461635997760,67102020
461635997760,67102130
461635997760,67102155
461635997760,67102173
461635997760,67102209
461635997760,67102223
461635997760,67102254
461635997760,67102257
461635997760,67102260
461635997760,67102287
461635997760,67102324
461635997760,67102330
461635997760,67102344
461635997760,67102371
461635997760,67102388
461635997760,67102404
461635997760,67102409
461635997760,67102467
461635997760,67102510
461635997760,67102511
461635997760,67102515
461635997760,67102529
461635997760,67102534
461635997760,67102561
461635997760,67102562
461635997760,67102621
461635997760,67102622
461635997760,67102647
461635997760,67102688
461635997760,67102712
461635997760,67102727
461635997760,67102858
461635997760,67103003
461635997760,67104604
461635997760,67104670
461635997760,67104696
461635997760,67104698
461635997760,67104710
461635997760,67104722
461635997760,67104735
461635997760,67104738
461635997760,67105389
461635997760,67105466
461635997760,67105529
461635997760,67105530
461635997760,67105531
461635997760,67106138
494531674560,131249
494531674560,67100247
494531674560,67100256
494531674560,67100257
494531674560,67100260
494531674560,67100262
494531674560,67100268
494531674560,67100269
494531674560,67100271
494531674560,67100275
494531674560,67100277
494531674560,67100282
494531674560,67100283
494531674560,67100305
494531674560,67100318
494531674560,67100332
494531674560,67100333
494531674560,67101744
494531674560,67102055
494531674560,67102405
494531674560,67102495
494531674560,67102525
494531674560,67102539
494531674560,67102936
494531674560,67102937
494531674560,67102945
494531674560,67102980
494531674560,67103122
494531674560,67103167
494531674560,67103170
494531674560,67103176
494531674560,67103188
494531674560,67103215
494531674560,67103932
494531674560,67103997
494531674560,67104041
494531674560,67104073
494531674560,67104105
494531674560,67104634
494531674560,67104749
494531674560,67104767
494531674560,67104784
494531674560,67104873
494531674560,67104894
494531674560,67105499
494531674560,67105532
494531674560,67105536
494531674560,67105550
494531674560,67105606
494531674560,67105628
494531674560,67105691
494531674560,67106216
494531674560,67106380
494531674560,67106589
494531674560,67106664
494531674560,67106698
494531674560,67107547
494531674560,67108285
494531674560,67108605
494531674560,67108613
527427351360,67100158
527427351360,67100266
527427351360,67100270
527427351360,67100274
527427351360,67100276
527427351360,67100284
527427351360,67100285
527427351360,67100319
527427351360,67100367
527427351360,67101139
527427351360,67101154
527427351360,67101167
527427351360,67101182
527427351360,67101218
527427351360,67101246
527427351360,67101272
527427351360,67101287
527427351360,67101319
527427351360,67101320
527427351360,67101323
527427351360,67101356
527427351360,67101393
527427351360,67101563
527427351360,67101574
527427351360,67101592
527427351360,67101601
527427351360,67101611
527427351360,67101628
527427351360,67101642
527427351360,67101647
527427351360,67101674
527427351360,67101699
527427351360,67101779
527427351360,67101792
527427351360,67101796
527427351360,67101797
527427351360,67101886
527427351360,67101952
527427351360,67102004
527427351360,67102185
527427351360,67102243
527427351360,67102265
527427351360,67102290
527427351360,67102520
527427351360,67102836
527427351360,67104167
527427351360,67104582
527427351360,67104796
527427351360,67105027
527427351360,67105391
527427351360,67105537
527427351360,67105621
527427351360,67106113
527427351360,67106195
527427351360,67106393
527427351360,67106702
527427351360,67108067
527427351360,67108114
527427351360,67108692
560323028160,131247
560323028160,67100331
560323028160,67100381
560323028160,67101540
560323028160,67101541
560323028160,67102015
560323028160,67102120
560323028160,67102157
560323028160,67102347
560323028160,67102459
560323028160,67102560
560323028160,67102722
560323028160,67102747
560323028160,67102832
560323028160,67102862
560323028160,67102894
560323028160,67102909
560323028160,67102933
560323028160,67103078
560323028160,67103079
560323028160,67103182
560323028160,67103192
560323028160,67103298
560323028160,67103336
560323028160,67103673
560323028160,67103786
560323028160,67103832
560323028160,67104074
560323028160,67104362
560323028160,67104562
560323028160,67104615
560323028160,67104704
560323028160,67104872
560323028160,67105491
560323028160,67105590
560323028160,67105776
560323028160,67106116
560323028160,67106142
560323028160,67106241
560323028160,67106303
560323028160,67106308
560323028160,67106325
560323028160,67106378
560323028160,67106676
560323028160,67106705
560323028160,67106735
560323028160,67106739
560323028160,67106895
560323028160,67106967
560323028160,67107179
560323028160,67107315
560323028160,67108063
560323028160,67108119
560323028160,67108199
560323028160,67108279
560323028160,67108624
560323028160,67108675
560323028160,67108690
593218704960,67100339
593218704960,67100342
593218704960,67100387
593218704960,67100388
593218704960,67100392
593218704960,67101063
593218704960,67101091
593218704960,67101093
593218704960,67101095
593218704960,67101096
593218704960,67101099
593218704960,67101101
593218704960,67101102
593218704960,67101113
593218704960,67101120
593218704960,67101166
593218704960,67101179
593218704960,67101206
593218704960,67101211
593218704960,67101216
593218704960,67101231
593218704960,67101247
593218704960,67101248
593218704960,67101249
593218704960,67101257
593218704960,67101262
593218704960,67101286
593218704960,67101292
593218704960,67101305
593218704960,67101312
593218704960,67101315
593218704960,67101317
593218704960,67101338
593218704960,67101343
593218704960,67101355
593218704960,67101361
593218704960,67101363
593218704960,67101403
593218704960,67101406
593218704960,67101443
593218704960,67101486
593218704960,67101568
593218704960,67101569
593218704960,67101576
593218704960,67101603
593218704960,67101629
593218704960,67101659
593218704960,67101728
593218704960,67101911
593218704960,67102946
593218704960,67104854
593218704960,67105672
593218704960,67107516
593218704960,67107625
593218704960,67107693
593218704960,67108257
593218704960,67108634
593218704960,67108637
593218704960,67108681
593218704960,67108686
626114381760,67100272
626114381760,67100281
626114381760,67100286
626114381760,67100290
626114381760,67100292
626114381760,67101529
626114381760,67101667
626114381760,67101892
626114381760,67101977
626114381760,67102035
626114381760,67102038
626114381760,67102060
626114381760,67102111
626114381760,67102133
626114381760,67102165
626114381760,67102183
626114381760,67102203
626114381760,67102289
626114381760,67102298
626114381760,67102310
626114381760,67102389
626114381760,67102413
626114381760,67102442
626114381760,67102475
626114381760,67102476
626114381760,67102483
626114381760,67102559
626114381760,67102566
626114381760,67102603
626114381760,67102645
626114381760,67102654
626114381760,67102660
626114381760,67102662
626114381760,67102664
626114381760,67102728
626114381760,67102731
626114381760,67102756
626114381760,67102785
626114381760,67102798
626114381760,67102850
626114381760,67102852
626114381760,67102879
626114381760,67102896
626114381760,67102906
626114381760,67102914
626114381760,67102921
626114381760,67102981
626114381760,67103130
626114381760,67103164
626114381760,67103668
626114381760,67103678
626114381760,67103780
626114381760,67103889
626114381760,67103940
626114381760,67104052
626114381760,67104577
626114381760,67106416
626114381760,67107225
626114381760,67107359
659010058560,131257
659010058560,67100705
659010058560,67101213
659010058560,67101419
659010058560,67101483
659010058560,67101492
659010058560,67101527
659010058560,67101556
659010058560,67101581
659010058560,67101669
659010058560,67101672
659010058560,67101734
659010058560,67101776
659010058560,67101790
659010058560,67101837
659010058560,67101843
659010058560,67101874
659010058560,67101934
659010058560,67101936
659010058560,67101956
659010058560,67101966
659010058560,67102005
659010058560,67102019
659010058560,67102028
659010058560,67102058
659010058560,67102066
659010058560,67102072
659010058560,67102088
659010058560,67102096
659010058560,67102104
659010058560,67102135
659010058560,67102273
659010058560,67102364
659010058560,67102376
659010058560,67102391
659010058560,67102412
659010058560,67102421
659010058560,67102468
659010058560,67102472
659010058560,67102489
659010058560,67102634
659010058560,67102683
659010058560,67102706
659010058560,67102782
659010058560,67102793
659010058560,67102804
659010058560,67102927
659010058560,67103183
659010058560,67103632
659010058560,67103648
659010058560,67103689
659010058560,67103696
659010058560,67103713
659010058560,67104566
659010058560,67106176
659010058560,67106182
659010058560,67106225
659010058560,67108118
691905735360,67100289
691905735360,67101238
691905735360,67101256
691905735360,67101267
691905735360,67101334
691905735360,67101388
691905735360,67101432
691905735360,67101465
691905735360,67101468
691905735360,67101502
691905735360,67101520
691905735360,67101542
691905735360,67101614
691905735360,67101739
691905735360,67101740
691905735360,67101760
691905735360,67101802
691905735360,67101834
691905735360,67101855
691905735360,67101862
691905735360,67101872
691905735360,67101909
691905735360,67101924
691905735360,67101938
691905735360,67101965
691905735360,67102001
691905735360,67102033
691905735360,67102036
691905735360,67102042
691905735360,67102047
691905735360,67102050
691905735360,67102108
691905735360,67102132
691905735360,67102139
691905735360,67102193
691905735360,67102268
691905735360,67102270
691905735360,67102325
691905735360,67102333
691905735360,67102367
691905735360,67102488
691905735360,67102592
691905735360,67102697
691905735360,67103861
691905735360,67104083
691905735360,67104601
691905735360,67104632
691905735360,67104884
691905735360,67105435
691905735360,67105654
691905735360,67106118
691905735360,67106137
691905735360,67106351
691905735360,67107178
691905735360,67107252
691905735360,67107325
691905735360,67107357
691905735360,67108106
691905735360,67108124
691905735360,67108133
724801412160,131248
724801412160,67101330
724801412160,67101470
724801412160,67101623
724801412160,67101626
724801412160,67101636
724801412160,67101649
724801412160,67101705
724801412160,67101710
724801412160,67101729
724801412160,67101743
724801412160,67101780
724801412160,67101804
724801412160,67101841
724801412160,67101885
724801412160,67101937
724801412160,67101954
724801412160,67102048
724801412160,67102059
724801412160,67102110
724801412160,67102129
724801412160,67102204
724801412160,67102216
724801412160,67102218
724801412160,67102228
724801412160,67102234
724801412160,67102308
724801412160,67102312
724801412160,67102318
724801412160,67102382
724801412160,67102402
724801412160,67102443
724801412160,67102450
724801412160,67102546
724801412160,67102557
724801412160,67102558
724801412160,67102627
724801412160,67102631
724801412160,67102768
724801412160,67102834
724801412160,67102955
724801412160,67102969
724801412160,67103036
724801412160,67103169
724801412160,67103672
724801412160,67103768
724801412160,67103926
724801412160,67103958
724801412160,67103989
724801412160,67104006
724801412160,67104148
724801412160,67104166
724801412160,67104608
724801412160,67104728
724801412160,67105505
724801412160,67105527
724801412160,67105639
724801412160,67106350
724801412160,67106872
757697088960,131255
757697088960,131256
757697088960,131259
757697088960,67100259
757697088960,67100261
757697088960,67100291
757697088960,67100293
757697088960,67100398
757697088960,67100409
757697088960,67101645
757697088960,67101676
757697088960,67101685
757697088960,67101817
757697088960,67102201
757697088960,67102321
757697088960,67102366
757697088960,67102394
757697088960,67102519
757697088960,67102620
757697088960,67102749
757697088960,67102752
757697088960,67102833
757697088960,67102974
757697088960,67103007
757697088960,67103024
757697088960,67103160
757697088960,67103207
757697088960,67103451
757697088960,67103624
757697088960,67103651
757697088960,67103660
757697088960,67103714
757697088960,67103890
757697088960,67104208
757697088960,67104575
757697088960,67104578
757697088960,67104583
757697088960,67104591
757697088960,67104610
757697088960,67104666
757697088960,67104706
757697088960,67104708
757697088960,67104715
757697088960,67105736
757697088960,67105793
757697088960,67106121
757697088960,67106143
757697088960,67106196
757697088960,67106299
757697088960,67106354
757697088960,67106465
757697088960,67106669
757697088960,67107209
757697088960,67107262
757697088960,67107319
757697088960,67108290
757697088960,67108615
757697088960,67108628
757697088960,67108703
790592765760,67100384
790592765760,67101064
790592765760,67101065
790592765760,67101296
790592765760,67101405
790592765760,67101582
790592765760,67101696
790592765760,67101701
790592765760,67101832
790592765760,67101959
790592765760,67102291
790592765760,67102486
790592765760,67102594
790592765760,67102606
790592765760,67102624
790592765760,67102629
790592765760,67102648
790592765760,67102650
790592765760,67102765
790592765760,67102791
790592765760,67102792
790592765760,67102854
790592765760,67103104
790592765760,67103179
790592765760,67103338
790592765760,67103345
790592765760,67103629
790592765760,67103646
790592765760,67103710
790592765760,67103747
790592765760,67103774
790592765760,67103820
790592765760,67103870
790592765760,67103929
790592765760,67104241
790592765760,67104571
790592765760,67104584
790592765760,67104659
790592765760,67104739
790592765760,67104831
790592765760,67104891
790592765760,67105427
790592765760,67105442
790592765760,67105492
790592765760,67105509
790592765760,67105636
790592765760,67106170
790592765760,67106263
790592765760,67106708
790592765760,67106722
790592765760,67106806
790592765760,67107320
790592765760,67108073
790592765760,67108105
790592765760,67108122
790592765760,67108130
823488442560,67101288
823488442560,67101299
823488442560,67101309
823488442560,67101420
823488442560,67101455
823488442560,67101481
823488442560,67101484
823488442560,67101493
823488442560,67101498
823488442560,67101501
823488442560,67101504
823488442560,67101509
823488442560,67101513
823488442560,67101534
823488442560,67101587
823488442560,67101590
823488442560,67101609
823488442560,67101612
823488442560,67101651
823488442560,67101680
823488442560,67101682
823488442560,67101714
823488442560,67101767
823488442560,67101770
823488442560,67101825
823488442560,67101859
823488442560,67101953
823488442560,67101981
823488442560,67101994
823488442560,67102049
823488442560,67102134
823488442560,67102181
823488442560,67102255
823488442560,67102411
823488442560,67102448
823488442560,67102480
823488442560,67102953
823488442560,67103016
823488442560,67103048
823488442560,67103647
823488442560,67103707
823488442560,67103851
823488442560,67103917
823488442560,67104078
823488442560,67104637
823488442560,67104668
823488442560,67104726
823488442560,67104732
823488442560,67104741
823488442560,67104909
823488442560,67105449
823488442560,67105475
823488442560,67106272
823488442560,67106671
823488442560,67106726
823488442560,67106915
823488442560,67107339
856384119360,67101214
856384119360,67101289
856384119360,67101462
856384119360,67101532
856384119360,67101539
856384119360,67101549
856384119360,67101600
856384119360,67101639
856384119360,67101646
856384119360,67101717
856384119360,67101765
856384119360,67101799
856384119360,67101801
856384119360,67101844
856384119360,67101875
856384119360,67101893
856384119360,67101914
856384119360,67101916
856384119360,67101926
856384119360,67101939
856384119360,67101970
856384119360,67102034
856384119360,67102044
856384119360,67102052
856384119360,67102093
856384119360,67102099
856384119360,67102102
856384119360,67102189
856384119360,67102219
856384119360,67102261
856384119360,67102272
856384119360,67102314
856384119360,67102387
856384119360,67102407
856384119360,67102410
856384119360,67102453
856384119360,67102514
856384119360,67102549
856384119360,67102632
856384119360,67102681
856384119360,67102733
856384119360,67102780
856384119360,67102805
856384119360,67102829
856384119360,67102871
856384119360,67102902
856384119360,67103054
856384119360,67103667
856384119360,67103698
856384119360,67103785
856384119360,67103818
856384119360,67104154
856384119360,67105392
856384119360,67105410
856384119360,67105418
856384119360,67105515
856384119360,67105695
856384119360,67106670
889279796160,67101162
889279796160,67101192
889279796160,67101202
889279796160,67101301
889279796160,67101327
889279796160,67101346
889279796160,67101349
889279796160,67101387
889279796160,67101400
889279796160,67101477
889279796160,67101489
889279796160,67101511
889279796160,67101528
889279796160,67101554
889279796160,67101644
889279796160,67101655
889279796160,67101678
889279796160,67101684
889279796160,67101687
889279796160,67101693
889279796160,67101702
889279796160,67101707
889279796160,67101712
889279796160,67101724
889279796160,67101742
889279796160,67101833
889279796160,67101854
889279796160,67101865
889279796160,67101871
889279796160,67101927
889279796160,67101951
889279796160,67101955
889279796160,67102027
889279796160,67102032
889279796160,67102043
889279796160,67102051
889279796160,67102070
889279796160,67102086
889279796160,67102164
889279796160,67102264
889279796160,67102277
889279796160,67102339
889279796160,67102512
889279796160,67102623
889279796160,67102773
889279796160,67102964
889279796160,67103080
889279796160,67103735
889279796160,67103896
889279796160,67103899
889279796160,67105500
889279796160,67105514
889279796160,67105957
889279796160,67106328
889279796160,67106868
889279796160,67108339
922175472960,67100382
922175472960,67101104
922175472960,67101128
922175472960,67101132
922175472960,67101133
922175472960,67101178
922175472960,67101187
922175472960,67101188
922175472960,67101194
922175472960,67101250
922175472960,67101491
922175472960,67101567
922175472960,67101578
922175472960,67101594
922175472960,67101653
922175472960,67101778
922175472960,67101781
922175472960,67101784
922175472960,67101808
922175472960,67101828
922175472960,67102215
922175472960,67102250
922175472960,67102274
922175472960,67102296
922175472960,67102297
922175472960,67102434
922175472960,67102540
922175472960,67102541
922175472960,67102679
922175472960,67102758
922175472960,67102761
922175472960,67102930
922175472960,67103622
922175472960,67103636
922175472960,67103643
922175472960,67103658
922175472960,67103725
922175472960,67103761
922175472960,67103783
922175472960,67103897
922175472960,67104572
922175472960,67104576
922175472960,67104733
922175472960,67104981
922175472960,67106189
922175472960,67106662
922175472960,67106759
922175472960,67106840
922175472960,67107174
922175472960,67107204
922175472960,67107205
922175472960,67108207
922175472960,67108677
