1379256614,67104543
1379256614,67104544
1379256614,67104545
1379256614,67104546
1379256614,67104547
1379256614,67104548
1379256614,67104549
1379256614,67104550
1379256614,67104551
1379256614,67104552
1379256614,67104553
1379256614,67104554
1379256614,67104555
1379256614,67104556
1379256614,67104557
1379256614,67104558
1379256614,67104562
1379256614,67104568
1379256614,67104570
1379256614,67104571
1379256614,67104572
1379256614,67104576
1379256614,67104577
1379256614,67104582
1379256614,67104590
1379256614,67104597
1379256614,67104610
1379256614,67104612
1379256614,67104613
1379256614,67104619
1379256614,67104626
1379256614,67104627
1379256614,67104631
1379256614,67104632
1379256614,67104633
1379256614,67104635
1379256614,67104636
1379256614,67104637
1379256614,67104639
1379256614,67104642
1379256614,67104643
1379256614,67104644
1379256614,67104646
1379256614,67104647
1379256614,67104649
1379256614,67104650
1379256614,67104652
1379256614,67104654
1379256614,67104655
1379256614,67104656
1379256614,67104657
1379256614,67104658
1379256614,67104659
1379256614,67104660
1379256614,67104661
1379256614,67104662
1379256614,67104663
1379256614,67104664
1379256614,67104666
1379256614,67104667
1379256614,67104668
1379256614,67104669
1379256614,67104670
1379256614,67104902
42756955034,67104028
42756955034,67104029
42756955034,67104030
42756955034,67104031
42756955034,67104032
42756955034,67104033
42756955034,67104034
42756955034,67104035
42756955034,67104036
42756955034,67104037
42756955034,67104038
42756955034,67104039
42756955034,67104040
42756955034,67104041
42756955034,67104042
42756955034,67104043
42756955034,67104046
42756955034,67104055
42756955034,67104061
42756955034,67104070
42756955034,67104104
42756955034,67104105
42756955034,67104114
42756955034,67104139
42756955034,67104158
42756955034,67104159
42756955034,67104161
42756955034,67104162
42756955034,67108667
42756955034,67108671
