1096522560,67100098
1096522560,67100299
1096522560,67100515
1096522560,67100702
1096522560,67100903
1096522560,67100904
1096522560,67100905
1096522560,67100906
1096522560,67100907
1096522560,67100908
1096522560,67100909
1096522560,67100910
1096522560,67100911
1096522560,67100912
1096522560,67100913
1096522560,67100914
1096522560,67100916
1096522560,67100917
1096522560,67100918
1096522560,67100919
1096522560,67100920
1096522560,67100921
1096522560,67100922
1096522560,67100926
1096522560,67100927
1096522560,67100928
1096522560,67100929
1096522560,67100930
1096522560,67100931
1096522560,67100932
1096522560,67100933
1096522560,67100934
1096522560,67100935
1096522560,67100964
1096522560,67100965
1096522560,67100966
1096522560,67100967
1096522560,67100968
1096522560,67100969
1096522560,67100970
1096522560,67100971
1096522560,67100972
1096522560,67100973
1096522560,67100974
1096522560,67100975
1096522560,67100976
1096522560,67100977
1096522560,67100978
1096522560,67100979
1096522560,67100980
1096522560,67100981
1096522560,67100982
1096522560,67101282
1096522560,67108593
33992199360,67100915
33992199360,67100923
33992199360,67100924
33992199360,67100925
33992199360,67100936
33992199360,67100937
33992199360,67100938
33992199360,67100939
33992199360,67100940
33992199360,67100941
33992199360,67100942
33992199360,67100943
33992199360,67100944
33992199360,67100945
33992199360,67100948
33992199360,67100953
33992199360,67100983
33992199360,67100984
33992199360,67100985
33992199360,67100986
33992199360,67100987
33992199360,67100988
33992199360,67100989
33992199360,67100990
33992199360,67100991
33992199360,67100992
33992199360,67100993
33992199360,67100994
33992199360,67100995
33992199360,67100996
33992199360,67100997
33992199360,67100998
33992199360,67100999
33992199360,67101000
33992199360,67101001
33992199360,67101002
33992199360,67101003
33992199360,67101004
33992199360,67101005
33992199360,67101006
33992199360,67101007
33992199360,67101008
33992199360,67101009
33992199360,67101010
33992199360,67101011
33992199360,67101012
33992199360,67101013
33992199360,67101014
33992199360,67101015
33992199360,67101016
33992199360,67101017
33992199360,67101018
33992199360,67101019
33992199360,67101020
33992199360,67101021
33992199360,67101026
33992199360,67101041
33992199360,67101043
33992199360,67101046
33992199360,67101058
33992199360,67101068
33992199360,67101071
33992199360,67106800
33992199360,67106801
66887876160,67100099
66887876160,67100100
66887876160,67100101
66887876160,67100102
66887876160,67100103
66887876160,67100104
66887876160,67100105
66887876160,67100106
66887876160,67100107
66887876160,67100108
66887876160,67100109
66887876160,67100110
66887876160,67100111
66887876160,67100112
66887876160,67100113
66887876160,67100114
66887876160,67100115
66887876160,67100116
66887876160,67100117
66887876160,67100118
66887876160,67100120
66887876160,67100121
66887876160,67100122
66887876160,67100123
66887876160,67100124
66887876160,67100125
66887876160,67100126
66887876160,67100127
66887876160,67100128
66887876160,67100129
66887876160,67100130
66887876160,67100131
66887876160,67100132
66887876160,67100133
66887876160,67100134
66887876160,67100159
66887876160,67100160
66887876160,67100161
66887876160,67100162
66887876160,67100163
66887876160,67100164
66887876160,67100165
66887876160,67100166
66887876160,67100167
66887876160,67100168
66887876160,67100169
66887876160,67100170
66887876160,67100171
66887876160,67100172
66887876160,67100173
66887876160,67100174
66887876160,67100175
66887876160,67100177
66887876160,67101896
