902036450,67100678
902036450,67100679
902036450,67100680
902036450,67100681
902036450,67100682
902036450,67100684
902036450,67100685
902036450,67100686
902036450,67100687
902036450,67100688
902036450,67100692
902036450,67100695
902036450,67100700
902036450,67100709
902036450,67100712
902036450,67100713
902036450,67100735
902036450,67100827
902036450,67100830
902036450,67100852
902036450,67100854
902036450,67100860
902036450,67100869
902036450,67100889
902036450,67100897
902036450,67100899
902036450,67100907
902036450,67100920
902036450,67100950
902036450,67100954
902036450,67100957
902036450,67100958
902036450,67100963
902036450,67100964
902036450,67100966
902036450,67100968
902036450,67100969
902036450,67100971
902036450,67100973
902036450,67100974
902036450,67100975
902036450,67100989
902036450,67100991
902036450,67100997
902036450,67101001
902036450,67101002
902036450,67101005
902036450,67101011
902036450,67101015
902036450,67101017
902036450,67101019
902036450,67101020
902036450,67101021
902036450,67101022
902036450,67101023
902036450,67101024
902036450,67101026
902036450,67101027
902036450,67101029
902036450,67101030
902036450,67101036
902036450,67101038
902036450,67101040
902036450,67101199
27963129950,131245
27963129950,67100683
27963129950,67100689
27963129950,67100690
27963129950,67100691
27963129950,67100693
27963129950,67100694
27963129950,67100696
27963129950,67100697
27963129950,67100698
27963129950,67100699
27963129950,67100703
27963129950,67100704
27963129950,67100705
27963129950,67100707
27963129950,67100708
27963129950,67100710
27963129950,67100711
27963129950,67100715
27963129950,67100716
27963129950,67100717
27963129950,67100719
27963129950,67100720
27963129950,67100721
27963129950,67100732
27963129950,67100733
27963129950,67100745
27963129950,67100746
27963129950,67100858
