902036450,67100678
902036450,67100679
902036450,67100680
902036450,67100681
902036450,67100682
902036450,67100684
902036450,67100685
902036450,67100686
902036450,67100687
902036450,67100688
902036450,67100692
902036450,67100695
902036450,67100700
902036450,67100709
902036450,67100712
902036450,67100713
902036450,67100735
902036450,67100827
902036450,67100830
902036450,67100852
902036450,67100854
902036450,67100860
902036450,67100869
902036450,67100889
902036450,67100897
902036450,67100899
902036450,67100907
902036450,67100920
902036450,67100950
902036450,67100954
902036450,67100957
902036450,67100958
902036450,67100963
902036450,67100964
902036450,67100966
902036450,67100968
902036450,67100969
902036450,67100971
902036450,67100973
902036450,67100974
902036450,67100975
902036450,67100989
902036450,67100991
902036450,67100997
902036450,67101001
902036450,67101002
902036450,67101005
902036450,67101011
902036450,67101015
902036450,67101017
902036450,67101019
902036450,67101020
902036450,67101021
902036450,67101022
902036450,67101023
902036450,67101024
902036450,67101026
902036450,67101027
902036450,67101029
902036450,67101030
902036450,67101036
902036450,67101038
902036450,67101040
902036450,67101199
27963129950,131245
27963129950,67100683
27963129950,67100689
27963129950,67100690
27963129950,67100691
27963129950,67100693
27963129950,67100694
27963129950,67100696
27963129950,67100697
27963129950,67100698
27963129950,67100699
27963129950,67100701
27963129950,67100703
27963129950,67100704
27963129950,67100705
27963129950,67100706
27963129950,67100707
27963129950,67100708
27963129950,67100710
27963129950,67100711
27963129950,67100715
27963129950,67100716
27963129950,67100717
27963129950,67100718
27963129950,67100719
27963129950,67100720
27963129950,67100721
27963129950,67100722
27963129950,67100723
27963129950,67100726
27963129950,67100727
27963129950,67100729
27963129950,67100730
27963129950,67100731
27963129950,67100732
27963129950,67100733
27963129950,67100738
27963129950,67100741
27963129950,67100744
27963129950,67100745
27963129950,67100746
27963129950,67100771
27963129950,67100773
27963129950,67100796
27963129950,67100801
27963129950,67100802
27963129950,67100821
27963129950,67100824
27963129950,67100853
27963129950,67100858
27963129950,67100867
27963129950,67100870
27963129950,67100875
27963129950,67100914
27963129950,67100944
27963129950,67100946
27963129950,67100965
27963129950,67100970
27963129950,67100986
27963129950,67100992
27963129950,67101008
27963129950,67101013
27963129950,67101014
27963129950,67101018
55024223450,67099226
55024223450,67099227
55024223450,67099228
55024223450,67099229
55024223450,67099230
55024223450,67099231
55024223450,67099232
55024223450,67099234
55024223450,67099235
55024223450,67099245
55024223450,67099298
55024223450,67099306
55024223450,67099309
55024223450,67099313
55024223450,67099315
55024223450,67099317
55024223450,67099318
55024223450,67099333
55024223450,67099334
55024223450,67099338
55024223450,67099342
55024223450,67099344
55024223450,67099345
55024223450,67099347
55024223450,67099348
55024223450,67099350
55024223450,67099351
55024223450,67099352
55024223450,67099355
55024223450,67099357
55024223450,67099358
55024223450,67099360
55024223450,67099361
55024223450,67099362
55024223450,67099363
55024223450,67099364
55024223450,67099365
55024223450,67099368
55024223450,67099372
55024223450,67099373
55024223450,67099374
55024223450,67099376
55024223450,67099379
55024223450,67099381
55024223450,67099382
55024223450,67099383
55024223450,67099384
55024223450,67099385
55024223450,67099386
55024223450,67099387
55024223450,67099388
55024223450,67099389
55024223450,67099390
55024223450,67099391
55024223450,67099392
55024223450,67099394
55024223450,67099395
55024223450,67099396
55024223450,67099397
55024223450,67099398
55024223450,67099399
55024223450,67099401
55024223450,67099402
55024223450,67099403
82085316950,131241
82085316950,131242
82085316950,131244
82085316950,67099233
82085316950,67099236
82085316950,67099239
82085316950,67099241
82085316950,67099242
82085316950,67099243
82085316950,67099246
82085316950,67099247
82085316950,67099249
82085316950,67099255
82085316950,67099261
82085316950,67099266
82085316950,67099268
82085316950,67099270
82085316950,67099273
82085316950,67099274
82085316950,67099279
82085316950,67099284
82085316950,67099286
82085316950,67099295
82085316950,67099300
82085316950,67099301
82085316950,67099302
82085316950,67099303
82085316950,67099311
82085316950,67099312
82085316950,67099320
82085316950,67099329
82085316950,67099377
82085316950,67099400
82085316950,67099413
82085316950,67099422
82085316950,67099427
82085316950,67099430
82085316950,67099431
82085316950,67099436
82085316950,67099450
82085316950,67099452
82085316950,67099456
82085316950,67099467
82085316950,67099469
82085316950,67099473
82085316950,67099477
82085316950,67099481
82085316950,67099482
82085316950,67099484
82085316950,67099513
82085316950,67099536
82085316950,67099544
82085316950,67099556
82085316950,67099564
82085316950,67099569
82085316950,67099571
82085316950,67099573
82085316950,67099665
82085316950,67099666
82085316950,67099942
82085316950,67100755
82085316950,67107895
82085316950,67108508
109146410450,67099240
109146410450,67099326
109146410450,67099595
109146410450,67099596
109146410450,67099597
109146410450,67099603
109146410450,67099604
109146410450,67099689
109146410450,67100702
109146410450,67100714
109146410450,67100724
109146410450,67100725
109146410450,67100734
109146410450,67100737
109146410450,67100739
109146410450,67100740
109146410450,67100742
109146410450,67100743
109146410450,67100747
109146410450,67100772
109146410450,67100777
109146410450,67100778
109146410450,67100779
109146410450,67100815
109146410450,67100826
109146410450,67100896
109146410450,67100898
109146410450,67100935
109146410450,67100990
109146410450,67102197
109146410450,67102199
109146410450,67102206
109146410450,67102235
109146410450,67102236
109146410450,67102244
109146410450,67102252
109146410450,67102264
109146410450,67102294
109146410450,67102317
109146410450,67102319
109146410450,67104387
109146410450,67105818
109146410450,67106453
109146410450,67106455
109146410450,67106456
109146410450,67106457
109146410450,67106459
109146410450,67106460
109146410450,67106461
109146410450,67106466
109146410450,67106470
109146410450,67106471
109146410450,67106472
109146410450,67106473
109146410450,67106474
109146410450,67106866
109146410450,67108432
109146410450,67108438
109146410450,67108440
109146410450,67108446
136207503950,67099237
136207503950,67099238
136207503950,67099244
136207503950,67099321
136207503950,67099330
136207503950,67099405
136207503950,67099408
136207503950,67099409
136207503950,67099411
136207503950,67099416
136207503950,67099418
136207503950,67099419
136207503950,67099421
136207503950,67099424
136207503950,67099443
136207503950,67099448
136207503950,67099449
136207503950,67099455
136207503950,67099457
136207503950,67099474
136207503950,67099475
136207503950,67099485
136207503950,67099486
136207503950,67099488
136207503950,67099491
136207503950,67099494
136207503950,67099496
136207503950,67099497
136207503950,67099499
136207503950,67099500
136207503950,67099502
136207503950,67099509
136207503950,67099510
136207503950,67099515
136207503950,67099516
136207503950,67099519
136207503950,67099524
136207503950,67099527
136207503950,67099529
136207503950,67104120
136207503950,67104171
136207503950,67104195
136207503950,67104258
136207503950,67104263
136207503950,67104267
136207503950,67104269
136207503950,67104273
136207503950,67104280
136207503950,67104282
136207503950,67104306
136207503950,67104308
136207503950,67104310
136207503950,67104316
136207503950,67104320
136207503950,67104325
136207503950,67104327
136207503950,67104328
136207503950,67104329
136207503950,67104332
136207503950,67104340
136207503950,67104342
163268597450,67099589
163268597450,67099590
163268597450,67099591
163268597450,67099592
163268597450,67099593
163268597450,67100803
163268597450,67100807
163268597450,67100833
163268597450,67100839
163268597450,67100877
163268597450,67100904
163268597450,67100937
163268597450,67101457
163268597450,67101459
163268597450,67101472
163268597450,67101496
163268597450,67101518
163268597450,67101523
163268597450,67101526
163268597450,67101527
163268597450,67101528
163268597450,67101596
163268597450,67101606
163268597450,67101622
163268597450,67101640
163268597450,67101718
163268597450,67101738
163268597450,67101756
163268597450,67101770
163268597450,67101806
163268597450,67101849
163268597450,67101896
163268597450,67101898
163268597450,67101902
163268597450,67101918
163268597450,67101933
163268597450,67102062
163268597450,67102148
163268597450,67102174
163268597450,67102211
163268597450,67102270
163268597450,67102276
163268597450,67102299
163268597450,67102347
163268597450,67102382
163268597450,67102419
163268597450,67104563
163268597450,67104591
163268597450,67104612
163268597450,67104616
163268597450,67104617
163268597450,67104623
163268597450,67104682
163268597450,67104763
163268597450,67104910
163268597450,67104946
163268597450,67104951
163268597450,67104979
163268597450,67104980
163268597450,67105508
163268597450,67108431
163268597450,67108433
163268597450,67108434
163268597450,67108435
190329690950,67099594
190329690950,67101343
190329690950,67101478
190329690950,67101656
190329690950,67101657
190329690950,67101659
190329690950,67101661
190329690950,67101665
190329690950,67101704
190329690950,67101713
190329690950,67101723
190329690950,67101733
190329690950,67101737
190329690950,67101766
190329690950,67101767
190329690950,67101788
190329690950,67101801
190329690950,67101805
190329690950,67101904
190329690950,67101927
190329690950,67101959
190329690950,67101967
190329690950,67101968
190329690950,67101973
190329690950,67101976
190329690950,67101977
190329690950,67101980
190329690950,67101983
190329690950,67102056
190329690950,67102061
190329690950,67102084
190329690950,67102085
190329690950,67102106
190329690950,67102130
190329690950,67102138
190329690950,67102139
190329690950,67102150
190329690950,67102157
190329690950,67102159
190329690950,67102201
190329690950,67102246
190329690950,67102256
190329690950,67102287
190329690950,67102290
190329690950,67102291
190329690950,67102300
190329690950,67102303
190329690950,67102327
190329690950,67102335
190329690950,67102349
190329690950,67102354
190329690950,67102360
190329690950,67102373
190329690950,67102386
190329690950,67102396
190329690950,67102400
190329690950,67102402
190329690950,67102410
190329690950,67102427
190329690950,67103663
190329690950,67105170
190329690950,67108437
190329690950,67108439
217390784450,67102362
217390784450,67102463
217390784450,67102467
217390784450,67102468
217390784450,67102475
217390784450,67102476
217390784450,67102706
217390784450,67102714
217390784450,67102715
217390784450,67102724
217390784450,67102725
217390784450,67102732
217390784450,67102736
217390784450,67102737
217390784450,67102738
217390784450,67102742
217390784450,67102745
217390784450,67102749
217390784450,67102750
217390784450,67102754
217390784450,67102755
217390784450,67102760
217390784450,67102761
217390784450,67102766
217390784450,67102770
217390784450,67102772
217390784450,67102776
217390784450,67102777
217390784450,67102778
217390784450,67102779
217390784450,67102783
217390784450,67102784
217390784450,67102786
217390784450,67102787
217390784450,67102803
217390784450,67102830
217390784450,67102850
217390784450,67102980
217390784450,67103015
217390784450,67103184
217390784450,67103336
217390784450,67103353
217390784450,67103356
217390784450,67103357
217390784450,67103358
217390784450,67103359
217390784450,67103360
217390784450,67103364
217390784450,67103367
217390784450,67103394
217390784450,67104000
217390784450,67104389
217390784450,67104695
217390784450,67104696
217390784450,67104711
217390784450,67105332
217390784450,67105339
217390784450,67105341
217390784450,67105342
217390784450,67105345
217390784450,67105346
217390784450,67105347
217390784450,67105416
217390784450,67105425
244451877950,67100736
244451877950,67100756
244451877950,67100759
244451877950,67100760
244451877950,67100762
244451877950,67100764
244451877950,67100765
244451877950,67100766
244451877950,67100768
244451877950,67100769
244451877950,67100770
244451877950,67100783
244451877950,67100785
244451877950,67100787
244451877950,67100792
244451877950,67100794
244451877950,67100795
244451877950,67100797
244451877950,67100798
244451877950,67100799
244451877950,67100800
244451877950,67100804
244451877950,67100805
244451877950,67100808
244451877950,67100809
244451877950,67100810
244451877950,67100811
244451877950,67100812
244451877950,67100813
244451877950,67100814
244451877950,67100816
244451877950,67100819
244451877950,67100820
244451877950,67100822
244451877950,67100829
244451877950,67100831
244451877950,67100832
244451877950,67100850
244451877950,67100880
244451877950,67100884
244451877950,67100885
244451877950,67100908
244451877950,67100911
244451877950,67100931
244451877950,67100942
244451877950,67100961
244451877950,67100977
244451877950,67100980
244451877950,67100983
244451877950,67100984
244451877950,67100985
244451877950,67100988
244451877950,67100994
244451877950,67100995
244451877950,67100998
244451877950,67101003
244451877950,67101004
244451877950,67101006
244451877950,67101012
244451877950,67101028
244451877950,67101037
244451877950,67102185
271512971450,67099250
271512971450,67099251
271512971450,67099252
271512971450,67099253
271512971450,67099254
271512971450,67099256
271512971450,67099257
271512971450,67099258
271512971450,67099259
271512971450,67099260
271512971450,67099262
271512971450,67099263
271512971450,67099264
271512971450,67099265
271512971450,67099267
271512971450,67099269
271512971450,67099271
271512971450,67099272
271512971450,67099275
271512971450,67099276
271512971450,67099277
271512971450,67099278
271512971450,67099280
271512971450,67099281
271512971450,67099285
271512971450,67099287
271512971450,67099288
271512971450,67099289
271512971450,67099290
271512971450,67099291
271512971450,67099292
271512971450,67099293
271512971450,67099294
271512971450,67099325
271512971450,67099480
271512971450,67099526
271512971450,67099563
271512971450,67099587
271512971450,67099614
271512971450,67099615
271512971450,67099616
271512971450,67099617
271512971450,67099618
271512971450,67099619
271512971450,67099631
271512971450,67107054
271512971450,67107074
271512971450,67107087
271512971450,67107095
271512971450,67107105
271512971450,67107106
271512971450,67107107
271512971450,67107108
271512971450,67107109
271512971450,67108456
271512971450,67108457
271512971450,67108459
271512971450,67108460
271512971450,67108461
271512971450,67108462
271512971450,67108474
298574064950,131259
298574064950,67099248
298574064950,67099282
298574064950,67099283
298574064950,67099319
298574064950,67099349
298574064950,67099353
298574064950,67099367
298574064950,67099369
298574064950,67099370
298574064950,67099404
298574064950,67099407
298574064950,67099412
298574064950,67099425
298574064950,67099426
298574064950,67099429
298574064950,67099434
298574064950,67099440
298574064950,67099445
298574064950,67099447
298574064950,67099451
298574064950,67099453
298574064950,67099470
298574064950,67099483
298574064950,67099487
298574064950,67099501
298574064950,67099503
298574064950,67099504
298574064950,67099505
298574064950,67099511
298574064950,67099512
298574064950,67099521
298574064950,67099522
298574064950,67099525
298574064950,67099530
298574064950,67099532
298574064950,67099533
298574064950,67099535
298574064950,67099539
298574064950,67099542
298574064950,67099547
298574064950,67099549
298574064950,67099550
298574064950,67099551
298574064950,67099552
298574064950,67099553
298574064950,67099554
298574064950,67099555
298574064950,67099557
298574064950,67099558
298574064950,67099559
298574064950,67099560
298574064950,67099561
298574064950,67099562
298574064950,67099565
298574064950,67099566
298574064950,67099567
298574064950,67099568
298574064950,67099574
298574064950,67099575
298574064950,67099577
325635158450,67099314
325635158450,67099322
325635158450,67099324
325635158450,67099332
325635158450,67099356
325635158450,67099371
325635158450,67099380
325635158450,67099393
325635158450,67099410
325635158450,67099415
325635158450,67099417
325635158450,67099420
325635158450,67099428
325635158450,67099432
325635158450,67099433
325635158450,67099435
325635158450,67099437
325635158450,67099439
325635158450,67099441
325635158450,67099442
325635158450,67099444
325635158450,67099446
325635158450,67099454
325635158450,67099458
325635158450,67099459
325635158450,67099460
325635158450,67099462
325635158450,67099463
325635158450,67099464
325635158450,67099468
325635158450,67099472
325635158450,67099476
325635158450,67099478
325635158450,67099479
325635158450,67099489
325635158450,67099490
325635158450,67099492
325635158450,67099507
325635158450,67099508
325635158450,67099514
325635158450,67099517
325635158450,67099518
325635158450,67099531
325635158450,67099534
325635158450,67099537
325635158450,67099538
325635158450,67099540
325635158450,67099541
325635158450,67099543
325635158450,67099545
325635158450,67099546
325635158450,67099572
325635158450,67099583
325635158450,67099584
325635158450,67099585
325635158450,67099710
325635158450,67099948
325635158450,67102537
325635158450,67107969
325635158450,67108553
325635158450,67108791
352696251950,67099606
352696251950,67099772
352696251950,67100728
352696251950,67100761
352696251950,67100763
352696251950,67100788
352696251950,67100836
352696251950,67100840
352696251950,67100844
352696251950,67100851
352696251950,67100857
352696251950,67100861
352696251950,67100862
352696251950,67100863
352696251950,67100865
352696251950,67100900
352696251950,67100901
352696251950,67100902
352696251950,67100909
352696251950,67100912
352696251950,67100917
352696251950,67100919
352696251950,67100921
352696251950,67100922
352696251950,67100924
352696251950,67100926
352696251950,67100927
352696251950,67100928
352696251950,67100934
352696251950,67100938
352696251950,67100939
352696251950,67100941
352696251950,67100943
352696251950,67100945
352696251950,67100949
352696251950,67100951
352696251950,67100952
352696251950,67100959
352696251950,67100960
352696251950,67100962
352696251950,67100967
352696251950,67100976
352696251950,67100978
352696251950,67100979
352696251950,67100981
352696251950,67100982
352696251950,67100993
352696251950,67100999
352696251950,67101009
352696251950,67101010
352696251950,67101016
352696251950,67101025
352696251950,67101033
352696251950,67101035
352696251950,67101039
352696251950,67108033
352696251950,67108084
352696251950,67108448
352696251950,67108451
352696251950,67108614
379757345450,67099296
379757345450,67099297
379757345450,67099299
379757345450,67099304
379757345450,67099305
379757345450,67099307
379757345450,67099308
379757345450,67099310
379757345450,67099316
379757345450,67099323
379757345450,67099327
379757345450,67099328
379757345450,67099331
379757345450,67099335
379757345450,67099336
379757345450,67099339
379757345450,67099340
379757345450,67099341
379757345450,67099343
379757345450,67099346
379757345450,67099354
379757345450,67099359
379757345450,67099366
379757345450,67099375
379757345450,67099378
379757345450,67099406
379757345450,67099414
379757345450,67099423
379757345450,67099438
379757345450,67099461
379757345450,67099465
379757345450,67099466
379757345450,67099471
379757345450,67099493
379757345450,67099495
379757345450,67099498
379757345450,67099506
379757345450,67099520
379757345450,67099523
379757345450,67099528
379757345450,67099548
379757345450,67099570
379757345450,67099576
379757345450,67099578
379757345450,67099580
379757345450,67099581
379757345450,67099582
379757345450,67099586
379757345450,67101370
379757345450,67101389
379757345450,67102045
379757345450,67102917
379757345450,67103122
379757345450,67103399
379757345450,67103914
379757345450,67104508
379757345450,67104520
379757345450,67107125
379757345450,67108426
