1096522560,67100098
1096522560,67100299
1096522560,67100515
1096522560,67100702
1096522560,67100903
1096522560,67100904
1096522560,67100905
1096522560,67100906
1096522560,67100907
1096522560,67100908
1096522560,67100909
1096522560,67100910
1096522560,67100911
1096522560,67100912
1096522560,67100913
1096522560,67100914
1096522560,67100916
1096522560,67100917
1096522560,67100918
1096522560,67100919
1096522560,67100920
1096522560,67100921
1096522560,67100922
1096522560,67100926
1096522560,67100927
1096522560,67100928
1096522560,67100929
1096522560,67100930
1096522560,67100931
1096522560,67100932
1096522560,67100933
1096522560,67100934
1096522560,67100935
1096522560,67100964
1096522560,67100965
1096522560,67100966
1096522560,67100967
1096522560,67100968
1096522560,67100969
1096522560,67100970
1096522560,67100971
1096522560,67100972
1096522560,67100973
1096522560,67100974
1096522560,67100975
1096522560,67100976
1096522560,67100977
1096522560,67100978
1096522560,67100979
1096522560,67100980
1096522560,67100981
1096522560,67100982
1096522560,67101282
1096522560,67108593
33992199360,67100915
33992199360,67100923
33992199360,67100924
33992199360,67100925
33992199360,67100936
33992199360,67100937
33992199360,67100938
33992199360,67100939
33992199360,67100940
33992199360,67100941
33992199360,67100942
33992199360,67100943
33992199360,67100944
33992199360,67100945
33992199360,67100948
33992199360,67100953
33992199360,67100983
33992199360,67100984
33992199360,67100985
33992199360,67100986
33992199360,67100987
33992199360,67100988
33992199360,67100989
33992199360,67100990
33992199360,67100991
33992199360,67100992
33992199360,67100993
33992199360,67100994
33992199360,67100995
33992199360,67100996
33992199360,67100997
33992199360,67100998
33992199360,67100999
33992199360,67101000
33992199360,67101001
33992199360,67101002
33992199360,67101003
33992199360,67101004
33992199360,67101005
33992199360,67101006
33992199360,67101007
33992199360,67101008
33992199360,67101009
33992199360,67101010
33992199360,67101011
33992199360,67101012
33992199360,67101013
33992199360,67101014
33992199360,67101015
33992199360,67101016
33992199360,67101017
33992199360,67101018
33992199360,67101019
33992199360,67101020
33992199360,67101021
33992199360,67101026
33992199360,67101041
33992199360,67101043
33992199360,67101046
33992199360,67101058
33992199360,67101068
33992199360,67101071
33992199360,67106800
33992199360,67106801
66887876160,67100099
66887876160,67100100
66887876160,67100101
66887876160,67100102
66887876160,67100103
66887876160,67100104
66887876160,67100105
66887876160,67100106
66887876160,67100107
66887876160,67100108
66887876160,67100109
66887876160,67100110
66887876160,67100111
66887876160,67100112
66887876160,67100113
66887876160,67100114
66887876160,67100115
66887876160,67100116
66887876160,67100117
66887876160,67100118
66887876160,67100119
66887876160,67100120
66887876160,67100121
66887876160,67100122
66887876160,67100123
66887876160,67100124
66887876160,67100125
66887876160,67100126
66887876160,67100127
66887876160,67100128
66887876160,67100129
66887876160,67100130
66887876160,67100131
66887876160,67100132
66887876160,67100133
66887876160,67100134
66887876160,67100159
66887876160,67100160
66887876160,67100161
66887876160,67100162
66887876160,67100163
66887876160,67100164
66887876160,67100165
66887876160,67100166
66887876160,67100167
66887876160,67100168
66887876160,67100169
66887876160,67100170
66887876160,67100171
66887876160,67100172
66887876160,67100173
66887876160,67100174
66887876160,67100175
66887876160,67100176
66887876160,67100177
66887876160,67100178
66887876160,67100180
66887876160,67100181
66887876160,67100186
66887876160,67100187
66887876160,67100198
66887876160,67100223
66887876160,67101896
66887876160,67103907
99783552960,67100300
99783552960,67100301
99783552960,67100946
99783552960,67100947
99783552960,67100949
99783552960,67100950
99783552960,67100951
99783552960,67100952
99783552960,67100954
99783552960,67100956
99783552960,67100957
99783552960,67100958
99783552960,67100959
99783552960,67101022
99783552960,67101023
99783552960,67101024
99783552960,67101025
99783552960,67101027
99783552960,67101029
99783552960,67101031
99783552960,67101038
99783552960,67101039
99783552960,67101040
99783552960,67101067
99783552960,67101077
99783552960,67103670
99783552960,67103811
99783552960,67103898
99783552960,67103979
99783552960,67104020
99783552960,67104588
99783552960,67104616
99783552960,67104623
99783552960,67104624
99783552960,67104630
99783552960,67104641
99783552960,67104649
99783552960,67104650
99783552960,67104652
99783552960,67104654
99783552960,67104658
99783552960,67104689
99783552960,67104701
99783552960,67104740
99783552960,67104745
99783552960,67104746
99783552960,67104751
99783552960,67104752
99783552960,67104755
99783552960,67104758
99783552960,67104760
99783552960,67104764
99783552960,67104770
99783552960,67104773
99783552960,67104776
99783552960,67104777
99783552960,67104778
99783552960,67104779
99783552960,67104780
99783552960,67104787
99783552960,67104789
99783552960,67104790
99783552960,67108594
99783552960,67108595
132679229760,67100135
132679229760,67100136
132679229760,67100137
132679229760,67100138
132679229760,67100139
132679229760,67100140
132679229760,67100141
132679229760,67100142
132679229760,67100143
132679229760,67100144
132679229760,67100145
132679229760,67100146
132679229760,67100147
132679229760,67100148
132679229760,67100149
132679229760,67100153
132679229760,67100154
132679229760,67100155
132679229760,67100156
132679229760,67100179
132679229760,67100182
132679229760,67100183
132679229760,67100184
132679229760,67100185
132679229760,67100188
132679229760,67100189
132679229760,67100190
132679229760,67100191
132679229760,67100192
132679229760,67100193
132679229760,67100194
132679229760,67100195
132679229760,67100196
132679229760,67100197
132679229760,67100199
132679229760,67100200
132679229760,67100201
132679229760,67100202
132679229760,67100203
132679229760,67100204
132679229760,67100205
132679229760,67100206
132679229760,67100210
132679229760,67100226
132679229760,67100279
132679229760,67100303
132679229760,67100304
132679229760,67102439
132679229760,67102576
132679229760,67102600
132679229760,67102655
132679229760,67102762
132679229760,67102763
132679229760,67102790
132679229760,67103138
132679229760,67103722
132679229760,67103813
132679229760,67103855
132679229760,67105433
132679229760,67105521
132679229760,67105556
132679229760,67105607
132679229760,67108597
132679229760,67108598
165574906560,131243
165574906560,67100306
165574906560,67100307
165574906560,67101030
165574906560,67101033
165574906560,67101034
165574906560,67101503
165574906560,67101505
165574906560,67101531
165574906560,67101545
165574906560,67101719
165574906560,67101763
165574906560,67101789
165574906560,67101860
165574906560,67101906
165574906560,67101974
165574906560,67102007
165574906560,67102021
165574906560,67102057
165574906560,67102078
165574906560,67102115
165574906560,67102124
165574906560,67102148
165574906560,67102167
165574906560,67102242
165574906560,67102304
165574906560,67102328
165574906560,67102374
165574906560,67102381
165574906560,67102456
165574906560,67102584
165574906560,67102598
165574906560,67102701
165574906560,67108601
165574906560,67108606
