1379256614,67104543
1379256614,67104544
1379256614,67104545
1379256614,67104546
1379256614,67104547
1379256614,67104548
1379256614,67104549
1379256614,67104550
1379256614,67104551
1379256614,67104552
1379256614,67104553
1379256614,67104554
1379256614,67104555
1379256614,67104556
1379256614,67104557
1379256614,67104558
1379256614,67104562
1379256614,67104568
1379256614,67104570
1379256614,67104571
1379256614,67104572
1379256614,67104576
1379256614,67104577
1379256614,67104582
1379256614,67104590
1379256614,67104597
1379256614,67104610
1379256614,67104612
1379256614,67104613
1379256614,67104619
1379256614,67104626
1379256614,67104627
1379256614,67104631
1379256614,67104632
1379256614,67104633
1379256614,67104635
1379256614,67104636
1379256614,67104637
1379256614,67104639
1379256614,67104642
1379256614,67104643
1379256614,67104644
1379256614,67104646
1379256614,67104647
1379256614,67104649
1379256614,67104650
1379256614,67104652
1379256614,67104654
1379256614,67104655
1379256614,67104656
1379256614,67104657
1379256614,67104658
1379256614,67104659
1379256614,67104660
1379256614,67104661
1379256614,67104662
1379256614,67104663
1379256614,67104664
1379256614,67104666
1379256614,67104667
1379256614,67104668
1379256614,67104669
1379256614,67104670
1379256614,67104902
42756955034,67104028
42756955034,67104029
42756955034,67104030
42756955034,67104031
42756955034,67104032
42756955034,67104033
42756955034,67104034
42756955034,67104035
42756955034,67104036
42756955034,67104037
42756955034,67104038
42756955034,67104039
42756955034,67104040
42756955034,67104041
42756955034,67104042
42756955034,67104043
42756955034,67104044
42756955034,67104046
42756955034,67104055
42756955034,67104056
42756955034,67104061
42756955034,67104063
42756955034,67104066
42756955034,67104070
42756955034,67104072
42756955034,67104073
42756955034,67104077
42756955034,67104078
42756955034,67104084
42756955034,67104100
42756955034,67104102
42756955034,67104104
42756955034,67104105
42756955034,67104114
42756955034,67104116
42756955034,67104129
42756955034,67104132
42756955034,67104139
42756955034,67104141
42756955034,67104147
42756955034,67104149
42756955034,67104151
42756955034,67104158
42756955034,67104159
42756955034,67104161
42756955034,67104162
42756955034,67107148
42756955034,67108667
42756955034,67108668
42756955034,67108670
42756955034,67108671
84134653454,67104047
84134653454,67104049
84134653454,67104051
84134653454,67104053
84134653454,67104054
84134653454,67104057
84134653454,67104058
84134653454,67104060
84134653454,67104064
84134653454,67104065
84134653454,67104067
84134653454,67104068
84134653454,67104069
84134653454,67104074
84134653454,67104075
84134653454,67104080
84134653454,67104081
84134653454,67104085
84134653454,67104086
84134653454,67104087
84134653454,67104088
84134653454,67104089
84134653454,67104090
84134653454,67104091
84134653454,67104094
84134653454,67104095
84134653454,67104096
84134653454,67104097
84134653454,67104099
84134653454,67104103
84134653454,67104106
84134653454,67104107
84134653454,67104108
84134653454,67104109
84134653454,67104110
84134653454,67104111
84134653454,67104115
84134653454,67104118
84134653454,67104120
84134653454,67104122
84134653454,67104125
84134653454,67104126
84134653454,67104127
84134653454,67104128
84134653454,67104130
84134653454,67104131
84134653454,67104133
84134653454,67104134
84134653454,67104136
84134653454,67104137
84134653454,67104140
84134653454,67104142
84134653454,67104145
84134653454,67104146
84134653454,67104148
84134653454,67104153
84134653454,67104155
84134653454,67104157
84134653454,67106039
84134653454,67106044
84134653454,67106045
84134653454,67106052
84134653454,67106056
84134653454,67108666
125512351874,67104045
125512351874,67104048
125512351874,67104050
125512351874,67104052
125512351874,67104059
125512351874,67104062
125512351874,67104082
125512351874,67104083
125512351874,67104092
125512351874,67104098
125512351874,67104101
125512351874,67104112
125512351874,67104113
125512351874,67104121
125512351874,67104135
125512351874,67104138
125512351874,67104144
125512351874,67105258
125512351874,67105289
125512351874,67105310
125512351874,67105311
125512351874,67105313
125512351874,67105322
125512351874,67105324
125512351874,67105326
125512351874,67105327
125512351874,67105330
125512351874,67105333
125512351874,67105334
125512351874,67105339
125512351874,67105341
125512351874,67105342
125512351874,67105344
125512351874,67105346
125512351874,67105352
125512351874,67105354
125512351874,67105355
125512351874,67105359
125512351874,67105360
125512351874,67105361
125512351874,67105365
125512351874,67105366
125512351874,67105367
125512351874,67105368
125512351874,67105369
125512351874,67105371
125512351874,67105372
125512351874,67105373
125512351874,67105376
125512351874,67105377
125512351874,67105382
125512351874,67105384
125512351874,67105386
125512351874,67105387
125512351874,67105390
125512351874,67105391
125512351874,67105393
125512351874,67105395
125512351874,67105398
125512351874,67105399
125512351874,67105400
125512351874,67105401
125512351874,67105404
125512351874,67105405
166890050294,131251
166890050294,131252
166890050294,67104163
166890050294,67104164
166890050294,67104165
166890050294,67104166
166890050294,67104167
166890050294,67104168
166890050294,67104169
166890050294,67104170
166890050294,67104171
166890050294,67104172
166890050294,67104559
166890050294,67104560
166890050294,67104563
166890050294,67104564
166890050294,67104569
166890050294,67104575
166890050294,67104581
166890050294,67104586
166890050294,67104588
166890050294,67104589
166890050294,67104591
166890050294,67104593
166890050294,67104594
166890050294,67104599
166890050294,67104602
166890050294,67104609
166890050294,67104615
166890050294,67104616
166890050294,67104617
166890050294,67104620
166890050294,67104621
166890050294,67104622
166890050294,67104623
166890050294,67104624
166890050294,67104629
166890050294,67104634
166890050294,67104638
166890050294,67104641
166890050294,67104645
166890050294,67104648
166890050294,67104651
166890050294,67104653
166890050294,67104665
166890050294,67108170
166890050294,67108181
166890050294,67108204
166890050294,67108211
166890050294,67108213
166890050294,67108219
166890050294,67108247
166890050294,67108267
166890050294,67108286
166890050294,67108672
166890050294,67108673
166890050294,67108674
166890050294,67108675
166890050294,67108676
166890050294,67108677
166890050294,67108678
166890050294,67108679
166890050294,67108680
166890050294,67108681
208267748714,67104306
208267748714,67104561
208267748714,67104565
208267748714,67104566
208267748714,67104567
208267748714,67104573
208267748714,67104574
208267748714,67104578
208267748714,67104579
208267748714,67104580
208267748714,67104583
208267748714,67104584
208267748714,67104585
208267748714,67104587
208267748714,67104592
208267748714,67104595
208267748714,67104596
208267748714,67104598
208267748714,67104600
208267748714,67104601
208267748714,67104603
208267748714,67104604
208267748714,67104605
208267748714,67104606
208267748714,67104607
208267748714,67104608
208267748714,67104611
208267748714,67104614
208267748714,67104618
208267748714,67104625
208267748714,67104628
208267748714,67104630
208267748714,67104640
208267748714,67107207
208267748714,67107240
208267748714,67107291
208267748714,67107328
208267748714,67107338
208267748714,67107341
208267748714,67107344
208267748714,67107347
208267748714,67107356
208267748714,67107369
208267748714,67107374
208267748714,67107385
208267748714,67107394
208267748714,67107419
208267748714,67107433
208267748714,67107435
208267748714,67107448
208267748714,67107455
208267748714,67107456
208267748714,67107457
208267748714,67107458
208267748714,67107461
208267748714,67107462
208267748714,67107468
208267748714,67107469
208267748714,67107473
208267748714,67107474
208267748714,67107477
208267748714,67107478
249645447134,67104816
249645447134,67104831
249645447134,67104893
249645447134,67104997
249645447134,67105006
249645447134,67105007
249645447134,67105012
249645447134,67108665
