732856447,67104566
732856447,67104567
732856447,67104568
732856447,67104569
732856447,67104570
732856447,67104787
22718549857,67104571
22718549857,67104572
22718549857,67104573
22718549857,67104574
22718549857,67104575
22718549857,67104576
22718549857,67104579
22718549857,67104580
22718549857,67104581
22718549857,67104582
22718549857,67104583
22718549857,67104585
22718549857,67104586
22718549857,67104587
22718549857,67104588
22718549857,67104589
22718549857,67104590
22718549857,67104591
22718549857,67104592
22718549857,67104593
22718549857,67104594
22718549857,67104595
22718549857,67104596
22718549857,67104597
22718549857,67104598
22718549857,67104599
22718549857,67104600
22718549857,67104601
22718549857,67104602
22718549857,67104603
22718549857,67104604
22718549857,67104605
22718549857,67104606
22718549857,67104607
22718549857,67104608
22718549857,67104609
22718549857,67104610
22718549857,67104611
22718549857,67104612
22718549857,67104613
22718549857,67104614
22718549857,67104615
22718549857,67104616
22718549857,67104617
22718549857,67104618
22718549857,67104619
22718549857,67104621
22718549857,67104622
22718549857,67104623
22718549857,67104625
22718549857,67104626
22718549857,67104627
22718549857,67104629
22718549857,67104631
22718549857,67104633
22718549857,67104635
22718549857,67104636
22718549857,67104637
22718549857,67104640
22718549857,67104641
22718549857,67104642
22718549857,67104647
22718549857,67104650
22718549857,67104664
44704243267,67104029
44704243267,67104031
44704243267,67104033
44704243267,67104034
44704243267,67104037
44704243267,67104038
44704243267,67104043
44704243267,67104047
44704243267,67104052
44704243267,67104054
44704243267,67104058
44704243267,67104061
44704243267,67104064
44704243267,67104065
44704243267,67104066
44704243267,67104067
44704243267,67104069
44704243267,67104070
44704243267,67104073
44704243267,67104075
44704243267,67104076
44704243267,67104079
44704243267,67104082
44704243267,67104088
44704243267,67104090
44704243267,67104091
44704243267,67104092
44704243267,67104093
44704243267,67104094
44704243267,67104095
44704243267,67104096
44704243267,67104098
44704243267,67104099
44704243267,67104100
44704243267,67104101
44704243267,67104102
44704243267,67104103
44704243267,67104104
44704243267,67104105
44704243267,67104107
44704243267,67104108
44704243267,67104109
44704243267,67104110
44704243267,67104111
44704243267,67104112
44704243267,67104113
44704243267,67104116
44704243267,67104117
44704243267,67104119
44704243267,67104120
44704243267,67104121
44704243267,67104122
44704243267,67104123
44704243267,67104124
44704243267,67104129
44704243267,67104131
44704243267,67104133
44704243267,67104135
44704243267,67104136
44704243267,67104137
44704243267,67104139
44704243267,67104141
44704243267,67104149
44704243267,67104152
66689936677,131251
66689936677,67104097
66689936677,67104106
66689936677,67104221
66689936677,67104222
66689936677,67104224
66689936677,67104225
66689936677,67104226
66689936677,67104227
66689936677,67104228
66689936677,67104229
66689936677,67104230
66689936677,67104231
66689936677,67104232
66689936677,67104233
66689936677,67104234
66689936677,67104235
66689936677,67104577
66689936677,67104578
66689936677,67104584
66689936677,67104671
66689936677,67106919
66689936677,67106947
66689936677,67107006
66689936677,67107031
66689936677,67107042
66689936677,67107061
66689936677,67107069
66689936677,67107072
66689936677,67107075
66689936677,67107078
66689936677,67107082
66689936677,67107083
66689936677,67107084
66689936677,67107085
66689936677,67107087
66689936677,67107090
66689936677,67107094
66689936677,67107109
66689936677,67107125
66689936677,67107126
66689936677,67108730
66689936677,67108731
66689936677,67108733
66689936677,67108734
66689936677,67108735
66689936677,67108736
66689936677,67108737
66689936677,67108738
66689936677,67108739
66689936677,67108740
66689936677,67108741
66689936677,67108742
66689936677,67108743
66689936677,67108744
