732856447,67104566
732856447,67104567
732856447,67104568
732856447,67104569
732856447,67104570
732856447,67104787
22718549857,67104571
22718549857,67104572
22718549857,67104573
22718549857,67104574
22718549857,67104575
22718549857,67104576
22718549857,67104579
22718549857,67104580
22718549857,67104581
22718549857,67104582
22718549857,67104583
22718549857,67104585
22718549857,67104586
22718549857,67104587
22718549857,67104588
22718549857,67104589
22718549857,67104590
22718549857,67104591
22718549857,67104592
22718549857,67104593
22718549857,67104594
22718549857,67104595
22718549857,67104596
22718549857,67104597
22718549857,67104598
22718549857,67104599
22718549857,67104600
22718549857,67104601
22718549857,67104602
22718549857,67104603
22718549857,67104604
22718549857,67104605
22718549857,67104606
22718549857,67104607
22718549857,67104608
22718549857,67104609
22718549857,67104610
22718549857,67104611
22718549857,67104612
22718549857,67104613
22718549857,67104614
22718549857,67104615
22718549857,67104616
22718549857,67104617
22718549857,67104618
22718549857,67104619
22718549857,67104621
22718549857,67104622
22718549857,67104623
22718549857,67104625
22718549857,67104626
22718549857,67104627
22718549857,67104629
22718549857,67104631
22718549857,67104633
22718549857,67104635
22718549857,67104636
22718549857,67104637
22718549857,67104640
22718549857,67104641
22718549857,67104642
22718549857,67104647
22718549857,67104650
22718549857,67104664
44704243267,67104029
44704243267,67104031
44704243267,67104033
44704243267,67104034
44704243267,67104037
44704243267,67104038
44704243267,67104043
44704243267,67104047
44704243267,67104052
44704243267,67104054
44704243267,67104058
44704243267,67104061
44704243267,67104064
44704243267,67104065
44704243267,67104066
44704243267,67104067
44704243267,67104069
44704243267,67104070
44704243267,67104073
44704243267,67104075
44704243267,67104076
44704243267,67104079
44704243267,67104082
44704243267,67104088
44704243267,67104090
44704243267,67104091
44704243267,67104092
44704243267,67104093
44704243267,67104094
44704243267,67104095
44704243267,67104096
44704243267,67104098
44704243267,67104099
44704243267,67104100
44704243267,67104101
44704243267,67104102
44704243267,67104103
44704243267,67104104
44704243267,67104105
44704243267,67104107
44704243267,67104108
44704243267,67104109
44704243267,67104110
44704243267,67104111
44704243267,67104112
44704243267,67104113
44704243267,67104116
44704243267,67104117
44704243267,67104119
44704243267,67104120
44704243267,67104121
44704243267,67104122
44704243267,67104123
44704243267,67104124
44704243267,67104129
44704243267,67104131
44704243267,67104133
44704243267,67104135
44704243267,67104136
44704243267,67104137
44704243267,67104139
44704243267,67104141
44704243267,67104149
44704243267,67104152
66689936677,131251
66689936677,67104097
66689936677,67104106
66689936677,67104221
66689936677,67104222
66689936677,67104224
66689936677,67104225
66689936677,67104226
66689936677,67104227
66689936677,67104228
66689936677,67104229
66689936677,67104230
66689936677,67104231
66689936677,67104232
66689936677,67104233
66689936677,67104234
66689936677,67104235
66689936677,67104417
66689936677,67104577
66689936677,67104578
66689936677,67104584
66689936677,67104671
66689936677,67106919
66689936677,67106947
66689936677,67107006
66689936677,67107031
66689936677,67107042
66689936677,67107061
66689936677,67107069
66689936677,67107072
66689936677,67107075
66689936677,67107078
66689936677,67107082
66689936677,67107083
66689936677,67107084
66689936677,67107085
66689936677,67107087
66689936677,67107090
66689936677,67107091
66689936677,67107094
66689936677,67107096
66689936677,67107102
66689936677,67107106
66689936677,67107109
66689936677,67107111
66689936677,67107113
66689936677,67107120
66689936677,67107125
66689936677,67107126
66689936677,67107129
66689936677,67108730
66689936677,67108731
66689936677,67108733
66689936677,67108734
66689936677,67108735
66689936677,67108736
66689936677,67108737
66689936677,67108738
66689936677,67108739
66689936677,67108740
66689936677,67108741
66689936677,67108742
66689936677,67108743
66689936677,67108744
88675630087,67104028
88675630087,67104030
88675630087,67104032
88675630087,67104035
88675630087,67104036
88675630087,67104039
88675630087,67104040
88675630087,67104041
88675630087,67104042
88675630087,67104044
88675630087,67104045
88675630087,67104046
88675630087,67104048
88675630087,67104049
88675630087,67104050
88675630087,67104051
88675630087,67104053
88675630087,67104055
88675630087,67104056
88675630087,67104057
88675630087,67104059
88675630087,67104060
88675630087,67104062
88675630087,67104063
88675630087,67104068
88675630087,67104071
88675630087,67104072
88675630087,67104074
88675630087,67104077
88675630087,67104078
88675630087,67104080
88675630087,67104081
88675630087,67104083
88675630087,67104084
88675630087,67104085
88675630087,67104086
88675630087,67104087
88675630087,67104089
88675630087,67104114
88675630087,67104115
88675630087,67104118
88675630087,67104125
88675630087,67104126
88675630087,67104127
88675630087,67104128
88675630087,67104130
88675630087,67104132
88675630087,67104134
88675630087,67104138
88675630087,67104140
88675630087,67104142
88675630087,67104143
88675630087,67104144
88675630087,67104145
88675630087,67104146
88675630087,67104147
88675630087,67104148
88675630087,67104150
88675630087,67104151
88675630087,67104153
88675630087,67104154
88675630087,67104155
88675630087,67105464
88675630087,67108691
110661323497,67104162
110661323497,67104166
110661323497,67104167
110661323497,67104168
110661323497,67104169
110661323497,67104170
110661323497,67104171
110661323497,67104172
110661323497,67104173
110661323497,67104174
110661323497,67104175
110661323497,67104176
110661323497,67104177
110661323497,67105043
110661323497,67105100
110661323497,67105117
110661323497,67105140
110661323497,67105148
110661323497,67105153
110661323497,67105165
110661323497,67105176
110661323497,67105190
110661323497,67105199
110661323497,67105215
110661323497,67105217
110661323497,67105218
110661323497,67105220
110661323497,67105221
110661323497,67105230
110661323497,67105245
110661323497,67105253
110661323497,67105255
110661323497,67105259
110661323497,67105267
110661323497,67105268
110661323497,67105272
110661323497,67105274
110661323497,67105280
110661323497,67105283
110661323497,67105284
110661323497,67105285
110661323497,67105290
110661323497,67105295
110661323497,67105296
110661323497,67105297
110661323497,67105303
110661323497,67105305
110661323497,67105307
110661323497,67105309
110661323497,67105310
110661323497,67108674
110661323497,67108675
110661323497,67108676
110661323497,67108677
110661323497,67108678
110661323497,67108679
110661323497,67108680
110661323497,67108681
110661323497,67108682
110661323497,67108683
110661323497,67108684
110661323497,67108685
110661323497,67108686
132647016907,131252
132647016907,67104157
132647016907,67104265
132647016907,67104270
132647016907,67104271
132647016907,67104274
132647016907,67104275
132647016907,67104276
132647016907,67104277
132647016907,67104278
132647016907,67104279
132647016907,67104280
132647016907,67104281
132647016907,67104282
132647016907,67104283
132647016907,67104284
132647016907,67104672
132647016907,67104674
132647016907,67104675
132647016907,67108527
132647016907,67108550
132647016907,67108554
132647016907,67108577
132647016907,67108586
132647016907,67108602
132647016907,67108603
132647016907,67108607
132647016907,67108623
132647016907,67108624
132647016907,67108625
132647016907,67108627
132647016907,67108633
132647016907,67108634
132647016907,67108635
132647016907,67108636
132647016907,67108639
132647016907,67108640
132647016907,67108641
132647016907,67108642
132647016907,67108645
132647016907,67108646
132647016907,67108647
132647016907,67108650
132647016907,67108652
132647016907,67108655
132647016907,67108657
132647016907,67108661
132647016907,67108662
132647016907,67108663
132647016907,67108664
132647016907,67108665
132647016907,67108666
132647016907,67108780
132647016907,67108783
132647016907,67108784
132647016907,67108785
132647016907,67108786
132647016907,67108787
132647016907,67108788
132647016907,67108789
132647016907,67108790
132647016907,67108791
132647016907,67108792
132647016907,67108793
154632710317,131260
154632710317,67104158
154632710317,67104159
154632710317,67104160
154632710317,67104161
154632710317,67104267
154632710317,67104269
154632710317,67104273
154632710317,67104678
154632710317,67104681
154632710317,67104683
154632710317,67104690
154632710317,67104691
154632710317,67104713
154632710317,67104714
154632710317,67104721
154632710317,67104723
154632710317,67104731
154632710317,67104740
154632710317,67104747
154632710317,67104749
154632710317,67104755
154632710317,67104759
154632710317,67104768
154632710317,67104771
154632710317,67104780
154632710317,67104788
154632710317,67104790
154632710317,67104791
154632710317,67104798
154632710317,67104799
154632710317,67104804
154632710317,67105071
154632710317,67105682
154632710317,67107726
154632710317,67108002
154632710317,67108126
154632710317,67108380
154632710317,67108387
154632710317,67108390
154632710317,67108395
154632710317,67108493
154632710317,67108514
154632710317,67108515
154632710317,67108521
154632710317,67108528
154632710317,67108529
154632710317,67108540
154632710317,67108548
154632710317,67108560
154632710317,67108575
154632710317,67108595
154632710317,67108616
154632710317,67108638
154632710317,67108656
154632710317,67108667
154632710317,67108668
154632710317,67108669
154632710317,67108670
154632710317,67108774
154632710317,67108776
154632710317,67108778
154632710317,67108782
176618403727,67104213
176618403727,67104214
176618403727,67104215
176618403727,67104216
176618403727,67104217
176618403727,67104218
176618403727,67104219
176618403727,67104220
176618403727,67104286
176618403727,67106409
176618403727,67106478
176618403727,67106508
176618403727,67106520
176618403727,67106524
176618403727,67106525
176618403727,67106528
176618403727,67106551
176618403727,67106562
176618403727,67106563
176618403727,67106574
176618403727,67106575
176618403727,67106578
176618403727,67106604
176618403727,67106606
176618403727,67106610
176618403727,67106618
176618403727,67106623
176618403727,67106624
176618403727,67106628
176618403727,67106629
176618403727,67106635
176618403727,67106642
176618403727,67106649
176618403727,67106650
176618403727,67106655
176618403727,67106657
176618403727,67106661
176618403727,67106663
176618403727,67106664
176618403727,67106665
176618403727,67106666
176618403727,67106669
176618403727,67106671
176618403727,67106673
176618403727,67106677
176618403727,67106678
176618403727,67106690
176618403727,67106693
176618403727,67106695
176618403727,67106702
176618403727,67106707
176618403727,67106709
176618403727,67106710
176618403727,67106712
176618403727,67106713
176618403727,67106715
176618403727,67106717
176618403727,67108722
176618403727,67108723
176618403727,67108725
176618403727,67108726
176618403727,67108727
176618403727,67108728
176618403727,67108729
198604097137,67104252
198604097137,67104253
198604097137,67104254
198604097137,67104255
198604097137,67104256
198604097137,67104257
198604097137,67104258
198604097137,67104259
198604097137,67104260
198604097137,67104261
198604097137,67107658
198604097137,67107713
198604097137,67107716
198604097137,67107721
198604097137,67107735
198604097137,67107757
198604097137,67107771
198604097137,67107774
198604097137,67107779
198604097137,67107788
198604097137,67107794
198604097137,67107800
198604097137,67107810
198604097137,67107811
198604097137,67107837
198604097137,67107841
198604097137,67107842
198604097137,67107843
198604097137,67107844
198604097137,67107845
198604097137,67107852
198604097137,67107857
198604097137,67107858
198604097137,67107862
198604097137,67107866
198604097137,67107868
198604097137,67107871
198604097137,67107873
198604097137,67107878
198604097137,67107879
198604097137,67107884
198604097137,67107888
198604097137,67107890
198604097137,67107891
198604097137,67107892
198604097137,67107894
198604097137,67107896
198604097137,67107903
198604097137,67107911
198604097137,67107915
198604097137,67107919
198604097137,67107920
198604097137,67107921
198604097137,67108761
198604097137,67108762
198604097137,67108763
198604097137,67108764
198604097137,67108765
198604097137,67108766
198604097137,67108767
198604097137,67108768
198604097137,67108769
198604097137,67108770
220589790547,67104272
220589790547,67104422
220589790547,67108281
220589790547,67108310
220589790547,67108338
220589790547,67108384
220589790547,67108392
220589790547,67108400
220589790547,67108402
220589790547,67108424
220589790547,67108426
220589790547,67108433
220589790547,67108448
220589790547,67108451
220589790547,67108467
220589790547,67108468
220589790547,67108476
220589790547,67108479
220589790547,67108494
220589790547,67108501
220589790547,67108506
220589790547,67108508
220589790547,67108509
220589790547,67108512
220589790547,67108513
220589790547,67108516
220589790547,67108518
220589790547,67108520
220589790547,67108524
220589790547,67108525
220589790547,67108531
220589790547,67108536
220589790547,67108539
220589790547,67108546
220589790547,67108551
220589790547,67108552
220589790547,67108553
220589790547,67108557
220589790547,67108561
220589790547,67108568
220589790547,67108569
220589790547,67108570
220589790547,67108573
220589790547,67108574
220589790547,67108576
220589790547,67108580
220589790547,67108582
220589790547,67108584
220589790547,67108585
220589790547,67108587
220589790547,67108588
220589790547,67108589
220589790547,67108591
220589790547,67108592
220589790547,67108599
220589790547,67108606
220589790547,67108608
220589790547,67108613
220589790547,67108617
220589790547,67108618
220589790547,67108619
220589790547,67108620
220589790547,67108781
242575483957,131258
242575483957,67106780
242575483957,67106837
242575483957,67106965
242575483957,67106969
242575483957,67106985
242575483957,67106999
242575483957,67107036
242575483957,67107041
242575483957,67107051
242575483957,67107062
242575483957,67107095
242575483957,67107115
242575483957,67107157
242575483957,67107166
242575483957,67107219
242575483957,67107221
242575483957,67107246
242575483957,67107261
242575483957,67107276
242575483957,67107304
242575483957,67107314
242575483957,67107345
242575483957,67107388
242575483957,67107392
242575483957,67107498
242575483957,67107549
242575483957,67107579
242575483957,67107586
242575483957,67107642
242575483957,67107653
242575483957,67107656
242575483957,67107670
242575483957,67107671
242575483957,67107710
242575483957,67107740
242575483957,67107792
242575483957,67107861
242575483957,67107877
242575483957,67107882
242575483957,67107886
242575483957,67107956
242575483957,67107961
242575483957,67108017
242575483957,67108093
242575483957,67108103
242575483957,67108111
242575483957,67108115
242575483957,67108172
242575483957,67108202
242575483957,67108203
242575483957,67108240
242575483957,67108266
242575483957,67108284
242575483957,67108320
242575483957,67108332
242575483957,67108334
242575483957,67108342
242575483957,67108348
242575483957,67108381
242575483957,67108393
242575483957,67108394
264561177367,131257
264561177367,67106789
264561177367,67106805
264561177367,67106806
264561177367,67106831
264561177367,67106845
264561177367,67106853
264561177367,67106867
264561177367,67106888
264561177367,67106922
264561177367,67106936
264561177367,67106942
264561177367,67106958
264561177367,67106959
264561177367,67106960
264561177367,67106967
264561177367,67106974
264561177367,67106975
264561177367,67106976
264561177367,67106979
264561177367,67106982
264561177367,67106987
264561177367,67106988
264561177367,67106989
264561177367,67106990
264561177367,67106991
264561177367,67107000
264561177367,67107009
264561177367,67107011
264561177367,67107014
264561177367,67107015
264561177367,67107016
264561177367,67107018
264561177367,67107019
264561177367,67107020
264561177367,67107022
264561177367,67107026
264561177367,67107028
264561177367,67107029
264561177367,67107037
264561177367,67107038
264561177367,67107039
264561177367,67107046
264561177367,67107052
264561177367,67107054
264561177367,67107059
264561177367,67107060
264561177367,67107065
264561177367,67107070
264561177367,67107071
264561177367,67107076
264561177367,67107080
264561177367,67107086
264561177367,67107088
264561177367,67107092
264561177367,67107097
264561177367,67107101
264561177367,67107107
264561177367,67107110
264561177367,67107112
264561177367,67107114
264561177367,67107118
264561177367,67107119
264561177367,67107123
286546870777,67105722
286546870777,67105763
286546870777,67105855
286546870777,67106084
286546870777,67106124
286546870777,67106135
286546870777,67106143
286546870777,67106146
286546870777,67106151
286546870777,67106154
286546870777,67106161
286546870777,67106162
286546870777,67106166
286546870777,67106179
286546870777,67106181
286546870777,67106188
286546870777,67106198
286546870777,67106199
286546870777,67106200
286546870777,67106204
286546870777,67106218
286546870777,67106224
286546870777,67106232
286546870777,67106236
286546870777,67106245
286546870777,67106250
286546870777,67106251
286546870777,67106265
286546870777,67106275
286546870777,67106282
286546870777,67106283
286546870777,67106298
286546870777,67106300
286546870777,67106308
286546870777,67106314
286546870777,67106322
286546870777,67106332
286546870777,67106334
286546870777,67106343
286546870777,67106346
286546870777,67106349
286546870777,67106351
286546870777,67106353
286546870777,67106363
286546870777,67106366
286546870777,67106367
286546870777,67106372
286546870777,67106418
286546870777,67106419
286546870777,67106420
286546870777,67106422
286546870777,67106424
286546870777,67106428
286546870777,67106436
286546870777,67106437
286546870777,67106448
286546870777,67106457
286546870777,67106458
286546870777,67106460
286546870777,67106462
286546870777,67106465
286546870777,67106468
286546870777,67106469
308532564187,67104249
308532564187,67104251
308532564187,67107220
308532564187,67107334
308532564187,67107369
308532564187,67107409
308532564187,67107417
308532564187,67107422
308532564187,67107423
308532564187,67107425
308532564187,67107427
308532564187,67107438
308532564187,67107450
308532564187,67107451
308532564187,67107457
308532564187,67107460
308532564187,67107478
308532564187,67107479
308532564187,67107481
308532564187,67107488
308532564187,67107494
308532564187,67107500
308532564187,67107501
308532564187,67107503
308532564187,67107509
308532564187,67107511
308532564187,67107512
308532564187,67107520
308532564187,67107530
308532564187,67107541
308532564187,67107542
308532564187,67107552
308532564187,67107556
308532564187,67107558
308532564187,67107560
308532564187,67107562
308532564187,67107563
308532564187,67107565
308532564187,67107569
308532564187,67107570
308532564187,67107578
308532564187,67107582
308532564187,67107589
308532564187,67107593
308532564187,67107599
308532564187,67107607
308532564187,67107612
308532564187,67107619
308532564187,67107620
308532564187,67107626
308532564187,67107630
308532564187,67107636
308532564187,67107639
308532564187,67107640
308532564187,67107641
308532564187,67107645
308532564187,67107668
308532564187,67107673
308532564187,67107676
308532564187,67107687
308532564187,67107694
308532564187,67108758
308532564187,67108759
308532564187,67108760
330518257597,131253
330518257597,67104291
330518257597,67104679
330518257597,67104786
330518257597,67104818
330518257597,67104830
330518257597,67104861
330518257597,67104862
330518257597,67104877
330518257597,67104897
330518257597,67104916
330518257597,67104971
330518257597,67105067
330518257597,67105104
330518257597,67105203
330518257597,67105207
330518257597,67105271
330518257597,67105298
330518257597,67105343
330518257597,67106132
330518257597,67106580
330518257597,67106732
330518257597,67107263
330518257597,67107383
330518257597,67107387
330518257597,67107415
330518257597,67107463
330518257597,67107474
330518257597,67107477
330518257597,67107490
330518257597,67107529
330518257597,67107624
330518257597,67107739
330518257597,67107767
330518257597,67107787
330518257597,67107836
330518257597,67107875
330518257597,67107876
330518257597,67107934
330518257597,67107955
330518257597,67107957
330518257597,67107966
330518257597,67107968
330518257597,67108000
330518257597,67108023
330518257597,67108038
330518257597,67108071
330518257597,67108145
330518257597,67108157
330518257597,67108268
330518257597,67108269
330518257597,67108274
330518257597,67108280
330518257597,67108323
330518257597,67108409
330518257597,67108410
330518257597,67108418
330518257597,67108485
330518257597,67108543
330518257597,67108648
330518257597,67108653
330518257597,67108659
352503951007,67106829
352503951007,67107307
352503951007,67107324
352503951007,67107330
352503951007,67107331
352503951007,67107340
352503951007,67107372
352503951007,67107379
352503951007,67107393
352503951007,67107394
352503951007,67107403
352503951007,67107439
352503951007,67107443
352503951007,67107456
352503951007,67107466
352503951007,67107467
352503951007,67107480
352503951007,67107486
352503951007,67107493
352503951007,67107513
352503951007,67107515
352503951007,67107519
352503951007,67107539
352503951007,67107555
352503951007,67107559
352503951007,67107574
352503951007,67107576
352503951007,67107587
352503951007,67107588
352503951007,67107592
352503951007,67107594
352503951007,67107605
352503951007,67107606
352503951007,67107614
352503951007,67107627
352503951007,67107649
352503951007,67107660
352503951007,67107662
352503951007,67107675
352503951007,67107677
352503951007,67107688
352503951007,67107691
352503951007,67107699
352503951007,67107702
352503951007,67107707
352503951007,67107719
352503951007,67107736
352503951007,67107738
352503951007,67107747
352503951007,67107749
352503951007,67107759
352503951007,67107760
352503951007,67107762
352503951007,67107764
352503951007,67107769
352503951007,67107776
352503951007,67107778
352503951007,67107784
352503951007,67107802
352503951007,67107813
352503951007,67107816
352503951007,67107817
374489644417,67107464
374489644417,67107700
374489644417,67107832
374489644417,67107860
374489644417,67107865
374489644417,67107872
374489644417,67107883
374489644417,67107893
374489644417,67107895
374489644417,67107901
374489644417,67107917
374489644417,67107923
374489644417,67107924
374489644417,67107925
374489644417,67107926
374489644417,67107947
374489644417,67107949
374489644417,67107964
374489644417,67107983
374489644417,67107984
374489644417,67107986
374489644417,67107987
374489644417,67108008
374489644417,67108010
374489644417,67108019
374489644417,67108041
374489644417,67108045
374489644417,67108047
374489644417,67108050
374489644417,67108061
374489644417,67108063
374489644417,67108065
374489644417,67108086
374489644417,67108098
374489644417,67108121
374489644417,67108124
374489644417,67108132
374489644417,67108134
374489644417,67108165
374489644417,67108167
374489644417,67108174
374489644417,67108183
374489644417,67108185
374489644417,67108206
374489644417,67108209
374489644417,67108211
374489644417,67108214
374489644417,67108217
374489644417,67108222
374489644417,67108223
374489644417,67108225
374489644417,67108226
374489644417,67108231
374489644417,67108233
374489644417,67108265
374489644417,67108288
374489644417,67108289
374489644417,67108292
374489644417,67108299
374489644417,67108308
374489644417,67108309
374489644417,67108779
396475337827,67104243
396475337827,67104244
396475337827,67104245
396475337827,67104246
396475337827,67106292
396475337827,67106345
396475337827,67106384
396475337827,67106502
396475337827,67106704
396475337827,67106724
396475337827,67106827
396475337827,67106881
396475337827,67106900
396475337827,67106901
396475337827,67106917
396475337827,67106938
396475337827,67106955
396475337827,67106978
396475337827,67106984
396475337827,67106994
396475337827,67107021
396475337827,67107040
396475337827,67107049
396475337827,67107068
396475337827,67107133
396475337827,67107144
396475337827,67107150
396475337827,67107155
396475337827,67107162
396475337827,67107163
396475337827,67107178
396475337827,67107184
396475337827,67107187
396475337827,67107208
396475337827,67107210
396475337827,67107228
396475337827,67107232
396475337827,67107250
396475337827,67107272
396475337827,67107284
396475337827,67107287
396475337827,67107309
396475337827,67107315
396475337827,67107320
396475337827,67107321
396475337827,67107335
396475337827,67107337
396475337827,67107354
396475337827,67107355
396475337827,67107365
396475337827,67107375
396475337827,67107377
396475337827,67107380
396475337827,67107386
396475337827,67107424
396475337827,67107454
396475337827,67107468
396475337827,67107469
396475337827,67107473
396475337827,67108752
396475337827,67108753
396475337827,67108754
396475337827,67108755
418461031237,131259
418461031237,67104247
418461031237,67104264
418461031237,67104268
418461031237,67104715
418461031237,67104725
418461031237,67104727
418461031237,67104806
418461031237,67104895
418461031237,67104951
418461031237,67105028
418461031237,67105085
418461031237,67105158
418461031237,67105323
418461031237,67105415
418461031237,67105445
418461031237,67105652
418461031237,67105803
418461031237,67105868
418461031237,67105937
418461031237,67105959
418461031237,67105969
418461031237,67105971
418461031237,67105982
418461031237,67106036
418461031237,67106115
418461031237,67106192
418461031237,67106329
418461031237,67106403
418461031237,67106446
418461031237,67106507
418461031237,67106576
418461031237,67106616
418461031237,67106619
418461031237,67106760
418461031237,67106915
418461031237,67106940
418461031237,67107025
418461031237,67107130
418461031237,67107196
418461031237,67107245
418461031237,67107333
418461031237,67107391
418461031237,67107506
418461031237,67107533
418461031237,67107545
418461031237,67107821
418461031237,67107840
418461031237,67108004
418461031237,67108024
418461031237,67108027
418461031237,67108082
418461031237,67108117
418461031237,67108118
418461031237,67108119
418461031237,67108190
418461031237,67108303
418461031237,67108314
418461031237,67108340
418461031237,67108757
440446724647,67104262
440446724647,67104266
440446724647,67106285
440446724647,67106794
440446724647,67106803
440446724647,67106813
440446724647,67106820
440446724647,67106821
440446724647,67106833
440446724647,67106910
440446724647,67106929
440446724647,67106944
440446724647,67106952
440446724647,67106986
440446724647,67106993
440446724647,67107008
440446724647,67107142
440446724647,67107160
440446724647,67107161
440446724647,67107179
440446724647,67107213
440446724647,67107231
440446724647,67107281
440446724647,67107325
440446724647,67107349
440446724647,67107362
440446724647,67107367
440446724647,67107406
440446724647,67107419
440446724647,67107458
440446724647,67107465
440446724647,67107471
440446724647,67107499
440446724647,67107537
440446724647,67107548
440446724647,67107572
440446724647,67107591
440446724647,67107598
440446724647,67107616
440446724647,67107635
440446724647,67107661
440446724647,67107664
440446724647,67107669
440446724647,67107682
440446724647,67107684
440446724647,67107693
440446724647,67107748
440446724647,67107756
440446724647,67107795
440446724647,67107806
440446724647,67107869
440446724647,67107885
440446724647,67107958
440446724647,67107963
440446724647,67108009
440446724647,67108016
440446724647,67108075
440446724647,67108076
440446724647,67108775
462432418057,67104164
462432418057,67104202
462432418057,67104240
462432418057,67104241
462432418057,67104250
462432418057,67104700
462432418057,67104733
462432418057,67104812
462432418057,67104815
462432418057,67104977
462432418057,67105033
462432418057,67105193
462432418057,67105362
462432418057,67105447
462432418057,67105500
462432418057,67105583
462432418057,67105844
462432418057,67105896
462432418057,67105921
462432418057,67106172
462432418057,67106382
462432418057,67106388
462432418057,67106410
462432418057,67106487
462432418057,67106638
462432418057,67106682
462432418057,67106739
462432418057,67106747
462432418057,67106830
462432418057,67106858
462432418057,67107138
462432418057,67107257
462432418057,67107306
462432418057,67107360
462432418057,67107376
462432418057,67107476
462432418057,67107553
462432418057,67107672
462432418057,67107681
462432418057,67107708
462432418057,67107823
462432418057,67107937
462432418057,67107951
462432418057,67108026
462432418057,67108044
462432418057,67108147
462432418057,67108216
462432418057,67108250
462432418057,67108270
462432418057,67108383
462432418057,67108405
462432418057,67108502
462432418057,67108672
462432418057,67108720
462432418057,67108749
462432418057,67108750
462432418057,67108771
462432418057,67108773
484418111467,131256
484418111467,67104163
484418111467,67104209
484418111467,67104699
484418111467,67104737
484418111467,67104821
484418111467,67104863
484418111467,67104865
484418111467,67104967
484418111467,67105039
484418111467,67105074
484418111467,67105079
484418111467,67105135
484418111467,67105154
484418111467,67105181
484418111467,67105184
484418111467,67105231
484418111467,67105263
484418111467,67105384
484418111467,67105608
484418111467,67105884
484418111467,67105925
484418111467,67106011
484418111467,67106080
484418111467,67106159
484418111467,67106215
484418111467,67106234
484418111467,67106257
484418111467,67106307
484418111467,67106316
484418111467,67106483
484418111467,67106585
484418111467,67106656
484418111467,67106779
484418111467,67106814
484418111467,67106822
484418111467,67106957
484418111467,67107050
484418111467,67107348
484418111467,67107398
484418111467,67107551
484418111467,67107567
484418111467,67107633
484418111467,67107634
484418111467,67107849
484418111467,67107916
484418111467,67108003
484418111467,67108197
484418111467,67108249
484418111467,67108251
484418111467,67108278
484418111467,67108478
484418111467,67108486
484418111467,67108491
484418111467,67108505
484418111467,67108549
484418111467,67108671
484418111467,67108718
506403804877,131255
506403804877,67104165
506403804877,67104179
506403804877,67104190
506403804877,67104194
506403804877,67104195
506403804877,67104197
506403804877,67104199
506403804877,67104200
506403804877,67104201
506403804877,67104203
506403804877,67104208
506403804877,67104211
506403804877,67104239
506403804877,67104242
506403804877,67104843
506403804877,67104854
506403804877,67105163
506403804877,67106007
506403804877,67106029
506403804877,67106069
506403804877,67106302
506403804877,67106416
506403804877,67106552
506403804877,67106571
506403804877,67106796
506403804877,67106818
506403804877,67106868
506403804877,67106893
506403804877,67107384
506403804877,67107830
506403804877,67107902
506403804877,67107908
506403804877,67107936
506403804877,67108030
506403804877,67108104
506403804877,67108196
506403804877,67108673
506403804877,67108687
506403804877,67108688
506403804877,67108695
506403804877,67108698
506403804877,67108702
506403804877,67108703
506403804877,67108704
506403804877,67108706
506403804877,67108708
506403804877,67108709
506403804877,67108710
506403804877,67108712
506403804877,67108717
506403804877,67108724
506403804877,67108746
506403804877,67108748
506403804877,67108751
506403804877,67108777
528389498287,67104180
528389498287,67104181
528389498287,67104186
528389498287,67104187
528389498287,67104191
528389498287,67104192
528389498287,67104193
528389498287,67104196
528389498287,67104205
528389498287,67104206
528389498287,67104207
528389498287,67104223
528389498287,67104236
528389498287,67104796
528389498287,67104801
528389498287,67104974
528389498287,67104983
528389498287,67105078
528389498287,67105216
528389498287,67105340
528389498287,67105387
528389498287,67105426
528389498287,67105582
528389498287,67105737
528389498287,67105777
528389498287,67105837
528389498287,67105899
528389498287,67106173
528389498287,67106352
528389498287,67106700
528389498287,67106716
528389498287,67106727
528389498287,67106737
528389498287,67107151
528389498287,67107170
528389498287,67107251
528389498287,67107297
528389498287,67107378
528389498287,67107426
528389498287,67107629
528389498287,67107829
528389498287,67108361
528389498287,67108406
528389498287,67108689
528389498287,67108694
528389498287,67108696
528389498287,67108700
528389498287,67108701
528389498287,67108705
528389498287,67108714
528389498287,67108715
528389498287,67108716
528389498287,67108719
528389498287,67108721
528389498287,67108745
550375191697,67104708
550375191697,67104825
550375191697,67104883
550375191697,67104902
550375191697,67104976
550375191697,67104994
550375191697,67104995
550375191697,67105004
550375191697,67105031
550375191697,67105149
550375191697,67105173
550375191697,67105194
550375191697,67105293
550375191697,67105441
550375191697,67105446
550375191697,67105472
550375191697,67105519
550375191697,67105536
550375191697,67105548
550375191697,67105578
550375191697,67105678
550375191697,67105715
550375191697,67105732
550375191697,67105739
550375191697,67105814
550375191697,67105860
550375191697,67105888
550375191697,67105901
550375191697,67105904
550375191697,67105915
550375191697,67105978
550375191697,67106004
550375191697,67106027
550375191697,67106048
550375191697,67106054
550375191697,67106078
550375191697,67106169
550375191697,67106174
550375191697,67106242
550375191697,67106254
550375191697,67106270
550375191697,67106289
550375191697,67106371
550375191697,67106432
550375191697,67106544
550375191697,67106637
550375191697,67106675
550375191697,67106680
550375191697,67106685
550375191697,67106730
550375191697,67107322
550375191697,67107534
550375191697,67107827
550375191697,67108142
550375191697,67108327
550375191697,67108466
550375191697,67108480
550375191697,67108492
550375191697,67108517
550375191697,67108611
572360885107,67104761
572360885107,67105021
572360885107,67105045
572360885107,67105076
572360885107,67105084
572360885107,67105311
572360885107,67105452
572360885107,67105612
572360885107,67105670
572360885107,67105721
572360885107,67105808
572360885107,67105880
572360885107,67105943
572360885107,67106013
572360885107,67106106
572360885107,67106138
572360885107,67106141
572360885107,67106149
572360885107,67106176
572360885107,67106222
572360885107,67106310
572360885107,67106318
572360885107,67106442
572360885107,67106484
572360885107,67106590
572360885107,67106598
572360885107,67106703
572360885107,67106745
572360885107,67106788
572360885107,67106838
572360885107,67106923
572360885107,67106977
572360885107,67106980
572360885107,67107067
572360885107,67107180
572360885107,67107182
572360885107,67107194
572360885107,67107234
572360885107,67107308
572360885107,67107350
572360885107,67107535
572360885107,67107622
572360885107,67107730
572360885107,67107789
572360885107,67107859
572360885107,67107907
572360885107,67107929
572360885107,67107931
572360885107,67107950
572360885107,67108055
572360885107,67108077
572360885107,67108114
572360885107,67108160
572360885107,67108182
572360885107,67108285
572360885107,67108352
572360885107,67108442
572360885107,67108449
572360885107,67108474
572360885107,67108598
594346578517,67104756
594346578517,67104778
594346578517,67105010
594346578517,67105073
594346578517,67105096
594346578517,67105130
594346578517,67105185
594346578517,67105320
594346578517,67105341
594346578517,67105385
594346578517,67105416
594346578517,67105443
594346578517,67105515
594346578517,67105534
594346578517,67105569
594346578517,67105604
594346578517,67105645
594346578517,67105657
594346578517,67105662
594346578517,67105686
594346578517,67105696
594346578517,67105793
594346578517,67105912
594346578517,67105989
594346578517,67105994
594346578517,67106055
594346578517,67106368
594346578517,67106407
594346578517,67106572
594346578517,67106771
594346578517,67106828
594346578517,67106846
594346578517,67106856
594346578517,67106878
594346578517,67106937
594346578517,67107004
594346578517,67107058
594346578517,67107103
594346578517,67107152
594346578517,67107197
594346578517,67107241
594346578517,67107303
594346578517,67107328
594346578517,67107420
594346578517,67107697
594346578517,67107786
594346578517,67107887
594346578517,67108012
594346578517,67108048
594346578517,67108069
594346578517,67108129
594346578517,67108135
594346578517,67108291
594346578517,67108388
594346578517,67108504
616332271927,67104875
616332271927,67104912
616332271927,67104970
616332271927,67105001
616332271927,67105005
616332271927,67105052
616332271927,67105097
616332271927,67105123
616332271927,67105195
616332271927,67105286
616332271927,67105318
616332271927,67105325
616332271927,67105491
616332271927,67105497
616332271927,67105524
616332271927,67105706
616332271927,67105760
616332271927,67105861
616332271927,67105948
616332271927,67106133
616332271927,67106136
616332271927,67106145
616332271927,67106164
616332271927,67106276
616332271927,67106405
616332271927,67106481
616332271927,67106561
616332271927,67106758
616332271927,67106787
616332271927,67106945
616332271927,67106962
616332271927,67107073
616332271927,67107128
616332271927,67107252
616332271927,67107286
616332271927,67107288
616332271927,67107313
616332271927,67107344
616332271927,67107441
616332271927,67107482
616332271927,67107504
616332271927,67107644
616332271927,67107701
616332271927,67107838
616332271927,67107867
616332271927,67107905
616332271927,67107928
616332271927,67107981
616332271927,67108032
616332271927,67108090
616332271927,67108188
616332271927,67108244
616332271927,67108326
616332271927,67108350
616332271927,67108447
616332271927,67108544
616332271927,67108555
616332271927,67108693
638317965337,131254
638317965337,67104204
638317965337,67104237
638317965337,67104263
638317965337,67104792
638317965337,67104867
638317965337,67104989
638317965337,67105056
638317965337,67105081
638317965337,67105098
638317965337,67105281
638317965337,67105352
638317965337,67105368
638317965337,67105425
638317965337,67105506
638317965337,67105570
638317965337,67105607
638317965337,67105617
638317965337,67105685
638317965337,67105785
638317965337,67105790
638317965337,67105819
638317965337,67105905
638317965337,67106152
638317965337,67106213
638317965337,67106315
638317965337,67106373
638317965337,67106517
638317965337,67106518
638317965337,67106744
638317965337,67106798
638317965337,67106832
638317965337,67106907
638317965337,67106924
638317965337,67106939
638317965337,67106950
638317965337,67107154
638317965337,67107173
638317965337,67107192
638317965337,67107271
638317965337,67107437
638317965337,67107527
638317965337,67107824
638317965337,67107833
638317965337,67107972
638317965337,67107988
638317965337,67107990
638317965337,67107995
638317965337,67108193
638317965337,67108538
638317965337,67108612
638317965337,67108630
638317965337,67108699
638317965337,67108713
638317965337,67108756
638317965337,67108772
660303658747,67104750
660303658747,67104850
660303658747,67104892
660303658747,67104901
660303658747,67104985
660303658747,67105006
660303658747,67105186
660303658747,67105200
660303658747,67105328
660303658747,67105388
660303658747,67105501
660303658747,67105507
660303658747,67105651
660303658747,67105665
660303658747,67105717
660303658747,67105817
660303658747,67105821
660303658747,67105894
660303658747,67105927
660303658747,67105968
660303658747,67105979
660303658747,67106005
660303658747,67106071
660303658747,67106083
660303658747,67106095
660303658747,67106155
660303658747,67106185
660303658747,67106194
660303658747,67106212
660303658747,67106313
660303658747,67106429
660303658747,67106464
660303658747,67106564
660303658747,67106579
660303658747,67106601
660303658747,67106612
660303658747,67106652
660303658747,67106683
660303658747,67106734
660303658747,67106836
660303658747,67106898
660303658747,67107171
660303658747,67107243
660303658747,67107282
660303658747,67107518
660303658747,67107643
660303658747,67107770
660303658747,67107851
660303658747,67107899
660303658747,67107980
660303658747,67108018
660303658747,67108031
660303658747,67108039
660303658747,67108052
660303658747,67108144
660303658747,67108148
660303658747,67108215
660303658747,67108277
660303658747,67108643
660303658747,67108707
682289352157,67104696
682289352157,67104722
682289352157,67104745
682289352157,67104746
682289352157,67104839
682289352157,67104847
682289352157,67104938
682289352157,67105011
682289352157,67105042
682289352157,67105058
682289352157,67105128
682289352157,67105192
682289352157,67105475
682289352157,67105669
682289352157,67105672
682289352157,67105867
682289352157,67105874
682289352157,67105914
682289352157,67105953
682289352157,67105996
682289352157,67106020
682289352157,67106190
682289352157,67106613
682289352157,67106654
682289352157,67106766
682289352157,67106863
682289352157,67106870
682289352157,67106909
682289352157,67106913
682289352157,67106926
682289352157,67106927
682289352157,67106992
682289352157,67107135
682289352157,67107136
682289352157,67107206
682289352157,67107226
682289352157,67107253
682289352157,67107342
682289352157,67107352
682289352157,67107364
682289352157,67107400
682289352157,67107679
682289352157,67107796
682289352157,67107825
682289352157,67108101
682289352157,67108106
682289352157,67108136
682289352157,67108156
682289352157,67108194
682289352157,67108271
682289352157,67108307
682289352157,67108325
682289352157,67108355
682289352157,67108369
682289352157,67108420
682289352157,67108445
682289352157,67108457
682289352157,67108579
704275045567,67104184
704275045567,67104816
704275045567,67104882
704275045567,67104907
704275045567,67104926
704275045567,67104935
704275045567,67105009
704275045567,67105012
704275045567,67105112
704275045567,67105124
704275045567,67105131
704275045567,67105145
704275045567,67105219
704275045567,67105347
704275045567,67105427
704275045567,67105521
704275045567,67105609
704275045567,67105668
704275045567,67105768
704275045567,67105774
704275045567,67105799
704275045567,67105885
704275045567,67105999
704275045567,67106024
704275045567,67106056
704275045567,67106108
704275045567,67106180
704275045567,67106252
704275045567,67106386
704275045567,67106399
704275045567,67106534
704275045567,67106547
704275045567,67106567
704275045567,67106694
704275045567,67106948
704275045567,67107023
704275045567,67107105
704275045567,67107153
704275045567,67107211
704275045567,67107561
704275045567,67107564
704275045567,67107729
704275045567,67107804
704275045567,67107831
704275045567,67107846
704275045567,67107850
704275045567,67107999
704275045567,67108015
704275045567,67108168
704275045567,67108245
704275045567,67108336
704275045567,67108356
704275045567,67108497
704275045567,67108583
726260738977,67104210
726260738977,67104416
726260738977,67104693
726260738977,67104794
726260738977,67104909
726260738977,67104928
726260738977,67104984
726260738977,67105101
726260738977,67105156
726260738977,67105169
726260738977,67105180
726260738977,67105278
726260738977,67105450
726260738977,67105749
726260738977,67105750
726260738977,67105818
726260738977,67105828
726260738977,67105864
726260738977,67105983
726260738977,67106107
726260738977,67106112
726260738977,67106118
726260738977,67106206
726260738977,67106225
726260738977,67106324
726260738977,67106330
726260738977,67106530
726260738977,67106532
726260738977,67106541
726260738977,67106542
726260738977,67106595
726260738977,67106748
726260738977,67106770
726260738977,67106904
726260738977,67106970
726260738977,67107032
726260738977,67107055
726260738977,67107100
726260738977,67107259
726260738977,67107260
726260738977,67107411
726260738977,67107577
726260738977,67107632
726260738977,67107666
726260738977,67107777
726260738977,67107798
726260738977,67108073
726260738977,67108131
726260738977,67108143
726260738977,67108161
726260738977,67108279
726260738977,67108373
726260738977,67108378
726260738977,67108456
726260738977,67108461
726260738977,67108541
726260738977,67108542
748246432387,67104719
748246432387,67104819
748246432387,67104910
748246432387,67104934
748246432387,67104954
748246432387,67105029
748246432387,67105237
748246432387,67105316
748246432387,67105324
748246432387,67105397
748246432387,67105438
748246432387,67105523
748246432387,67105545
748246432387,67105571
748246432387,67105572
748246432387,67105655
748246432387,67105709
748246432387,67105725
748246432387,67105742
748246432387,67105744
748246432387,67105788
748246432387,67105893
748246432387,67106018
748246432387,67106098
748246432387,67106099
748246432387,67106150
748246432387,67106171
748246432387,67106219
748246432387,67106240
748246432387,67106269
748246432387,67106305
748246432387,67106326
748246432387,67106354
748246432387,67106359
748246432387,67106480
748246432387,67106490
748246432387,67106491
748246432387,67106501
748246432387,67106510
748246432387,67106512
748246432387,67106583
748246432387,67106842
748246432387,67107017
748246432387,67107189
748246432387,67107224
748246432387,67107278
748246432387,67107327
748246432387,67107922
748246432387,67107939
748246432387,67107943
748246432387,67107982
748246432387,67108064
748246432387,67108108
748246432387,67108210
748246432387,67108257
748246432387,67108259
748246432387,67108275
748246432387,67108331
748246432387,67108367
748246432387,67108430
748246432387,67108495
770232125797,67104828
770232125797,67104864
770232125797,67104927
770232125797,67104961
770232125797,67105064
770232125797,67105115
770232125797,67105168
770232125797,67105349
770232125797,67105423
770232125797,67105473
770232125797,67105498
770232125797,67105504
770232125797,67105529
770232125797,67105710
770232125797,67105822
770232125797,67105838
770232125797,67105947
770232125797,67105987
770232125797,67106001
770232125797,67106015
770232125797,67106044
770232125797,67106045
770232125797,67106193
770232125797,67106203
770232125797,67106226
770232125797,67106378
770232125797,67106414
770232125797,67106479
770232125797,67106488
770232125797,67106565
770232125797,67106746
770232125797,67106754
770232125797,67106812
770232125797,67106840
770232125797,67106903
770232125797,67106908
770232125797,67106921
770232125797,67107203
770232125797,67107239
770232125797,67107310
770232125797,67107316
770232125797,67107359
770232125797,67107608
770232125797,67107610
770232125797,67107611
770232125797,67107696
770232125797,67107717
770232125797,67107765
770232125797,67107946
770232125797,67107976
770232125797,67108070
770232125797,67108152
770232125797,67108227
770232125797,67108253
770232125797,67108272
770232125797,67108305
770232125797,67108318
770232125797,67108349
770232125797,67108370
770232125797,67108464
770232125797,67108614
