732856447,67104566
732856447,67104567
732856447,67104568
732856447,67104569
732856447,67104570
732856447,67104787
22718549857,67104571
22718549857,67104572
22718549857,67104573
22718549857,67104574
22718549857,67104575
22718549857,67104576
22718549857,67104579
22718549857,67104580
22718549857,67104581
22718549857,67104582
22718549857,67104583
22718549857,67104585
22718549857,67104586
22718549857,67104587
22718549857,67104588
22718549857,67104589
22718549857,67104590
22718549857,67104591
22718549857,67104592
22718549857,67104593
22718549857,67104594
22718549857,67104595
22718549857,67104596
22718549857,67104597
22718549857,67104598
22718549857,67104599
22718549857,67104600
22718549857,67104601
22718549857,67104602
22718549857,67104603
22718549857,67104604
22718549857,67104605
22718549857,67104606
22718549857,67104607
22718549857,67104608
22718549857,67104609
22718549857,67104610
22718549857,67104611
22718549857,67104612
22718549857,67104613
22718549857,67104614
22718549857,67104615
22718549857,67104616
22718549857,67104617
22718549857,67104618
22718549857,67104619
22718549857,67104621
22718549857,67104622
22718549857,67104623
22718549857,67104625
22718549857,67104626
22718549857,67104627
22718549857,67104629
22718549857,67104631
22718549857,67104633
22718549857,67104635
22718549857,67104636
22718549857,67104637
22718549857,67104640
22718549857,67104641
22718549857,67104642
22718549857,67104647
22718549857,67104650
22718549857,67104664
44704243267,67104029
44704243267,67104031
44704243267,67104033
44704243267,67104034
44704243267,67104037
44704243267,67104038
44704243267,67104043
44704243267,67104047
44704243267,67104052
44704243267,67104054
44704243267,67104058
44704243267,67104061
44704243267,67104064
44704243267,67104065
44704243267,67104066
44704243267,67104067
44704243267,67104069
44704243267,67104070
44704243267,67104073
44704243267,67104075
44704243267,67104076
44704243267,67104079
44704243267,67104082
44704243267,67104088
44704243267,67104090
44704243267,67104091
44704243267,67104092
44704243267,67104093
44704243267,67104094
44704243267,67104095
44704243267,67104096
44704243267,67104098
44704243267,67104099
44704243267,67104100
44704243267,67104101
44704243267,67104102
44704243267,67104103
44704243267,67104104
44704243267,67104105
44704243267,67104107
44704243267,67104108
44704243267,67104109
44704243267,67104110
44704243267,67104111
44704243267,67104112
44704243267,67104113
44704243267,67104116
44704243267,67104117
44704243267,67104119
44704243267,67104120
44704243267,67104121
44704243267,67104122
44704243267,67104123
44704243267,67104124
44704243267,67104129
44704243267,67104131
44704243267,67104133
44704243267,67104135
44704243267,67104136
44704243267,67104137
44704243267,67104139
44704243267,67104141
44704243267,67104149
44704243267,67104152
66689936677,131251
66689936677,67104097
66689936677,67104106
66689936677,67104221
66689936677,67104222
66689936677,67104224
66689936677,67104225
66689936677,67104226
66689936677,67104227
66689936677,67104228
66689936677,67104229
66689936677,67104230
66689936677,67104231
66689936677,67104232
66689936677,67104233
66689936677,67104234
66689936677,67104235
66689936677,67104417
66689936677,67104577
66689936677,67104578
66689936677,67104584
66689936677,67104671
66689936677,67106919
66689936677,67106947
66689936677,67107006
66689936677,67107031
66689936677,67107042
66689936677,67107061
66689936677,67107069
66689936677,67107072
66689936677,67107075
66689936677,67107078
66689936677,67107082
66689936677,67107083
66689936677,67107084
66689936677,67107085
66689936677,67107087
66689936677,67107090
66689936677,67107091
66689936677,67107094
66689936677,67107096
66689936677,67107102
66689936677,67107106
66689936677,67107109
66689936677,67107111
66689936677,67107113
66689936677,67107120
66689936677,67107125
66689936677,67107126
66689936677,67107129
66689936677,67108730
66689936677,67108731
66689936677,67108733
66689936677,67108734
66689936677,67108735
66689936677,67108736
66689936677,67108737
66689936677,67108738
66689936677,67108739
66689936677,67108740
66689936677,67108741
66689936677,67108742
66689936677,67108743
66689936677,67108744
88675630087,67104028
88675630087,67104030
88675630087,67104032
88675630087,67104035
88675630087,67104036
88675630087,67104039
88675630087,67104040
88675630087,67104041
88675630087,67104042
88675630087,67104044
88675630087,67104045
88675630087,67104046
88675630087,67104048
88675630087,67104049
88675630087,67104050
88675630087,67104051
88675630087,67104053
88675630087,67104055
88675630087,67104056
88675630087,67104057
88675630087,67104059
88675630087,67104060
88675630087,67104062
88675630087,67104063
88675630087,67104068
88675630087,67104071
88675630087,67104072
88675630087,67104074
88675630087,67104077
88675630087,67104078
88675630087,67104080
88675630087,67104081
88675630087,67104083
88675630087,67104084
88675630087,67104085
88675630087,67104086
88675630087,67104087
88675630087,67104089
88675630087,67104114
88675630087,67104115
88675630087,67104118
88675630087,67104125
88675630087,67104126
88675630087,67104127
88675630087,67104128
88675630087,67104130
88675630087,67104132
88675630087,67104134
88675630087,67104138
88675630087,67104140
88675630087,67104142
88675630087,67104143
88675630087,67104144
88675630087,67104145
88675630087,67104146
88675630087,67104147
88675630087,67104148
88675630087,67104150
88675630087,67104151
88675630087,67104153
88675630087,67104154
88675630087,67104155
88675630087,67105464
88675630087,67108691
110661323497,67104162
110661323497,67104166
110661323497,67104167
110661323497,67104168
110661323497,67104169
110661323497,67104170
110661323497,67104171
110661323497,67104172
110661323497,67104173
110661323497,67104174
110661323497,67104175
110661323497,67104176
110661323497,67104177
110661323497,67105043
110661323497,67105100
110661323497,67105117
110661323497,67105140
110661323497,67105148
110661323497,67105153
110661323497,67105165
110661323497,67105176
110661323497,67105190
110661323497,67105199
110661323497,67105215
110661323497,67105217
110661323497,67105218
110661323497,67105220
110661323497,67105221
110661323497,67105230
110661323497,67105245
110661323497,67105253
110661323497,67105255
110661323497,67105259
110661323497,67105267
110661323497,67105268
110661323497,67105272
110661323497,67105274
110661323497,67105280
110661323497,67105283
110661323497,67105284
110661323497,67105285
110661323497,67105290
110661323497,67105295
110661323497,67105296
110661323497,67105297
110661323497,67105303
110661323497,67105305
110661323497,67105307
110661323497,67105309
110661323497,67105310
110661323497,67108674
110661323497,67108675
110661323497,67108676
110661323497,67108677
110661323497,67108678
110661323497,67108679
110661323497,67108680
110661323497,67108681
110661323497,67108682
110661323497,67108683
110661323497,67108684
110661323497,67108685
110661323497,67108686
132647016907,67104157
132647016907,67104265
132647016907,67104270
132647016907,67104271
132647016907,67104274
132647016907,67104275
132647016907,67104276
132647016907,67104277
132647016907,67104278
132647016907,67104279
132647016907,67104280
132647016907,67104281
132647016907,67104282
132647016907,67104283
132647016907,67104284
132647016907,67104672
132647016907,67104674
132647016907,67104675
132647016907,67108527
132647016907,67108550
132647016907,67108554
132647016907,67108577
132647016907,67108586
132647016907,67108607
132647016907,67108624
132647016907,67108627
132647016907,67108639
132647016907,67108641
132647016907,67108642
132647016907,67108645
132647016907,67108646
132647016907,67108647
132647016907,67108650
132647016907,67108652
132647016907,67108655
132647016907,67108657
132647016907,67108661
132647016907,67108662
132647016907,67108663
132647016907,67108664
132647016907,67108665
132647016907,67108780
132647016907,67108783
132647016907,67108784
132647016907,67108785
132647016907,67108786
132647016907,67108787
132647016907,67108788
132647016907,67108789
132647016907,67108790
132647016907,67108791
132647016907,67108792
132647016907,67108793
