1093269888,67100903
1093269888,67100904
1093269888,67100905
1093269888,67100906
1093269888,67100907
1093269888,67100908
1093269888,67100909
1093269888,67100910
1093269888,67100911
1093269888,67100912
1093269888,67100913
1093269888,67100914
1093269888,67100915
1093269888,67100916
1093269888,67100917
1093269888,67100918
1093269888,67100919
1093269888,67100920
1093269888,67100921
1093269888,67100922
1093269888,67100923
1093269888,67100924
1093269888,67100925
1093269888,67100926
1093269888,67100927
1093269888,67100928
1093269888,67100929
1093269888,67100930
1093269888,67100931
1093269888,67100932
1093269888,67100933
1093269888,67100934
1093269888,67100935
1093269888,67100936
1093269888,67100937
1093269888,67100938
1093269888,67100939
1093269888,67100940
1093269888,67100941
1093269888,67100942
1093269888,67101281
33891366528,67100944
33891366528,67100945
33891366528,67100946
33891366528,67100947
33891366528,67100948
33891366528,67100949
33891366528,67100950
33891366528,67100951
33891366528,67100952
33891366528,67100953
33891366528,67100954
33891366528,67100955
33891366528,67100956
33891366528,67100957
33891366528,67100958
33891366528,67100959
33891366528,67100960
33891366528,67100961
33891366528,67100962
33891366528,67100963
33891366528,67100964
33891366528,67100965
33891366528,67100966
33891366528,67100967
33891366528,67100969
33891366528,67100970
33891366528,67100974
33891366528,67100975
33891366528,67100978
33891366528,67100979
33891366528,67100982
33891366528,67100985
33891366528,67100990
33891366528,67100992
33891366528,67101052
33891366528,67101082
33891366528,67101083
33891366528,67101084
33891366528,67101085
33891366528,67101087
33891366528,67101088
33891366528,67101089
33891366528,67101090
33891366528,67101095
33891366528,67106641
