1093269888,67100903
1093269888,67100904
1093269888,67100905
1093269888,67100906
1093269888,67100907
1093269888,67100908
1093269888,67100909
1093269888,67100910
1093269888,67100911
1093269888,67100912
1093269888,67100913
1093269888,67100914
1093269888,67100915
1093269888,67100916
1093269888,67100917
1093269888,67100918
1093269888,67100919
1093269888,67100920
1093269888,67100921
1093269888,67100922
1093269888,67100923
1093269888,67100924
1093269888,67100925
1093269888,67100926
1093269888,67100927
1093269888,67100928
1093269888,67100929
1093269888,67100930
1093269888,67100931
1093269888,67100932
1093269888,67100933
1093269888,67100934
1093269888,67100935
1093269888,67100936
1093269888,67100937
1093269888,67100938
1093269888,67100939
1093269888,67100940
1093269888,67100941
1093269888,67100942
1093269888,67101281
33891366528,67100944
33891366528,67100945
33891366528,67100946
33891366528,67100947
33891366528,67100948
33891366528,67100949
33891366528,67100950
33891366528,67100951
33891366528,67100952
33891366528,67100953
33891366528,67100954
33891366528,67100955
33891366528,67100956
33891366528,67100957
33891366528,67100958
33891366528,67100959
33891366528,67100960
33891366528,67100961
33891366528,67100962
33891366528,67100963
33891366528,67100964
33891366528,67100965
33891366528,67100966
33891366528,67100967
33891366528,67100968
33891366528,67100969
33891366528,67100970
33891366528,67100972
33891366528,67100973
33891366528,67100974
33891366528,67100975
33891366528,67100976
33891366528,67100977
33891366528,67100978
33891366528,67100979
33891366528,67100982
33891366528,67100983
33891366528,67100985
33891366528,67100990
33891366528,67100992
33891366528,67100993
33891366528,67101004
33891366528,67101034
33891366528,67101052
33891366528,67101057
33891366528,67101060
33891366528,67101065
33891366528,67101077
33891366528,67101078
33891366528,67101082
33891366528,67101083
33891366528,67101084
33891366528,67101085
33891366528,67101086
33891366528,67101087
33891366528,67101088
33891366528,67101089
33891366528,67101090
33891366528,67101091
33891366528,67101092
33891366528,67101094
33891366528,67101095
33891366528,67101096
33891366528,67106641
66689463168,67100099
66689463168,67100100
66689463168,67100101
66689463168,67100102
66689463168,67100103
66689463168,67100104
66689463168,67100105
66689463168,67100106
66689463168,67100107
66689463168,67100108
66689463168,67100109
66689463168,67100110
66689463168,67100111
66689463168,67100112
66689463168,67100113
66689463168,67100114
66689463168,67100115
66689463168,67100116
66689463168,67100117
66689463168,67100118
66689463168,67100119
66689463168,67100120
66689463168,67100121
66689463168,67100122
66689463168,67100123
66689463168,67100124
66689463168,67100125
66689463168,67100126
66689463168,67100127
66689463168,67100128
66689463168,67100129
66689463168,67100130
66689463168,67100131
66689463168,67100132
66689463168,67100133
66689463168,67100134
66689463168,67100135
66689463168,67100136
66689463168,67100137
66689463168,67100138
66689463168,67100139
66689463168,67100140
66689463168,67100141
66689463168,67100142
66689463168,67100143
66689463168,67100144
66689463168,67100145
66689463168,67100146
66689463168,67100148
66689463168,67100149
66689463168,67100154
66689463168,67100157
66689463168,67100160
66689463168,67100174
66689463168,67100292
66689463168,67100300
66689463168,67100301
66689463168,67102274
66689463168,67102280
66689463168,67102451
66689463168,67102819
66689463168,67103125
66689463168,67108594
66689463168,67108595
99487559808,131243
99487559808,67100303
99487559808,67100304
99487559808,67100305
99487559808,67100306
99487559808,67100307
99487559808,67100308
99487559808,67100309
99487559808,67100310
99487559808,67100311
99487559808,67100315
99487559808,67100316
99487559808,67100319
99487559808,67100320
99487559808,67100323
99487559808,67100324
99487559808,67100334
99487559808,67100971
99487559808,67100980
99487559808,67100981
99487559808,67100984
99487559808,67100986
99487559808,67100987
99487559808,67100988
99487559808,67100989
99487559808,67100991
99487559808,67100994
99487559808,67100995
99487559808,67100996
99487559808,67100997
99487559808,67100998
99487559808,67101000
99487559808,67101006
99487559808,67101007
99487559808,67101008
99487559808,67101009
99487559808,67101011
99487559808,67101013
99487559808,67101014
99487559808,67101033
99487559808,67101495
99487559808,67101562
99487559808,67101572
99487559808,67101574
99487559808,67101599
99487559808,67101651
99487559808,67101658
99487559808,67101712
99487559808,67101777
99487559808,67101778
99487559808,67108598
99487559808,67108599
99487559808,67108600
99487559808,67108601
99487559808,67108603
99487559808,67108604
99487559808,67108605
99487559808,67108609
99487559808,67108611
99487559808,67108613
99487559808,67108614
99487559808,67108615
99487559808,67108617
99487559808,67108618
132285656448,131245
132285656448,131260
132285656448,67100147
132285656448,67100150
132285656448,67100151
132285656448,67100152
132285656448,67100153
132285656448,67100155
132285656448,67100156
132285656448,67100158
132285656448,67100159
132285656448,67100161
132285656448,67100162
132285656448,67100163
132285656448,67100164
132285656448,67100165
132285656448,67100166
132285656448,67100167
132285656448,67100168
132285656448,67100169
132285656448,67100170
132285656448,67100171
132285656448,67100172
132285656448,67100173
132285656448,67100175
132285656448,67100176
132285656448,67100177
132285656448,67100178
132285656448,67100179
132285656448,67100180
132285656448,67100181
132285656448,67100182
132285656448,67100185
132285656448,67100187
132285656448,67100188
132285656448,67100191
132285656448,67100201
132285656448,67100202
132285656448,67100252
132285656448,67100263
132285656448,67100280
132285656448,67100290
132285656448,67100302
132285656448,67100344
132285656448,67100724
132285656448,67101108
132285656448,67101111
132285656448,67101538
132285656448,67101600
132285656448,67103474
132285656448,67103800
132285656448,67103991
132285656448,67104042
132285656448,67104436
132285656448,67104457
132285656448,67104685
132285656448,67104720
132285656448,67106258
132285656448,67106324
132285656448,67108596
132285656448,67108597
132285656448,67108602
132285656448,67108638
165083753088,67100317
165083753088,67100328
165083753088,67100521
165083753088,67100999
165083753088,67101001
165083753088,67101002
165083753088,67101003
165083753088,67101005
165083753088,67101010
165083753088,67101012
165083753088,67101015
165083753088,67101016
165083753088,67101017
165083753088,67101018
165083753088,67101019
165083753088,67101020
165083753088,67101021
165083753088,67101022
165083753088,67101027
165083753088,67101028
165083753088,67101030
165083753088,67101035
165083753088,67101427
165083753088,67101602
165083753088,67101603
165083753088,67101604
165083753088,67101605
165083753088,67101606
165083753088,67101617
165083753088,67101673
165083753088,67101677
165083753088,67101689
165083753088,67101739
165083753088,67101747
165083753088,67101779
165083753088,67101782
165083753088,67101784
165083753088,67101788
165083753088,67101797
165083753088,67101840
165083753088,67101850
165083753088,67101854
165083753088,67101862
165083753088,67101866
165083753088,67101926
165083753088,67101977
165083753088,67102245
165083753088,67102591
165083753088,67102594
165083753088,67102733
165083753088,67102743
165083753088,67102763
165083753088,67102838
165083753088,67102968
165083753088,67103510
165083753088,67103784
165083753088,67103852
165083753088,67104045
165083753088,67104429
165083753088,67104462
165083753088,67104930
165083753088,67105213
197881849728,131246
197881849728,67100183
197881849728,67100184
197881849728,67100186
197881849728,67100189
197881849728,67100190
197881849728,67100192
197881849728,67100193
197881849728,67100194
197881849728,67100195
197881849728,67100196
197881849728,67100197
197881849728,67100198
197881849728,67100199
197881849728,67100200
197881849728,67100203
197881849728,67100208
197881849728,67100266
197881849728,67100312
197881849728,67100313
197881849728,67100314
197881849728,67100318
197881849728,67101291
197881849728,67101318
197881849728,67101339
197881849728,67101409
197881849728,67101445
197881849728,67101534
197881849728,67101552
197881849728,67101569
197881849728,67101610
197881849728,67101614
197881849728,67101642
197881849728,67101678
197881849728,67101701
197881849728,67101719
197881849728,67101750
197881849728,67101767
197881849728,67101768
197881849728,67101811
197881849728,67101813
197881849728,67101839
197881849728,67101900
197881849728,67101914
197881849728,67101947
197881849728,67101949
197881849728,67101957
197881849728,67102052
197881849728,67102127
197881849728,67102514
197881849728,67102605
197881849728,67103220
197881849728,67103221
197881849728,67103580
197881849728,67104326
197881849728,67104834
197881849728,67105302
197881849728,67108606
197881849728,67108607
197881849728,67108608
197881849728,67108610
230679946368,67101023
230679946368,67101024
230679946368,67101025
230679946368,67101026
230679946368,67101029
230679946368,67101045
230679946368,67101103
230679946368,67101485
230679946368,67101780
230679946368,67101781
230679946368,67101852
230679946368,67101868
230679946368,67101893
230679946368,67101894
230679946368,67102100
230679946368,67102195
230679946368,67102321
230679946368,67102415
230679946368,67102500
230679946368,67102596
230679946368,67102621
230679946368,67102646
230679946368,67102673
230679946368,67102674
230679946368,67102736
230679946368,67102747
230679946368,67102767
230679946368,67102908
230679946368,67102937
230679946368,67102957
230679946368,67102967
230679946368,67103038
230679946368,67103054
230679946368,67103055
230679946368,67103065
230679946368,67103086
230679946368,67103152
230679946368,67103214
230679946368,67103215
230679946368,67103262
230679946368,67103298
230679946368,67103350
230679946368,67103358
230679946368,67103367
230679946368,67103389
230679946368,67103434
230679946368,67103460
230679946368,67103576
230679946368,67103609
230679946368,67103828
230679946368,67104000
230679946368,67104073
230679946368,67104077
230679946368,67104121
230679946368,67104222
230679946368,67104327
230679946368,67104341
230679946368,67104584
230679946368,67104632
230679946368,67104979
263478043008,67100204
263478043008,67100205
263478043008,67100206
263478043008,67100207
263478043008,67100209
263478043008,67100210
263478043008,67100211
263478043008,67100212
263478043008,67100213
263478043008,67100214
263478043008,67100215
263478043008,67100216
263478043008,67100217
263478043008,67100218
263478043008,67100219
263478043008,67100220
263478043008,67100221
263478043008,67100222
263478043008,67100223
263478043008,67100224
263478043008,67100226
263478043008,67100229
263478043008,67100237
263478043008,67101128
263478043008,67101158
263478043008,67101533
263478043008,67101558
263478043008,67101567
263478043008,67101568
263478043008,67101578
263478043008,67101639
263478043008,67101666
263478043008,67101683
263478043008,67101688
263478043008,67101697
263478043008,67101737
263478043008,67101741
263478043008,67101799
263478043008,67101833
263478043008,67101847
263478043008,67101851
263478043008,67101860
263478043008,67101943
263478043008,67101945
263478043008,67101952
263478043008,67101956
263478043008,67102217
263478043008,67102218
263478043008,67102428
263478043008,67102455
263478043008,67102464
263478043008,67102466
263478043008,67102878
263478043008,67103146
263478043008,67103204
263478043008,67103292
263478043008,67103300
263478043008,67103540
263478043008,67103567
263478043008,67103645
263478043008,67104663
263478043008,67105093
263478043008,67105095
296276139648,67101031
296276139648,67101032
296276139648,67101036
296276139648,67101037
296276139648,67101038
296276139648,67101039
296276139648,67101040
296276139648,67101041
296276139648,67101042
296276139648,67101062
296276139648,67102429
296276139648,67103222
296276139648,67103223
296276139648,67103224
296276139648,67103225
296276139648,67103226
296276139648,67103227
296276139648,67103228
296276139648,67103229
296276139648,67103230
296276139648,67103232
296276139648,67103233
296276139648,67103234
296276139648,67103235
296276139648,67103237
296276139648,67103379
296276139648,67103696
296276139648,67103720
296276139648,67103728
296276139648,67103752
296276139648,67103771
296276139648,67103777
296276139648,67103796
296276139648,67103806
296276139648,67103895
296276139648,67103912
296276139648,67103914
296276139648,67103935
296276139648,67103936
296276139648,67103945
296276139648,67103950
296276139648,67103951
296276139648,67103954
296276139648,67103961
296276139648,67103965
296276139648,67103969
296276139648,67103975
296276139648,67103980
296276139648,67103984
296276139648,67103985
296276139648,67103986
296276139648,67103997
296276139648,67104003
296276139648,67104005
296276139648,67104018
296276139648,67104019
296276139648,67104022
296276139648,67104023
296276139648,67104031
296276139648,67104033
296276139648,67104036
296276139648,67104039
329074236288,131248
329074236288,131249
329074236288,131250
329074236288,67100225
329074236288,67100227
329074236288,67100228
329074236288,67100230
329074236288,67100231
329074236288,67100233
329074236288,67100239
329074236288,67100242
329074236288,67100243
329074236288,67100246
329074236288,67100271
329074236288,67100272
329074236288,67100273
329074236288,67100277
329074236288,67100278
329074236288,67100279
329074236288,67100282
329074236288,67100283
329074236288,67102482
329074236288,67102649
329074236288,67102654
329074236288,67102752
329074236288,67102840
329074236288,67102960
329074236288,67103021
329074236288,67103085
329074236288,67103133
329074236288,67103192
329074236288,67103193
329074236288,67103293
329074236288,67103296
329074236288,67103331
329074236288,67103410
329074236288,67103467
329074236288,67103472
329074236288,67103481
329074236288,67103495
329074236288,67103497
329074236288,67103503
329074236288,67103509
329074236288,67103511
329074236288,67103513
329074236288,67103514
329074236288,67103524
329074236288,67103533
329074236288,67103566
329074236288,67103572
329074236288,67103603
329074236288,67103642
329074236288,67103644
329074236288,67103651
329074236288,67103662
329074236288,67103665
329074236288,67103666
329074236288,67103671
329074236288,67103673
329074236288,67103681
329074236288,67103702
329074236288,67103710
361872332928,67101047
361872332928,67101048
361872332928,67101049
361872332928,67101051
361872332928,67101059
361872332928,67101061
361872332928,67101072
361872332928,67101075
361872332928,67101076
361872332928,67103469
361872332928,67103532
361872332928,67104114
361872332928,67104265
361872332928,67104303
361872332928,67104488
361872332928,67104554
361872332928,67104556
361872332928,67104573
361872332928,67104587
361872332928,67105069
361872332928,67105750
361872332928,67105823
361872332928,67105824
361872332928,67108620
