1093269888,67100903
1093269888,67100904
1093269888,67100905
1093269888,67100906
1093269888,67100907
1093269888,67100908
1093269888,67100909
1093269888,67100910
1093269888,67100911
1093269888,67100912
1093269888,67100913
1093269888,67100914
1093269888,67100915
1093269888,67100916
1093269888,67100917
1093269888,67100918
1093269888,67100919
1093269888,67100920
1093269888,67100921
1093269888,67100922
1093269888,67100923
1093269888,67100924
1093269888,67100925
1093269888,67100926
1093269888,67100927
1093269888,67100928
1093269888,67100929
1093269888,67100930
1093269888,67100931
1093269888,67100932
1093269888,67100933
1093269888,67100934
1093269888,67100935
1093269888,67100936
1093269888,67100937
1093269888,67100938
1093269888,67100939
1093269888,67100940
1093269888,67100941
1093269888,67100942
1093269888,67101281
33891366528,67100944
33891366528,67100945
33891366528,67100946
33891366528,67100947
33891366528,67100948
33891366528,67100949
33891366528,67100950
33891366528,67100951
33891366528,67100952
33891366528,67100953
33891366528,67100954
33891366528,67100955
33891366528,67100956
33891366528,67100957
33891366528,67100958
33891366528,67100959
33891366528,67100960
33891366528,67100961
33891366528,67100962
33891366528,67100963
33891366528,67100964
33891366528,67100965
33891366528,67100966
33891366528,67100967
33891366528,67100968
33891366528,67100969
33891366528,67100970
33891366528,67100972
33891366528,67100973
33891366528,67100974
33891366528,67100975
33891366528,67100976
33891366528,67100977
33891366528,67100978
33891366528,67100979
33891366528,67100982
33891366528,67100983
33891366528,67100985
33891366528,67100990
33891366528,67100992
33891366528,67100993
33891366528,67101004
33891366528,67101034
33891366528,67101052
33891366528,67101057
33891366528,67101060
33891366528,67101065
33891366528,67101077
33891366528,67101078
33891366528,67101082
33891366528,67101083
33891366528,67101084
33891366528,67101085
33891366528,67101086
33891366528,67101087
33891366528,67101088
33891366528,67101089
33891366528,67101090
33891366528,67101091
33891366528,67101092
33891366528,67101094
33891366528,67101095
33891366528,67101096
33891366528,67106641
66689463168,67100099
66689463168,67100100
66689463168,67100101
66689463168,67100102
66689463168,67100103
66689463168,67100104
66689463168,67100105
66689463168,67100106
66689463168,67100107
66689463168,67100108
66689463168,67100109
66689463168,67100110
66689463168,67100111
66689463168,67100112
66689463168,67100113
66689463168,67100114
66689463168,67100115
66689463168,67100116
66689463168,67100117
66689463168,67100118
66689463168,67100119
66689463168,67100120
66689463168,67100121
66689463168,67100122
66689463168,67100123
66689463168,67100124
66689463168,67100125
66689463168,67100126
66689463168,67100127
66689463168,67100128
66689463168,67100129
66689463168,67100130
66689463168,67100131
66689463168,67100132
66689463168,67100133
66689463168,67100134
66689463168,67100135
66689463168,67100136
66689463168,67100137
66689463168,67100138
66689463168,67100139
66689463168,67100140
66689463168,67100141
66689463168,67100142
66689463168,67100143
66689463168,67100144
66689463168,67100145
66689463168,67100146
66689463168,67100148
66689463168,67100149
66689463168,67100154
66689463168,67100157
66689463168,67100160
66689463168,67100174
66689463168,67100292
66689463168,67100300
66689463168,67100301
66689463168,67102274
66689463168,67102280
66689463168,67102451
66689463168,67102819
66689463168,67103125
66689463168,67108594
66689463168,67108595
99487559808,131243
99487559808,67100303
99487559808,67100304
99487559808,67100305
99487559808,67100306
99487559808,67100307
99487559808,67100308
99487559808,67100309
99487559808,67100310
99487559808,67100311
99487559808,67100315
99487559808,67100316
99487559808,67100319
99487559808,67100320
99487559808,67100323
99487559808,67100324
99487559808,67100334
99487559808,67100971
99487559808,67100980
99487559808,67100981
99487559808,67100984
99487559808,67100986
99487559808,67100987
99487559808,67100988
99487559808,67100989
99487559808,67100991
99487559808,67100994
99487559808,67100995
99487559808,67100996
99487559808,67100997
99487559808,67100998
99487559808,67101000
99487559808,67101006
99487559808,67101007
99487559808,67101008
99487559808,67101009
99487559808,67101011
99487559808,67101013
99487559808,67101014
99487559808,67101033
99487559808,67101495
99487559808,67101562
99487559808,67101572
99487559808,67101574
99487559808,67101599
99487559808,67101651
99487559808,67101658
99487559808,67101712
99487559808,67101777
99487559808,67101778
99487559808,67108598
99487559808,67108599
99487559808,67108600
99487559808,67108601
99487559808,67108603
99487559808,67108604
99487559808,67108605
99487559808,67108609
99487559808,67108611
99487559808,67108613
99487559808,67108614
99487559808,67108615
99487559808,67108617
99487559808,67108618
132285656448,131245
132285656448,131260
132285656448,67100147
132285656448,67100150
132285656448,67100151
132285656448,67100152
132285656448,67100153
132285656448,67100155
132285656448,67100156
132285656448,67100158
132285656448,67100159
132285656448,67100161
132285656448,67100162
132285656448,67100163
132285656448,67100164
132285656448,67100165
132285656448,67100166
132285656448,67100167
132285656448,67100168
132285656448,67100169
132285656448,67100170
132285656448,67100171
132285656448,67100172
132285656448,67100173
132285656448,67100175
132285656448,67100176
132285656448,67100177
132285656448,67100178
132285656448,67100179
132285656448,67100180
132285656448,67100181
132285656448,67100182
132285656448,67100185
132285656448,67100187
132285656448,67100188
132285656448,67100191
132285656448,67100201
132285656448,67100202
132285656448,67100252
132285656448,67100263
132285656448,67100280
132285656448,67100290
132285656448,67100302
132285656448,67100344
132285656448,67100724
132285656448,67101108
132285656448,67101111
132285656448,67101538
132285656448,67101600
132285656448,67103474
132285656448,67103800
132285656448,67103991
132285656448,67104042
132285656448,67104436
132285656448,67104457
132285656448,67104685
132285656448,67104720
132285656448,67106258
132285656448,67106324
132285656448,67108596
132285656448,67108597
132285656448,67108602
132285656448,67108638
165083753088,67100317
165083753088,67100328
165083753088,67100521
165083753088,67100999
165083753088,67101001
165083753088,67101002
165083753088,67101003
165083753088,67101005
165083753088,67101010
165083753088,67101012
165083753088,67101015
165083753088,67101016
165083753088,67101017
165083753088,67101018
165083753088,67101019
165083753088,67101020
165083753088,67101021
165083753088,67101022
165083753088,67101027
165083753088,67101028
165083753088,67101030
165083753088,67101035
165083753088,67101427
165083753088,67101602
165083753088,67101603
165083753088,67101604
165083753088,67101605
165083753088,67101606
165083753088,67101617
165083753088,67101673
165083753088,67101677
165083753088,67101689
165083753088,67101739
165083753088,67101747
165083753088,67101779
165083753088,67101782
165083753088,67101784
165083753088,67101788
165083753088,67101797
165083753088,67101840
165083753088,67101850
165083753088,67101854
165083753088,67101862
165083753088,67101866
165083753088,67101926
165083753088,67101977
165083753088,67102245
165083753088,67102591
165083753088,67102594
165083753088,67102733
165083753088,67102743
165083753088,67102763
165083753088,67102838
165083753088,67102968
165083753088,67103510
165083753088,67103784
165083753088,67103852
165083753088,67104045
165083753088,67104429
165083753088,67104462
165083753088,67104930
165083753088,67105213
197881849728,131246
197881849728,67100183
197881849728,67100184
197881849728,67100186
197881849728,67100189
197881849728,67100190
197881849728,67100192
197881849728,67100193
197881849728,67100194
197881849728,67100195
197881849728,67100196
197881849728,67100197
197881849728,67100198
197881849728,67100199
197881849728,67100200
197881849728,67100203
197881849728,67100208
197881849728,67100266
197881849728,67100312
197881849728,67100313
197881849728,67100314
197881849728,67100318
197881849728,67101291
197881849728,67101318
197881849728,67101339
197881849728,67101409
197881849728,67101445
197881849728,67101534
197881849728,67101552
197881849728,67101569
197881849728,67101610
197881849728,67101614
197881849728,67101642
197881849728,67101678
197881849728,67101701
197881849728,67101719
197881849728,67101750
197881849728,67101767
197881849728,67101768
197881849728,67101811
197881849728,67101813
197881849728,67101839
197881849728,67101900
197881849728,67101914
197881849728,67101947
197881849728,67101949
197881849728,67101957
197881849728,67102052
197881849728,67102127
197881849728,67102514
197881849728,67102605
197881849728,67103220
197881849728,67103221
197881849728,67103580
197881849728,67104326
197881849728,67104834
197881849728,67105302
197881849728,67108606
197881849728,67108607
197881849728,67108608
197881849728,67108610
230679946368,67101023
230679946368,67101024
230679946368,67101025
230679946368,67101026
230679946368,67101029
230679946368,67101045
230679946368,67101103
230679946368,67101485
230679946368,67101780
230679946368,67101781
230679946368,67101852
230679946368,67101868
230679946368,67101893
230679946368,67101894
230679946368,67102100
230679946368,67102195
230679946368,67102321
230679946368,67102415
230679946368,67102500
230679946368,67102596
230679946368,67102621
230679946368,67102646
230679946368,67102673
230679946368,67102674
230679946368,67102736
230679946368,67102747
230679946368,67102767
230679946368,67102908
230679946368,67102937
230679946368,67102957
230679946368,67102967
230679946368,67103038
230679946368,67103054
230679946368,67103055
230679946368,67103065
230679946368,67103086
230679946368,67103152
230679946368,67103214
230679946368,67103215
230679946368,67103262
230679946368,67103298
230679946368,67103350
230679946368,67103358
230679946368,67103367
230679946368,67103389
230679946368,67103434
230679946368,67103460
230679946368,67103576
230679946368,67103609
230679946368,67103828
230679946368,67104000
230679946368,67104073
230679946368,67104077
230679946368,67104121
230679946368,67104222
230679946368,67104327
230679946368,67104341
230679946368,67104584
230679946368,67104632
230679946368,67104979
263478043008,67100204
263478043008,67100205
263478043008,67100206
263478043008,67100207
263478043008,67100209
263478043008,67100210
263478043008,67100211
263478043008,67100212
263478043008,67100213
263478043008,67100214
263478043008,67100215
263478043008,67100216
263478043008,67100217
263478043008,67100218
263478043008,67100219
263478043008,67100220
263478043008,67100221
263478043008,67100222
263478043008,67100223
263478043008,67100224
263478043008,67100226
263478043008,67100229
263478043008,67100237
263478043008,67101128
263478043008,67101158
263478043008,67101533
263478043008,67101558
263478043008,67101567
263478043008,67101568
263478043008,67101578
263478043008,67101639
263478043008,67101666
263478043008,67101683
263478043008,67101688
263478043008,67101697
263478043008,67101737
263478043008,67101741
263478043008,67101799
263478043008,67101833
263478043008,67101847
263478043008,67101851
263478043008,67101860
263478043008,67101943
263478043008,67101945
263478043008,67101952
263478043008,67101956
263478043008,67102217
263478043008,67102218
263478043008,67102428
263478043008,67102455
263478043008,67102464
263478043008,67102466
263478043008,67102878
263478043008,67103146
263478043008,67103204
263478043008,67103292
263478043008,67103300
263478043008,67103540
263478043008,67103567
263478043008,67103645
263478043008,67104663
263478043008,67105093
263478043008,67105095
296276139648,67101031
296276139648,67101032
296276139648,67101036
296276139648,67101037
296276139648,67101038
296276139648,67101039
296276139648,67101040
296276139648,67101041
296276139648,67101042
296276139648,67101062
296276139648,67102429
296276139648,67103222
296276139648,67103223
296276139648,67103224
296276139648,67103225
296276139648,67103226
296276139648,67103227
296276139648,67103228
296276139648,67103229
296276139648,67103230
296276139648,67103232
296276139648,67103233
296276139648,67103234
296276139648,67103235
296276139648,67103237
296276139648,67103379
296276139648,67103696
296276139648,67103720
296276139648,67103728
296276139648,67103752
296276139648,67103771
296276139648,67103777
296276139648,67103796
296276139648,67103806
296276139648,67103895
296276139648,67103912
296276139648,67103914
296276139648,67103935
296276139648,67103936
296276139648,67103945
296276139648,67103950
296276139648,67103951
296276139648,67103954
296276139648,67103961
296276139648,67103965
296276139648,67103969
296276139648,67103975
296276139648,67103980
296276139648,67103984
296276139648,67103985
296276139648,67103986
296276139648,67103997
296276139648,67104003
296276139648,67104005
296276139648,67104018
296276139648,67104019
296276139648,67104022
296276139648,67104023
296276139648,67104031
296276139648,67104033
296276139648,67104036
296276139648,67104039
329074236288,131248
329074236288,131249
329074236288,131250
329074236288,67100225
329074236288,67100227
329074236288,67100228
329074236288,67100230
329074236288,67100231
329074236288,67100233
329074236288,67100239
329074236288,67100242
329074236288,67100243
329074236288,67100246
329074236288,67100271
329074236288,67100272
329074236288,67100273
329074236288,67100277
329074236288,67100278
329074236288,67100279
329074236288,67100282
329074236288,67100283
329074236288,67102482
329074236288,67102649
329074236288,67102654
329074236288,67102752
329074236288,67102840
329074236288,67102960
329074236288,67103021
329074236288,67103085
329074236288,67103133
329074236288,67103192
329074236288,67103193
329074236288,67103293
329074236288,67103296
329074236288,67103331
329074236288,67103410
329074236288,67103467
329074236288,67103472
329074236288,67103481
329074236288,67103495
329074236288,67103497
329074236288,67103503
329074236288,67103509
329074236288,67103511
329074236288,67103513
329074236288,67103514
329074236288,67103524
329074236288,67103533
329074236288,67103566
329074236288,67103572
329074236288,67103603
329074236288,67103642
329074236288,67103644
329074236288,67103651
329074236288,67103662
329074236288,67103665
329074236288,67103666
329074236288,67103671
329074236288,67103673
329074236288,67103681
329074236288,67103702
329074236288,67103710
361872332928,67100326
361872332928,67101047
361872332928,67101048
361872332928,67101049
361872332928,67101051
361872332928,67101059
361872332928,67101061
361872332928,67101072
361872332928,67101075
361872332928,67101076
361872332928,67103210
361872332928,67103469
361872332928,67103529
361872332928,67103532
361872332928,67104114
361872332928,67104118
361872332928,67104155
361872332928,67104214
361872332928,67104262
361872332928,67104265
361872332928,67104270
361872332928,67104303
361872332928,67104320
361872332928,67104328
361872332928,67104350
361872332928,67104358
361872332928,67104383
361872332928,67104406
361872332928,67104417
361872332928,67104433
361872332928,67104468
361872332928,67104488
361872332928,67104554
361872332928,67104556
361872332928,67104562
361872332928,67104572
361872332928,67104573
361872332928,67104587
361872332928,67104593
361872332928,67104600
361872332928,67104602
361872332928,67104616
361872332928,67104617
361872332928,67104619
361872332928,67104624
361872332928,67104638
361872332928,67104644
361872332928,67104669
361872332928,67104679
361872332928,67104681
361872332928,67104690
361872332928,67104696
361872332928,67104702
361872332928,67104713
361872332928,67104753
361872332928,67105069
361872332928,67105750
361872332928,67105823
361872332928,67105824
361872332928,67108620
394670429568,131251
394670429568,67100232
394670429568,67100234
394670429568,67100235
394670429568,67100236
394670429568,67100238
394670429568,67100240
394670429568,67100241
394670429568,67100244
394670429568,67100247
394670429568,67100248
394670429568,67100249
394670429568,67100251
394670429568,67100253
394670429568,67100254
394670429568,67100255
394670429568,67100256
394670429568,67100257
394670429568,67100258
394670429568,67100259
394670429568,67100260
394670429568,67100261
394670429568,67100262
394670429568,67100264
394670429568,67100265
394670429568,67100267
394670429568,67100268
394670429568,67100269
394670429568,67100270
394670429568,67100274
394670429568,67100275
394670429568,67100276
394670429568,67100281
394670429568,67100284
394670429568,67100285
394670429568,67100287
394670429568,67100291
394670429568,67100330
394670429568,67100332
394670429568,67101802
394670429568,67103039
394670429568,67103280
394670429568,67103547
394670429568,67104047
394670429568,67104107
394670429568,67104162
394670429568,67104376
394670429568,67104400
394670429568,67104549
394670429568,67104925
394670429568,67105003
394670429568,67105239
394670429568,67105247
394670429568,67105467
394670429568,67105653
394670429568,67105660
394670429568,67105749
394670429568,67105837
394670429568,67108032
394670429568,67108612
394670429568,67108619
394670429568,67108622
394670429568,67108626
427468526208,67100288
427468526208,67100298
427468526208,67100703
427468526208,67101134
427468526208,67101144
427468526208,67101153
427468526208,67101175
427468526208,67101179
427468526208,67101206
427468526208,67101210
427468526208,67101212
427468526208,67101213
427468526208,67101215
427468526208,67101217
427468526208,67101218
427468526208,67101219
427468526208,67101222
427468526208,67101226
427468526208,67101227
427468526208,67101229
427468526208,67101230
427468526208,67101231
427468526208,67101232
427468526208,67101239
427468526208,67101244
427468526208,67101245
427468526208,67101248
427468526208,67101290
427468526208,67101295
427468526208,67101298
427468526208,67101299
427468526208,67101301
427468526208,67101306
427468526208,67101312
427468526208,67101325
427468526208,67101334
427468526208,67101337
427468526208,67101452
427468526208,67101541
427468526208,67101593
427468526208,67101594
427468526208,67101596
427468526208,67101663
427468526208,67101682
427468526208,67102975
427468526208,67105171
427468526208,67105172
427468526208,67105173
427468526208,67105174
427468526208,67105175
427468526208,67105176
427468526208,67105177
427468526208,67105178
427468526208,67105179
427468526208,67105180
427468526208,67105181
427468526208,67105182
427468526208,67105183
427468526208,67105184
427468526208,67105185
427468526208,67105186
460266622848,67101073
460266622848,67102105
460266622848,67102185
460266622848,67102235
460266622848,67102917
460266622848,67102950
460266622848,67102984
460266622848,67103095
460266622848,67103115
460266622848,67103145
460266622848,67103167
460266622848,67103244
460266622848,67103287
460266622848,67103297
460266622848,67103327
460266622848,67103344
460266622848,67103348
460266622848,67103370
460266622848,67103449
460266622848,67103471
460266622848,67103482
460266622848,67103494
460266622848,67103538
460266622848,67103544
460266622848,67103558
460266622848,67103592
460266622848,67103600
460266622848,67103621
460266622848,67103624
460266622848,67103637
460266622848,67103641
460266622848,67103663
460266622848,67103679
460266622848,67103682
460266622848,67103684
460266622848,67103692
460266622848,67103693
460266622848,67103694
460266622848,67103698
460266622848,67103715
460266622848,67103746
460266622848,67103750
460266622848,67103760
460266622848,67103803
460266622848,67103836
460266622848,67103879
460266622848,67103885
460266622848,67103934
460266622848,67103937
460266622848,67103938
460266622848,67103939
460266622848,67103940
460266622848,67103941
460266622848,67103942
460266622848,67103943
460266622848,67103944
460266622848,67103946
460266622848,67103947
460266622848,67103948
460266622848,67103949
493064719488,67100245
493064719488,67100286
493064719488,67100331
493064719488,67102062
493064719488,67102160
493064719488,67102242
493064719488,67102267
493064719488,67102272
493064719488,67102275
493064719488,67102423
493064719488,67102573
493064719488,67102721
493064719488,67102772
493064719488,67102807
493064719488,67102854
493064719488,67102890
493064719488,67102988
493064719488,67103007
493064719488,67103009
493064719488,67103040
493064719488,67103129
493064719488,67103301
493064719488,67103304
493064719488,67103400
493064719488,67103415
493064719488,67103446
493064719488,67103466
493064719488,67103505
493064719488,67103599
493064719488,67103611
493064719488,67103646
493064719488,67103653
493064719488,67103655
493064719488,67103718
493064719488,67103734
493064719488,67103758
493064719488,67103786
493064719488,67103795
493064719488,67103798
493064719488,67103816
493064719488,67103850
493064719488,67103892
493064719488,67103901
493064719488,67104134
493064719488,67104181
493064719488,67104183
493064719488,67104217
493064719488,67104369
493064719488,67104375
493064719488,67104466
493064719488,67104583
493064719488,67104919
493064719488,67105280
493064719488,67105544
493064719488,67105744
493064719488,67105802
493064719488,67105815
493064719488,67105919
493064719488,67107421
525862816128,67100325
525862816128,67100327
525862816128,67100329
525862816128,67100333
525862816128,67100336
525862816128,67100337
525862816128,67100338
525862816128,67100341
525862816128,67100342
525862816128,67100343
525862816128,67100347
525862816128,67100360
525862816128,67101043
525862816128,67101044
525862816128,67101046
525862816128,67101050
525862816128,67101053
525862816128,67101054
525862816128,67101055
525862816128,67101056
525862816128,67101058
525862816128,67101063
525862816128,67101064
525862816128,67101066
525862816128,67101067
525862816128,67101068
525862816128,67101069
525862816128,67101070
525862816128,67101071
525862816128,67101074
525862816128,67101079
525862816128,67101080
525862816128,67101081
525862816128,67102612
525862816128,67103606
525862816128,67103870
525862816128,67103974
525862816128,67104092
525862816128,67104813
525862816128,67105193
525862816128,67105471
525862816128,67106015
525862816128,67106150
525862816128,67106203
525862816128,67106356
525862816128,67106806
525862816128,67108621
525862816128,67108623
525862816128,67108624
525862816128,67108625
525862816128,67108627
525862816128,67108628
525862816128,67108630
525862816128,67108631
525862816128,67108632
525862816128,67108636
525862816128,67108637
525862816128,67108641
525862816128,67108652
525862816128,67108654
558660912768,67101410
558660912768,67101413
558660912768,67101526
558660912768,67101592
558660912768,67101687
558660912768,67101790
558660912768,67101946
558660912768,67102048
558660912768,67102121
558660912768,67102206
558660912768,67102254
558660912768,67102393
558660912768,67102457
558660912768,67102530
558660912768,67102543
558660912768,67102623
558660912768,67102665
558660912768,67102714
558660912768,67102873
558660912768,67102939
558660912768,67102963
558660912768,67103105
558660912768,67103119
558660912768,67103250
558660912768,67103326
558660912768,67103335
558660912768,67103374
558660912768,67103376
558660912768,67103419
558660912768,67103421
558660912768,67103429
558660912768,67103478
558660912768,67103526
558660912768,67103550
558660912768,67103654
558660912768,67103881
558660912768,67103898
558660912768,67103996
558660912768,67104016
558660912768,67104041
558660912768,67104065
558660912768,67104097
558660912768,67104149
558660912768,67104180
558660912768,67104184
558660912768,67104229
558660912768,67104252
558660912768,67104318
558660912768,67104319
558660912768,67104344
558660912768,67104360
558660912768,67104384
558660912768,67104386
558660912768,67104395
558660912768,67104416
558660912768,67104451
558660912768,67104476
558660912768,67105015
558660912768,67106389
591459009408,131252
591459009408,67100250
591459009408,67100321
591459009408,67100339
591459009408,67100340
591459009408,67100345
591459009408,67100348
591459009408,67100349
591459009408,67100350
591459009408,67100353
591459009408,67100354
591459009408,67100355
591459009408,67100359
591459009408,67100364
591459009408,67100390
591459009408,67100393
591459009408,67102371
591459009408,67102871
591459009408,67103248
591459009408,67103319
591459009408,67103512
591459009408,67103781
591459009408,67103821
591459009408,67104006
591459009408,67104056
591459009408,67104450
591459009408,67104500
591459009408,67104676
591459009408,67104677
591459009408,67104689
591459009408,67104717
591459009408,67104889
591459009408,67105010
591459009408,67105549
591459009408,67105712
591459009408,67105866
591459009408,67106183
591459009408,67106239
591459009408,67106265
591459009408,67106293
591459009408,67106531
591459009408,67106589
591459009408,67106828
591459009408,67107333
591459009408,67107384
591459009408,67107736
591459009408,67108633
591459009408,67108634
591459009408,67108635
591459009408,67108639
591459009408,67108640
591459009408,67108642
591459009408,67108643
591459009408,67108644
591459009408,67108647
591459009408,67108649
591459009408,67108659
591459009408,67108684
591459009408,67108687
624257106048,67100293
624257106048,67101544
624257106048,67101553
624257106048,67102019
624257106048,67102022
624257106048,67102060
624257106048,67102068
624257106048,67102148
624257106048,67102219
624257106048,67102246
624257106048,67102300
624257106048,67102316
624257106048,67102438
624257106048,67102441
624257106048,67102469
624257106048,67102494
624257106048,67102508
624257106048,67102564
624257106048,67102572
624257106048,67102668
624257106048,67102671
624257106048,67102680
624257106048,67102718
624257106048,67102720
624257106048,67102725
624257106048,67102846
624257106048,67102861
624257106048,67102882
624257106048,67102886
624257106048,67103049
624257106048,67103071
624257106048,67103147
624257106048,67103180
624257106048,67103187
624257106048,67103336
624257106048,67103360
624257106048,67103399
624257106048,67103406
624257106048,67103443
624257106048,67103594
624257106048,67103598
624257106048,67103631
624257106048,67103677
624257106048,67103680
624257106048,67103722
624257106048,67103733
624257106048,67103789
624257106048,67103832
624257106048,67103871
624257106048,67103994
624257106048,67103995
624257106048,67104151
624257106048,67104257
624257106048,67104591
624257106048,67106197
624257106048,67106462
624257106048,67108645
657055202688,131244
657055202688,131254
657055202688,67101252
657055202688,67101284
657055202688,67101289
657055202688,67101292
657055202688,67101368
657055202688,67101374
657055202688,67101381
657055202688,67101458
657055202688,67101499
657055202688,67101548
657055202688,67101563
657055202688,67101670
657055202688,67101814
657055202688,67101846
657055202688,67101881
657055202688,67101961
657055202688,67101967
657055202688,67101973
657055202688,67101999
657055202688,67102021
657055202688,67102026
657055202688,67102031
657055202688,67102037
657055202688,67102045
657055202688,67102046
657055202688,67102056
657055202688,67102102
657055202688,67102157
657055202688,67102167
657055202688,67102225
657055202688,67102397
657055202688,67102417
657055202688,67102439
657055202688,67102492
657055202688,67102498
657055202688,67102548
657055202688,67102551
657055202688,67102595
657055202688,67102618
657055202688,67102760
657055202688,67102766
657055202688,67102815
657055202688,67102874
657055202688,67102903
657055202688,67102977
657055202688,67102987
657055202688,67103219
657055202688,67103359
657055202688,67103363
657055202688,67103539
657055202688,67103688
657055202688,67103858
657055202688,67104148
657055202688,67104396
657055202688,67104666
657055202688,67106333
657055202688,67106586
689853299328,67101154
689853299328,67101189
689853299328,67101214
689853299328,67101237
689853299328,67101257
689853299328,67101262
689853299328,67101324
689853299328,67101327
689853299328,67101344
689853299328,67101360
689853299328,67101375
689853299328,67101393
689853299328,67101420
689853299328,67101431
689853299328,67101438
689853299328,67101453
689853299328,67101466
689853299328,67101488
689853299328,67101507
689853299328,67101510
689853299328,67101517
689853299328,67101518
689853299328,67101522
689853299328,67101555
689853299328,67101589
689853299328,67101613
689853299328,67101679
689853299328,67101695
689853299328,67101705
689853299328,67101762
689853299328,67101836
689853299328,67101838
689853299328,67101890
689853299328,67101906
689853299328,67101965
689853299328,67101985
689853299328,67102015
689853299328,67102049
689853299328,67102073
689853299328,67102092
689853299328,67102104
689853299328,67102112
689853299328,67102145
689853299328,67102177
689853299328,67102282
689853299328,67102369
689853299328,67102386
689853299328,67102398
689853299328,67102431
689853299328,67103022
689853299328,67103108
689853299328,67103346
689853299328,67103404
689853299328,67103773
689853299328,67104027
689853299328,67104653
689853299328,67105626
689853299328,67105719
689853299328,67105779
722651395968,67100289
722651395968,67101178
722651395968,67101293
722651395968,67101305
722651395968,67101309
722651395968,67101331
722651395968,67101387
722651395968,67101391
722651395968,67101395
722651395968,67101423
722651395968,67101454
722651395968,67101490
722651395968,67101531
722651395968,67101648
722651395968,67101653
722651395968,67101661
722651395968,67101672
722651395968,67101748
722651395968,67101771
722651395968,67101796
722651395968,67101889
722651395968,67101909
722651395968,67101912
722651395968,67101954
722651395968,67101972
722651395968,67102008
722651395968,67102012
722651395968,67102155
722651395968,67102183
722651395968,67102232
722651395968,67102335
722651395968,67102506
722651395968,67102609
722651395968,67102650
722651395968,67102660
722651395968,67102795
722651395968,67102931
722651395968,67103113
722651395968,67103266
722651395968,67103281
722651395968,67103310
722651395968,67103333
722651395968,67103496
722651395968,67103701
722651395968,67103815
722651395968,67103899
722651395968,67103964
722651395968,67103983
722651395968,67104170
722651395968,67104172
722651395968,67104219
722651395968,67104291
722651395968,67104297
722651395968,67104444
722651395968,67104807
722651395968,67104836
722651395968,67104995
722651395968,67104998
722651395968,67105651
722651395968,67105816
755449492608,131253
755449492608,67100358
755449492608,67101198
755449492608,67101366
755449492608,67101487
755449492608,67101547
755449492608,67101702
755449492608,67101742
755449492608,67101892
755449492608,67101923
755449492608,67102253
755449492608,67102382
755449492608,67102383
755449492608,67102407
755449492608,67102409
755449492608,67102449
755449492608,67102458
755449492608,67102499
755449492608,67102503
755449492608,67102561
755449492608,67102634
755449492608,67102643
755449492608,67102696
755449492608,67102723
755449492608,67102757
755449492608,67102776
755449492608,67102809
755449492608,67102848
755449492608,67102855
755449492608,67102954
755449492608,67103100
755449492608,67103171
755449492608,67103179
755449492608,67103238
755449492608,67103251
755449492608,67103339
755449492608,67103342
755449492608,67103438
755449492608,67103452
755449492608,67103617
755449492608,67103761
755449492608,67103769
755449492608,67103843
755449492608,67103905
755449492608,67104105
755449492608,67104218
755449492608,67104289
755449492608,67104726
755449492608,67104894
755449492608,67105084
755449492608,67105103
755449492608,67105207
755449492608,67105305
755449492608,67105435
755449492608,67106669
755449492608,67107054
755449492608,67107426
788247589248,67101093
788247589248,67101097
788247589248,67101099
788247589248,67101247
788247589248,67101307
788247589248,67101363
788247589248,67101456
788247589248,67101735
788247589248,67101818
788247589248,67101832
788247589248,67101873
788247589248,67101899
788247589248,67101903
788247589248,67101964
788247589248,67102005
788247589248,67102013
788247589248,67102024
788247589248,67102066
788247589248,67102069
788247589248,67102072
788247589248,67102077
788247589248,67102089
788247589248,67102156
788247589248,67102193
788247589248,67102210
788247589248,67102277
788247589248,67102350
788247589248,67102447
788247589248,67102719
788247589248,67102816
788247589248,67102852
788247589248,67102883
788247589248,67102945
788247589248,67102948
788247589248,67103028
788247589248,67103127
788247589248,67103329
788247589248,67103444
788247589248,67103453
788247589248,67103455
788247589248,67103517
788247589248,67103690
788247589248,67103707
788247589248,67103853
788247589248,67103924
788247589248,67103931
788247589248,67104110
788247589248,67104421
788247589248,67104445
788247589248,67104816
788247589248,67105166
788247589248,67105430
788247589248,67105438
788247589248,67105675
788247589248,67105962
788247589248,67106175
788247589248,67106497
788247589248,67108646
821045685888,67101125
821045685888,67101166
821045685888,67101188
821045685888,67101241
821045685888,67101246
821045685888,67101263
821045685888,67101330
821045685888,67101351
821045685888,67101352
821045685888,67101356
821045685888,67101382
821045685888,67101441
821045685888,67101609
821045685888,67101624
821045685888,67101633
821045685888,67101676
821045685888,67101693
821045685888,67101700
821045685888,67101865
821045685888,67101870
821045685888,67101908
821045685888,67101940
821045685888,67102006
821045685888,67102009
821045685888,67102054
821045685888,67102125
821045685888,67102143
821045685888,67102310
821045685888,67102370
821045685888,67102667
821045685888,67102797
821045685888,67102810
821045685888,67103032
821045685888,67103044
821045685888,67103163
821045685888,67103401
821045685888,67103716
821045685888,67103719
821045685888,67103767
821045685888,67103833
821045685888,67103979
821045685888,67104195
821045685888,67104492
821045685888,67104664
821045685888,67104718
821045685888,67104822
821045685888,67105066
821045685888,67105160
821045685888,67105683
821045685888,67105731
821045685888,67105738
821045685888,67106695
821045685888,67106736
821045685888,67108653
853843782528,131247
853843782528,67101139
853843782528,67101169
853843782528,67101203
853843782528,67101251
853843782528,67101256
853843782528,67101259
853843782528,67101288
853843782528,67101380
853843782528,67101383
853843782528,67101421
853843782528,67101435
853843782528,67101474
853843782528,67101502
853843782528,67101519
853843782528,67101520
853843782528,67101543
853843782528,67101546
853843782528,67101564
853843782528,67101650
853843782528,67101680
853843782528,67101684
853843782528,67101728
853843782528,67101758
853843782528,67101825
853843782528,67101844
853843782528,67101929
853843782528,67101955
853843782528,67101975
853843782528,67101992
853843782528,67102025
853843782528,67102035
853843782528,67102186
853843782528,67102191
853843782528,67102226
853843782528,67102247
853843782528,67102333
853843782528,67102408
853843782528,67102411
853843782528,67102579
853843782528,67102589
853843782528,67102640
853843782528,67102744
853843782528,67102778
853843782528,67102862
853843782528,67102894
853843782528,67102923
853843782528,67102995
853843782528,67103025
853843782528,67103052
853843782528,67103128
853843782528,67103165
853843782528,67103289
853843782528,67103380
853843782528,67103626
853843782528,67103704
853843782528,67103793
886641879168,67100294
886641879168,67101127
886641879168,67101164
886641879168,67101185
886641879168,67101190
886641879168,67101228
886641879168,67101235
886641879168,67101321
886641879168,67101322
886641879168,67101323
886641879168,67101341
886641879168,67101349
886641879168,67101588
886641879168,67101611
886641879168,67101632
886641879168,67101655
886641879168,67101664
886641879168,67101787
886641879168,67101834
886641879168,67101849
886641879168,67102075
886641879168,67102315
886641879168,67102323
886641879168,67102454
886641879168,67102587
886641879168,67102607
886641879168,67102762
886641879168,67102770
886641879168,67102781
886641879168,67102875
886641879168,67102905
886641879168,67102929
886641879168,67103084
886641879168,67103134
886641879168,67103213
886641879168,67103268
886641879168,67103352
886641879168,67103473
886641879168,67103476
886641879168,67103613
886641879168,67103658
886641879168,67103713
886641879168,67103755
886641879168,67103802
886641879168,67103863
886641879168,67103921
886641879168,67104394
886641879168,67104458
886641879168,67104563
886641879168,67104983
886641879168,67105226
886641879168,67105310
886641879168,67105565
886641879168,67105580
886641879168,67105756
886641879168,67105969
919439975808,67101106
919439975808,67101107
919439975808,67101109
919439975808,67101110
919439975808,67101253
919439975808,67101361
919439975808,67101853
919439975808,67101983
919439975808,67102524
