827860087,67100686
827860087,67100720
827860087,67100727
827860087,67100793
827860087,67100797
827860087,67100823
827860087,67100825
827860087,67100840
827860087,67100871
827860087,67100879
827860087,67100882
827860087,67100883
827860087,67100887
827860087,67100889
827860087,67100890
827860087,67100895
827860087,67100899
827860087,67100902
827860087,67100905
827860087,67100907
827860087,67100908
827860087,67100909
827860087,67100912
827860087,67100915
827860087,67100917
827860087,67100922
827860087,67100930
827860087,67100933
827860087,67100936
827860087,67100939
827860087,67100943
827860087,67100950
827860087,67100953
827860087,67100957
827860087,67100963
827860087,67100964
827860087,67100968
827860087,67100969
827860087,67100973
827860087,67100976
827860087,67100978
827860087,67100979
827860087,67100980
827860087,67100983
827860087,67100984
827860087,67100986
827860087,67100987
827860087,67100988
827860087,67100990
827860087,67100992
827860087,67100994
827860087,67100995
827860087,67100996
827860087,67101000
827860087,67101006
827860087,67101007
827860087,67101009
827860087,67101013
827860087,67101019
827860087,67101021
827860087,67101022
827860087,67101026
827860087,67101028
827860087,67101033
25663662697,131245
25663662697,67099786
25663662697,67100513
25663662697,67100691
25663662697,67100692
25663662697,67100693
25663662697,67100694
25663662697,67100695
25663662697,67100696
25663662697,67100697
25663662697,67100698
25663662697,67100699
25663662697,67100700
25663662697,67100701
25663662697,67100702
25663662697,67100703
25663662697,67100704
25663662697,67100705
25663662697,67100706
25663662697,67100707
25663662697,67100708
25663662697,67100709
25663662697,67100710
25663662697,67100711
25663662697,67100712
25663662697,67100713
25663662697,67100714
25663662697,67100715
25663662697,67100716
25663662697,67100717
25663662697,67100718
25663662697,67100769
25663662697,67100770
25663662697,67100771
25663662697,67100772
25663662697,67100773
25663662697,67100774
25663662697,67100775
25663662697,67100776
25663662697,67100777
25663662697,67100778
25663662697,67100779
25663662697,67100781
25663662697,67100782
25663662697,67100783
25663662697,67100784
25663662697,67100785
25663662697,67100786
25663662697,67100835
25663662697,67100868
25663662697,67100869
25663662697,67100870
25663662697,67100872
25663662697,67100873
25663662697,67100874
25663662697,67100875
25663662697,67100876
25663662697,67100878
25663662697,67100880
25663662697,67100881
25663662697,67101038
25663662697,67101039
25663662697,67104986
25663662697,67108629
50499465307,67099240
50499465307,67099241
50499465307,67099245
50499465307,67099250
50499465307,67099256
50499465307,67099262
50499465307,67099293
50499465307,67099294
50499465307,67099295
50499465307,67099297
50499465307,67099306
50499465307,67099308
50499465307,67099314
50499465307,67099316
50499465307,67099324
50499465307,67099336
50499465307,67099340
50499465307,67099347
50499465307,67099354
50499465307,67099422
50499465307,67099435
50499465307,67099450
50499465307,67099453
50499465307,67099455
50499465307,67099456
50499465307,67099458
50499465307,67099460
50499465307,67099462
50499465307,67099463
50499465307,67099466
50499465307,67099487
50499465307,67099503
50499465307,67099507
50499465307,67099508
50499465307,67099516
50499465307,67099519
50499465307,67099520
50499465307,67099521
50499465307,67099527
50499465307,67099537
50499465307,67099538
50499465307,67099542
50499465307,67099543
50499465307,67099545
50499465307,67099556
50499465307,67099557
50499465307,67099558
50499465307,67099559
50499465307,67099562
50499465307,67099571
50499465307,67099573
50499465307,67099574
50499465307,67099575
50499465307,67099578
50499465307,67099843
50499465307,67100932
50499465307,67106091
50499465307,67106262
50499465307,67108685
