1,191
1,192
1,67104028
1,67104029
1,67104030
1,67104031
1,67104157
1,67104158
1,67104159
1,67104160
1,67104286
1,67104287
1,67104288
1,67104289
1,67104415
1,67104416
1,67104417
1,67104418
1,67104543
1,67104544
1,67104545
1,67104546
1,67104547
1,67104548
1,67104549
1,67104550
1,67104551
1,67104552
1,67104553
1,67104554
1,67104555
1,67104556
1,67104557
1,67104558
1,67104559
1,67104560
1,67104561
1,67104562
1,67104563
1,67104564
1,67104565
1,67104566
1,67104567
1,67104568
1,67104569
1,67104570
1,67104571
1,67104572
1,67104573
1,67104574
1,67104575
1,67104576
1,67104577
1,67104578
1,67104579
1,67104580
1,67104581
1,67104582
1,67104583
1,67104584
1,67104585
1,67104586
1,67104587
1,67104588
1,67104589
1,67104590
1,67104591
1,67104592
1,67104593
1,67104594
1,67104595
1,67104596
1,67104597
1,67104598
1,67104599
1,67104600
1,67104601
1,67104602
1,67104603
1,67104604
1,67104605
1,67104606
1,67104607
1,67104608
1,67104609
1,67104610
1,67104611
1,67104612
1,67104613
1,67104614
1,67104615
1,67104616
1,67104617
1,67104618
1,67104619
1,67104620
1,67104621
1,67104622
1,67104623
1,67104624
1,67104625
1,67104626
1,67104627
1,67104628
1,67104629
1,67104630
1,67104631
1,67104632
1,67104633
1,67104634
1,67104635
1,67104636
1,67104637
1,67104638
1,67104639
1,67104640
1,67104641
1,67104642
1,67104643
1,67104644
1,67104645
1,67104646
1,67104647
1,67104648
1,67104649
1,67104650
1,67104651
1,67104652
1,67104653
1,67104654
1,67104655
1,67104656
1,67104657
1,67104658
1,67104659
1,67104660
1,67104661
1,67104662
1,67104663
1,67104664
1,67104665
1,67104666
1,67104667
1,67104668
1,67104669
1,67104670
1,67104671
1,67104672
1,67104673
1,67104674
1,67104675
1,67104676
1,67104677
1,67104678
1,67104679
1,67104680
1,67104681
1,67104682
1,67104683
1,67104684
1,67104685
1,67104686
1,67104687
1,67104688
1,67104689
1,67104690
1,67104691
1,67104692
1,67104693
1,67104694
1,67104695
1,67104696
1,67104697
1,67104698
1,67104699
1,67104700
1,67104701
1,67104702
1,67104703
1,67104704
1,67104705
1,67104706
1,67104707
1,67104708
1,67104709
1,67104710
1,67104711
1,67104712
1,67104713
1,67104714
1,67104715
1,67104716
1,67104717
1,67104718
1,67104719
1,67104720
1,67104721
1,67104722
1,67104723
1,67104724
1,67104725
1,67104726
1,67104727
1,67104728
1,67104729
1,67104730
1,67104731
1,67104732
1,67104733
1,67104734
1,67104735
1,67104736
1,67104737
1,67104738
1,67104739
1,67104740
1,67104741
1,67104742
1,67104743
1,67104744
1,67104745
1,67104746
1,67104747
1,67104748
1,67104749
1,67104750
1,67104751
1,67104752
1,67104753
1,67104754
1,67104755
1,67104756
1,67104757
1,67104758
1,67104759
1,67104760
1,67104761
1,67104762
1,67104763
1,67104764
1,67104765
1,67104766
1,67104767
1,67104768
1,67104769
1,67104770
1,67104771
1,67104772
1,67104773
1,67104774
1,67104775
1,67104776
1,67104777
1,67104778
1,67104779
1,67104780
1,67104781
1,67104782
1,67104783
1,67104784
1,67104785
1,67104786
1,67104787
1,67108665
1,67108666
1,67108667
1,67108668
1,67108669
1,67108827
1,67108829
1,67108831
1,67108832
1,67108988
1,67109052
3,67104128
3,67104129
3,67104130
3,67104131
3,67104132
3,67104133
3,67104134
3,67104135
3,67104136
3,67104137
3,67104138
3,67104139
3,67104140
3,67104141
3,67104142
3,67104257
3,67104258
3,67104259
3,67104260
3,67104261
3,67104262
3,67104263
3,67104264
3,67104265
3,67104266
3,67104267
3,67104268
3,67104269
3,67104270
3,67104271
3,67104314
3,67104315
3,67104515
3,67104516
3,67104517
3,67104518
3,67104519
3,67104520
3,67104521
3,67104522
3,67104523
3,67104524
3,67104525
3,67104526
3,67104527
3,67104528
3,67104529
3,67107790
3,67107791
3,67107792
3,67107793
3,67107794
3,67107795
3,67107796
3,67107797
3,67107798
3,67107799
3,67107800
3,67107801
3,67107802
3,67107803
3,67107804
3,67107805
3,67107806
3,67107807
3,67107808
3,67107809
3,67107810
3,67107811
3,67107812
3,67107813
3,67107814
3,67107815
3,67107816
3,67107817
3,67107818
3,67107819
3,67107820
3,67107821
3,67107822
3,67107823
3,67107824
3,67107825
3,67107826
3,67107827
3,67107828
3,67107829
3,67107830
3,67107831
3,67107832
3,67107833
3,67107834
3,67107835
3,67107836
3,67107837
3,67107838
3,67107839
3,67107840
3,67107841
3,67107842
3,67107843
3,67107844
3,67107845
3,67107846
3,67107847
3,67107848
3,67107849
3,67107850
3,67107851
3,67107852
3,67107853
3,67107854
3,67107855
3,67107856
3,67107857
3,67107858
3,67107859
3,67107860
3,67107861
3,67107862
3,67107863
3,67107864
3,67107865
3,67107866
3,67107867
3,67107868
3,67107869
3,67107870
3,67107871
3,67107872
3,67107873
3,67107874
3,67107875
3,67107876
3,67107877
3,67107878
3,67107879
3,67107880
3,67107881
3,67107882
3,67107883
3,67107884
3,67107885
3,67107886
3,67107887
3,67107888
3,67107889
3,67107890
3,67107891
3,67107892
3,67107893
3,67107894
3,67107895
3,67107896
3,67107897
3,67107898
3,67107899
3,67107900
3,67107901
3,67107902
3,67107903
3,67107904
3,67107905
3,67107906
3,67107907
3,67107908
3,67107909
3,67107910
3,67107911
3,67107912
3,67107913
3,67107914
3,67107915
3,67107916
3,67107917
3,67107918
3,67107919
3,67107920
3,67107921
3,67107922
3,67107923
3,67107924
3,67107925
3,67107926
3,67107927
3,67107928
3,67107929
3,67107930
3,67107931
3,67107932
3,67107933
3,67107934
3,67107935
3,67107936
3,67107937
3,67107938
3,67107939
3,67107940
3,67107941
3,67107942
3,67107943
3,67107944
3,67107945
3,67107946
3,67107947
3,67107948
3,67107949
3,67107950
3,67107951
3,67107952
3,67107953
3,67107954
3,67107955
3,67107956
3,67107957
3,67107958
3,67107959
3,67107960
3,67107961
3,67107962
3,67107963
3,67107964
3,67107965
3,67107966
3,67107967
3,67107968
3,67107969
3,67107970
3,67107971
3,67107972
3,67107973
3,67107974
3,67107975
3,67107976
3,67107977
3,67107978
3,67107979
3,67107980
3,67107981
3,67107982
3,67107983
3,67107984
3,67107985
3,67107986
3,67107987
3,67107988
3,67107989
3,67107990
3,67107991
3,67107992
3,67107993
3,67107994
3,67107995
3,67107996
3,67107997
3,67107998
3,67107999
3,67108000
3,67108001
3,67108002
3,67108003
3,67108004
3,67108005
3,67108006
3,67108007
3,67108008
3,67108009
3,67108010
3,67108011
3,67108012
3,67108013
3,67108014
3,67108015
3,67108016
3,67108017
3,67108018
3,67108019
3,67108020
3,67108021
3,67108022
3,67108023
3,67108024
3,67108025
3,67108026
3,67108027
3,67108028
3,67108029
3,67108030
3,67108031
3,67108032
3,67108033
3,67108034
3,67108035
3,67108036
3,67108037
3,67108038
3,67108039
3,67108040
3,67108041
3,67108042
3,67108043
3,67108044
3,67108045
3,67108046
3,67108047
3,67108048
3,67108049
3,67108050
3,67108051
3,67108052
3,67108053
3,67108054
3,67108055
3,67108056
3,67108057
3,67108058
3,67108059
3,67108060
3,67108061
3,67108062
3,67108063
3,67108064
3,67108065
3,67108066
3,67108067
3,67108068
3,67108069
3,67108070
3,67108071
3,67108072
3,67108073
3,67108074
3,67108075
3,67108076
3,67108077
3,67108078
3,67108079
3,67108080
3,67108081
3,67108082
3,67108083
3,67108084
3,67108085
3,67108086
3,67108087
3,67108088
3,67108089
3,67108090
3,67108091
3,67108092
3,67108093
3,67108094
3,67108095
3,67108096
3,67108097
3,67108098
3,67108099
3,67108100
3,67108101
3,67108102
3,67108103
3,67108104
3,67108105
3,67108106
3,67108107
3,67108108
3,67108109
3,67108110
3,67108111
3,67108112
3,67108113
3,67108114
3,67108115
3,67108116
3,67108117
3,67108118
3,67108119
3,67108120
3,67108121
3,67108122
3,67108123
3,67108124
3,67108125
3,67108126
3,67108127
3,67108128
3,67108129
3,67108130
3,67108131
3,67108132
3,67108133
3,67108134
3,67108135
3,67108136
3,67108137
3,67108138
3,67108139
3,67108140
3,67108141
3,67108142
3,67108143
3,67108144
3,67108145
3,67108146
3,67108147
3,67108148
3,67108149
3,67108150
3,67108151
3,67108152
3,67108153
3,67108154
3,67108155
3,67108156
3,67108157
3,67108158
3,67108159
3,67108160
3,67108161
3,67108162
3,67108163
3,67108164
3,67108165
3,67108166
3,67108167
3,67108168
3,67108169
3,67108170
3,67108171
3,67108172
3,67108173
3,67108174
3,67108175
3,67108176
3,67108177
3,67108178
3,67108179
3,67108180
3,67108181
3,67108182
3,67108183
3,67108184
3,67108185
3,67108186
3,67108187
3,67108188
3,67108189
3,67108190
3,67108191
3,67108192
3,67108193
3,67108194
3,67108195
3,67108196
3,67108197
3,67108198
3,67108199
3,67108200
3,67108201
3,67108202
3,67108203
3,67108204
3,67108205
3,67108206
3,67108207
3,67108208
3,67108209
3,67108210
3,67108211
3,67108212
3,67108213
3,67108214
3,67108215
3,67108216
3,67108217
3,67108218
3,67108219
3,67108220
3,67108221
3,67108222
3,67108223
3,67108224
3,67108225
3,67108226
3,67108227
3,67108228
3,67108229
3,67108765
3,67108766
3,67108767
3,67108768
3,67108769
3,67108770
3,67108771
3,67108772
3,67108773
3,67108774
3,67108775
3,67108776
3,67108777
3,67108778
3,67108779
4,67104127
4,67104256
4,67104514
4,67107783
4,67107784
4,67107785
4,67107786
4,67107787
4,67107788
4,67107789
5,131251
5,131252
5,131258
5,131259
5,131260
5,67104032
5,67104033
5,67104034
5,67104035
5,67104036
5,67104037
5,67104038
5,67104039
5,67104040
5,67104041
5,67104042
5,67104043
5,67104044
5,67104045
5,67104046
5,67104047
5,67104048
5,67104049
5,67104050
5,67104051
5,67104052
5,67104053
5,67104054
5,67104055
5,67104056
5,67104057
5,67104058
5,67104059
5,67104060
5,67104061
5,67104062
5,67104063
5,67104064
5,67104065
5,67104066
5,67104067
5,67104068
5,67104069
5,67104070
5,67104071
5,67104072
5,67104073
5,67104074
5,67104075
5,67104076
5,67104077
5,67104078
5,67104079
5,67104080
5,67104081
5,67104082
5,67104083
5,67104084
5,67104085
5,67104086
5,67104087
5,67104088
5,67104089
5,67104090
5,67104091
5,67104092
5,67104093
5,67104094
5,67104095
5,67104096
5,67104097
5,67104098
5,67104099
5,67104100
5,67104101
5,67104102
5,67104103
5,67104104
5,67104105
5,67104106
5,67104107
5,67104108
5,67104109
5,67104110
5,67104111
5,67104112
5,67104113
5,67104114
5,67104115
5,67104116
5,67104117
5,67104118
5,67104119
5,67104120
5,67104121
5,67104122
5,67104123
5,67104124
5,67104125
5,67104126
5,67104143
5,67104144
5,67104145
5,67104146
5,67104147
5,67104148
5,67104149
5,67104150
5,67104151
5,67104152
5,67104153
5,67104154
5,67104155
5,67104161
5,67104162
5,67104163
5,67104164
5,67104165
5,67104166
5,67104167
5,67104168
5,67104169
5,67104170
5,67104171
5,67104172
5,67104173
5,67104174
5,67104175
5,67104176
5,67104177
5,67104178
5,67104179
5,67104180
5,67104181
5,67104182
5,67104183
5,67104184
5,67104185
5,67104186
5,67104187
5,67104188
5,67104189
5,67104190
5,67104191
5,67104192
5,67104193
5,67104197
5,67104198
5,67104199
5,67104203
5,67104204
5,67104206
5,67104208
5,67104210
5,67104212
5,67104218
5,67104223
5,67104229
5,67104230
5,67104231
5,67104232
5,67104234
5,67104235
5,67104237
5,67104238
5,67104240
5,67104243
5,67104244
5,67104245
5,67104248
5,67104249
5,67104250
5,67104251
5,67104253
5,67104272
5,67104273
5,67104274
5,67104276
5,67104282
5,67104440
5,67104789
5,67104793
5,67104799
5,67104822
5,67104839
5,67104842
5,67104859
5,67104874
5,67104875
5,67104881
5,67104884
5,67104887
5,67104889
5,67104894
5,67104899
5,67104903
5,67104911
5,67104912
5,67104916
5,67104929
5,67104931
5,67104938
5,67104946
5,67104947
5,67104965
5,67104974
5,67104975
5,67104979
5,67104981
5,67104987
5,67104997
5,67104999
5,67105000
5,67105007
5,67105009
5,67105017
5,67105035
5,67105040
5,67105048
5,67105057
5,67105058
5,67105060
5,67105064
5,67105074
5,67105078
5,67105079
5,67105088
5,67105090
5,67105092
5,67105099
5,67105100
5,67105104
5,67105105
5,67105127
5,67105129
5,67105132
5,67105136
5,67105144
5,67105170
5,67105175
5,67105176
5,67105177
5,67105183
5,67105188
5,67105202
5,67105213
5,67105220
5,67105236
5,67105244
5,67105251
5,67105258
5,67105267
5,67105272
5,67105281
5,67105285
5,67105303
5,67105311
5,67105313
5,67105327
5,67105328
5,67105331
5,67105333
5,67105334
5,67105338
5,67105339
5,67105341
5,67105342
5,67105346
5,67105350
5,67105355
5,67105361
5,67105364
5,67105367
5,67105374
5,67105377
5,67105382
5,67105386
5,67105394
5,67105398
5,67105406
5,67105409
5,67105413
5,67105418
5,67105424
5,67105425
5,67105426
5,67105434
5,67105437
5,67105439
5,67105444
5,67105447
5,67105448
5,67105452
5,67105454
5,67105455
5,67105465
5,67105469
5,67105477
5,67105486
5,67105489
5,67105493
5,67105497
5,67105499
5,67105505
5,67105515
5,67105518
5,67105519
5,67105525
5,67105532
5,67105537
5,67105538
5,67105544
5,67105545
5,67105562
5,67105564
5,67105567
5,67105579
5,67105582
5,67105591
5,67105594
5,67105607
5,67105609
5,67105613
5,67105615
5,67105621
5,67105622
5,67105624
5,67105629
5,67105630
5,67105632
5,67105637
5,67105638
5,67105651
5,67105652
5,67105653
5,67105654
5,67105660
5,67105661
5,67105662
5,67105664
5,67105672
5,67105678
5,67105679
5,67105682
5,67105689
5,67105692
5,67105723
5,67105738
5,67106394
5,67106953
5,67107728
5,67107774
5,67108670
5,67108671
5,67108672
5,67108673
5,67108674
5,67108675
5,67108676
5,67108677
5,67108678
5,67108679
5,67108680
5,67108681
5,67108682
5,67108683
5,67108684
5,67108685
5,67108686
5,67108687
5,67108688
5,67108689
5,67108690
5,67108691
5,67108692
5,67108693
5,67108694
5,67108695
5,67108696
5,67108697
5,67108698
5,67108699
5,67108701
5,67108702
5,67108704
5,67108706
5,67108707
5,67108708
5,67108712
5,67108713
5,67108714
5,67108715
5,67108717
5,67108719
5,67108721
5,67108727
5,67108732
5,67108734
5,67108738
5,67108739
5,67108740
5,67108741
5,67108742
5,67108743
5,67108744
5,67108746
5,67108747
5,67108749
5,67108750
5,67108752
5,67108753
5,67108754
5,67108756
5,67108757
5,67108758
5,67108759
5,67108760
5,67108761
5,67108781
5,67108782
5,67108785
5,67108791
6,67104195
6,67104201
6,67104205
6,67104207
6,67104211
6,67104214
6,67104215
6,67104217
6,67104220
6,67104222
6,67104224
6,67104225
6,67104227
6,67104228
6,67104233
6,67104236
6,67104239
6,67104241
6,67104242
6,67104247
6,67104252
6,67104254
6,67104277
6,67104278
6,67104279
6,67104280
6,67104281
6,67104283
6,67104284
6,67104790
6,67104794
6,67104797
6,67104804
6,67104816
6,67104823
6,67104829
6,67104835
6,67104836
6,67104838
6,67104840
6,67104845
6,67104849
6,67104854
6,67105026
6,67105271
6,67105399
6,67105640
6,67105799
6,67105928
6,67105964
6,67106259
6,67106303
6,67106641
6,67106982
6,67107022
6,67107056
6,67107191
6,67107324
6,67107615
6,67107661
6,67108435
6,67108453
6,67108554
6,67108700
6,67108710
6,67108711
6,67108716
6,67108718
6,67108720
6,67108723
6,67108724
6,67108726
6,67108728
6,67108733
6,67108736
6,67108737
6,67108745
6,67108748
6,67108751
6,67108755
6,67108762
6,67108763
6,67108780
6,67108783
6,67108786
6,67108787
6,67108789
6,67108790
6,67108792
6,67108793
7,131253
7,131254
7,67104194
7,67104196
7,67104200
7,67104202
7,67104209
7,67104213
7,67104216
7,67104219
7,67104221
7,67104226
7,67108703
7,67108705
7,67108709
7,67108722
7,67108725
7,67108729
7,67108730
7,67108731
7,67108735
7,67108764
7,67108788
8,131255
8,131257
8,67104246
8,67104255
8,67104275
8,67104311
8,67104792
8,67104869
8,67104895
8,67104936
8,67104954
8,67104998
8,67105006
8,67105013
8,67105065
8,67105080
8,67105083
8,67105093
8,67105095
8,67105109
8,67105133
8,67105224
8,67105232
8,67105252
8,67105265
8,67105282
8,67105287
8,67105293
8,67105297
8,67105298
8,67105322
8,67105336
8,67105337
8,67105351
8,67105360
8,67105372
8,67105395
8,67105408
8,67105436
8,67105449
8,67105457
8,67105475
8,67105482
8,67105484
8,67105487
8,67105509
8,67105510
8,67105523
8,67105568
8,67105584
8,67105588
8,67105618
8,67105641
8,67105643
8,67105645
8,67105647
8,67105649
8,67105655
8,67105659
8,67105684
8,67105688
8,67105693
8,67105696
8,67105698
8,67105700
8,67105702
8,67105706
8,67105709
8,67105710
8,67105711
8,67105715
8,67105716
8,67105717
8,67105720
8,67105721
8,67105724
8,67105728
8,67105732
8,67105737
8,67105741
8,67105745
8,67105749
8,67105750
8,67105754
8,67105760
8,67105761
8,67105763
8,67105767
8,67105768
8,67105772
8,67105774
8,67105780
8,67105781
8,67105783
8,67105785
8,67105788
8,67105789
8,67105798
8,67105800
8,67105801
8,67105809
8,67105811
8,67105816
8,67105823
8,67105824
8,67105825
8,67105828
8,67105829
8,67105830
8,67105833
8,67105836
8,67105837
8,67105838
8,67105840
8,67105842
8,67105844
8,67105845
8,67105850
8,67105853
8,67105857
8,67105858
8,67105867
8,67105868
8,67105869
8,67105871
8,67105873
8,67105877
8,67105883
8,67105884
8,67105890
8,67105893
8,67105899
8,67105900
8,67105902
8,67105903
8,67105904
8,67105908
8,67105910
8,67105913
8,67105915
8,67105917
8,67105919
8,67105922
8,67105925
8,67105930
8,67105947
8,67105952
8,67105953
8,67105955
8,67105958
8,67105960
8,67105965
8,67105967
8,67105968
8,67105970
8,67105973
8,67105978
8,67105979
8,67105983
8,67105984
8,67105987
8,67105990
8,67105992
8,67105994
8,67105995
8,67105998
8,67106006
8,67106017
8,67106018
8,67106020
8,67106024
8,67106025
8,67106031
8,67106032
8,67106035
8,67106039
8,67106040
8,67106041
8,67106045
8,67106053
8,67106054
8,67106057
8,67106071
8,67106075
8,67106076
8,67106077
8,67106082
8,67106083
8,67106084
8,67106085
8,67106090
8,67106092
8,67106094
8,67106098
8,67106106
8,67106111
8,67106123
8,67106129
8,67106133
8,67106134
8,67106135
8,67106140
8,67106144
8,67106149
8,67106150
8,67106151
8,67106152
8,67106155
8,67106157
8,67106159
8,67106164
8,67106165
8,67106166
8,67106170
8,67106172
8,67106173
8,67106175
8,67106180
8,67106182
8,67106186
8,67106190
8,67106198
8,67106199
8,67106202
8,67106206
8,67106207
8,67106212
8,67106213
8,67106216
8,67106219
8,67106221
8,67106222
8,67106227
8,67106229
8,67106231
8,67106232
8,67106237
8,67106240
8,67106243
8,67106244
8,67106246
8,67106248
8,67106260
8,67106261
8,67106264
8,67106266
8,67106276
8,67106279
8,67106284
8,67106285
8,67106288
8,67106289
8,67106292
8,67106294
8,67106301
8,67106307
8,67106308
8,67106312
8,67106317
8,67106322
8,67106323
8,67106324
8,67106325
8,67106327
8,67106332
8,67106336
8,67106338
8,67106341
8,67106345
8,67106346
8,67106350
8,67106353
8,67106361
8,67106366
8,67106373
8,67106375
8,67106377
8,67106385
8,67106388
8,67106393
8,67106397
8,67106400
8,67106401
8,67106402
8,67106403
8,67106405
8,67106409
8,67106413
8,67106417
8,67106419
8,67106422
8,67106425
8,67106427
8,67106428
8,67106431
8,67106432
8,67106433
8,67106435
8,67106437
8,67106439
8,67106452
8,67106455
8,67106458
8,67106459
8,67106460
8,67106461
8,67106462
8,67106465
8,67106467
8,67106468
8,67106471
8,67106472
8,67106473
8,67106481
8,67106483
8,67106485
8,67106488
8,67106489
8,67106490
8,67106494
8,67106498
8,67106502
8,67106504
8,67106507
8,67106527
8,67106533
8,67106537
8,67106558
8,67106562
8,67106564
8,67106576
8,67106581
8,67106606
8,67106610
8,67106628
8,67106631
8,67106636
8,67106646
8,67106678
8,67106684
8,67106693
8,67106705
8,67106706
8,67106712
8,67106721
8,67106727
8,67106763
8,67106767
8,67106781
8,67106782
8,67106794
8,67106795
8,67106798
8,67106825
8,67106827
8,67106841
8,67106842
8,67106856
8,67106863
8,67106866
8,67106871
8,67106892
8,67106895
8,67106913
8,67106915
8,67106919
8,67106921
8,67106927
8,67106930
8,67106931
8,67106935
8,67106936
8,67106937
8,67106944
8,67106946
8,67106947
8,67106949
8,67106958
8,67106959
8,67106961
8,67106967
8,67106971
8,67106972
8,67106973
8,67106974
8,67106975
8,67106979
8,67106980
8,67106985
8,67106987
8,67106989
8,67106990
8,67106993
8,67106994
8,67106995
8,67106996
8,67106999
8,67107005
8,67107006
8,67107007
8,67107008
8,67107010
8,67107012
8,67107018
8,67107020
8,67107021
8,67107025
8,67107027
8,67107028
8,67107029
8,67107031
8,67107034
8,67107035
8,67107036
8,67107039
8,67107042
8,67107044
8,67107046
8,67107048
8,67107049
8,67107052
8,67107055
8,67107061
8,67107064
8,67107068
8,67107069
8,67107071
8,67107072
8,67107073
8,67107074
8,67107075
8,67107076
8,67107078
8,67107082
8,67107083
8,67107084
8,67107085
8,67107087
8,67107090
8,67107091
8,67107094
8,67107096
8,67107102
8,67107106
8,67107109
8,67107110
8,67107111
8,67107113
8,67107120
8,67107125
8,67107126
8,67107129
8,67107387
8,67107617
8,67107618
8,67107625
8,67107699
8,67107710
8,67107714
8,67107755
8,67107762
8,67108232
8,67108244
8,67108255
8,67108259
8,67108263
8,67108289
8,67108378
8,67108384
8,67108387
8,67108395
8,67108407
8,67108432
8,67108483
8,67108494
8,67108497
8,67108502
8,67108525
8,67108548
8,67108580
8,67108590
8,67108594
8,67108627
8,67108784
9,131256
10,67104436
10,67104788
10,67104800
10,67104811
10,67104815
10,67104820
10,67104827
10,67104831
10,67104848
10,67104858
10,67104864
10,67104868
10,67104877
10,67104879
10,67104885
10,67104888
10,67104904
10,67104907
10,67104915
10,67104921
10,67104927
10,67104940
10,67104948
10,67104961
10,67104967
10,67104970
10,67104980
10,67104984
10,67104989
10,67104994
10,67105020
10,67105027
10,67105030
10,67105033
10,67105034
10,67105036
10,67105037
10,67105042
10,67105043
10,67105044
10,67105045
10,67105067
10,67105077
10,67105085
10,67105086
10,67105115
10,67105120
10,67105125
10,67105143
10,67105149
10,67105150
10,67105165
10,67105167
10,67105171
10,67105173
10,67105180
10,67105195
10,67105201
10,67105203
10,67105204
10,67105207
10,67105208
10,67105210
10,67105219
10,67105221
10,67105222
10,67105230
10,67105234
10,67105235
10,67105237
10,67105256
10,67105264
10,67105283
10,67105292
10,67105294
10,67105301
10,67105302
10,67105305
10,67105307
10,67105309
10,67105320
10,67105329
10,67105335
10,67105348
10,67105354
10,67105357
10,67105358
10,67105379
10,67105389
10,67105412
10,67105427
10,67105428
10,67105431
10,67105440
10,67105451
10,67105456
10,67105464
10,67105466
10,67105476
10,67105479
10,67105483
10,67105485
10,67105490
10,67105496
10,67105500
10,67105503
10,67105508
10,67105554
10,67105561
10,67105565
10,67105573
10,67105590
10,67105597
10,67105599
10,67105605
10,67105611
10,67105617
10,67105620
10,67105633
10,67105639
10,67105648
10,67105667
10,67105701
10,67105704
10,67105707
10,67105712
10,67105730
10,67105733
10,67105759
10,67105782
10,67105786
10,67105790
10,67105796
10,67105834
10,67105835
10,67105841
10,67105859
10,67105874
10,67105898
10,67105906
10,67105933
10,67105939
10,67105972
10,67105981
10,67105986
10,67105993
10,67106002
10,67106003
10,67106008
10,67106016
10,67106055
10,67106087
10,67106117
10,67106125
10,67106158
10,67106188
10,67106197
10,67106217
10,67106228
10,67106230
10,67106257
10,67106282
10,67106290
10,67106295
10,67106306
10,67106313
10,67106326
10,67106342
10,67106371
10,67106372
10,67106386
10,67106389
10,67106408
10,67106412
10,67106414
10,67106418
10,67106424
10,67106430
10,67106441
10,67106476
10,67106484
10,67106514
10,67106516
10,67106521
10,67106528
10,67106547
10,67106553
10,67106560
10,67106567
10,67106591
10,67106621
10,67106632
10,67106642
10,67106643
10,67106648
10,67106649
10,67106650
10,67106656
10,67106669
10,67106679
10,67106686
10,67106687
10,67106689
10,67106698
10,67106703
10,67106704
10,67106708
10,67106728
10,67106731
10,67106732
10,67106737
10,67106740
10,67106741
10,67106749
10,67106751
10,67106762
10,67106766
10,67106778
10,67106779
10,67106780
10,67106801
10,67106806
10,67106811
10,67106821
10,67106834
10,67106839
10,67106847
10,67106858
10,67106874
10,67106878
10,67106885
10,67106886
10,67106887
10,67106903
10,67106911
10,67106923
10,67106924
10,67106925
10,67106926
10,67106928
10,67106938
10,67106950
10,67106951
10,67106970
10,67107000
10,67107009
10,67107014
10,67107038
10,67107047
10,67107059
10,67107062
10,67107065
10,67107079
10,67107092
10,67107095
10,67107108
10,67107114
10,67107119
10,67107123
10,67107130
10,67107134
10,67107138
10,67107143
10,67107147
10,67107149
10,67107158
10,67107159
10,67107171
10,67107186
10,67107194
10,67107209
10,67107219
10,67107249
10,67107260
10,67107262
10,67107263
10,67107270
10,67107272
10,67107276
10,67107287
10,67107292
10,67107295
10,67107305
10,67107313
10,67107316
10,67107318
10,67107319
10,67107325
10,67107330
10,67107353
10,67107358
10,67107361
10,67107376
10,67107380
10,67107381
10,67107390
10,67107404
10,67107409
10,67107419
10,67107426
10,67107430
10,67107434
10,67107442
10,67107443
10,67107450
10,67107451
10,67107453
10,67107471
10,67107475
10,67107477
10,67107479
10,67107486
10,67107504
10,67107508
10,67107510
10,67107512
10,67107515
10,67107522
10,67107526
10,67107528
10,67107533
10,67107537
10,67107541
10,67107544
10,67107558
10,67107559
10,67107560
10,67107563
10,67107568
10,67107575
10,67107578
10,67107581
10,67107584
10,67107586
10,67107591
10,67107603
10,67107604
10,67107608
10,67107619
10,67107621
10,67107623
10,67107627
10,67107634
10,67107645
10,67107654
10,67107658
10,67107664
10,67107668
10,67107670
10,67107671
10,67107672
10,67107676
10,67107683
10,67107688
10,67107689
10,67107690
10,67107694
10,67107695
10,67107696
10,67107697
10,67107705
10,67107708
10,67107712
10,67107721
10,67107725
10,67107732
10,67107744
10,67107746
10,67107750
10,67107756
10,67107763
10,67107765
10,67107768
10,67107771
10,67107775
10,67107779
10,67107781
10,67108242
10,67108246
10,67108250
10,67108253
10,67108261
10,67108262
10,67108267
10,67108271
10,67108274
10,67108277
10,67108278
10,67108282
10,67108283
10,67108284
10,67108287
10,67108291
10,67108296
10,67108303
10,67108308
10,67108311
10,67108315
10,67108320
10,67108322
10,67108334
10,67108345
10,67108351
10,67108356
10,67108358
10,67108360
10,67108363
10,67108365
10,67108368
10,67108372
10,67108375
10,67108389
10,67108390
10,67108397
10,67108399
10,67108401
10,67108403
10,67108410
10,67108414
10,67108416
10,67108418
10,67108420
10,67108423
10,67108427
10,67108428
10,67108431
10,67108440
10,67108451
10,67108452
10,67108456
10,67108459
10,67108463
10,67108468
10,67108469
10,67108470
10,67108474
10,67108475
10,67108481
10,67108482
10,67108486
10,67108487
10,67108488
10,67108498
10,67108499
10,67108501
10,67108509
10,67108511
10,67108517
10,67108519
10,67108524
10,67108528
10,67108530
10,67108536
10,67108540
10,67108546
10,67108547
10,67108550
10,67108551
10,67108556
10,67108560
10,67108568
10,67108571
10,67108573
10,67108578
10,67108581
10,67108582
10,67108586
10,67108587
10,67108592
10,67108595
10,67108596
10,67108597
10,67108601
10,67108602
10,67108610
10,67108616
10,67108620
10,67108621
10,67108622
10,67108624
10,67108625
10,67108626
10,67108629
10,67108631
10,67108634
10,67108637
10,67108638
10,67108640
10,67108644
10,67108646
10,67108647
10,67108648
10,67108649
10,67108650
10,67108651
10,67108652
10,67108656
10,67108659
10,67108661
10,67108662
10,67108663
10,67108664
11,67104308
11,67104795
11,67104833
11,67104843
11,67104872
11,67104901
11,67104960
11,67105005
11,67105014
11,67105038
11,67105102
11,67105107
11,67105110
11,67105117
11,67105130
11,67105140
11,67105148
11,67105153
11,67105154
11,67105169
11,67105185
11,67105190
11,67105193
11,67105199
11,67105215
11,67105217
11,67105218
11,67105245
11,67105253
11,67105284
11,67105295
11,67107773
11,67107776
11,67108234
11,67108249
11,67108297
11,67108318
11,67108340
11,67108380
11,67108398
11,67108406
11,67108443
11,67108449
11,67108492
11,67108506
11,67108512
11,67108516
11,67108529
11,67108549
11,67108567
11,67108570
11,67108583
11,67108589
11,67108606
11,67108618
11,67108632
11,67108645
12,67104808
12,67104810
12,67104813
12,67104814
12,67104817
12,67104818
12,67104824
12,67104834
12,67104851
12,67104852
12,67104867
12,67104871
12,67104873
12,67104878
12,67104890
12,67104896
12,67104902
12,67104917
12,67104922
12,67104942
12,67104950
12,67104952
12,67104955
12,67104957
12,67104971
12,67104976
12,67104977
12,67104982
12,67104985
12,67104986
12,67104988
12,67105002
12,67105004
12,67105008
12,67105011
12,67105015
12,67105023
12,67105041
12,67105047
12,67105050
12,67105051
12,67105053
12,67105062
12,67105066
12,67105070
12,67105071
12,67105072
12,67105081
12,67105089
12,67105096
12,67105097
12,67105098
12,67105101
12,67105121
12,67105137
12,67105142
12,67105156
12,67105159
12,67105172
12,67105181
12,67105186
12,67105191
12,67105194
12,67105200
12,67105227
12,67105229
12,67105239
12,67105242
12,67105247
12,67105248
12,67105255
12,67105259
12,67105261
12,67105266
12,67105268
12,67105273
12,67105274
12,67105280
12,67105290
12,67105296
12,67105310
12,67105352
12,67105433
12,67105435
12,67105495
12,67105514
12,67105531
12,67105635
12,67105668
12,67105744
12,67105784
12,67105797
12,67105812
12,67105820
12,67105827
12,67105852
12,67105866
12,67105875
12,67105885
12,67105907
12,67105909
12,67105912
12,67105926
12,67105951
12,67105954
12,67105962
12,67105991
12,67106023
12,67106046
12,67106052
12,67106056
12,67106078
12,67106086
12,67106100
12,67106101
12,67106114
12,67106121
12,67106126
12,67106131
12,67106145
12,67106156
12,67106169
12,67106189
12,67106196
12,67106201
12,67106214
12,67106233
12,67106236
12,67106254
12,67106265
12,67106275
12,67106286
12,67106302
12,67106329
12,67106330
12,67106334
12,67106337
12,67106348
12,67106364
12,67106367
12,67106391
12,67106407
12,67106410
12,67106436
12,67106466
12,67106469
12,67106470
12,67106477
12,67106487
12,67106493
12,67106503
12,67106511
12,67106536
12,67106543
12,67106557
12,67106561
12,67106563
12,67106566
12,67106569
12,67106571
12,67106575
12,67106586
12,67106588
12,67106599
12,67106604
12,67106607
12,67106609
12,67106616
12,67106620
12,67106622
12,67106623
12,67106629
12,67106654
12,67106681
12,67106697
12,67106734
12,67106739
12,67106746
12,67106754
12,67106757
12,67106768
12,67106770
12,67106772
12,67106784
12,67106785
12,67106797
12,67106805
12,67106808
12,67106826
12,67106850
12,67106859
12,67106864
12,67106872
12,67106884
12,67106890
12,67106907
12,67106920
12,67106922
12,67106948
12,67106954
12,67106966
12,67106969
12,67106997
12,67107001
12,67107051
12,67107089
12,67107105
12,67107117
12,67107132
12,67107135
12,67107145
12,67107154
12,67107155
12,67107173
12,67107177
12,67107183
12,67107195
12,67107198
12,67107204
12,67107212
12,67107217
12,67107222
12,67107224
12,67107227
12,67107244
12,67107257
12,67107265
12,67107267
12,67107277
12,67107279
12,67107280
12,67107282
12,67107283
12,67107296
12,67107300
12,67107301
12,67107306
12,67107307
12,67107326
12,67107327
12,67107337
12,67107374
12,67107389
12,67107399
12,67107401
12,67107408
12,67107427
12,67107435
12,67107437
12,67107452
12,67107455
12,67107458
12,67107464
12,67107465
12,67107466
12,67107468
12,67107472
12,67107476
12,67107485
12,67107487
12,67107490
12,67107493
12,67107505
12,67107517
12,67107518
12,67107520
12,67107527
12,67107538
12,67107545
12,67107547
12,67107550
12,67107553
12,67107555
12,67107561
12,67107564
12,67107566
12,67107573
12,67107574
12,67107577
12,67107585
12,67107588
12,67107590
12,67107599
12,67107601
12,67107607
12,67107610
12,67107611
12,67107612
12,67107616
12,67107628
12,67107630
12,67107633
12,67107640
12,67107642
12,67107644
12,67107646
12,67107650
12,67107655
12,67107656
12,67107657
12,67107669
12,67107674
12,67107677
12,67107678
12,67107679
12,67107680
12,67107684
12,67107686
12,67107700
12,67107717
12,67107719
12,67107720
12,67107722
12,67107727
12,67107730
12,67107735
12,67107745
12,67107748
12,67107749
12,67107754
12,67107759
12,67107760
12,67107761
12,67107767
12,67107772
12,67107777
12,67107778
12,67108231
12,67108233
12,67108236
12,67108237
12,67108239
12,67108241
12,67108245
12,67108254
12,67108257
12,67108260
12,67108265
12,67108266
12,67108268
12,67108269
12,67108276
12,67108279
12,67108280
12,67108290
12,67108292
12,67108294
12,67108305
12,67108306
12,67108307
12,67108313
12,67108314
12,67108316
12,67108321
12,67108323
12,67108325
12,67108326
12,67108327
12,67108328
12,67108329
12,67108333
12,67108335
12,67108336
12,67108337
12,67108339
12,67108341
12,67108346
12,67108349
12,67108350
12,67108357
12,67108364
12,67108366
12,67108371
12,67108374
12,67108376
12,67108381
12,67108382
12,67108383
12,67108385
12,67108392
12,67108402
12,67108405
12,67108413
12,67108415
12,67108425
12,67108426
12,67108429
12,67108434
12,67108436
12,67108437
12,67108441
12,67108445
12,67108447
12,67108448
12,67108454
12,67108457
12,67108461
12,67108462
12,67108464
12,67108465
12,67108466
12,67108476
12,67108484
12,67108485
12,67108489
12,67108500
12,67108503
12,67108504
12,67108508
12,67108520
12,67108522
12,67108526
12,67108527
12,67108531
12,67108534
12,67108537
12,67108539
12,67108541
12,67108552
12,67108558
12,67108562
12,67108563
12,67108564
12,67108565
12,67108574
12,67108575
12,67108577
12,67108579
12,67108585
12,67108593
12,67108598
12,67108604
12,67108607
12,67108609
12,67108613
12,67108614
12,67108615
12,67108623
12,67108633
12,67108636
12,67108639
12,67108653
12,67108654
12,67108657
12,67108660
13,67104433
13,67104866
13,67105832
13,67106050
13,67106258
13,67106711
13,67107246
13,67107266
13,67107286
13,67107329
13,67107345
13,67107377
13,67107398
13,67107421
13,67107460
13,67107481
13,67107482
13,67107511
13,67107519
13,67107523
13,67107540
13,67107548
13,67107551
13,67107567
13,67107592
13,67107594
13,67107600
13,67107606
13,67107614
13,67107622
13,67107636
13,67107659
13,67107665
13,67107682
13,67107709
13,67107724
13,67107736
13,67107737
13,67107751
13,67108240
13,67108256
13,67108273
13,67108275
13,67108286
13,67108319
13,67108330
13,67108338
13,67108344
13,67108347
13,67108352
13,67108361
13,67108370
13,67108373
13,67108377
13,67108396
13,67108404
13,67108419
13,67108421
13,67108422
13,67108438
13,67108450
13,67108467
13,67108491
13,67108513
13,67108515
13,67108523
13,67108533
13,67108538
13,67108542
13,67108543
13,67108557
13,67108561
13,67108566
13,67108588
13,67108603
13,67108612
13,67108617
13,67108635
13,67108641
13,67108642
13,67108655
14,67104802
14,67104803
14,67104819
14,67104828
14,67104832
14,67104841
14,67104856
14,67104857
14,67104861
14,67104926
14,67104935
14,67104937
14,67104953
14,67104968
14,67104973
14,67104995
14,67104996
14,67105018
14,67105031
14,67105052
14,67105056
14,67105061
14,67105073
14,67105094
14,67105112
14,67105119
14,67105124
14,67105135
14,67105138
14,67105139
14,67105161
14,67105162
14,67105205
14,67105225
14,67105231
14,67105260
14,67105262
14,67105306
14,67105312
14,67105317
14,67105319
14,67105324
14,67105330
14,67105344
14,67105356
14,67105363
14,67105376
14,67105380
14,67105387
14,67105388
14,67105400
14,67105459
14,67105461
14,67105470
14,67105474
14,67105488
14,67105491
14,67105502
14,67105512
14,67105520
14,67105530
14,67105534
14,67105542
14,67105543
14,67105557
14,67105586
14,67105606
14,67105610
14,67105612
14,67105614
14,67105625
14,67105634
14,67105665
14,67105699
14,67105708
14,67105729
14,67105740
14,67105779
14,67105821
14,67105847
14,67105851
14,67105863
14,67105864
14,67105876
14,67105891
14,67105923
14,67105932
14,67105977
14,67105999
14,67106000
14,67106001
14,67106010
14,67106012
14,67106026
14,67106034
14,67106044
14,67106051
14,67106074
14,67106102
14,67106113
14,67106116
14,67106119
14,67106138
14,67106148
14,67106183
14,67106200
14,67106209
14,67106215
14,67106220
14,67106234
14,67106241
14,67106247
14,67106249
14,67106250
14,67106256
14,67106270
14,67106274
14,67106296
14,67106309
14,67106339
14,67106344
14,67106355
14,67106358
14,67106362
14,67106363
14,67106374
14,67106396
14,67106434
14,67106438
14,67106463
14,67106474
14,67106478
14,67106486
14,67106497
14,67106499
14,67106520
14,67106522
14,67106539
14,67106541
14,67106549
14,67106570
14,67106577
14,67106579
14,67106589
14,67106608
14,67106615
14,67106657
14,67106658
14,67106662
14,67106664
14,67106665
14,67106666
14,67106676
14,67106680
14,67106688
14,67106691
14,67106702
14,67106710
14,67106718
14,67106722
14,67106724
14,67106729
14,67106733
14,67106735
14,67106742
14,67106747
14,67106748
14,67106760
14,67106764
14,67106769
14,67106774
14,67106802
14,67106810
14,67106812
14,67106813
14,67106814
14,67106815
14,67106817
14,67106818
14,67106820
14,67106822
14,67106829
14,67106830
14,67106831
14,67106832
14,67106833
14,67106835
14,67106837
14,67106844
14,67106848
14,67106849
14,67106851
14,67106852
14,67106853
14,67106855
14,67106860
14,67106861
14,67106862
14,67106868
14,67106869
14,67106870
14,67106873
14,67106875
14,67106877
14,67106879
14,67106880
14,67106881
14,67106893
14,67106898
14,67106901
14,67106902
14,67106904
14,67106908
14,67106909
14,67106912
14,67106914
14,67106918
14,67106932
14,67106933
14,67106941
14,67106943
14,67106957
14,67106962
14,67106968
14,67106981
14,67106983
14,67106984
14,67106998
14,67107003
14,67107004
14,67107013
14,67107016
14,67107019
14,67107023
14,67107040
14,67107053
14,67107115
14,67107118
14,67107122
14,67107133
14,67107139
14,67107142
14,67107165
14,67107179
14,67107181
14,67107187
14,67107188
14,67107190
14,67107201
14,67107203
14,67107206
14,67107207
14,67107214
14,67107240
14,67107242
14,67107247
14,67107253
14,67107256
14,67107264
14,67107271
14,67107278
14,67107281
14,67107285
14,67107288
14,67107289
14,67107290
14,67107294
14,67107299
14,67107304
14,67107310
14,67107311
14,67107314
14,67107317
14,67107322
14,67107328
14,67107331
14,67107332
14,67107335
14,67107338
14,67107340
14,67107341
14,67107344
14,67107347
14,67107350
14,67107351
14,67107352
14,67107357
14,67107359
14,67107363
14,67107367
14,67107379
14,67107382
14,67107384
14,67107385
14,67107386
14,67107388
14,67107391
14,67107392
14,67107394
14,67107403
14,67107405
14,67107406
14,67107411
14,67107412
14,67107413
14,67107418
14,67107420
14,67107422
14,67107428
14,67107429
14,67107432
14,67107433
14,67107439
14,67107440
14,67107444
14,67107447
14,67107449
14,67107457
14,67107463
14,67107467
14,67107469
14,67107474
14,67107483
14,67107489
14,67107492
14,67107494
14,67107495
14,67107496
14,67107499
14,67107506
14,67107516
14,67107521
14,67107525
14,67107529
14,67107532
14,67107534
14,67107535
14,67107542
14,67107543
14,67107554
14,67107557
14,67107569
14,67107570
14,67107571
14,67107572
14,67107576
14,67107583
14,67107587
14,67107589
14,67107595
14,67107596
14,67107597
14,67107602
14,67107631
14,67107632
14,67107635
14,67107638
14,67107641
14,67107649
14,67107662
14,67107663
14,67107666
14,67107667
14,67107673
14,67107675
14,67107685
14,67107691
14,67107698
14,67107703
14,67107704
14,67107706
14,67107707
14,67107711
14,67107713
14,67107715
14,67107716
14,67107723
14,67107726
14,67107729
14,67107734
14,67107738
14,67107739
14,67107740
14,67107741
14,67107747
14,67107753
14,67107764
14,67107769
14,67107782
14,67108238
14,67108251
14,67108258
14,67108293
14,67108299
14,67108300
14,67108310
14,67108312
14,67108317
14,67108331
14,67108343
14,67108348
14,67108353
14,67108354
14,67108355
14,67108369
14,67108379
14,67108393
14,67108417
14,67108430
14,67108439
14,67108442
14,67108444
14,67108458
14,67108472
14,67108473
14,67108479
14,67108493
14,67108496
14,67108505
14,67108569
14,67108591
15,67104300
15,67104791
15,67104798
15,67104846
15,67104850
15,67104853
15,67104855
15,67104865
15,67104880
15,67104897
15,67104900
15,67104908
15,67104914
15,67104919
15,67104923
15,67104934
15,67104956
15,67104969
15,67104972
15,67105001
15,67105012
15,67105024
15,67105054
15,67105076
15,67105084
15,67105114
15,67105126
15,67105131
15,67105147
15,67105157
15,67105158
15,67105168
15,67105174
15,67105192
15,67105198
15,67105238
15,67105270
15,67105275
15,67105277
15,67105279
15,67105288
15,67105291
15,67105300
15,67105316
15,67105323
15,67105340
15,67105347
15,67105365
15,67105366
15,67105383
15,67105384
15,67105390
15,67105393
15,67105396
15,67105403
15,67105405
15,67105417
15,67105419
15,67105453
15,67105460
15,67105467
15,67105471
15,67105472
15,67105504
15,67105507
15,67105529
15,67105548
15,67105552
15,67105563
15,67105566
15,67105572
15,67105575
15,67105585
15,67105600
15,67105608
15,67105644
15,67105658
15,67105673
15,67105675
15,67105680
15,67105686
15,67105687
15,67105690
15,67105695
15,67105697
15,67105718
15,67105743
15,67105746
15,67105747
15,67105752
15,67105757
15,67105771
15,67105776
15,67105787
15,67105793
15,67105804
15,67105805
15,67105810
15,67105846
15,67105854
15,67105872
15,67105880
15,67105882
15,67105886
15,67105889
15,67105894
15,67105896
15,67105901
15,67105911
15,67105914
15,67105918
15,67105927
15,67105931
15,67105936
15,67105942
15,67105943
15,67105963
15,67105966
15,67105969
15,67105976
15,67105985
15,67105997
15,67106009
15,67106022
15,67106028
15,67106036
15,67106038
15,67106063
15,67106065
15,67106072
15,67106093
15,67106103
15,67106104
15,67106108
15,67106122
15,67106127
15,67106128
15,67106171
15,67106177
15,67106184
15,67106193
15,67106205
15,67106208
15,67106253
15,67106263
15,67106267
15,67106269
15,67106272
15,67106277
15,67106299
15,67106300
15,67106304
15,67106331
15,67106333
15,67106340
15,67106343
15,67106349
15,67106356
15,67106368
15,67106370
15,67106387
15,67106404
15,67106406
15,67106411
15,67106443
15,67106448
15,67106451
15,67106464
15,67106475
15,67106505
15,67106508
15,67106515
15,67106530
15,67106544
15,67106551
15,67106552
15,67106568
15,67106583
15,67106585
15,67106595
15,67106602
15,67106605
15,67106626
15,67106627
15,67106630
15,67106633
15,67106634
15,67106637
15,67106638
15,67106640
15,67106644
15,67106645
15,67106651
15,67106663
15,67106668
15,67106672
15,67106692
15,67106696
15,67106699
15,67106709
15,67106713
15,67106717
15,67106725
15,67106744
15,67106750
15,67106761
15,67106775
15,67106776
15,67106777
15,67106792
15,67106803
15,67106809
15,67106843
15,67106854
15,67106882
15,67106934
15,67106942
15,67106945
15,67106960
15,67106964
15,67106965
15,67106978
15,67107017
15,67107033
15,67107037
15,67107058
15,67107070
15,67107081
15,67107086
15,67107088
15,67107098
15,67107100
15,67107103
15,67107112
15,67107116
15,67107127
15,67107137
15,67107140
15,67107144
15,67107148
15,67107151
15,67107167
15,67107168
15,67107172
15,67107178
15,67107216
15,67107223
15,67107241
15,67107254
15,67107269
15,67107274
15,67107291
15,67107302
15,67107309
15,67107315
15,67107333
15,67107346
15,67107349
15,67107362
15,67107369
15,67107395
15,67107415
15,67107424
15,67107425
15,67107436
15,67107441
15,67107470
15,67107478
15,67107480
15,67107488
15,67107497
15,67107501
15,67107507
15,67107509
15,67107524
15,67107530
15,67107531
15,67107580
15,67107637
15,67107648
15,67107687
15,67107692
15,67107718
15,67107733
15,67107752
15,67108252
15,67108285
15,67108295
15,67108298
15,67108309
15,67108324
15,67108391
15,67108412
15,67108477
15,67108478
15,67108514
15,67108521
15,67108532
15,67108535
15,67108545
15,67108608
15,67108630
16,67104863
16,67104893
16,67104905
16,67104906
16,67104909
16,67104928
16,67104939
16,67104941
16,67104949
16,67104958
16,67104963
16,67104978
16,67104983
16,67104992
16,67105016
16,67105025
16,67105032
16,67105068
16,67105155
16,67105182
16,67105197
16,67105212
16,67105216
16,67105246
16,67105276
16,67105278
16,67105299
16,67105345
16,67105371
16,67105373
16,67105381
16,67105392
16,67105407
16,67105422
16,67105443
16,67105468
16,67105522
16,67105570
16,67105595
16,67105626
16,67105627
16,67105631
16,67105719
16,67105731
16,67105756
16,67105764
16,67105813
16,67105822
16,67105848
16,67105861
16,67105862
16,67105881
16,67105895
16,67105897
16,67105916
16,67105937
16,67105944
16,67105948
16,67105950
16,67105961
16,67105974
16,67105982
16,67105988
16,67106029
16,67106030
16,67106068
16,67106073
16,67106079
16,67106080
16,67106107
16,67106112
16,67106115
16,67106120
16,67106130
16,67106132
16,67106136
16,67106137
16,67106153
16,67106154
16,67106187
16,67106194
16,67106235
16,67106238
16,67106251
16,67106255
16,67106291
16,67106305
16,67106310
16,67106311
16,67106316
16,67106319
16,67106320
16,67106321
16,67106347
16,67106351
16,67106352
16,67106357
16,67106360
16,67106376
16,67106378
16,67106390
16,67106398
16,67106416
16,67106440
16,67106491
16,67106496
16,67106501
16,67106506
16,67106509
16,67106513
16,67106517
16,67106523
16,67106524
16,67106529
16,67106542
16,67106554
16,67106587
16,67106600
16,67106617
16,67106647
16,67106659
16,67106661
16,67106675
16,67106690
16,67106700
16,67106723
16,67106736
16,67106752
16,67106756
16,67106759
16,67106765
16,67106773
16,67106791
16,67106793
16,67106796
16,67106800
16,67106823
16,67106824
16,67106836
16,67106840
16,67106857
16,67106894
16,67106900
16,67106906
16,67106916
16,67106929
16,67106939
16,67106976
16,67106977
16,67107026
16,67107057
16,67107063
16,67107080
16,67107099
16,67107104
16,67107136
16,67107146
16,67107150
16,67107152
16,67107169
16,67107170
16,67107184
16,67107200
16,67107208
16,67107273
16,67107284
16,67107320
16,67107334
16,67107354
16,67107372
16,67107373
16,67107402
16,67107417
16,67107431
16,67107446
16,67107448
16,67107462
16,67107498
16,67107539
16,67107609
16,67107629
16,67107647
16,67107731
16,67108235
16,67108247
16,67108288
16,67108301
16,67108359
16,67108386
16,67108433
16,67108460
16,67108480
16,67108490
16,67108495
16,67108518
16,67108576
16,67108600
16,67108619
16,67108643
16,67108658
17,67104429
17,67104430
17,67104796
17,67104801
17,67104805
17,67104806
17,67104807
17,67104809
17,67104821
17,67104837
17,67104860
17,67104870
17,67104876
17,67104882
17,67104891
17,67104898
17,67104910
17,67104924
17,67104925
17,67104951
17,67104964
17,67104991
17,67105003
17,67105010
17,67105019
17,67105022
17,67105039
17,67105046
17,67105059
17,67105069
17,67105075
17,67105087
17,67105091
17,67105103
17,67105111
17,67105118
17,67105122
17,67105123
17,67105134
17,67105160
17,67105163
17,67105166
17,67105179
17,67105187
17,67105196
17,67105214
17,67105226
17,67105233
17,67105241
17,67105243
17,67105249
17,67105250
17,67105263
17,67105269
17,67105304
17,67105314
17,67105318
17,67105326
17,67105343
17,67105349
17,67105359
17,67105362
17,67105368
17,67105370
17,67105375
17,67105378
17,67105397
17,67105401
17,67105402
17,67105404
17,67105411
17,67105415
17,67105420
17,67105429
17,67105430
17,67105432
17,67105438
17,67105441
17,67105445
17,67105458
17,67105473
17,67105480
17,67105481
17,67105492
17,67105494
17,67105516
17,67105521
17,67105524
17,67105526
17,67105527
17,67105528
17,67105536
17,67105539
17,67105540
17,67105546
17,67105549
17,67105551
17,67105556
17,67105558
17,67105559
17,67105576
17,67105577
17,67105580
17,67105581
17,67105583
17,67105592
17,67105593
17,67105596
17,67105598
17,67105601
17,67105623
17,67105628
17,67105636
17,67105642
17,67105646
17,67105663
17,67105666
17,67105670
17,67105676
17,67105683
17,67105685
17,67105691
17,67105694
17,67105722
17,67105725
17,67105727
17,67105736
17,67105739
17,67105751
17,67105755
17,67105758
17,67105765
17,67105766
17,67105769
17,67105773
17,67105791
17,67105794
17,67105795
17,67105802
17,67105807
17,67105808
17,67105814
17,67105815
17,67105818
17,67105819
17,67105826
17,67105831
17,67105865
17,67105887
17,67105905
17,67105920
17,67105921
17,67105924
17,67105929
17,67105934
17,67105935
17,67105945
17,67105946
17,67105949
17,67105956
17,67105957
17,67105980
17,67105989
17,67106005
17,67106013
17,67106019
17,67106021
17,67106033
17,67106042
17,67106058
17,67106060
17,67106061
17,67106064
17,67106066
17,67106067
17,67106069
17,67106070
17,67106088
17,67106089
17,67106091
17,67106095
17,67106099
17,67106105
17,67106109
17,67106110
17,67106143
17,67106160
17,67106162
17,67106167
17,67106168
17,67106174
17,67106178
17,67106181
17,67106191
17,67106192
17,67106195
17,67106204
17,67106223
17,67106226
17,67106245
17,67106252
17,67106262
17,67106268
17,67106271
17,67106280
17,67106283
17,67106293
17,67106297
17,67106328
17,67106335
17,67106369
17,67106380
17,67106381
17,67106382
17,67106383
17,67106392
17,67106420
17,67106423
17,67106426
17,67106429
17,67106442
17,67106445
17,67106447
17,67106453
17,67106457
17,67106479
17,67106492
17,67106495
17,67106518
17,67106525
17,67106531
17,67106532
17,67106538
17,67106545
17,67106546
17,67106548
17,67106556
17,67106565
17,67106574
17,67106578
17,67106584
17,67106592
17,67106593
17,67106594
17,67106597
17,67106612
17,67106618
17,67106624
17,67106635
17,67106655
17,67106660
17,67106670
17,67106671
17,67106673
17,67106677
17,67106695
17,67106701
17,67106707
17,67106715
17,67106716
17,67106755
17,67106783
17,67106786
17,67106799
17,67106807
17,67106816
17,67106838
17,67106865
17,67106905
17,67106917
17,67106963
17,67106986
17,67107002
17,67107011
17,67107043
17,67107097
17,67107107
17,67107124
17,67107153
17,67107156
17,67107164
17,67107220
17,67107229
17,67107230
17,67107231
17,67107233
17,67107236
17,67107255
17,67107258
17,67107342
17,67107343
17,67107356
17,67107364
17,67107370
17,67107371
17,67107383
17,67107410
17,67107416
17,67107514
17,67107579
17,67107613
17,67107620
17,67107624
17,67107626
17,67107653
17,67107660
17,67107693
17,67107743
17,67107758
17,67107766
17,67107780
17,67108243
17,67108248
17,67108270
17,67108304
17,67108408
17,67108446
17,67108507
17,67108544
17,67108553
17,67108584
17,67108599
17,67108605
17,67108611
17,67108628
18,67104883
18,67104913
18,67104918
18,67104930
18,67104932
18,67104944
18,67104945
18,67104966
18,67104990
18,67105021
18,67105029
18,67105049
18,67105108
18,67105152
18,67105164
18,67105189
18,67105209
18,67105223
18,67105240
18,67105257
18,67105286
18,67105315
18,67105325
18,67105332
18,67105421
18,67105450
18,67105478
18,67105506
18,67105547
18,67105553
18,67105560
18,67105571
18,67105587
18,67105616
18,67105619
18,67105656
18,67105657
18,67105674
18,67105705
18,67105713
18,67105726
18,67105777
18,67105792
18,67105817
18,67105839
18,67105849
18,67105878
18,67105940
18,67105971
18,67105975
18,67106007
18,67106015
18,67106027
18,67106037
18,67106043
18,67106048
18,67106059
18,67106118
18,67106141
18,67106142
18,67106147
18,67106163
18,67106176
18,67106224
18,67106225
18,67106298
18,67106354
18,67106421
18,67106446
18,67106450
18,67106454
18,67106456
18,67106482
18,67106500
18,67106510
18,67106519
18,67106526
18,67106534
18,67106535
18,67106540
18,67106550
18,67106573
18,67106590
18,67106596
18,67106598
18,67106603
18,67106611
18,67106619
18,67106625
18,67106653
18,67106667
18,67106682
18,67106683
18,67106694
18,67106743
18,67106753
18,67106758
18,67106788
18,67106804
18,67106828
18,67106846
18,67106867
18,67106883
18,67106897
18,67106899
18,67106940
18,67106988
18,67107015
18,67107030
18,67107032
18,67107041
18,67107045
18,67107066
18,67107067
18,67107093
18,67107101
18,67107128
18,67107141
18,67107160
18,67107162
18,67107163
18,67107175
18,67107180
18,67107182
18,67107189
18,67107192
18,67107199
18,67107202
18,67107205
18,67107210
18,67107211
18,67107232
18,67107235
18,67107237
18,67107239
18,67107243
18,67107245
18,67107248
18,67107250
18,67107252
18,67107259
18,67107261
18,67107268
18,67107275
18,67107308
18,67107312
18,67107321
18,67107336
18,67107339
18,67107348
18,67107355
18,67107375
18,67107378
18,67107397
18,67107400
18,67107407
18,67107438
18,67107491
18,67107503
18,67107546
18,67107556
18,67107562
18,67107681
18,67107702
18,67107742
18,67107770
18,67108230
18,67108272
18,67108332
18,67108342
18,67108367
18,67108400
18,67108409
18,67108411
18,67108455
18,67108510
18,67108555
