902036450,67093288
902036450,67093289
902036450,67093290
902036450,67093291
902036450,67093292
902036450,67093293
902036450,67093294
902036450,67093295
902036450,67093296
902036450,67093297
902036450,67093298
902036450,67093299
902036450,67093300
902036450,67093301
902036450,67093302
902036450,67093307
902036450,67093309
902036450,67093328
902036450,67093330
902036450,67093331
902036450,67093336
902036450,67093341
902036450,67093343
902036450,67093346
902036450,67093349
902036450,67093352
902036450,67093354
902036450,67093370
902036450,67093403
902036450,67093406
902036450,67093409
902036450,67093433
902036450,67093440
902036450,67093442
902036450,67093464
902036450,67093472
902036450,67093501
902036450,67093505
902036450,67093513
902036450,67093518
902036450,67093522
902036450,67093532
902036450,67093535
902036450,67093540
902036450,67093545
902036450,67093558
902036450,67093561
902036450,67093570
902036450,67093574
902036450,67093591
902036450,67093616
902036450,67093617
902036450,67093619
902036450,67093629
902036450,67093631
902036450,67093635
902036450,67093637
902036450,67093639
902036450,67093640
902036450,67093642
902036450,67093643
902036450,67093646
902036450,67095395
902036450,67102786
27963129950,131231
27963129950,67093303
27963129950,67093304
27963129950,67093306
27963129950,67093308
27963129950,67093310
27963129950,67093391
27963129950,67093392
27963129950,67093393
27963129950,67093394
27963129950,67093395
27963129950,67093396
27963129950,67093397
27963129950,67093398
27963129950,67093401
27963129950,67093402
27963129950,67093404
27963129950,67093405
27963129950,67093407
27963129950,67093408
27963129950,67093410
27963129950,67093411
27963129950,67093412
27963129950,67093413
27963129950,67093414
27963129950,67093415
27963129950,67093416
27963129950,67093417
27963129950,67093418
27963129950,67093419
27963129950,67093431
27963129950,67093446
27963129950,67093456
27963129950,67093457
27963129950,67093458
27963129950,67093459
27963129950,67093462
27963129950,67093465
27963129950,67093467
27963129950,67093469
27963129950,67093471
27963129950,67093474
27963129950,67093475
27963129950,67093476
27963129950,67093477
27963129950,67093481
27963129950,67093483
27963129950,67093485
27963129950,67093487
27963129950,67093488
27963129950,67093489
27963129950,67093490
27963129950,67093491
27963129950,67093492
27963129950,67093493
27963129950,67093494
27963129950,67093495
27963129950,67093496
27963129950,67093497
27963129950,67093498
27963129950,67093499
27963129950,67093500
27963129950,67093502
27963129950,67093503
55024223450,67093305
55024223450,67093313
55024223450,67093315
55024223450,67093316
55024223450,67093317
55024223450,67093318
55024223450,67093319
55024223450,67093321
55024223450,67093323
55024223450,67093324
55024223450,67093325
55024223450,67093326
55024223450,67093327
55024223450,67093337
55024223450,67093338
55024223450,67093340
55024223450,67093344
55024223450,67093347
55024223450,67093348
55024223450,67093350
55024223450,67093351
55024223450,67093355
55024223450,67093356
55024223450,67093363
55024223450,67093372
55024223450,67093382
55024223450,67093424
55024223450,67093425
55024223450,67093439
55024223450,67093448
55024223450,67093449
55024223450,67093453
55024223450,67093455
55024223450,67093470
55024223450,67093484
55024223450,67093486
55024223450,67093511
55024223450,67093512
55024223450,67093527
55024223450,67093530
55024223450,67093539
55024223450,67093548
55024223450,67093559
55024223450,67093565
55024223450,67093566
55024223450,67093573
55024223450,67093575
55024223450,67093588
55024223450,67093596
55024223450,67093608
55024223450,67093618
55024223450,67093621
55024223450,67093623
55024223450,67093630
55024223450,67093645
55024223450,67097229
55024223450,67100633
55024223450,67101030
55024223450,67104620
55024223450,67108024
55024223450,67108434
55024223450,67108583
55024223450,67108792
82085316950,67093320
82085316950,67093329
82085316950,67093342
82085316950,67093506
82085316950,67093514
82085316950,67093516
82085316950,67093517
82085316950,67093519
82085316950,67093521
82085316950,67093523
82085316950,67093524
82085316950,67093525
82085316950,67093528
82085316950,67093529
82085316950,67093531
82085316950,67093541
82085316950,67100790
82085316950,67100794
82085316950,67100800
82085316950,67100801
82085316950,67100806
82085316950,67100810
82085316950,67100811
82085316950,67100812
82085316950,67100813
82085316950,67100814
82085316950,67100815
82085316950,67100816
82085316950,67108181
82085316950,67108185
82085316950,67108191
82085316950,67108192
82085316950,67108197
82085316950,67108201
82085316950,67108202
82085316950,67108204
82085316950,67108205
82085316950,67108206
82085316950,67108207
82085316950,67108648
82085316950,67108649
82085316950,67108650
82085316950,67108656
82085316950,67108657
82085316950,67108658
82085316950,67108659
82085316950,67108660
82085316950,67108661
82085316950,67108662
82085316950,67108663
82085316950,67108664
82085316950,67108665
82085316950,67108666
82085316950,67108667
82085316950,67108668
82085316950,67108669
82085316950,67108670
82085316950,67108671
82085316950,67108672
82085316950,67108673
82085316950,67108674
82085316950,67108675
82085316950,67108676
109146410450,67093311
109146410450,67093312
109146410450,67093314
109146410450,67093322
109146410450,67093333
109146410450,67093334
109146410450,67093335
109146410450,67093339
109146410450,67093353
109146410450,67093357
109146410450,67093358
109146410450,67093359
109146410450,67093360
109146410450,67093361
109146410450,67093364
109146410450,67093365
109146410450,67093366
109146410450,67093379
109146410450,67093386
109146410450,67093387
109146410450,67093388
109146410450,67093420
109146410450,67093443
109146410450,67093444
109146410450,67093445
109146410450,67093466
109146410450,67093473
109146410450,67093482
109146410450,67093504
109146410450,67093520
109146410450,67093534
109146410450,67093536
109146410450,67093538
109146410450,67093543
109146410450,67093546
109146410450,67093552
109146410450,67093560
109146410450,67093563
109146410450,67093581
109146410450,67093584
109146410450,67093586
109146410450,67093589
109146410450,67093590
109146410450,67093594
109146410450,67093595
109146410450,67093597
109146410450,67093600
109146410450,67093603
109146410450,67093605
109146410450,67093613
109146410450,67093614
109146410450,67093615
109146410450,67093624
109146410450,67093625
109146410450,67093626
109146410450,67093627
109146410450,67093633
109146410450,67093641
109146410450,67093647
109146410450,67093648
109146410450,67097878
109146410450,67105268
109146410450,67108436
136207503950,67093345
136207503950,67093368
136207503950,67093432
136207503950,67093434
136207503950,67093435
136207503950,67093436
136207503950,67093509
136207503950,67093544
136207503950,67093553
136207503950,67093562
136207503950,67093564
136207503950,67093585
136207503950,67093598
136207503950,67093602
136207503950,67093609
136207503950,67093628
136207503950,67093632
136207503950,67093638
136207503950,67093649
136207503950,67093650
136207503950,67099442
136207503950,67099558
136207503950,67099601
136207503950,67099614
136207503950,67099621
136207503950,67099623
136207503950,67099648
136207503950,67099664
136207503950,67099673
136207503950,67099689
136207503950,67099693
136207503950,67099704
136207503950,67099712
136207503950,67099742
136207503950,67106833
136207503950,67107005
136207503950,67107012
136207503950,67107014
136207503950,67107039
136207503950,67107055
136207503950,67107064
136207503950,67107080
136207503950,67107084
136207503950,67107095
136207503950,67107103
136207503950,67108442
136207503950,67108443
136207503950,67108444
136207503950,67108446
136207503950,67108447
136207503950,67108448
136207503950,67108450
136207503950,67108451
136207503950,67108452
136207503950,67108453
136207503950,67108454
136207503950,67108455
136207503950,67108457
136207503950,67108458
136207503950,67108459
136207503950,67108460
136207503950,67108461
136207503950,67108462
163268597450,67093332
163268597450,67093369
163268597450,67093373
163268597450,67093375
163268597450,67093383
163268597450,67093384
163268597450,67093389
163268597450,67093422
163268597450,67093423
163268597450,67093426
163268597450,67093427
163268597450,67093428
163268597450,67093429
163268597450,67093430
163268597450,67093437
163268597450,67093447
163268597450,67093450
163268597450,67093451
163268597450,67093452
163268597450,67093454
163268597450,67093460
163268597450,67093461
163268597450,67093468
163268597450,67093478
163268597450,67093480
163268597450,67093510
163268597450,67093542
163268597450,67093547
163268597450,67093549
163268597450,67093550
163268597450,67093551
163268597450,67093554
163268597450,67093555
163268597450,67093556
163268597450,67093557
163268597450,67093568
163268597450,67093569
163268597450,67093572
163268597450,67093577
163268597450,67093578
163268597450,67093579
163268597450,67093580
163268597450,67093582
163268597450,67093583
163268597450,67093587
163268597450,67093592
163268597450,67093599
163268597450,67093604
163268597450,67093607
163268597450,67093610
163268597450,67093611
163268597450,67093612
163268597450,67093620
163268597450,67093622
163268597450,67093634
163268597450,67093636
163268597450,67097820
163268597450,67097834
163268597450,67097840
163268597450,67105211
163268597450,67105225
163268597450,67105231
163268597450,67108435
190329690950,67093663
190329690950,67093671
190329690950,67093913
190329690950,67094131
190329690950,67094164
190329690950,67094638
190329690950,67094686
190329690950,67094687
190329690950,67094829
190329690950,67094852
190329690950,67095073
190329690950,67095077
190329690950,67095078
190329690950,67095243
190329690950,67095296
190329690950,67095313
190329690950,67095370
190329690950,67095733
190329690950,67095787
190329690950,67095848
190329690950,67096346
190329690950,67096609
190329690950,67096813
190329690950,67096814
190329690950,67096815
190329690950,67096893
190329690950,67097317
190329690950,67097321
190329690950,67097398
190329690950,67097493
190329690950,67097930
190329690950,67101054
190329690950,67101062
190329690950,67101304
190329690950,67101522
190329690950,67101554
190329690950,67101555
190329690950,67102029
190329690950,67102077
190329690950,67102078
190329690950,67102220
190329690950,67102243
190329690950,67102464
190329690950,67102469
190329690950,67102634
190329690950,67102687
190329690950,67102704
190329690950,67102761
190329690950,67103124
190329690950,67103178
190329690950,67103239
190329690950,67103737
190329690950,67104000
190329690950,67104204
190329690950,67104205
190329690950,67104206
190329690950,67104284
190329690950,67104708
190329690950,67104789
190329690950,67104884
190329690950,67105321
190329690950,67108432
190329690950,67108433
217390784450,131260
217390784450,131261
217390784450,67093362
217390784450,67093371
217390784450,67093374
217390784450,67093376
217390784450,67093377
217390784450,67093381
217390784450,67093421
217390784450,67093438
217390784450,67093441
217390784450,67093463
217390784450,67093479
217390784450,67093507
217390784450,67093508
217390784450,67093515
217390784450,67093533
217390784450,67093537
217390784450,67093567
217390784450,67093576
217390784450,67093593
217390784450,67093601
217390784450,67093644
217390784450,67096984
217390784450,67097928
217390784450,67098236
217390784450,67098237
217390784450,67098810
217390784450,67098889
217390784450,67099023
217390784450,67099151
217390784450,67099153
217390784450,67099198
217390784450,67099270
217390784450,67100614
217390784450,67101004
217390784450,67104375
217390784450,67105319
217390784450,67105627
217390784450,67105628
217390784450,67106201
217390784450,67106279
217390784450,67106280
217390784450,67106414
217390784450,67106542
217390784450,67106544
217390784450,67106589
217390784450,67106661
217390784450,67108005
217390784450,67108395
217390784450,67108437
217390784450,67108438
217390784450,67108439
217390784450,67108440
217390784450,67108441
217390784450,67108445
217390784450,67108488
217390784450,67108513
217390784450,67108572
217390784450,67108612
217390784450,67108696
217390784450,67108755
217390784450,67108773
244451877950,67093856
244451877950,67093876
244451877950,67093896
244451877950,67093911
244451877950,67093919
244451877950,67093921
244451877950,67093941
244451877950,67093942
244451877950,67093953
244451877950,67093963
244451877950,67094006
244451877950,67094079
244451877950,67094080
244451877950,67094081
244451877950,67094082
244451877950,67094088
244451877950,67094089
244451877950,67094092
244451877950,67094096
244451877950,67094113
244451877950,67094138
244451877950,67094199
244451877950,67094200
244451877950,67094216
244451877950,67094758
244451877950,67094866
244451877950,67094867
244451877950,67094869
244451877950,67094887
244451877950,67095317
244451877950,67095330
244451877950,67096948
244451877950,67101247
244451877950,67101267
244451877950,67101287
244451877950,67101302
244451877950,67101310
244451877950,67101312
244451877950,67101332
244451877950,67101333
244451877950,67101344
244451877950,67101354
244451877950,67101397
244451877950,67101470
244451877950,67101471
244451877950,67101472
244451877950,67101479
244451877950,67101480
244451877950,67101483
244451877950,67101487
244451877950,67101504
244451877950,67101529
244451877950,67101590
244451877950,67101591
244451877950,67101607
244451877950,67102149
244451877950,67102257
244451877950,67102258
244451877950,67102260
244451877950,67102277
244451877950,67102468
244451877950,67102708
244451877950,67102721
271512971450,67097628
271512971450,67097639
271512971450,67097648
271512971450,67097660
271512971450,67097677
271512971450,67097680
271512971450,67097692
271512971450,67097783
271512971450,67097784
271512971450,67097789
271512971450,67097799
271512971450,67097808
271512971450,67105019
271512971450,67105030
271512971450,67105039
271512971450,67105051
271512971450,67105068
271512971450,67105070
271512971450,67105071
271512971450,67105073
271512971450,67105083
271512971450,67105172
271512971450,67105174
271512971450,67105180
271512971450,67105190
271512971450,67105199
