1096522560,67091409
1096522560,67092427
1096522560,67093415
1096522560,67093416
1096522560,67093417
1096522560,67093418
1096522560,67093419
1096522560,67093420
1096522560,67093421
1096522560,67093422
1096522560,67093423
1096522560,67093424
1096522560,67093425
1096522560,67093426
1096522560,67093427
1096522560,67093428
1096522560,67093429
1096522560,67093430
1096522560,67093431
1096522560,67093432
1096522560,67093433
1096522560,67093434
1096522560,67093435
1096522560,67093437
1096522560,67093438
1096522560,67093439
1096522560,67093440
1096522560,67093441
1096522560,67093442
1096522560,67093443
1096522560,67093444
1096522560,67093445
1096522560,67093446
1096522560,67093447
1096522560,67093448
1096522560,67093449
1096522560,67093450
1096522560,67093451
1096522560,67093476
1096522560,67093477
1096522560,67093478
1096522560,67093479
1096522560,67093480
1096522560,67093481
1096522560,67093482
1096522560,67093483
1096522560,67093484
1096522560,67093485
1096522560,67093486
1096522560,67093487
1096522560,67093488
1096522560,67093489
1096522560,67093490
1096522560,67093491
1096522560,67093492
1096522560,67093493
1096522560,67093494
1096522560,67093496
1096522560,67093501
1096522560,67093505
1096522560,67093506
1096522560,67093507
1096522560,67093908
1096522560,67101397
33992199360,67093436
33992199360,67093452
33992199360,67093453
33992199360,67093454
33992199360,67093455
33992199360,67093495
33992199360,67093497
33992199360,67093498
33992199360,67093499
33992199360,67093500
33992199360,67093502
33992199360,67093503
33992199360,67093504
33992199360,67093508
33992199360,67093509
33992199360,67093510
33992199360,67093511
33992199360,67093513
33992199360,67093514
33992199360,67093515
33992199360,67093516
33992199360,67093517
33992199360,67093518
33992199360,67093519
33992199360,67093520
33992199360,67093521
33992199360,67093522
33992199360,67093523
33992199360,67093525
33992199360,67098760
33992199360,67098801
33992199360,67098811
33992199360,67098812
33992199360,67098813
33992199360,67098814
33992199360,67098815
33992199360,67098816
33992199360,67098817
33992199360,67098818
33992199360,67098819
33992199360,67098820
33992199360,67098821
33992199360,67098822
33992199360,67098823
33992199360,67098824
33992199360,67106249
33992199360,67106283
33992199360,67106290
33992199360,67106300
33992199360,67106301
33992199360,67106302
33992199360,67106303
33992199360,67106304
33992199360,67106305
33992199360,67106306
33992199360,67106308
33992199360,67106309
33992199360,67106310
33992199360,67106311
33992199360,67106312
33992199360,67106313
33992199360,67106314
33992199360,67108602
33992199360,67108603
66887876160,67093456
66887876160,67093457
66887876160,67093458
66887876160,67093459
66887876160,67093460
66887876160,67093461
66887876160,67093462
66887876160,67093463
66887876160,67093464
66887876160,67093465
66887876160,67093466
66887876160,67093467
66887876160,67093468
66887876160,67093469
66887876160,67093470
66887876160,67093471
66887876160,67093472
66887876160,67093473
66887876160,67093512
66887876160,67093526
66887876160,67093531
66887876160,67093535
66887876160,67093544
66887876160,67093551
66887876160,67096220
66887876160,67096221
66887876160,67096223
66887876160,67096225
66887876160,67096227
66887876160,67096228
66887876160,67096229
66887876160,67096230
66887876160,67096231
66887876160,67096232
66887876160,67096237
66887876160,67096238
66887876160,67096239
66887876160,67096240
66887876160,67096242
66887876160,67096243
66887876160,67096244
66887876160,67096245
66887876160,67096246
66887876160,67096248
66887876160,67103709
66887876160,67103710
66887876160,67103713
66887876160,67103716
66887876160,67103717
66887876160,67103718
66887876160,67103719
66887876160,67103720
66887876160,67103721
66887876160,67103726
66887876160,67103727
66887876160,67103728
66887876160,67103729
66887876160,67103730
66887876160,67103731
66887876160,67103732
66887876160,67103733
66887876160,67103734
66887876160,67103735
66887876160,67103737
99783552960,67093474
99783552960,67093475
99783552960,67093524
99783552960,67093527
99783552960,67093528
99783552960,67093529
99783552960,67093530
99783552960,67093532
99783552960,67093533
99783552960,67093534
99783552960,67093536
99783552960,67093537
99783552960,67093538
99783552960,67093540
99783552960,67093541
99783552960,67093542
99783552960,67093543
99783552960,67093545
99783552960,67093547
99783552960,67093549
99783552960,67093556
99783552960,67093559
99783552960,67093565
99783552960,67093577
99783552960,67093611
99783552960,67094992
99783552960,67094994
99783552960,67095035
99783552960,67095042
99783552960,67095090
99783552960,67095095
99783552960,67095127
99783552960,67095128
99783552960,67095158
99783552960,67095175
99783552960,67095176
99783552960,67095177
99783552960,67095179
99783552960,67095181
99783552960,67095182
99783552960,67095184
99783552960,67095186
99783552960,67095188
99783552960,67095189
99783552960,67102481
99783552960,67102484
99783552960,67102531
99783552960,67102568
99783552960,67102579
99783552960,67102580
99783552960,67102584
99783552960,67102616
99783552960,67102618
99783552960,67102647
99783552960,67102664
99783552960,67102665
99783552960,67102666
99783552960,67102668
99783552960,67102670
99783552960,67102672
99783552960,67102673
99783552960,67102675
99783552960,67102678
99783552960,67108594
132679229760,131231
132679229760,131261
132679229760,67091497
132679229760,67093539
132679229760,67093546
132679229760,67093548
132679229760,67093550
132679229760,67093552
132679229760,67093553
132679229760,67093554
132679229760,67093555
132679229760,67093557
132679229760,67093558
132679229760,67093560
132679229760,67093561
132679229760,67093562
132679229760,67093563
132679229760,67093564
132679229760,67093567
132679229760,67093569
132679229760,67093570
132679229760,67093571
132679229760,67093572
132679229760,67093573
132679229760,67093574
132679229760,67093575
132679229760,67093580
132679229760,67093582
132679229760,67093583
132679229760,67093584
132679229760,67093585
132679229760,67093588
132679229760,67093632
132679229760,67094350
132679229760,67094492
132679229760,67094655
132679229760,67096639
132679229760,67096646
132679229760,67096660
132679229760,67096909
132679229760,67096911
132679229760,67096932
132679229760,67097552
132679229760,67101121
132679229760,67101122
132679229760,67101839
132679229760,67101981
132679229760,67102145
132679229760,67104129
132679229760,67104135
132679229760,67104149
132679229760,67104398
132679229760,67104401
132679229760,67104421
132679229760,67105041
132679229760,67108595
132679229760,67108596
132679229760,67108597
132679229760,67108599
132679229760,67108600
132679229760,67108601
132679229760,67108604
132679229760,67108605
