1379256614,67100550
1379256614,67100551
1379256614,67100552
1379256614,67100553
1379256614,67100554
1379256614,67100959
1379256614,67104954
42756955034,131245
42756955034,67100566
42756955034,67100567
42756955034,67100568
42756955034,67100570
42756955034,67100571
42756955034,67100572
42756955034,67100575
42756955034,67100582
42756955034,67100583
42756955034,67100584
42756955034,67100585
42756955034,67100586
42756955034,67100588
42756955034,67100590
42756955034,67100593
42756955034,67100594
42756955034,67100595
42756955034,67100596
42756955034,67100598
42756955034,67100599
42756955034,67100600
42756955034,67100601
42756955034,67100604
42756955034,67100605
42756955034,67100606
42756955034,67100607
42756955034,67100608
42756955034,67100609
42756955034,67100610
42756955034,67100611
42756955034,67100612
42756955034,67100613
42756955034,67100614
42756955034,67100616
42756955034,67100617
42756955034,67100618
42756955034,67100621
42756955034,67100622
42756955034,67100623
42756955034,67100624
42756955034,67100625
42756955034,67100626
42756955034,67100627
42756955034,67100629
42756955034,67100630
42756955034,67100631
42756955034,67100632
42756955034,67100633
42756955034,67100649
42756955034,67100652
42756955034,67100653
42756955034,67100655
42756955034,67100656
42756955034,67100660
42756955034,67100665
42756955034,67102393
42756955034,67102395
42756955034,67102396
42756955034,67102397
42756955034,67106388
42756955034,67106390
42756955034,67106391
42756955034,67106392
84134653454,67100569
84134653454,67100573
84134653454,67100574
84134653454,67100576
84134653454,67100577
84134653454,67100578
84134653454,67100579
84134653454,67100587
84134653454,67100591
84134653454,67100597
84134653454,67100602
84134653454,67100603
84134653454,67103367
84134653454,67107362
