732856447,67100605
732856447,67100606
732856447,67100607
732856447,67100608
732856447,67100794
732856447,67104789
22718549857,131245
22718549857,67100549
22718549857,67100550
22718549857,67100611
22718549857,67100612
22718549857,67100618
22718549857,67100620
22718549857,67100621
22718549857,67100622
22718549857,67100623
22718549857,67100624
22718549857,67100625
22718549857,67100626
22718549857,67100627
22718549857,67100628
22718549857,67100629
22718549857,67100630
22718549857,67100631
22718549857,67100632
22718549857,67100633
22718549857,67100634
22718549857,67100635
22718549857,67100636
22718549857,67100637
22718549857,67100638
22718549857,67100639
22718549857,67100640
22718549857,67100641
22718549857,67100642
22718549857,67100643
22718549857,67100644
22718549857,67100645
22718549857,67100646
22718549857,67100647
22718549857,67100648
22718549857,67100649
22718549857,67100650
22718549857,67100651
22718549857,67100652
22718549857,67100653
22718549857,67100654
22718549857,67100655
22718549857,67100656
22718549857,67100657
22718549857,67100658
22718549857,67100659
22718549857,67100660
22718549857,67100661
22718549857,67100662
22718549857,67100663
22718549857,67100664
22718549857,67100665
22718549857,67100666
22718549857,67100667
22718549857,67100668
22718549857,67100669
22718549857,67100670
22718549857,67100671
22718549857,67100672
22718549857,67100673
22718549857,67100674
22718549857,67100675
22718549857,67100676
22718549857,67100677
44704243267,67100609
44704243267,67100610
44704243267,67100613
44704243267,67100614
44704243267,67100615
44704243267,67100616
44704243267,67100617
44704243267,67100619
44704243267,67100748
44704243267,67100749
44704243267,67100752
44704243267,67100753
44704243267,67100754
44704243267,67100755
44704243267,67100756
44704243267,67100757
44704243267,67100758
44704243267,67100759
44704243267,67100760
44704243267,67104744
44704243267,67104747
44704243267,67104748
44704243267,67104749
44704243267,67104750
44704243267,67104751
44704243267,67104752
44704243267,67104753
44704243267,67104754
44704243267,67104755
44704243267,67108669
66689936677,67100713
66689936677,67100714
66689936677,67100716
66689936677,67100717
66689936677,67100718
66689936677,67100719
66689936677,67100722
66689936677,67100723
66689936677,67100724
66689936677,67100726
66689936677,67100727
66689936677,67100729
66689936677,67100731
66689936677,67100732
66689936677,67100734
66689936677,67100735
66689936677,67100761
66689936677,67100762
66689936677,67100763
66689936677,67100764
66689936677,67100765
66689936677,67100766
66689936677,67100767
66689936677,67100768
66689936677,67100769
66689936677,67100770
66689936677,67100771
66689936677,67100772
66689936677,67100773
66689936677,67100774
66689936677,67100775
66689936677,67100776
66689936677,67100792
66689936677,67104708
66689936677,67104711
66689936677,67104712
66689936677,67104713
66689936677,67104714
66689936677,67104717
66689936677,67104718
66689936677,67104719
66689936677,67104722
66689936677,67104723
66689936677,67104725
66689936677,67104726
66689936677,67104727
66689936677,67104729
66689936677,67104756
66689936677,67104757
66689936677,67104758
66689936677,67104759
66689936677,67104760
66689936677,67104761
66689936677,67104762
66689936677,67104763
66689936677,67104764
66689936677,67104765
66689936677,67104766
66689936677,67104767
66689936677,67104768
66689936677,67104769
66689936677,67104770
66689936677,67104771
66689936677,67108667
88675630087,131253
88675630087,67100800
88675630087,67101350
88675630087,67101353
88675630087,67101357
88675630087,67101912
88675630087,67104795
88675630087,67105345
88675630087,67105348
88675630087,67105351
88675630087,67108671
88675630087,67108672
88675630087,67108673
88675630087,67108674
88675630087,67108675
88675630087,67108676
88675630087,67108677
88675630087,67108678
88675630087,67108679
88675630087,67108680
88675630087,67108681
88675630087,67108682
88675630087,67108688
88675630087,67108689
88675630087,67108690
88675630087,67108691
88675630087,67108693
88675630087,67108694
88675630087,67108698
88675630087,67108710
88675630087,67108711
88675630087,67108718
88675630087,67108721
88675630087,67108724
88675630087,67108726
88675630087,67108727
88675630087,67108742
88675630087,67108743
88675630087,67108744
88675630087,67108746
88675630087,67108749
88675630087,67108751
88675630087,67108754
88675630087,67108758
88675630087,67108759
88675630087,67108760
88675630087,67108762
88675630087,67108766
88675630087,67108770
88675630087,67108771
88675630087,67108772
88675630087,67108774
88675630087,67108775
88675630087,67108780
88675630087,67108781
88675630087,67108783
88675630087,67108784
88675630087,67108788
88675630087,67108789
88675630087,67108790
88675630087,67108792
88675630087,67108793
88675630087,67108794
110661323497,131261
110661323497,67100686
110661323497,67100688
110661323497,67100689
110661323497,67100690
110661323497,67100691
110661323497,67100692
110661323497,67100693
110661323497,67100694
110661323497,67100695
110661323497,67100696
110661323497,67100697
110661323497,67100699
110661323497,67100715
110661323497,67100720
110661323497,67100721
110661323497,67100725
110661323497,67100728
110661323497,67100730
110661323497,67100733
110661323497,67100778
110661323497,67100779
110661323497,67100780
110661323497,67100795
110661323497,67100796
110661323497,67100797
110661323497,67100798
110661323497,67100799
110661323497,67100801
110661323497,67100802
110661323497,67100867
110661323497,67104682
110661323497,67104684
110661323497,67104685
110661323497,67104686
110661323497,67104687
110661323497,67104688
110661323497,67104689
110661323497,67104690
110661323497,67104692
110661323497,67104694
110661323497,67104709
110661323497,67104710
110661323497,67104715
110661323497,67104716
110661323497,67104720
110661323497,67104721
110661323497,67104724
110661323497,67104728
110661323497,67104773
110661323497,67104774
110661323497,67104775
110661323497,67104786
110661323497,67104787
110661323497,67104790
110661323497,67104791
110661323497,67104792
110661323497,67104793
110661323497,67104794
110661323497,67104796
110661323497,67104797
110661323497,67108666
132647016907,67100682
132647016907,67100685
132647016907,67100709
132647016907,67100712
132647016907,67100784
132647016907,67100786
132647016907,67100804
132647016907,67100805
132647016907,67100806
132647016907,67100807
132647016907,67100808
132647016907,67100811
132647016907,67100812
132647016907,67100813
132647016907,67101228
132647016907,67101229
132647016907,67101230
132647016907,67101231
132647016907,67101232
132647016907,67101233
132647016907,67101234
132647016907,67101235
132647016907,67101236
132647016907,67101237
132647016907,67101238
132647016907,67101239
132647016907,67101240
132647016907,67101241
132647016907,67101242
132647016907,67101243
132647016907,67101305
132647016907,67104677
132647016907,67104680
132647016907,67104704
132647016907,67104707
132647016907,67104779
132647016907,67104781
132647016907,67104799
132647016907,67104800
132647016907,67104801
132647016907,67104803
132647016907,67104806
132647016907,67104807
132647016907,67104808
132647016907,67105223
132647016907,67105224
132647016907,67105225
132647016907,67105226
132647016907,67105227
132647016907,67105228
132647016907,67105229
132647016907,67105230
132647016907,67105231
132647016907,67105232
132647016907,67105233
132647016907,67105234
132647016907,67105235
132647016907,67105236
132647016907,67105237
132647016907,67105238
132647016907,67108684
154632710317,67100817
154632710317,67101246
154632710317,67101701
154632710317,67101704
154632710317,67101708
154632710317,67101713
154632710317,67101733
154632710317,67101738
154632710317,67101740
154632710317,67101743
154632710317,67101746
154632710317,67101747
154632710317,67101749
154632710317,67101752
154632710317,67101753
154632710317,67101754
154632710317,67101756
154632710317,67101757
154632710317,67101759
154632710317,67101783
154632710317,67101784
154632710317,67101786
154632710317,67101787
154632710317,67101788
154632710317,67101789
154632710317,67102251
154632710317,67104672
154632710317,67104691
154632710317,67104811
154632710317,67105241
154632710317,67105695
154632710317,67105699
154632710317,67105703
154632710317,67105708
154632710317,67105728
154632710317,67105735
154632710317,67105738
154632710317,67105741
154632710317,67105742
154632710317,67105747
154632710317,67105748
154632710317,67105752
154632710317,67105754
154632710317,67105778
154632710317,67105781
154632710317,67105782
154632710317,67105783
154632710317,67105784
154632710317,67105785
154632710317,67108683
154632710317,67108685
154632710317,67108686
154632710317,67108687
154632710317,67108692
154632710317,67108699
154632710317,67108700
154632710317,67108701
154632710317,67108702
154632710317,67108715
154632710317,67108763
154632710317,67108767
176618403727,67100898
176618403727,67100934
176618403727,67100966
176618403727,67101127
176618403727,67101323
176618403727,67101407
176618403727,67101432
176618403727,67101439
176618403727,67101559
176618403727,67101565
176618403727,67101602
176618403727,67101616
176618403727,67101627
176618403727,67101637
176618403727,67101659
176618403727,67101668
176618403727,67101687
176618403727,67101726
176618403727,67101728
176618403727,67101769
176618403727,67101779
176618403727,67102982
176618403727,67103615
176618403727,67104862
176618403727,67104892
176618403727,67104929
176618403727,67104961
176618403727,67105122
176618403727,67105317
176618403727,67105360
176618403727,67105401
176618403727,67105427
176618403727,67105434
176618403727,67105553
176618403727,67105560
176618403727,67105597
176618403727,67105610
176618403727,67105622
176618403727,67105632
176618403727,67105654
176618403727,67105663
176618403727,67105681
176618403727,67105721
176618403727,67105723
176618403727,67105736
176618403727,67105751
176618403727,67105764
176618403727,67105774
176618403727,67107610
176618403727,67108695
176618403727,67108696
176618403727,67108703
176618403727,67108747
176618403727,67108756
176618403727,67108757
176618403727,67108765
176618403727,67108769
176618403727,67108776
176618403727,67108777
176618403727,67108778
176618403727,67108782
198604097137,131247
198604097137,131255
198604097137,67100907
198604097137,67100926
198604097137,67101253
198604097137,67101286
198604097137,67101293
198604097137,67101308
198604097137,67101326
198604097137,67101763
198604097137,67101793
198604097137,67101798
198604097137,67102677
198604097137,67102678
198604097137,67102679
198604097137,67102688
198604097137,67102692
198604097137,67103011
198604097137,67103014
198604097137,67103020
198604097137,67103023
198604097137,67103024
198604097137,67103025
198604097137,67103032
198604097137,67103035
198604097137,67103036
198604097137,67103038
198604097137,67103039
198604097137,67103042
198604097137,67103043
198604097137,67103962
198604097137,67104683
198604097137,67104902
198604097137,67104920
198604097137,67105248
198604097137,67105281
198604097137,67105288
198604097137,67105303
198604097137,67105321
198604097137,67105758
198604097137,67105788
198604097137,67105793
198604097137,67106672
198604097137,67106674
198604097137,67106683
198604097137,67106685
198604097137,67107006
198604097137,67107009
198604097137,67107015
198604097137,67107018
198604097137,67107020
198604097137,67107027
198604097137,67107030
198604097137,67107033
198604097137,67107034
198604097137,67107037
198604097137,67107038
198604097137,67108697
198604097137,67108730
198604097137,67108731
198604097137,67108741
220589790547,67100841
220589790547,67102178
220589790547,67102950
220589790547,67103087
220589790547,67103110
220589790547,67103189
220589790547,67103193
220589790547,67103194
220589790547,67103195
220589790547,67103252
220589790547,67103260
220589790547,67103262
220589790547,67103286
220589790547,67103297
220589790547,67103360
220589790547,67103369
220589790547,67103375
220589790547,67103397
220589790547,67104344
220589790547,67104836
220589790547,67106053
220589790547,67106173
220589790547,67106944
220589790547,67107163
220589790547,67107184
220589790547,67107188
220589790547,67107189
220589790547,67107190
220589790547,67107227
220589790547,67107247
220589790547,67107255
220589790547,67107257
220589790547,67107280
220589790547,67107355
220589790547,67107363
220589790547,67107370
220589790547,67107392
220589790547,67108704
220589790547,67108705
220589790547,67108706
220589790547,67108707
220589790547,67108708
220589790547,67108709
220589790547,67108712
220589790547,67108713
220589790547,67108714
220589790547,67108716
220589790547,67108738
220589790547,67108739
220589790547,67108740
220589790547,67108745
220589790547,67108748
220589790547,67108750
220589790547,67108752
220589790547,67108753
220589790547,67108761
220589790547,67108768
220589790547,67108785
220589790547,67108786
242575483957,67101361
242575483957,67101566
242575483957,67102720
242575483957,67102731
242575483957,67103233
242575483957,67103265
242575483957,67103301
242575483957,67103305
242575483957,67103966
242575483957,67103972
242575483957,67103973
242575483957,67103977
242575483957,67103981
242575483957,67103982
242575483957,67103987
242575483957,67103991
242575483957,67103992
242575483957,67103994
242575483957,67103995
242575483957,67103996
242575483957,67103997
242575483957,67104183
242575483957,67104184
242575483957,67104186
242575483957,67104187
242575483957,67104189
242575483957,67104416
242575483957,67105356
242575483957,67105561
242575483957,67106715
242575483957,67106726
242575483957,67107254
242575483957,67107260
242575483957,67107296
242575483957,67107300
242575483957,67107957
242575483957,67107961
242575483957,67107966
242575483957,67107967
242575483957,67107968
242575483957,67107972
242575483957,67107976
242575483957,67107977
242575483957,67107982
242575483957,67107986
242575483957,67107987
242575483957,67107988
242575483957,67107989
242575483957,67107990
242575483957,67107991
242575483957,67107995
242575483957,67108178
242575483957,67108179
242575483957,67108180
242575483957,67108181
242575483957,67108182
242575483957,67108184
242575483957,67108732
242575483957,67108734
242575483957,67108773
242575483957,67108779
264561177367,131246
264561177367,131250
264561177367,131254
264561177367,131258
264561177367,67100684
264561177367,67100700
264561177367,67100843
264561177367,67101099
264561177367,67101347
264561177367,67101710
264561177367,67102286
264561177367,67103040
264561177367,67104679
264561177367,67104695
264561177367,67104838
264561177367,67105094
264561177367,67105342
264561177367,67105705
264561177367,67106281
264561177367,67108719
264561177367,67108720
264561177367,67108725
264561177367,67108728
264561177367,67108729
264561177367,67108733
264561177367,67108735
264561177367,67108736
264561177367,67108737
264561177367,67108755
