732856447,67100605
732856447,67100606
732856447,67100607
732856447,67100608
732856447,67100794
732856447,67104789
22718549857,131245
22718549857,67100549
22718549857,67100550
22718549857,67100611
22718549857,67100612
22718549857,67100618
22718549857,67100620
22718549857,67100621
22718549857,67100622
22718549857,67100623
22718549857,67100624
22718549857,67100625
22718549857,67100626
22718549857,67100627
22718549857,67100628
22718549857,67100629
22718549857,67100630
22718549857,67100631
22718549857,67100632
22718549857,67100633
22718549857,67100634
22718549857,67100635
22718549857,67100636
22718549857,67100637
22718549857,67100638
22718549857,67100639
22718549857,67100640
22718549857,67100641
22718549857,67100642
22718549857,67100643
22718549857,67100644
22718549857,67100645
22718549857,67100646
22718549857,67100647
22718549857,67100648
22718549857,67100649
22718549857,67100650
22718549857,67100651
22718549857,67100652
22718549857,67100653
22718549857,67100654
22718549857,67100655
22718549857,67100656
22718549857,67100657
22718549857,67100658
22718549857,67100659
22718549857,67100660
22718549857,67100661
22718549857,67100662
22718549857,67100663
22718549857,67100664
22718549857,67100665
22718549857,67100666
22718549857,67100667
22718549857,67100668
22718549857,67100669
22718549857,67100670
22718549857,67100671
22718549857,67100672
22718549857,67100673
22718549857,67100674
22718549857,67100675
22718549857,67100676
22718549857,67100677
44704243267,67100609
44704243267,67100610
44704243267,67100613
44704243267,67100614
44704243267,67100615
44704243267,67100616
44704243267,67100617
44704243267,67100619
44704243267,67100748
44704243267,67100749
44704243267,67100752
44704243267,67100753
44704243267,67100754
44704243267,67100755
44704243267,67100756
44704243267,67100757
44704243267,67100758
44704243267,67100759
44704243267,67100760
44704243267,67104744
44704243267,67104747
44704243267,67104748
44704243267,67104749
44704243267,67104750
44704243267,67104751
44704243267,67104752
44704243267,67104753
44704243267,67104754
44704243267,67104755
44704243267,67108669
66689936677,67100713
66689936677,67100714
66689936677,67100716
66689936677,67100717
66689936677,67100718
66689936677,67100719
66689936677,67100722
66689936677,67100723
66689936677,67100724
66689936677,67100726
66689936677,67100727
66689936677,67100729
66689936677,67100731
66689936677,67100732
66689936677,67100734
66689936677,67100735
66689936677,67100761
66689936677,67100762
66689936677,67100763
66689936677,67100764
66689936677,67100765
66689936677,67100766
66689936677,67100767
66689936677,67100768
66689936677,67100769
66689936677,67100770
66689936677,67100771
66689936677,67100772
66689936677,67100773
66689936677,67100774
66689936677,67100775
66689936677,67100776
66689936677,67100792
66689936677,67104708
66689936677,67104711
66689936677,67104712
66689936677,67104713
66689936677,67104714
66689936677,67104717
66689936677,67104718
66689936677,67104719
66689936677,67104722
66689936677,67104723
66689936677,67104725
66689936677,67104726
66689936677,67104727
66689936677,67104729
66689936677,67104756
66689936677,67104757
66689936677,67104758
66689936677,67104759
66689936677,67104760
66689936677,67104761
66689936677,67104762
66689936677,67104763
66689936677,67104764
66689936677,67104765
66689936677,67104766
66689936677,67104767
66689936677,67104768
66689936677,67104769
66689936677,67104770
66689936677,67104771
66689936677,67108667
88675630087,131253
88675630087,67108751
88675630087,67108760
88675630087,67108771
88675630087,67108784
88675630087,67108788
