732856447,67100605
732856447,67100606
732856447,67100607
732856447,67100608
732856447,67100794
732856447,67104789
22718549857,131245
22718549857,67100549
22718549857,67100550
22718549857,67100611
22718549857,67100612
22718549857,67100618
22718549857,67100620
22718549857,67100621
22718549857,67100622
22718549857,67100623
22718549857,67100624
22718549857,67100625
22718549857,67100626
22718549857,67100627
22718549857,67100628
22718549857,67100629
22718549857,67100630
22718549857,67100631
22718549857,67100632
22718549857,67100633
22718549857,67100634
22718549857,67100635
22718549857,67100636
22718549857,67100637
22718549857,67100638
22718549857,67100639
22718549857,67100640
22718549857,67100641
22718549857,67100642
22718549857,67100643
22718549857,67100644
22718549857,67100645
22718549857,67100646
22718549857,67100647
22718549857,67100648
22718549857,67100649
22718549857,67100650
22718549857,67100651
22718549857,67100652
22718549857,67100653
22718549857,67100654
22718549857,67100655
22718549857,67100656
22718549857,67100657
22718549857,67100658
22718549857,67100659
22718549857,67100660
22718549857,67100661
22718549857,67100662
22718549857,67100663
22718549857,67100664
22718549857,67100665
22718549857,67100666
22718549857,67100667
22718549857,67100668
22718549857,67100669
22718549857,67100670
22718549857,67100671
22718549857,67100672
22718549857,67100673
22718549857,67100674
22718549857,67100675
22718549857,67100676
22718549857,67100677
44704243267,67100609
44704243267,67100610
44704243267,67100613
44704243267,67100614
44704243267,67100615
44704243267,67100616
44704243267,67100617
44704243267,67100619
44704243267,67100758
44704243267,67100759
44704243267,67100760
44704243267,67104752
44704243267,67104753
44704243267,67104755
44704243267,67108669
