732856447,67100605
732856447,67100606
732856447,67100607
732856447,67100608
732856447,67100794
732856447,67104789
22718549857,131245
22718549857,67100549
22718549857,67100550
22718549857,67100611
22718549857,67100612
22718549857,67100618
22718549857,67100620
22718549857,67100621
22718549857,67100622
22718549857,67100623
22718549857,67100624
22718549857,67100625
22718549857,67100626
22718549857,67100627
22718549857,67100628
22718549857,67100629
22718549857,67100630
22718549857,67100631
22718549857,67100632
22718549857,67100633
22718549857,67100634
22718549857,67100635
22718549857,67100636
22718549857,67100637
22718549857,67100638
22718549857,67100639
22718549857,67100640
22718549857,67100641
22718549857,67100642
22718549857,67100643
22718549857,67100644
22718549857,67100645
22718549857,67100646
22718549857,67100647
22718549857,67100648
22718549857,67100649
22718549857,67100650
22718549857,67100651
22718549857,67100652
22718549857,67100653
22718549857,67100654
22718549857,67100655
22718549857,67100656
22718549857,67100657
22718549857,67100658
22718549857,67100659
22718549857,67100660
22718549857,67100661
22718549857,67100662
22718549857,67100663
22718549857,67100664
22718549857,67100665
22718549857,67100666
22718549857,67100667
22718549857,67100668
22718549857,67100669
22718549857,67100670
22718549857,67100671
22718549857,67100672
22718549857,67100673
22718549857,67100674
22718549857,67100675
22718549857,67100676
22718549857,67100677
44704243267,67100609
44704243267,67100610
44704243267,67100613
44704243267,67100614
44704243267,67100615
44704243267,67100616
44704243267,67100617
44704243267,67100619
44704243267,67100748
44704243267,67100749
44704243267,67100752
44704243267,67100753
44704243267,67100754
44704243267,67100755
44704243267,67100756
44704243267,67100757
44704243267,67100758
44704243267,67100759
44704243267,67100760
44704243267,67104744
44704243267,67104747
44704243267,67104748
44704243267,67104749
44704243267,67104750
44704243267,67104751
44704243267,67104752
44704243267,67104753
44704243267,67104754
44704243267,67104755
44704243267,67108669
66689936677,67100713
66689936677,67100714
66689936677,67100716
66689936677,67100717
66689936677,67100718
66689936677,67100719
66689936677,67100722
66689936677,67100723
66689936677,67100724
66689936677,67100726
66689936677,67100727
66689936677,67100729
66689936677,67100731
66689936677,67100732
66689936677,67100734
66689936677,67100735
66689936677,67100761
66689936677,67100762
66689936677,67100763
66689936677,67100764
66689936677,67100765
66689936677,67100766
66689936677,67100767
66689936677,67100768
66689936677,67100769
66689936677,67100770
66689936677,67100771
66689936677,67100772
66689936677,67100773
66689936677,67100774
66689936677,67100775
66689936677,67100776
66689936677,67100792
66689936677,67104708
66689936677,67104711
66689936677,67104712
66689936677,67104713
66689936677,67104714
66689936677,67104717
66689936677,67104718
66689936677,67104719
66689936677,67104722
66689936677,67104723
66689936677,67104725
66689936677,67104726
66689936677,67104727
66689936677,67104729
66689936677,67104756
66689936677,67104757
66689936677,67104758
66689936677,67104759
66689936677,67104760
66689936677,67104761
66689936677,67104762
66689936677,67104763
66689936677,67104764
66689936677,67104765
66689936677,67104766
66689936677,67104767
66689936677,67104768
66689936677,67104769
66689936677,67104770
66689936677,67104771
66689936677,67108667
88675630087,131253
88675630087,67100800
88675630087,67101350
88675630087,67101353
88675630087,67101357
88675630087,67101912
88675630087,67104795
88675630087,67105345
88675630087,67105348
88675630087,67105351
88675630087,67108671
88675630087,67108672
88675630087,67108673
88675630087,67108674
88675630087,67108675
88675630087,67108676
88675630087,67108677
88675630087,67108678
88675630087,67108679
88675630087,67108680
88675630087,67108681
88675630087,67108682
88675630087,67108688
88675630087,67108689
88675630087,67108690
88675630087,67108691
88675630087,67108693
88675630087,67108694
88675630087,67108698
88675630087,67108710
88675630087,67108711
88675630087,67108718
88675630087,67108721
88675630087,67108724
88675630087,67108726
88675630087,67108727
88675630087,67108742
88675630087,67108743
88675630087,67108744
88675630087,67108746
88675630087,67108749
88675630087,67108751
88675630087,67108754
88675630087,67108758
88675630087,67108759
88675630087,67108760
88675630087,67108762
88675630087,67108766
88675630087,67108770
88675630087,67108771
88675630087,67108772
88675630087,67108774
88675630087,67108775
88675630087,67108780
88675630087,67108781
88675630087,67108783
88675630087,67108784
88675630087,67108788
88675630087,67108789
88675630087,67108790
88675630087,67108792
88675630087,67108793
88675630087,67108794
110661323497,131261
110661323497,67100686
110661323497,67100688
110661323497,67100689
110661323497,67100690
110661323497,67100691
110661323497,67100692
110661323497,67100693
110661323497,67100694
110661323497,67100695
110661323497,67100696
110661323497,67100697
110661323497,67100699
110661323497,67100715
110661323497,67100720
110661323497,67100721
110661323497,67100725
110661323497,67100728
110661323497,67100730
110661323497,67100733
110661323497,67100778
110661323497,67100779
110661323497,67100780
110661323497,67100795
110661323497,67100796
110661323497,67100797
110661323497,67100798
110661323497,67100799
110661323497,67100801
110661323497,67100802
110661323497,67100867
110661323497,67104682
110661323497,67104684
110661323497,67104685
110661323497,67104686
110661323497,67104687
110661323497,67104688
110661323497,67104689
110661323497,67104690
110661323497,67104692
110661323497,67104694
110661323497,67104709
110661323497,67104710
110661323497,67104715
110661323497,67104716
110661323497,67104720
110661323497,67104721
110661323497,67104724
110661323497,67104728
110661323497,67104773
110661323497,67104774
110661323497,67104775
110661323497,67104786
110661323497,67104787
110661323497,67104790
110661323497,67104791
110661323497,67104792
110661323497,67104793
110661323497,67104794
110661323497,67104796
110661323497,67104797
110661323497,67108666
132647016907,67100682
132647016907,67100685
132647016907,67100712
132647016907,67100784
132647016907,67100786
132647016907,67100804
132647016907,67100805
132647016907,67100806
132647016907,67100811
132647016907,67100813
132647016907,67101228
132647016907,67101229
132647016907,67101230
132647016907,67101231
132647016907,67101232
132647016907,67101233
132647016907,67101234
132647016907,67101235
132647016907,67101236
132647016907,67101237
132647016907,67101238
132647016907,67101239
132647016907,67101240
132647016907,67101241
132647016907,67101242
132647016907,67101243
132647016907,67104677
132647016907,67104707
132647016907,67104779
132647016907,67104781
132647016907,67104799
132647016907,67104800
132647016907,67104801
132647016907,67104806
132647016907,67104808
132647016907,67105223
132647016907,67105224
132647016907,67105225
132647016907,67105226
132647016907,67105227
132647016907,67105228
132647016907,67105229
132647016907,67105230
132647016907,67105231
132647016907,67105232
132647016907,67105233
132647016907,67105234
132647016907,67105235
132647016907,67105236
132647016907,67105237
132647016907,67105238
132647016907,67108684
