1093269888,67093415
1093269888,67093416
1093269888,67093417
1093269888,67093418
1093269888,67093419
1093269888,67093420
1093269888,67093421
1093269888,67093422
1093269888,67093423
1093269888,67093424
1093269888,67093425
1093269888,67093426
1093269888,67093427
1093269888,67093428
1093269888,67093429
1093269888,67093430
1093269888,67093431
1093269888,67093432
1093269888,67093433
1093269888,67093434
1093269888,67093435
1093269888,67093436
1093269888,67093439
1093269888,67093440
1093269888,67093441
1093269888,67093442
1093269888,67093915
1093269888,67101404
33891366528,67093451
33891366528,67093467
33891366528,67093472
33891366528,67093475
33891366528,67093476
33891366528,67093479
33891366528,67093482
33891366528,67093483
33891366528,67093484
33891366528,67093485
33891366528,67093486
33891366528,67093487
33891366528,67093488
33891366528,67093489
33891366528,67093490
33891366528,67093491
33891366528,67093492
33891366528,67093493
33891366528,67093494
33891366528,67093495
33891366528,67093496
33891366528,67093497
33891366528,67093498
33891366528,67093499
33891366528,67093500
33891366528,67093501
33891366528,67093502
33891366528,67093503
33891366528,67093504
33891366528,67093505
33891366528,67093506
33891366528,67093507
33891366528,67093508
33891366528,67093509
33891366528,67093510
33891366528,67093511
33891366528,67093512
33891366528,67093513
33891366528,67093515
33891366528,67093516
33891366528,67093517
33891366528,67093518
33891366528,67093521
33891366528,67093522
33891366528,67093523
33891366528,67093524
33891366528,67093525
33891366528,67093526
33891366528,67093527
33891366528,67093528
33891366528,67093529
33891366528,67093530
33891366528,67093532
33891366528,67093534
33891366528,67093535
33891366528,67093536
33891366528,67093537
33891366528,67093538
33891366528,67093539
33891366528,67093540
33891366528,67098454
33891366528,67098455
33891366528,67105943
33891366528,67105944
66689463168,131231
66689463168,67093514
66689463168,67093519
66689463168,67093520
66689463168,67093531
66689463168,67093533
66689463168,67093542
66689463168,67093543
66689463168,67093544
66689463168,67093568
66689463168,67093572
66689463168,67093587
66689463168,67093588
66689463168,67093600
66689463168,67094614
66689463168,67094628
66689463168,67094732
66689463168,67094757
66689463168,67094813
66689463168,67094814
66689463168,67094815
66689463168,67094816
66689463168,67094819
66689463168,67094821
66689463168,67094822
66689463168,67094823
66689463168,67094824
66689463168,67094826
66689463168,67094827
66689463168,67094828
66689463168,67094829
66689463168,67094831
66689463168,67094832
66689463168,67094833
66689463168,67094834
66689463168,67094835
66689463168,67094836
66689463168,67094863
66689463168,67096476
66689463168,67102117
66689463168,67102221
66689463168,67102246
66689463168,67102303
66689463168,67102304
66689463168,67102305
66689463168,67102307
66689463168,67102308
66689463168,67102311
66689463168,67102312
66689463168,67102313
66689463168,67102314
66689463168,67102315
66689463168,67102316
66689463168,67102317
66689463168,67102318
66689463168,67102319
66689463168,67102320
66689463168,67102321
66689463168,67102322
66689463168,67102323
66689463168,67102324
66689463168,67102325
66689463168,67103965
66689463168,67108594
99487559808,67096934
99487559808,67108595
99487559808,67108596
