827860087,67093306
827860087,67093319
827860087,67093334
827860087,67093345
827860087,67093365
827860087,67093370
827860087,67093380
827860087,67093383
827860087,67093385
827860087,67093386
827860087,67093392
827860087,67093399
827860087,67093401
827860087,67093403
827860087,67093407
827860087,67093410
827860087,67093411
827860087,67093414
827860087,67093415
827860087,67093416
827860087,67093419
827860087,67093420
827860087,67093421
827860087,67093422
827860087,67093424
827860087,67093425
827860087,67093426
827860087,67093427
827860087,67093428
827860087,67093429
827860087,67093431
827860087,67093432
827860087,67093441
827860087,67093445
827860087,67093513
827860087,67093530
827860087,67093535
827860087,67093563
827860087,67093587
827860087,67093588
827860087,67093589
827860087,67093590
827860087,67093594
827860087,67093605
827860087,67093607
827860087,67093608
827860087,67093613
827860087,67093615
827860087,67093617
827860087,67093622
827860087,67093624
827860087,67093626
827860087,67093627
827860087,67093628
827860087,67093629
827860087,67093630
827860087,67093631
827860087,67093632
827860087,67093633
827860087,67093635
827860087,67093636
827860087,67093650
827860087,67095814
827860087,67103205
25663662697,131231
25663662697,67093290
25663662697,67093291
25663662697,67093303
25663662697,67093311
25663662697,67093316
25663662697,67093317
25663662697,67093318
25663662697,67093320
25663662697,67093322
25663662697,67093324
25663662697,67093341
25663662697,67093367
25663662697,67093368
25663662697,67093375
25663662697,67093388
25663662697,67093389
25663662697,67093396
25663662697,67093402
25663662697,67093434
25663662697,67093451
25663662697,67093452
25663662697,67093453
25663662697,67093460
25663662697,67093462
25663662697,67093467
25663662697,67093478
25663662697,67093481
25663662697,67093482
25663662697,67093483
25663662697,67093484
25663662697,67093488
25663662697,67093493
25663662697,67093494
25663662697,67093503
25663662697,67093510
25663662697,67093515
25663662697,67093519
25663662697,67093520
25663662697,67093532
25663662697,67093534
25663662697,67093536
25663662697,67093539
25663662697,67093542
25663662697,67093543
25663662697,67093548
25663662697,67093556
25663662697,67093578
25663662697,67093580
25663662697,67093584
25663662697,67093585
25663662697,67093586
25663662697,67093593
25663662697,67093598
25663662697,67093600
25663662697,67093612
25663662697,67093619
25663662697,67093644
25663662697,67093646
25663662697,67093648
25663662697,67093649
25663662697,67095883
25663662697,67108529
25663662697,67108543
50499465307,67093307
50499465307,67093330
50499465307,67093349
50499465307,67093377
50499465307,67093397
50499465307,67093404
50499465307,67093469
50499465307,67093487
50499465307,67093509
50499465307,67093514
50499465307,67093516
50499465307,67093517
50499465307,67093518
50499465307,67093521
50499465307,67093522
50499465307,67093523
50499465307,67093524
50499465307,67093538
50499465307,67093540
50499465307,67093552
50499465307,67093565
50499465307,67093574
50499465307,67093606
50499465307,67098445
50499465307,67098447
50499465307,67105835
50499465307,67105838
50499465307,67108659
50499465307,67108661
50499465307,67108662
50499465307,67108663
50499465307,67108664
50499465307,67108665
50499465307,67108666
50499465307,67108667
50499465307,67108668
