1,2
1,3
1,67108271
1,67108272
1,67108273
1,67108274
1,67108275
1,67108276
1,67108277
1,67108278
1,67108279
1,67108280
1,67108632
1,67108633
1,67108634
1,67108635
1,67108636
1,67108638
1,67108640
1,67108642
1,67108643
1,67108644
1,67108798
1,67108799
3,131070
3,131071
5,67106078
5,67107098
5,67107099
5,67107107
5,67107108
5,67107109
5,67107110
5,67107111
5,67107112
5,67107113
5,67107114
5,67107115
5,67107116
5,67107117
5,67107118
5,67107119
5,67107120
5,67107121
5,67107122
5,67107123
5,67107124
5,67107125
5,67107127
5,67107128
5,67107129
5,67107130
5,67107131
5,67107132
5,67107133
5,67107134
5,67107135
5,67107136
5,67107137
5,67107138
5,67107139
5,67107140
5,67107141
5,67107142
5,67107143
5,67107147
5,67107148
5,67107149
5,67107152
5,67107154
5,67107155
5,67107156
5,67107157
5,67107158
5,67107159
5,67107160
5,67107161
5,67107162
5,67107163
5,67107164
5,67107165
5,67107166
5,67107167
5,67107168
5,67107169
5,67107170
5,67107171
5,67107172
5,67107173
5,67107174
5,67107175
5,67107176
5,67107177
5,67107180
5,67107188
5,67107189
5,67107201
5,67107202
5,67107203
5,67107206
5,67107208
5,67107210
5,67107212
5,67107215
5,67107216
5,67107217
5,67107218
5,67107219
5,67107220
5,67107221
5,67107222
5,67107223
5,67107224
5,67107225
5,67107226
5,67107227
5,67107228
5,67107229
5,67107230
5,67107231
5,67107232
5,67107233
5,67107234
5,67107235
5,67107236
5,67107237
5,67107238
5,67107239
5,67107240
5,67107241
5,67107242
5,67107243
5,67107244
5,67107245
5,67107246
5,67107247
5,67107248
5,67107253
5,67107296
5,67107297
5,67107298
5,67107299
5,67107314
5,67107318
5,67107323
5,67107324
5,67107325
5,67107326
5,67107328
5,67107329
5,67107330
5,67107331
5,67107332
5,67107333
5,67107334
5,67107335
5,67107336
5,67107337
5,67107338
5,67107339
5,67107340
5,67107341
5,67107342
5,67107343
5,67107344
5,67107345
5,67107346
5,67107347
5,67107348
5,67107349
5,67107350
5,67107351
5,67107352
5,67107353
5,67107354
5,67107355
5,67107356
5,67107357
5,67107358
5,67107362
5,67107363
5,67107365
5,67107367
5,67107370
5,67107371
5,67107373
5,67107374
5,67107377
5,67107378
5,67107379
5,67107380
5,67107381
5,67107382
5,67107383
5,67107384
5,67107385
5,67107386
5,67107387
5,67107388
5,67107389
5,67107492
5,67107522
5,67107539
5,67107541
5,67107543
5,67107546
5,67107552
5,67107554
5,67107555
5,67107556
5,67107557
5,67107559
5,67107561
5,67107562
5,67107563
5,67107564
5,67107565
5,67107566
5,67107567
5,67107568
5,67107569
5,67107570
5,67107572
5,67107573
5,67107574
5,67107575
5,67107576
5,67107577
5,67107578
5,67107579
5,67107580
5,67107581
5,67107582
5,67107584
5,67107585
5,67107586
5,67107587
5,67107589
5,67107591
5,67107592
5,67107596
5,67107597
5,67107600
5,67107602
5,67107608
5,67107610
5,67107617
5,67107634
5,67107635
5,67107636
5,67107647
5,67107650
5,67107651
5,67107654
5,67107656
5,67107659
5,67107661
5,67107662
5,67107663
5,67107667
5,67107671
5,67107672
5,67107971
5,67107976
5,67107985
5,67108007
5,67108017
5,67108022
5,67108024
5,67108026
5,67108027
5,67108032
5,67108033
5,67108050
5,67108052
5,67108055
5,67108056
5,67108057
5,67108061
5,67108063
5,67108072
5,67108093
6,67107126
6,67107144
6,67107145
6,67107146
6,67107150
6,67107151
6,67107153
6,67107178
6,67107179
6,67107181
6,67107182
6,67107183
6,67107185
6,67107187
6,67107190
6,67107192
6,67107194
6,67107196
6,67107197
6,67107198
6,67107199
6,67107200
6,67107204
6,67107205
6,67107207
6,67107209
6,67107211
6,67107213
6,67107249
6,67107251
6,67107256
6,67107257
6,67107269
6,67107270
6,67107271
6,67107272
6,67107273
6,67107277
6,67107278
6,67107282
6,67107285
6,67107287
6,67107288
6,67107290
6,67107294
6,67107295
6,67107301
6,67107303
6,67107305
6,67107307
6,67107308
6,67107309
6,67107310
6,67107311
6,67107316
6,67107317
6,67107320
6,67107327
6,67107359
6,67107361
6,67107364
6,67107366
6,67107368
6,67107369
6,67107372
6,67107375
6,67107376
6,67107392
6,67107395
6,67107399
6,67107432
6,67107435
6,67107437
6,67107447
6,67107449
6,67107457
6,67107467
6,67107469
6,67107474
6,67107485
6,67107486
6,67107487
6,67107488
6,67107489
6,67107490
6,67107491
6,67107496
6,67107503
6,67107504
6,67107508
6,67107509
6,67107511
6,67107512
6,67107516
6,67107521
6,67107525
6,67107528
6,67107529
6,67107530
6,67107540
6,67107542
6,67107544
6,67107545
6,67107547
6,67107548
6,67107549
6,67107550
6,67107551
6,67107553
6,67107558
6,67107560
6,67107571
6,67107583
6,67107588
6,67107590
6,67107593
6,67107595
6,67107599
6,67107601
6,67107603
6,67107604
6,67107605
6,67107606
6,67107607
6,67107609
6,67107612
6,67107619
6,67107622
6,67107623
6,67107624
6,67107627
6,67107629
6,67107637
6,67107638
6,67107639
6,67107640
6,67107642
6,67107644
6,67107645
6,67107648
6,67107652
6,67107653
6,67107657
6,67107658
6,67107660
6,67107664
6,67107666
6,67107668
6,67107669
6,67107670
6,67107678
6,67107683
6,67107692
6,67107757
6,67107768
6,67107808
6,67107828
6,67107830
6,67107864
6,67107865
6,67107866
6,67107867
6,67107868
6,67107870
6,67107872
6,67107873
6,67107875
6,67107877
6,67107878
6,67107899
6,67107901
6,67107902
6,67107909
6,67107912
6,67107926
6,67107935
6,67107936
6,67107937
6,67107938
6,67107944
6,67107950
6,67107951
6,67107952
6,67107954
6,67107972
6,67107973
6,67107974
6,67107975
6,67107977
6,67107978
6,67107979
6,67107980
6,67107981
6,67107983
6,67107984
6,67107986
6,67107987
6,67107989
6,67107993
6,67107995
6,67107996
6,67107997
6,67107998
6,67108000
6,67108001
6,67108002
6,67108003
6,67108004
6,67108006
6,67108010
6,67108011
6,67108012
6,67108014
6,67108015
6,67108016
6,67108019
6,67108020
6,67108023
6,67108025
6,67108028
6,67108029
6,67108030
6,67108031
6,67108034
6,67108035
6,67108037
6,67108038
6,67108039
6,67108040
6,67108042
6,67108044
6,67108045
6,67108046
6,67108051
6,67108053
6,67108054
6,67108058
6,67108060
6,67108062
6,67108065
6,67108066
6,67108067
6,67108071
6,67108073
6,67108075
6,67108076
6,67108077
6,67108078
6,67108079
6,67108084
6,67108085
6,67108086
6,67108087
6,67108088
6,67108098
6,67108099
7,67105926
7,67105927
7,67105930
7,67105935
7,67105936
7,67105937
7,67105938
7,67105945
7,67105946
7,67105947
7,67105948
7,67105950
7,67105952
7,67105954
7,67105955
7,67105957
7,67105958
7,67105959
7,67105960
7,67105963
7,67105964
7,67105965
7,67105975
7,67105976
7,67105977
7,67105989
7,67105990
7,67105993
7,67105997
7,67105998
7,67106000
7,67106002
7,67106003
7,67106004
7,67106007
7,67106020
7,67106024
7,67106025
7,67106027
7,67106028
7,67106029
7,67106030
7,67106031
7,67106032
7,67106033
7,67106034
7,67106035
7,67106036
7,67106037
7,67106038
7,67106039
7,67106040
7,67106041
7,67106042
7,67106043
7,67106044
7,67106045
7,67106046
7,67106047
7,67106048
7,67106049
7,67106050
7,67106051
7,67106052
7,67106053
7,67106054
7,67106055
7,67106056
7,67106057
7,67106058
7,67106059
7,67106060
7,67106061
7,67106062
7,67106063
7,67106064
7,67106065
7,67106066
7,67106067
7,67106068
7,67106069
7,67106070
7,67106071
7,67106072
7,67106073
7,67106074
7,67106075
7,67106076
7,67106077
7,67106079
7,67106080
7,67106081
7,67106082
7,67106086
7,67106087
7,67106094
7,67106098
7,67106114
7,67106116
7,67106122
7,67106143
7,67106147
7,67106155
7,67106180
7,67106191
7,67106216
7,67106234
7,67106237
7,67106239
7,67106243
7,67106263
7,67106269
7,67106272
7,67106278
7,67106288
7,67106305
7,67106310
7,67106314
7,67106321
7,67106322
7,67106323
7,67106334
7,67106337
7,67106345
7,67106347
7,67106363
7,67106369
7,67106377
7,67106386
7,67106392
7,67106398
7,67106411
7,67106414
7,67106433
7,67106435
7,67106437
7,67106438
7,67106439
7,67106444
7,67106449
7,67106450
7,67106451
7,67106456
7,67106461
7,67106470
7,67106471
7,67106474
7,67106475
7,67106477
7,67106479
7,67106480
7,67106481
7,67106482
7,67106491
7,67106503
7,67106504
7,67106512
7,67106514
7,67106517
7,67106522
7,67106524
7,67106525
7,67106534
7,67106559
7,67106585
7,67106588
7,67106617
7,67106631
7,67106634
7,67106641
7,67106642
7,67106643
7,67106645
7,67106647
7,67106648
7,67106652
7,67106657
7,67106659
7,67106660
7,67106661
7,67106662
7,67106663
7,67106664
7,67106666
7,67106669
7,67106672
7,67106673
7,67106675
7,67106682
7,67106683
7,67106687
7,67106688
7,67106692
7,67106693
7,67106694
7,67106717
7,67106722
7,67106723
7,67106724
7,67106725
7,67106726
7,67106727
7,67106728
7,67106729
7,67106730
7,67106731
7,67106732
7,67106733
7,67106734
7,67106735
7,67106736
7,67106737
7,67106738
7,67106739
7,67106740
7,67106741
7,67106742
7,67106743
7,67106744
7,67106745
7,67106746
7,67106747
7,67106748
7,67106749
7,67106751
7,67106752
7,67106753
7,67106754
7,67106759
7,67106761
7,67106762
7,67106763
7,67106764
7,67106767
7,67106778
7,67106779
7,67106780
7,67106784
7,67106785
7,67106787
7,67106788
