1,67099296
1,67099906
1,67100546
1,67100547
1,67100548
1,67100549
1,67100550
1,67100551
1,67100552
1,67100553
1,67100554
1,67100555
1,67100556
1,67100557
1,67100558
1,67100559
1,67100560
1,67100561
1,67100562
1,67100563
1,67100564
1,67100565
1,67100566
1,67100567
1,67100568
1,67100569
1,67100570
1,67100571
1,67100572
1,67100573
1,67100574
1,67100575
1,67100576
1,67100577
1,67100578
1,67100579
1,67100580
1,67100581
1,67100582
1,67100583
1,67100584
1,67100585
1,67100586
1,67100587
1,67100588
1,67100589
1,67100590
1,67100591
1,67100592
1,67100593
1,67100594
1,67100595
1,67100596
1,67100597
1,67100598
1,67100599
1,67100600
1,67100601
1,67100602
1,67100603
1,67100604
1,67100605
1,67100606
1,67100607
1,67100608
1,67100609
1,67100610
1,67100611
1,67100612
1,67100613
1,67100614
1,67100615
1,67100616
1,67100617
1,67100618
1,67100619
1,67100620
1,67100621
1,67100622
1,67100623
1,67100624
1,67100625
1,67100626
1,67100627
1,67100628
1,67100629
1,67100630
1,67100631
1,67100632
1,67100633
1,67100634
1,67100635
1,67100636
1,67100637
1,67100638
1,67100639
1,67100640
1,67100641
1,67100642
1,67100643
1,67100644
1,67100645
1,67100646
1,67100647
1,67100648
1,67100649
1,67100650
1,67100651
1,67100652
1,67100653
1,67100654
1,67100655
1,67100656
1,67100657
1,67100658
1,67100659
1,67100660
1,67100661
1,67100662
1,67100663
1,67100664
1,67100665
1,67100666
1,67100667
1,67100668
1,67100669
1,67100670
1,67100671
1,67100672
1,67100673
1,67100674
1,67100676
1,67100677
1,67100683
1,67100684
1,67100687
1,67100699
1,67100702
1,67100720
1,67100725
1,67100726
1,67100728
1,67100737
1,67100747
1,67100750
1,67100753
1,67100756
1,67100757
1,67100759
1,67100762
1,67100763
1,67100780
1,67100781
1,67100785
1,67100787
1,67100788
1,67100790
1,67100791
1,67104585
1,67104587
1,67104588
1,67104589
1,67104597
1,67104601
1,67104606
1,67104620
1,67104621
1,67104631
1,67104640
1,67104642
1,67104644
1,67104654
1,67104658
1,67104659
1,67104661
1,67104662
1,67104663
1,67104664
1,67104666
1,67104667
1,67104671
1,67104672
1,67104678
1,67104679
1,67104680
1,67104681
1,67104694
1,67104697
1,67104715
1,67104719
1,67104721
1,67104722
1,67104732
1,67104742
1,67104745
1,67104748
1,67104751
1,67104752
1,67104754
1,67104758
1,67104775
1,67104776
1,67104779
1,67104781
1,67104782
1,67104783
1,67104785
1,67104786
1,67108580
1,67108582
1,67108583
1,67108584
1,67108592
1,67108596
1,67108601
1,67108615
1,67108616
1,67108626
1,67108635
1,67108637
1,67108639
1,67108648
1,67108653
1,67108654
1,67108656
1,67108657
1,67108658
1,67108660
1,67108662
1,67108663
1,67108664
1,67108665
1,67108666
1,67108667
1,67108789
1,67108790
1,67108791
1,67109050
2,67099294
2,67099295
2,67103936
2,67103947
2,67103953
2,67103956
2,67103957
2,67103976
2,67103994
2,67103995
2,67104013
2,67104016
2,67104026
2,67104036
2,67104056
2,67104057
2,67104058
2,67104062
2,67104076
2,67104077
2,67104082
2,67104090
2,67104091
2,67104092
2,67104098
2,67104099
2,67104101
2,67104108
2,67104109
2,67104113
2,67104114
2,67104121
2,67104124
2,67104128
2,67104131
2,67104135
2,67104138
2,67104145
2,67104159
2,67104160
2,67104169
2,67104194
2,67104205
2,67104208
2,67104214
2,67104216
2,67104220
2,67104228
2,67104234
2,67104236
2,67104237
2,67104241
2,67104244
2,67104255
2,67104271
2,67104272
2,67104276
2,67104277
2,67104282
2,67104292
2,67104294
2,67104295
2,67104310
2,67104311
2,67104312
2,67104315
2,67104320
2,67104331
2,67104338
2,67104342
2,67104350
2,67104351
2,67104352
2,67104360
2,67104362
2,67104367
2,67104369
2,67104370
2,67104375
2,67104376
2,67104386
2,67104388
2,67104393
2,67104396
2,67104400
2,67104404
2,67104408
2,67104409
2,67104415
2,67104418
2,67104419
2,67104422
2,67104432
2,67104440
2,67104442
2,67104448
2,67104453
2,67104465
2,67104466
2,67104467
2,67104474
2,67104475
2,67104477
2,67104478
2,67104486
2,67104490
2,67104492
2,67104493
2,67104513
2,67104514
2,67104516
2,67104519
2,67104521
2,67104527
2,67104528
2,67104533
2,67104536
2,67104556
2,67104559
2,67104561
2,67104562
2,67104574
2,67104575
2,67104584
2,67104593
2,67104595
2,67104604
2,67104609
2,67107931
2,67107948
2,67107951
2,67107971
2,67107989
2,67107990
2,67108008
2,67108010
2,67108020
2,67108030
2,67108031
2,67108051
2,67108052
2,67108053
2,67108054
2,67108056
2,67108071
2,67108072
2,67108077
2,67108085
2,67108086
2,67108087
2,67108093
2,67108096
2,67108102
2,67108103
2,67108104
2,67108108
2,67108109
2,67108116
2,67108119
2,67108123
2,67108125
2,67108126
2,67108130
2,67108133
2,67108140
2,67108154
2,67108164
2,67108189
2,67108200
2,67108203
2,67108208
2,67108211
2,67108215
2,67108222
2,67108229
2,67108230
2,67108231
2,67108236
2,67108239
2,67108250
2,67108266
2,67108271
2,67108272
2,67108277
2,67108287
2,67108289
2,67108304
2,67108306
2,67108307
2,67108310
2,67108315
2,67108326
2,67108332
2,67108336
2,67108337
2,67108345
2,67108346
2,67108355
2,67108357
2,67108362
2,67108364
2,67108365
2,67108370
2,67108371
2,67108381
2,67108383
2,67108388
2,67108391
2,67108395
2,67108398
2,67108403
2,67108404
2,67108410
2,67108413
2,67108414
2,67108417
2,67108427
2,67108435
2,67108437
2,67108443
2,67108448
2,67108460
2,67108461
2,67108462
2,67108468
2,67108469
2,67108470
2,67108472
2,67108473
2,67108481
2,67108485
2,67108486
2,67108488
2,67108508
2,67108511
2,67108513
2,67108516
2,67108522
2,67108523
2,67108528
2,67108531
2,67108551
2,67108553
2,67108556
2,67108557
2,67108569
2,67108570
2,67108578
2,67108579
2,67108588
2,67108590
2,67108599
2,67108603
2,67108768
2,67108769
2,67108770
2,67108771
2,67108772
2,67108773
2,67108774
2,67108775
2,67108776
2,67108777
2,67108778
2,67108779
2,67108780
2,67108781
2,67108782
2,67108783
2,67108784
2,67108785
2,67108786
2,67108787
2,67108788
3,131249
3,131257
3,67099931
3,67103859
3,67103880
3,67103881
3,67103882
3,67103883
3,67103884
3,67103885
3,67103886
3,67103890
3,67103891
3,67103893
3,67103896
3,67103899
3,67103901
3,67103903
3,67103906
3,67103907
3,67103908
3,67103909
3,67103910
3,67103911
3,67103912
3,67103913
3,67103914
3,67103915
3,67103916
3,67103917
3,67103919
3,67103920
3,67103921
3,67103922
3,67103923
3,67103924
3,67103925
3,67103926
3,67103927
3,67103928
3,67103929
3,67103930
3,67103931
3,67103932
3,67103933
3,67103934
3,67103935
3,67103937
3,67103938
3,67103940
3,67103941
3,67103942
3,67103943
3,67103944
3,67103945
3,67103946
3,67103950
3,67103951
3,67103952
3,67103955
3,67103958
3,67103959
3,67103960
3,67103961
3,67103962
3,67103963
3,67103964
3,67103966
3,67103967
3,67103968
3,67103969
3,67103970
3,67103971
3,67103972
3,67103973
3,67103974
3,67103975
3,67103977
3,67103978
3,67103979
3,67103980
3,67103981
3,67103982
3,67103983
3,67103985
3,67103986
3,67103987
3,67103988
3,67103989
3,67103990
3,67103991
3,67103992
3,67103993
3,67103996
3,67103997
3,67103998
3,67103999
3,67104000
3,67104001
3,67104002
3,67104003
3,67104004
3,67104005
3,67104006
3,67104007
3,67104008
3,67104009
3,67104010
3,67104011
3,67104012
3,67104014
3,67104015
3,67104017
3,67104018
3,67104019
3,67104020
3,67104021
3,67104022
3,67104023
3,67104024
3,67104025
3,67104027
3,67104028
3,67104029
3,67104030
3,67104031
3,67104032
3,67104033
3,67104034
3,67104035
3,67104037
3,67104038
3,67104040
3,67104041
3,67104042
3,67104043
3,67104044
3,67104045
3,67104047
3,67104048
3,67104049
3,67104050
3,67104051
3,67104054
3,67104055
3,67104059
3,67104060
3,67104061
3,67104063
3,67104064
3,67104065
3,67104066
3,67104067
3,67104068
3,67104069
3,67104070
3,67104071
3,67104072
3,67104073
3,67104074
3,67104075
3,67104078
3,67104079
3,67104080
3,67104081
3,67104083
3,67104084
3,67104085
3,67104086
3,67104087
3,67104088
3,67104089
3,67104093
3,67104094
3,67104095
3,67104096
3,67104097
3,67104100
3,67104110
3,67104111
3,67104112
3,67104115
3,67104116
3,67104117
3,67104118
3,67104119
3,67104120
3,67104122
3,67104123
3,67104125
3,67104126
3,67104127
3,67104129
3,67104130
3,67104132
3,67104133
3,67104134
3,67104139
3,67104140
3,67104141
3,67104142
3,67104143
3,67104144
3,67104146
3,67104147
3,67104148
3,67104149
3,67104150
3,67104151
3,67104152
3,67104153
3,67104154
3,67104155
3,67104156
3,67104157
3,67104158
3,67104161
3,67104162
3,67104163
3,67104164
3,67104165
3,67104166
3,67104167
3,67104168
3,67104170
3,67104171
3,67104172
3,67104173
3,67104174
3,67104175
3,67104176
3,67104177
3,67104178
3,67104179
3,67104180
3,67104181
3,67104182
3,67104183
3,67104195
3,67104196
3,67104197
3,67104198
3,67104199
3,67104200
3,67104201
3,67104202
3,67104203
3,67104204
3,67104206
3,67104207
3,67104209
3,67104210
3,67104211
3,67104212
3,67104213
3,67104215
3,67107854
3,67107874
3,67107875
3,67107876
3,67107877
3,67107878
3,67107879
3,67107880
3,67107881
3,67107885
3,67107886
3,67107890
3,67107891
3,67107894
3,67107895
3,67107896
3,67107897
3,67107898
3,67107901
3,67107902
3,67107903
3,67107904
3,67107905
3,67107906
3,67107907
3,67107908
3,67107909
3,67107910
3,67107911
3,67107913
3,67107914
3,67107915
3,67107916
3,67107917
3,67107918
3,67107919
3,67107920
3,67107921
3,67107922
3,67107923
3,67107924
3,67107925
3,67107926
3,67107927
3,67107928
3,67107929
3,67107932
3,67107934
3,67107935
3,67107936
3,67107937
3,67107938
3,67107939
3,67107940
3,67107941
3,67107944
3,67107945
3,67107946
3,67107947
3,67107949
3,67107950
3,67107953
3,67107954
3,67107955
3,67107956
3,67107957
3,67107958
3,67107959
3,67107961
3,67107962
3,67107963
3,67107964
3,67107965
3,67107966
3,67107967
3,67107968
3,67107969
3,67107970
3,67107972
3,67107973
3,67107974
3,67107975
3,67107976
3,67107977
3,67107978
3,67107979
3,67107980
3,67107981
3,67107982
3,67107985
3,67107986
3,67107987
3,67107988
3,67107991
3,67107993
3,67107994
3,67107995
3,67107996
3,67107997
3,67107998
3,67107999
3,67108000
3,67108001
3,67108002
3,67108003
3,67108004
3,67108005
3,67108006
3,67108007
3,67108009
3,67108011
3,67108012
3,67108013
3,67108014
3,67108016
3,67108017
3,67108018
3,67108019
3,67108021
3,67108022
3,67108023
3,67108024
3,67108025
3,67108026
3,67108027
3,67108028
3,67108029
3,67108032
3,67108033
3,67108035
3,67108036
3,67108037
3,67108038
3,67108039
3,67108040
3,67108042
3,67108043
3,67108044
3,67108045
3,67108046
3,67108048
3,67108049
3,67108050
3,67108055
3,67108057
3,67108058
3,67108059
3,67108060
3,67108061
3,67108062
3,67108063
3,67108064
3,67108065
3,67108066
3,67108067
3,67108068
3,67108069
3,67108070
3,67108073
3,67108074
3,67108075
3,67108078
3,67108079
3,67108080
3,67108081
3,67108082
3,67108083
3,67108084
3,67108089
3,67108090
3,67108091
3,67108092
3,67108094
3,67108095
3,67108105
3,67108106
3,67108107
3,67108110
3,67108111
3,67108112
3,67108113
3,67108114
3,67108117
3,67108118
3,67108120
3,67108121
3,67108122
3,67108124
3,67108127
3,67108128
3,67108129
3,67108134
3,67108135
3,67108136
3,67108137
3,67108138
3,67108139
3,67108141
3,67108142
3,67108143
3,67108144
3,67108145
3,67108146
3,67108147
3,67108148
3,67108149
3,67108150
3,67108151
3,67108152
3,67108153
3,67108155
3,67108156
3,67108157
3,67108158
3,67108159
3,67108160
3,67108161
3,67108162
3,67108163
3,67108165
3,67108166
3,67108167
3,67108168
3,67108169
3,67108170
3,67108171
3,67108172
3,67108173
3,67108174
3,67108175
3,67108176
3,67108177
3,67108178
3,67108190
3,67108191
3,67108192
3,67108193
3,67108194
3,67108195
3,67108196
3,67108197
3,67108198
3,67108199
3,67108201
3,67108202
3,67108204
3,67108205
3,67108206
3,67108207
3,67108209
3,67108210
3,67108765
3,67108766
3,67108767
4,67104053
4,67108076
5,131242
5,131250
5,131256
5,131258
5,67099957
5,67100675
5,67100678
5,67100679
5,67100680
5,67100681
5,67100682
5,67100685
5,67100686
5,67100688
5,67100689
5,67100690
5,67100691
5,67100692
5,67100693
5,67100694
5,67100695
5,67100696
5,67100697
5,67100698
5,67100700
5,67100701
5,67100703
5,67100704
5,67100705
5,67100706
5,67100707
5,67100724
5,67100727
5,67100729
5,67100730
5,67100731
5,67100732
5,67100733
5,67100734
5,67100735
5,67100736
5,67100738
5,67100739
5,67100740
5,67100741
5,67100742
5,67100743
5,67100744
5,67100745
5,67100746
5,67100748
5,67100749
5,67100751
5,67100752
5,67100754
5,67100755
5,67103904
5,67103984
5,67104102
5,67104187
5,67104192
5,67104219
5,67104254
5,67104278
5,67104285
5,67104293
5,67104305
5,67104332
5,67104334
5,67104335
5,67104337
5,67104340
5,67104341
5,67104343
5,67104354
5,67104355
5,67104358
5,67104359
5,67104361
5,67104374
5,67104379
5,67104380
5,67104381
5,67104384
5,67104385
5,67104387
5,67104389
5,67104390
5,67104395
5,67104397
5,67104398
5,67104405
5,67104406
5,67104411
5,67104414
5,67104416
5,67104417
5,67104421
5,67104424
5,67104425
5,67104433
5,67104441
5,67104443
5,67104444
5,67104445
5,67104447
5,67104450
5,67104451
5,67104452
5,67104454
5,67104455
5,67104463
5,67104468
5,67104469
5,67104471
5,67104472
5,67104480
5,67104482
5,67104491
5,67104497
5,67104500
5,67104501
5,67104502
5,67104503
5,67104510
5,67104511
5,67104512
5,67104520
5,67104522
5,67104523
5,67104524
5,67104529
5,67104534
5,67104537
5,67104540
5,67104545
5,67104548
5,67104551
5,67104554
5,67104557
5,67104558
5,67104563
5,67104566
5,67104567
5,67104568
5,67104569
5,67104571
5,67104573
5,67104578
5,67104580
5,67104581
5,67104582
5,67104583
5,67104586
5,67104590
5,67104592
5,67104596
5,67104598
5,67104599
5,67104602
5,67104610
5,67104615
5,67104616
5,67104617
5,67104619
5,67104624
5,67104626
5,67104628
5,67104630
5,67104632
5,67104635
5,67104637
5,67104639
5,67104643
5,67104645
5,67104648
5,67104650
5,67104651
5,67104652
5,67104655
5,67104656
5,67104657
5,67104660
5,67104665
5,67104668
5,67104669
5,67104670
5,67104673
5,67104674
5,67104675
5,67104676
5,67104677
5,67104682
5,67104683
5,67104684
5,67104685
5,67104686
5,67104687
5,67104688
5,67104689
5,67104690
5,67104691
5,67104692
5,67104693
5,67104695
5,67104696
5,67104698
5,67104699
5,67104700
5,67104701
5,67104702
5,67104720
5,67104723
5,67104724
5,67104725
5,67104726
5,67104727
5,67104728
5,67104729
5,67104730
5,67104731
5,67104733
5,67104734
5,67104735
5,67104736
5,67104737
5,67104738
5,67104739
5,67104740
5,67104741
5,67104743
5,67104744
5,67104746
5,67104747
5,67104749
5,67104750
5,67107899
5,67108182
5,67108187
5,67108214
5,67108248
5,67108273
5,67108279
5,67108288
5,67108300
5,67108303
5,67108327
5,67108329
5,67108330
5,67108331
5,67108335
5,67108347
5,67108350
5,67108353
5,67108354
5,67108356
5,67108363
5,67108369
5,67108374
5,67108375
5,67108379
5,67108385
5,67108392
5,67108393
5,67108400
5,67108406
5,67108409
5,67108411
5,67108412
5,67108415
5,67108418
5,67108420
5,67108428
5,67108438
5,67108440
5,67108442
5,67108445
5,67108446
5,67108447
5,67108449
5,67108450
5,67108458
5,67108464
5,67108465
5,67108466
5,67108471
5,67108475
5,67108482
5,67108484
5,67108491
5,67108492
5,67108495
5,67108497
5,67108498
5,67108501
5,67108506
5,67108507
5,67108509
5,67108510
5,67108515
5,67108517
5,67108519
5,67108521
5,67108524
5,67108529
5,67108532
5,67108535
5,67108538
5,67108540
5,67108543
5,67108545
5,67108546
5,67108548
5,67108552
5,67108558
5,67108561
5,67108562
5,67108563
5,67108564
5,67108566
5,67108572
5,67108573
5,67108574
5,67108575
5,67108576
5,67108577
5,67108581
5,67108585
5,67108587
5,67108593
5,67108594
5,67108597
5,67108604
5,67108610
5,67108612
5,67108614
5,67108618
5,67108621
5,67108623
5,67108625
5,67108627
5,67108630
5,67108632
5,67108633
5,67108634
5,67108638
5,67108640
5,67108643
5,67108645
5,67108646
5,67108647
5,67108649
5,67108650
5,67108651
5,67108652
5,67108661
5,67108668
5,67108669
5,67108670
5,67108671
5,67108672
5,67108673
5,67108674
5,67108675
5,67108676
5,67108677
5,67108680
5,67108681
5,67108682
5,67108683
5,67108685
5,67108686
5,67108687
5,67108688
5,67108689
5,67108690
5,67108691
5,67108693
5,67108694
5,67108696
5,67108698
5,67108699
5,67108700
5,67108701
5,67108707
5,67108709
5,67108710
5,67108711
5,67108712
5,67108713
5,67108714
5,67108715
5,67108722
5,67108734
5,67108737
5,67108738
5,67108739
5,67108740
5,67108741
5,67108762
6,67104105
6,67104224
6,67104233
6,67104249
6,67104253
6,67104288
6,67104298
6,67104306
6,67104308
6,67104339
6,67104349
6,67104372
6,67104382
6,67104399
6,67104420
6,67104423
6,67104429
6,67104435
6,67104436
6,67104457
6,67104473
6,67104484
6,67104487
6,67104488
6,67104498
6,67104505
6,67104506
6,67104515
6,67104518
6,67104525
6,67104539
6,67104543
6,67104546
6,67104549
6,67104550
6,67104552
6,67104553
6,67104560
6,67104564
6,67104576
6,67104579
6,67104591
6,67104607
6,67104614
6,67104618
6,67104622
6,67104623
6,67104627
6,67104633
6,67104634
6,67104638
6,67104641
6,67104647
6,67108100
6,67108212
6,67108228
6,67108265
6,67108280
6,67108283
6,67108293
6,67108334
6,67108344
6,67108349
6,67108352
6,67108367
6,67108389
6,67108394
6,67108405
6,67108416
6,67108419
6,67108424
6,67108431
6,67108436
6,67108463
6,67108467
6,67108476
6,67108477
6,67108479
6,67108480
6,67108487
6,67108496
6,67108499
6,67108504
6,67108505
6,67108518
6,67108530
6,67108534
6,67108547
6,67108571
6,67108586
6,67108591
6,67108598
6,67108600
6,67108602
6,67108605
6,67108609
6,67108611
6,67108613
6,67108617
6,67108622
6,67108624
6,67108628
6,67108629
6,67108636
6,67108641
6,67108655
6,67108679
6,67108684
6,67108705
6,67108736
7,131248
7,67099275
7,67099968
7,67100708
7,67100709
7,67100710
7,67100711
7,67100712
7,67100713
7,67100714
7,67100715
7,67100716
7,67100717
7,67100718
7,67100719
7,67100721
7,67100722
7,67100723
7,67100758
7,67100760
7,67100761
7,67100764
7,67100765
7,67100766
7,67100767
7,67100768
7,67100769
7,67100770
7,67100771
7,67100772
7,67100773
7,67100774
7,67100775
7,67100776
7,67100777
7,67100778
7,67100779
7,67100782
7,67100783
7,67100784
7,67100786
7,67100789
7,67100795
7,67100873
7,67100915
7,67100925
7,67101087
7,67101206
7,67102780
7,67103751
7,67104046
7,67104103
7,67104104
7,67104136
7,67104222
7,67104229
7,67104239
7,67104258
7,67104259
7,67104268
7,67104273
7,67104286
7,67104289
7,67104314
7,67104318
7,67104319
7,67104323
7,67104325
7,67104327
7,67104329
7,67104330
7,67104344
7,67104345
7,67104347
7,67104348
7,67104353
7,67104356
7,67104364
7,67104365
7,67104377
7,67104391
7,67104392
7,67104407
7,67104413
7,67104434
7,67104437
7,67104438
7,67104446
7,67104456
7,67104458
7,67104476
7,67104489
7,67104494
7,67104495
7,67104508
7,67104509
7,67104517
7,67104531
7,67104547
7,67104594
7,67104600
7,67104605
7,67104613
7,67104636
7,67104649
7,67104703
7,67104704
7,67104705
7,67104706
7,67104707
7,67104708
7,67104709
7,67104710
7,67104711
7,67104712
7,67104713
7,67104714
7,67104716
7,67104717
7,67104718
7,67104753
7,67104755
7,67104756
7,67104757
7,67104759
7,67104760
7,67104761
7,67104762
7,67104763
7,67104764
7,67104765
7,67104766
7,67104767
7,67104768
7,67104769
7,67104770
7,67104771
7,67104772
7,67104773
7,67104774
7,67104777
7,67104778
7,67104780
7,67104920
7,67104924
7,67105082
7,67105201
7,67106775
7,67107746
7,67108041
7,67108098
7,67108099
7,67108131
7,67108217
7,67108224
7,67108234
7,67108237
7,67108253
7,67108254
7,67108263
7,67108267
7,67108268
7,67108281
7,67108284
7,67108297
7,67108309
7,67108313
7,67108314
7,67108318
7,67108320
7,67108322
7,67108324
7,67108325
7,67108340
7,67108341
7,67108343
7,67108348
7,67108351
7,67108359
7,67108372
7,67108376
7,67108377
7,67108380
7,67108386
7,67108399
7,67108401
7,67108408
7,67108432
7,67108433
7,67108441
7,67108453
7,67108474
7,67108483
7,67108489
7,67108490
7,67108494
7,67108500
7,67108503
7,67108512
7,67108514
7,67108520
7,67108526
7,67108527
7,67108542
7,67108544
7,67108554
7,67108595
7,67108608
7,67108620
7,67108631
7,67108642
7,67108644
7,67108678
7,67108692
7,67108695
7,67108697
7,67108702
7,67108703
7,67108704
7,67108706
7,67108708
7,67108716
7,67108718
7,67108719
7,67108720
7,67108721
7,67108723
7,67108724
7,67108725
7,67108726
7,67108728
7,67108730
7,67108731
7,67108732
7,67108733
7,67108735
7,67108742
7,67108743
7,67108744
7,67108745
7,67108746
7,67108747
7,67108748
7,67108749
7,67108750
7,67108751
7,67108752
7,67108753
7,67108754
7,67108755
7,67108756
7,67108757
7,67108758
7,67108759
7,67108760
7,67108761
7,67108763
7,67108764
8,67100800
8,67100807
8,67100823
8,67100830
8,67100836
8,67100837
8,67100848
8,67100872
8,67100892
8,67100908
8,67100928
8,67100929
8,67100943
8,67100969
8,67100984
8,67101000
8,67101002
8,67101013
8,67101019
8,67101030
8,67101033
8,67101060
8,67101090
8,67101105
8,67101324
8,67101391
8,67101519
8,67101709
8,67101716
8,67101726
8,67101765
8,67101776
8,67101865
8,67101907
8,67101925
8,67101928
8,67101948
8,67102030
8,67102070
8,67102116
8,67102126
8,67102188
8,67102230
8,67102412
8,67102433
8,67102437
8,67102439
8,67102452
8,67102455
8,67102526
8,67102531
8,67102690
8,67102782
8,67102887
8,67103353
8,67103888
8,67103939
8,67104186
8,67104191
8,67104193
8,67104225
8,67104230
8,67104231
8,67104235
8,67104238
8,67104242
8,67104243
8,67104245
8,67104266
8,67104269
8,67104284
8,67104287
8,67104290
8,67104297
8,67104301
8,67104302
8,67104328
8,67104333
8,67104336
8,67104346
8,67104357
8,67104363
8,67104366
8,67104368
8,67104371
8,67104373
8,67104378
8,67104383
8,67104402
8,67104403
8,67104410
8,67104412
8,67104426
8,67104431
8,67104439
8,67104449
8,67104460
8,67104461
8,67104470
8,67104479
8,67104481
8,67104483
8,67104504
8,67104507
8,67104530
8,67104532
8,67104535
8,67104538
8,67104542
8,67104565
8,67104570
8,67104577
8,67104603
8,67104608
8,67104625
8,67104629
8,67104646
8,67104653
8,67104789
8,67104801
8,67104818
8,67104825
8,67104831
8,67104832
8,67104842
8,67104847
8,67104867
8,67104868
8,67104879
8,67104887
8,67104903
8,67104910
8,67104923
8,67104938
8,67104948
8,67104979
8,67104984
8,67104995
8,67105000
8,67105008
8,67105014
8,67105022
8,67105025
8,67105028
8,67105054
8,67105085
8,67105100
8,67105319
8,67105386
8,67105513
8,67105704
8,67105711
8,67105721
8,67105759
8,67105770
8,67105860
8,67105902
8,67105920
8,67105923
8,67105943
8,67106025
8,67106065
8,67106111
8,67106121
8,67106183
8,67106225
8,67106406
8,67106428
8,67106432
8,67106434
8,67106447
8,67106450
8,67106521
8,67106525
8,67106685
8,67106713
8,67106756
8,67106776
8,67106881
8,67107348
8,67107883
8,67107933
8,67108097
8,67108115
8,67108180
8,67108186
8,67108188
8,67108219
8,67108220
8,67108221
8,67108225
8,67108226
8,67108238
8,67108240
8,67108244
8,67108261
8,67108264
8,67108276
8,67108282
8,67108285
8,67108286
8,67108292
8,67108296
8,67108301
8,67108305
8,67108319
8,67108323
8,67108328
8,67108333
8,67108338
8,67108339
8,67108342
8,67108358
8,67108360
8,67108361
8,67108366
8,67108373
8,67108382
8,67108384
8,67108387
8,67108390
8,67108397
8,67108407
8,67108421
8,67108426
8,67108430
8,67108434
8,67108439
8,67108444
8,67108451
8,67108452
8,67108454
8,67108455
8,67108456
8,67108457
8,67108478
8,67108502
8,67108533
8,67108537
8,67108541
8,67108549
8,67108550
8,67108559
8,67108565
8,67108606
8,67108607
8,67108619
8,67108717
9,131243
9,131244
9,131251
9,131252
9,67100797
9,67100806
9,67100814
9,67100819
9,67100855
9,67100856
9,67100881
9,67100894
9,67100904
9,67100906
9,67100924
9,67100940
9,67100949
9,67100950
9,67100967
9,67100986
9,67100996
9,67101004
9,67101012
9,67101029
9,67101031
9,67101039
9,67101042
9,67101043
9,67101046
9,67101047
9,67101051
9,67101055
9,67101058
9,67101063
9,67101064
9,67101067
9,67101071
9,67101082
9,67101084
9,67101088
9,67101110
9,67101115
9,67101126
9,67101140
9,67101148
9,67101160
9,67101177
9,67101185
9,67101199
9,67101207
9,67101219
9,67101228
9,67101232
9,67101241
9,67101297
9,67101307
9,67101316
9,67101319
9,67101337
9,67101342
9,67101354
9,67101388
9,67101403
9,67101414
9,67101417
9,67101432
9,67101434
9,67101442
9,67101445
9,67101460
9,67101462
9,67101501
9,67101512
9,67101514
9,67101518
9,67101533
9,67101550
9,67101564
9,67101588
9,67101591
9,67101596
9,67101604
9,67101614
9,67101630
9,67101631
9,67101647
9,67101654
9,67101665
9,67101666
9,67101667
9,67101670
9,67101671
9,67101677
9,67101678
9,67101683
9,67101695
9,67101697
9,67101700
9,67101701
9,67101714
9,67101717
9,67101721
9,67101722
9,67101723
9,67101728
9,67101729
9,67101730
9,67101734
9,67101741
9,67101749
9,67101750
9,67101753
9,67101754
9,67101764
9,67101767
9,67101778
9,67101779
9,67101781
9,67101785
9,67101798
9,67101799
9,67101802
9,67101807
9,67101808
9,67101811
9,67101814
9,67101823
9,67101829
9,67101830
9,67101832
9,67101835
9,67101838
9,67101848
9,67101849
9,67101857
9,67101869
9,67101878
9,67101880
9,67101887
9,67101893
9,67101894
9,67101903
9,67101905
9,67101909
9,67102312
9,67102593
9,67102738
9,67102905
9,67102977
9,67103024
9,67103372
9,67103381
9,67103511
9,67103523
9,67103738
9,67103812
9,67104188
9,67104263
9,67104299
9,67104321
9,67104792
9,67104799
9,67104809
9,67104814
9,67104849
9,67104851
9,67104876
9,67104899
9,67104901
9,67104918
9,67104935
9,67104944
9,67104945
9,67104961
9,67104981
9,67104991
9,67104993
9,67104999
9,67105006
9,67105023
9,67105026
9,67105034
9,67105037
9,67105038
9,67105041
9,67105042
9,67105046
9,67105050
9,67105053
9,67105058
9,67105061
9,67105062
9,67105066
9,67105077
9,67105079
9,67105105
9,67105109
9,67105121
9,67105135
9,67105142
9,67105155
9,67105162
9,67105180
9,67105194
9,67105202
9,67105214
9,67105223
9,67105227
9,67105236
9,67105292
9,67105302
9,67105309
9,67105314
9,67105332
9,67105378
9,67105383
9,67105397
9,67105409
9,67105412
9,67105415
9,67105427
9,67105429
9,67105437
9,67105440
9,67105455
9,67105457
9,67105494
9,67105507
9,67105509
9,67105510
9,67105545
9,67105559
9,67105575
9,67105582
9,67105586
9,67105591
9,67105599
9,67105609
9,67105625
9,67105642
9,67105648
9,67105660
9,67105662
9,67105665
9,67105666
9,67105672
9,67105673
9,67105678
9,67105691
9,67105695
9,67105709
9,67105712
9,67105716
9,67105717
9,67105718
9,67105722
9,67105723
9,67105724
9,67105729
9,67105736
9,67105743
9,67105745
9,67105748
9,67105760
9,67105761
9,67105774
9,67105776
9,67105780
9,67105793
9,67105794
9,67105797
9,67105801
9,67105803
9,67105805
9,67105809
9,67105818
9,67105824
9,67105825
9,67105826
9,67105827
9,67105830
9,67105833
9,67105843
9,67105844
9,67105851
9,67105859
9,67105864
9,67105873
9,67105874
9,67105882
9,67105888
9,67105889
9,67105892
9,67105898
9,67105900
9,67105903
9,67106307
9,67106588
9,67106733
9,67106945
9,67106972
9,67107019
9,67107367
9,67107376
9,67107506
9,67107518
9,67107733
9,67107807
9,67108258
9,67108278
9,67108294
9,67108316
9,67108659
9,67108727
9,67108729
