1,192
1,67104031
1,67104160
1,67104289
1,67104418
1,67104543
1,67104544
1,67104545
1,67104546
1,67104547
1,67104548
1,67104549
1,67104550
1,67104551
1,67104552
1,67104553
1,67104554
1,67104555
1,67104556
1,67104557
1,67104558
1,67104559
1,67104560
1,67104561
1,67104562
1,67104563
1,67104564
1,67104565
1,67104566
1,67104567
1,67104568
1,67104569
1,67104570
1,67104571
1,67104572
1,67104573
1,67104574
1,67104575
1,67104576
1,67104577
1,67104578
1,67104579
1,67104580
1,67104581
1,67104582
1,67104583
1,67104584
1,67104585
1,67104586
1,67104587
1,67104588
1,67104589
1,67104590
1,67104591
1,67104592
1,67104593
1,67104594
1,67104595
1,67104596
1,67104597
1,67104598
1,67104599
1,67104600
1,67104601
1,67104602
1,67104603
1,67104604
1,67104605
1,67104606
1,67104607
1,67104608
1,67104609
1,67104610
1,67104611
1,67104612
1,67104613
1,67104614
1,67104615
1,67104616
1,67104617
1,67104618
1,67104619
1,67104620
1,67104621
1,67104622
1,67104623
1,67104624
1,67104625
1,67104626
1,67104627
1,67104628
1,67104629
1,67104630
1,67104631
1,67104632
1,67104633
1,67104634
1,67104635
1,67104636
1,67104637
1,67104638
1,67104639
1,67104640
1,67104641
1,67104642
1,67104643
1,67104644
1,67104645
1,67104646
1,67104647
1,67104648
1,67104649
1,67104650
1,67104651
1,67104652
1,67104653
1,67104654
1,67104655
1,67104656
1,67104657
1,67104658
1,67104659
1,67104660
1,67104661
1,67104662
1,67104663
1,67104664
1,67104665
1,67104666
1,67104667
1,67104668
1,67104669
1,67104670
1,67104787
