1379256614,67104543
1379256614,67104544
1379256614,67104545
1379256614,67104546
1379256614,67104547
1379256614,67104548
1379256614,67104549
1379256614,67104550
1379256614,67104551
1379256614,67104552
1379256614,67104553
1379256614,67104554
1379256614,67104555
1379256614,67104556
1379256614,67104557
1379256614,67104558
1379256614,67104642
1379256614,67104644
1379256614,67104646
1379256614,67104647
1379256614,67104650
1379256614,67104655
1379256614,67104656
1379256614,67104658
1379256614,67104659
1379256614,67104660
1379256614,67104661
1379256614,67104662
1379256614,67104666
1379256614,67104668
1379256614,67104670
1379256614,67104902
42756955034,67104028
42756955034,67104029
42756955034,67104030
42756955034,67104031
42756955034,67104032
42756955034,67104033
42756955034,67104034
42756955034,67104035
42756955034,67104036
42756955034,67104037
42756955034,67104038
42756955034,67104039
42756955034,67104040
42756955034,67104041
42756955034,67104042
42756955034,67104043
42756955034,67104071
42756955034,67104076
42756955034,67104078
42756955034,67104079
42756955034,67104093
42756955034,67104102
42756955034,67104116
42756955034,67104117
42756955034,67104119
42756955034,67104123
42756955034,67104124
42756955034,67104149
42756955034,67104158
42756955034,67104161
42756955034,67107192
42756955034,67108667
84134653454,67104044
84134653454,67104047
84134653454,67104049
84134653454,67104057
84134653454,67104058
84134653454,67104064
84134653454,67104065
84134653454,67104066
84134653454,67104067
84134653454,67104068
84134653454,67104080
84134653454,67104085
84134653454,67104086
84134653454,67104090
84134653454,67104103
84134653454,67104104
84134653454,67104107
84134653454,67104114
84134653454,67104118
84134653454,67104125
84134653454,67104126
84134653454,67104129
84134653454,67104131
84134653454,67104137
84134653454,67104142
84134653454,67104146
84134653454,67104154
84134653454,67106039
84134653454,67106044
84134653454,67106045
84134653454,67106052
84134653454,67106056
125512351874,67104077
125512351874,67104091
125512351874,67104095
125512351874,67104097
125512351874,67104098
125512351874,67104100
125512351874,67104101
125512351874,67104109
125512351874,67104110
125512351874,67104115
125512351874,67104120
125512351874,67104121
125512351874,67104122
125512351874,67104127
125512351874,67104128
125512351874,67104130
125512351874,67104132
125512351874,67104133
125512351874,67104135
125512351874,67104141
125512351874,67104144
125512351874,67104145
125512351874,67104147
125512351874,67104148
125512351874,67104150
125512351874,67104151
125512351874,67104152
125512351874,67104153
125512351874,67104155
125512351874,67105401
125512351874,67105404
125512351874,67105405
166890050294,131251
166890050294,131252
166890050294,67104164
166890050294,67104165
166890050294,67104166
166890050294,67104167
166890050294,67104168
166890050294,67104169
166890050294,67104170
166890050294,67104171
166890050294,67104172
166890050294,67104560
166890050294,67104572
166890050294,67104612
166890050294,67104653
166890050294,67104664
166890050294,67108181
166890050294,67108211
166890050294,67108213
166890050294,67108247
166890050294,67108267
166890050294,67108286
166890050294,67108672
166890050294,67108673
166890050294,67108674
166890050294,67108675
166890050294,67108676
166890050294,67108677
166890050294,67108678
166890050294,67108679
166890050294,67108680
166890050294,67108681
208267748714,67104159
208267748714,67104559
208267748714,67104566
208267748714,67104567
208267748714,67104569
208267748714,67104576
208267748714,67104583
208267748714,67104585
208267748714,67104587
208267748714,67104595
208267748714,67104605
208267748714,67104606
208267748714,67104607
208267748714,67104613
208267748714,67104614
208267748714,67104616
208267748714,67104618
208267748714,67104626
208267748714,67104628
208267748714,67104629
208267748714,67104631
208267748714,67104632
208267748714,67104637
208267748714,67104638
208267748714,67104652
208267748714,67104657
208267748714,67104667
208267748714,67107457
208267748714,67107468
208267748714,67107473
208267748714,67107478
208267748714,67108668
249645447134,67104561
249645447134,67104563
249645447134,67104564
249645447134,67104568
249645447134,67104570
249645447134,67104582
249645447134,67104584
249645447134,67104589
249645447134,67104590
249645447134,67104592
249645447134,67104594
249645447134,67104597
249645447134,67104598
249645447134,67104600
249645447134,67104602
249645447134,67104603
249645447134,67104619
249645447134,67104627
249645447134,67104633
249645447134,67104634
249645447134,67104635
249645447134,67104639
249645447134,67104643
249645447134,67104645
249645447134,67104649
249645447134,67104651
249645447134,67104654
249645447134,67104669
249645447134,67105006
249645447134,67105007
249645447134,67105012
249645447134,67105013
291023145554,67104565
291023145554,67104571
291023145554,67104577
291023145554,67104578
291023145554,67104579
291023145554,67104580
291023145554,67104581
291023145554,67104588
291023145554,67104591
291023145554,67104596
291023145554,67104599
291023145554,67104601
291023145554,67104609
291023145554,67104610
291023145554,67104611
291023145554,67104615
291023145554,67104617
291023145554,67104620
291023145554,67104621
291023145554,67104622
291023145554,67104623
291023145554,67104624
291023145554,67104630
291023145554,67104636
291023145554,67104641
291023145554,67104648
291023145554,67104665
291023145554,67106141
291023145554,67106148
291023145554,67106160
291023145554,67106163
291023145554,67106164
332400843974,67104157
332400843974,67104562
332400843974,67104573
332400843974,67104574
332400843974,67104575
332400843974,67104586
332400843974,67104593
332400843974,67104604
332400843974,67104608
332400843974,67104625
332400843974,67104640
332400843974,67104663
332400843974,67106551
332400843974,67106597
332400843974,67106602
332400843974,67106650
332400843974,67106659
332400843974,67106663
332400843974,67106667
332400843974,67106672
332400843974,67106684
332400843974,67106686
332400843974,67106689
332400843974,67106690
332400843974,67106693
332400843974,67106694
332400843974,67106701
332400843974,67106704
332400843974,67106708
332400843974,67106713
332400843974,67106716
332400843974,67108666
373778542394,67105478
373778542394,67105697
373778542394,67105711
373778542394,67105715
373778542394,67105724
373778542394,67105729
373778542394,67105730
373778542394,67105739
373778542394,67105744
373778542394,67105747
373778542394,67105762
373778542394,67105768
373778542394,67105773
373778542394,67105787
373778542394,67105789
373778542394,67105793
373778542394,67105796
373778542394,67105798
373778542394,67105801
373778542394,67105804
373778542394,67105813
373778542394,67105815
373778542394,67105816
373778542394,67105819
373778542394,67105820
373778542394,67105822
373778542394,67105824
373778542394,67105834
373778542394,67105843
373778542394,67105851
373778542394,67105860
373778542394,67105862
415156240814,67104744
415156240814,67104776
415156240814,67104778
415156240814,67104795
415156240814,67104816
415156240814,67104860
415156240814,67105011
415156240814,67105080
415156240814,67105136
415156240814,67105157
415156240814,67105276
415156240814,67105367
415156240814,67105500
415156240814,67105547
415156240814,67105735
415156240814,67105753
415156240814,67106031
415156240814,67106073
415156240814,67106194
415156240814,67106400
415156240814,67106463
415156240814,67106480
415156240814,67106525
415156240814,67106527
415156240814,67106582
415156240814,67106715
415156240814,67106757
415156240814,67106835
415156240814,67106836
415156240814,67107051
415156240814,67108665
456533939234,67104792
456533939234,67104794
456533939234,67104798
456533939234,67104802
456533939234,67104819
456533939234,67104837
456533939234,67104842
456533939234,67104859
456533939234,67104874
456533939234,67104894
456533939234,67104914
456533939234,67104919
456533939234,67104926
456533939234,67104942
456533939234,67104957
456533939234,67104960
456533939234,67105002
456533939234,67105036
456533939234,67105053
456533939234,67105102
456533939234,67105104
456533939234,67105125
456533939234,67105137
456533939234,67105143
456533939234,67105151
456533939234,67105153
456533939234,67105183
456533939234,67105188
456533939234,67105191
456533939234,67105202
456533939234,67106812
497911637654,67104686
497911637654,67104692
497911637654,67104699
497911637654,67104826
497911637654,67104866
497911637654,67104869
497911637654,67104871
497911637654,67104872
497911637654,67104912
497911637654,67105016
497911637654,67105024
497911637654,67105047
497911637654,67105067
497911637654,67105097
497911637654,67105112
497911637654,67105156
497911637654,67105167
497911637654,67105184
497911637654,67105209
497911637654,67105224
497911637654,67105225
497911637654,67105245
497911637654,67105248
497911637654,67105253
497911637654,67105285
497911637654,67105323
497911637654,67105324
497911637654,67105336
497911637654,67105347
497911637654,67106606
497911637654,67106932
539289336074,131253
539289336074,67104675
539289336074,67104706
539289336074,67104743
539289336074,67104834
539289336074,67104838
539289336074,67104892
539289336074,67104896
539289336074,67104915
539289336074,67104996
539289336074,67105004
539289336074,67105005
539289336074,67105027
539289336074,67105186
539289336074,67106288
539289336074,67106315
539289336074,67106322
539289336074,67106338
539289336074,67106397
539289336074,67106561
539289336074,67106618
539289336074,67106664
539289336074,67106726
539289336074,67106763
539289336074,67106780
539289336074,67106825
539289336074,67106826
539289336074,67106828
539289336074,67107012
539289336074,67107015
539289336074,67107040
539289336074,67107049
580667034494,67104046
580667034494,67104056
580667034494,67104070
580667034494,67104072
580667034494,67104073
580667034494,67104084
580667034494,67104087
580667034494,67104088
580667034494,67104089
580667034494,67104092
580667034494,67104094
580667034494,67104096
580667034494,67104099
580667034494,67104105
580667034494,67104108
580667034494,67104111
580667034494,67104112
580667034494,67104113
580667034494,67104134
580667034494,67104136
580667034494,67104138
580667034494,67104139
580667034494,67104140
580667034494,67104143
580667034494,67104163
580667034494,67106506
580667034494,67106944
580667034494,67107710
580667034494,67108076
580667034494,67108128
580667034494,67108671
622044732914,67104045
622044732914,67104048
622044732914,67104050
622044732914,67104051
622044732914,67104052
622044732914,67104053
622044732914,67104054
622044732914,67104055
622044732914,67104059
622044732914,67104060
622044732914,67104061
622044732914,67104062
622044732914,67104063
622044732914,67104069
622044732914,67104074
622044732914,67104075
622044732914,67104081
622044732914,67104082
622044732914,67104083
622044732914,67104106
622044732914,67104855
622044732914,67104975
622044732914,67105008
622044732914,67105413
622044732914,67105778
622044732914,67106006
622044732914,67106134
622044732914,67106170
622044732914,67106534
622044732914,67107850
622044732914,67107955
622044732914,67108670
663422431334,67104807
663422431334,67104899
663422431334,67104932
663422431334,67104990
663422431334,67105081
663422431334,67105235
663422431334,67105393
663422431334,67105398
663422431334,67105510
663422431334,67105557
663422431334,67105588
663422431334,67105640
663422431334,67105731
663422431334,67105886
663422431334,67105929
663422431334,67106032
663422431334,67106115
663422431334,67106120
663422431334,67106127
663422431334,67106142
663422431334,67106283
663422431334,67106325
663422431334,67106601
663422431334,67106747
663422431334,67106773
663422431334,67106792
663422431334,67106827
663422431334,67106852
663422431334,67106996
663422431334,67107027
663422431334,67107044
704800129754,67104800
704800129754,67104840
704800129754,67104911
704800129754,67104948
704800129754,67105019
704800129754,67105130
704800129754,67105195
704800129754,67105226
704800129754,67105264
704800129754,67105411
704800129754,67105419
704800129754,67105877
704800129754,67105909
704800129754,67106008
704800129754,67106021
704800129754,67106096
704800129754,67106146
704800129754,67106151
704800129754,67106277
704800129754,67106376
704800129754,67106462
704800129754,67106498
704800129754,67106603
704800129754,67106658
704800129754,67106691
704800129754,67106889
704800129754,67107018
704800129754,67107043
704800129754,67107475
704800129754,67107516
704800129754,67107544
704800129754,67107596
746177828174,131254
746177828174,67104177
746177828174,67104254
746177828174,67104256
746177828174,67104265
746177828174,67104953
746177828174,67104955
746177828174,67105135
746177828174,67105304
746177828174,67105575
746177828174,67106001
746177828174,67106062
746177828174,67106155
746177828174,67106220
746177828174,67106311
746177828174,67106365
746177828174,67106445
746177828174,67106614
746177828174,67106661
746177828174,67106695
746177828174,67106964
746177828174,67106998
746177828174,67107685
746177828174,67108467
746177828174,67108609
746177828174,67108613
746177828174,67108630
746177828174,67108686
746177828174,67108763
746177828174,67108765
746177828174,67108774
787555526594,67104703
787555526594,67104735
787555526594,67104771
787555526594,67104785
787555526594,67104797
787555526594,67104846
787555526594,67104913
787555526594,67104988
787555526594,67105051
787555526594,67105059
787555526594,67105060
787555526594,67105432
787555526594,67105521
787555526594,67105725
787555526594,67105870
787555526594,67105878
787555526594,67105975
787555526594,67105982
787555526594,67105983
787555526594,67106000
787555526594,67106106
787555526594,67106206
787555526594,67106279
787555526594,67106364
787555526594,67106413
787555526594,67106499
787555526594,67106636
787555526594,67106893
787555526594,67107014
787555526594,67107046
787555526594,67107319
787555526594,67108305
