1379256614,67104543
1379256614,67104544
1379256614,67104545
1379256614,67104546
1379256614,67104547
1379256614,67104548
1379256614,67104549
1379256614,67104550
1379256614,67104551
1379256614,67104552
1379256614,67104553
1379256614,67104554
1379256614,67104555
1379256614,67104556
1379256614,67104557
1379256614,67104558
1379256614,67104642
1379256614,67104644
1379256614,67104646
1379256614,67104647
1379256614,67104650
1379256614,67104655
1379256614,67104656
1379256614,67104658
1379256614,67104659
1379256614,67104660
1379256614,67104661
1379256614,67104662
1379256614,67104666
1379256614,67104668
1379256614,67104670
1379256614,67104902
42756955034,67104028
42756955034,67104029
42756955034,67104030
42756955034,67104031
42756955034,67104032
42756955034,67104033
42756955034,67104034
42756955034,67104035
42756955034,67104036
42756955034,67104037
42756955034,67104038
42756955034,67104039
42756955034,67104040
42756955034,67104041
42756955034,67104042
42756955034,67104043
42756955034,67104071
42756955034,67104076
42756955034,67104078
42756955034,67104079
42756955034,67104093
42756955034,67104102
42756955034,67104116
42756955034,67104117
42756955034,67104119
42756955034,67104123
42756955034,67104124
42756955034,67104149
42756955034,67104158
42756955034,67104161
42756955034,67107192
42756955034,67108667
84134653454,67104044
84134653454,67104047
84134653454,67104049
84134653454,67104057
84134653454,67104058
84134653454,67104064
84134653454,67104065
84134653454,67104066
84134653454,67104067
84134653454,67104068
84134653454,67104080
84134653454,67104085
84134653454,67104086
84134653454,67104090
84134653454,67104103
84134653454,67104104
84134653454,67104107
84134653454,67104114
84134653454,67104118
84134653454,67104125
84134653454,67104126
84134653454,67104129
84134653454,67104131
84134653454,67104137
84134653454,67104142
84134653454,67104146
84134653454,67104154
84134653454,67106039
84134653454,67106044
84134653454,67106045
84134653454,67106052
84134653454,67106056
125512351874,67104077
125512351874,67104091
125512351874,67104095
125512351874,67104097
125512351874,67104098
125512351874,67104100
125512351874,67104101
125512351874,67104109
125512351874,67104110
125512351874,67104115
125512351874,67104120
125512351874,67104121
125512351874,67104122
125512351874,67104127
125512351874,67104128
125512351874,67104130
125512351874,67104132
125512351874,67104133
125512351874,67104135
125512351874,67104141
125512351874,67104144
125512351874,67104145
125512351874,67104147
125512351874,67104148
125512351874,67104150
125512351874,67104151
125512351874,67104152
125512351874,67104153
125512351874,67104155
125512351874,67105401
125512351874,67105404
125512351874,67105405
166890050294,131251
166890050294,131252
166890050294,67104164
166890050294,67104165
166890050294,67104166
166890050294,67104167
166890050294,67104168
166890050294,67104169
166890050294,67104170
166890050294,67104171
166890050294,67104172
166890050294,67104560
166890050294,67104572
166890050294,67104612
166890050294,67104653
166890050294,67104664
166890050294,67108181
166890050294,67108211
166890050294,67108213
166890050294,67108247
166890050294,67108267
166890050294,67108286
166890050294,67108672
166890050294,67108673
166890050294,67108674
166890050294,67108675
166890050294,67108676
166890050294,67108677
166890050294,67108678
166890050294,67108679
166890050294,67108680
166890050294,67108681
208267748714,67104159
208267748714,67104559
208267748714,67104566
208267748714,67104567
208267748714,67104569
208267748714,67104576
208267748714,67104583
208267748714,67104585
208267748714,67104587
208267748714,67104595
208267748714,67104605
208267748714,67104606
208267748714,67104607
208267748714,67104613
208267748714,67104614
208267748714,67104616
208267748714,67104618
208267748714,67104626
208267748714,67104628
208267748714,67104629
208267748714,67104631
208267748714,67104632
208267748714,67104637
208267748714,67104638
208267748714,67104652
208267748714,67104657
208267748714,67104667
208267748714,67107457
208267748714,67107468
208267748714,67107473
208267748714,67107478
208267748714,67108668
249645447134,67104561
249645447134,67104563
249645447134,67104564
249645447134,67104568
249645447134,67104570
249645447134,67104582
249645447134,67104584
249645447134,67104589
249645447134,67104590
249645447134,67104592
249645447134,67104594
249645447134,67104597
249645447134,67104598
249645447134,67104600
249645447134,67104602
249645447134,67104603
249645447134,67104619
249645447134,67104627
249645447134,67104633
249645447134,67104634
249645447134,67104635
249645447134,67104639
249645447134,67104643
249645447134,67104645
249645447134,67104649
249645447134,67104651
249645447134,67104654
249645447134,67104669
249645447134,67105006
249645447134,67105007
249645447134,67105012
249645447134,67105013
291023145554,67104565
291023145554,67104571
291023145554,67104577
291023145554,67104578
291023145554,67104579
291023145554,67104580
291023145554,67104581
291023145554,67104588
291023145554,67104591
291023145554,67104596
291023145554,67104599
291023145554,67104601
291023145554,67104609
291023145554,67104610
291023145554,67104611
291023145554,67104615
291023145554,67104617
291023145554,67104620
291023145554,67104621
291023145554,67104622
291023145554,67104623
291023145554,67104624
291023145554,67104630
291023145554,67104636
291023145554,67104641
291023145554,67104648
291023145554,67104665
291023145554,67106141
291023145554,67106148
291023145554,67106160
291023145554,67106163
291023145554,67106164
332400843974,67104157
332400843974,67104562
332400843974,67104573
332400843974,67104574
332400843974,67104575
332400843974,67104586
332400843974,67104593
332400843974,67104604
332400843974,67104608
332400843974,67104625
332400843974,67104640
332400843974,67104663
332400843974,67106551
332400843974,67106597
332400843974,67106602
332400843974,67106650
332400843974,67106659
332400843974,67106663
332400843974,67106667
332400843974,67106672
332400843974,67106684
332400843974,67106686
332400843974,67106689
332400843974,67106690
332400843974,67106693
332400843974,67106694
332400843974,67106701
332400843974,67106704
332400843974,67106708
332400843974,67106713
332400843974,67106716
332400843974,67108666
373778542394,67105478
373778542394,67105697
373778542394,67105711
373778542394,67105715
373778542394,67105724
373778542394,67105729
373778542394,67105730
373778542394,67105739
373778542394,67105744
373778542394,67105747
373778542394,67105762
373778542394,67105768
373778542394,67105773
373778542394,67105787
373778542394,67105789
373778542394,67105793
373778542394,67105796
373778542394,67105798
373778542394,67105801
373778542394,67105804
373778542394,67105813
373778542394,67105815
373778542394,67105816
373778542394,67105819
373778542394,67105820
373778542394,67105822
373778542394,67105824
373778542394,67105834
373778542394,67105843
373778542394,67105851
373778542394,67105860
373778542394,67105862
415156240814,67104744
415156240814,67104776
415156240814,67104778
415156240814,67104795
415156240814,67104816
415156240814,67104860
415156240814,67105011
415156240814,67105080
415156240814,67105136
415156240814,67105157
415156240814,67105276
415156240814,67105367
415156240814,67105500
415156240814,67105547
415156240814,67105735
415156240814,67105753
415156240814,67106031
415156240814,67106073
415156240814,67106194
415156240814,67106400
415156240814,67106463
415156240814,67106480
415156240814,67106525
415156240814,67106527
415156240814,67106582
415156240814,67106715
415156240814,67106757
415156240814,67106835
415156240814,67106836
415156240814,67107051
415156240814,67108665
456533939234,67104792
456533939234,67104794
456533939234,67104859
456533939234,67104874
456533939234,67104914
456533939234,67104919
456533939234,67104926
456533939234,67104942
456533939234,67104957
456533939234,67104960
456533939234,67105002
456533939234,67105036
456533939234,67105053
456533939234,67105102
456533939234,67105104
456533939234,67105125
456533939234,67105137
456533939234,67105143
456533939234,67105151
456533939234,67105153
456533939234,67105183
456533939234,67105188
456533939234,67105191
456533939234,67105202
456533939234,67106812
