902036450,67099589
902036450,67100316
902036450,67100678
902036450,67100679
902036450,67100680
902036450,67100681
902036450,67100682
902036450,67100695
902036450,67100712
902036450,67100735
902036450,67100827
902036450,67100860
902036450,67100899
902036450,67100907
902036450,67100920
902036450,67100966
902036450,67100974
902036450,67100975
902036450,67100989
902036450,67100997
902036450,67101001
902036450,67101019
902036450,67101020
902036450,67101024
902036450,67101026
902036450,67101027
902036450,67101029
902036450,67101030
902036450,67101036
902036450,67101038
902036450,67101040
902036450,67101199
27963129950,67100683
27963129950,67100684
27963129950,67100685
27963129950,67100686
27963129950,67100687
27963129950,67100688
27963129950,67100689
27963129950,67100690
27963129950,67100691
27963129950,67100692
27963129950,67100693
27963129950,67100694
27963129950,67100696
27963129950,67100697
27963129950,67100698
27963129950,67100699
27963129950,67100700
27963129950,67100708
27963129950,67100709
27963129950,67100711
27963129950,67100713
27963129950,67100717
27963129950,67100722
27963129950,67100738
27963129950,67100824
27963129950,67100858
27963129950,67100875
27963129950,67100977
27963129950,67100985
27963129950,67101008
27963129950,67101013
27963129950,67101014
55024223450,67099226
55024223450,67099227
55024223450,67099318
55024223450,67099338
55024223450,67099345
55024223450,67099357
55024223450,67099360
55024223450,67099361
55024223450,67099363
55024223450,67099368
55024223450,67099373
55024223450,67099374
55024223450,67099376
55024223450,67099379
55024223450,67099381
55024223450,67099382
55024223450,67099383
55024223450,67099386
55024223450,67099387
55024223450,67099388
55024223450,67099389
55024223450,67099391
55024223450,67099392
55024223450,67099394
55024223450,67099395
55024223450,67099396
55024223450,67099397
55024223450,67099398
55024223450,67099399
55024223450,67099401
55024223450,67099402
55024223450,67099403
82085316950,131242
82085316950,67099228
82085316950,67099229
82085316950,67099230
82085316950,67099231
82085316950,67099234
82085316950,67099235
82085316950,67099236
82085316950,67099247
82085316950,67099270
82085316950,67099273
82085316950,67099274
82085316950,67099286
82085316950,67099295
82085316950,67099303
82085316950,67099309
82085316950,67099312
82085316950,67099313
82085316950,67099329
82085316950,67099350
82085316950,67099364
82085316950,67099377
82085316950,67099408
82085316950,67099422
82085316950,67099430
82085316950,67099467
82085316950,67099473
82085316950,67099481
82085316950,67099484
82085316950,67099564
82085316950,67100755
82085316950,67107895
109146410450,67099232
109146410450,67099240
109146410450,67099241
109146410450,67099595
109146410450,67099603
109146410450,67099604
109146410450,67100701
109146410450,67100702
109146410450,67100703
109146410450,67100704
109146410450,67100707
109146410450,67100721
109146410450,67102197
109146410450,67102199
109146410450,67102235
109146410450,67102236
109146410450,67102244
109146410450,67102252
109146410450,67102294
109146410450,67102317
109146410450,67102319
109146410450,67104387
109146410450,67105812
109146410450,67106460
109146410450,67106468
109146410450,67106471
109146410450,67106472
109146410450,67106473
109146410450,67106866
109146410450,67108432
109146410450,67108438
109146410450,67108446
136207503950,131241
136207503950,67099233
136207503950,67099243
136207503950,67099245
136207503950,67099474
136207503950,67099475
136207503950,67099482
136207503950,67099485
136207503950,67099494
136207503950,67099496
136207503950,67099499
136207503950,67099500
136207503950,67099502
136207503950,67099509
136207503950,67099510
136207503950,67099514
136207503950,67099515
136207503950,67099516
136207503950,67099517
136207503950,67099519
136207503950,67099520
136207503950,67099521
136207503950,67099523
136207503950,67099524
136207503950,67099526
136207503950,67099527
136207503950,67099528
136207503950,67099529
136207503950,67099530
136207503950,67099534
136207503950,67104342
163268597450,67099590
163268597450,67100796
163268597450,67100832
163268597450,67100835
163268597450,67100896
163268597450,67100904
163268597450,67100908
163268597450,67100969
163268597450,67100987
163268597450,67101459
163268597450,67101523
163268597450,67101526
163268597450,67101527
163268597450,67101528
163268597450,67101606
163268597450,67101640
163268597450,67101718
163268597450,67101738
163268597450,67102062
163268597450,67102148
163268597450,67102211
163268597450,67102270
163268597450,67102299
163268597450,67102347
163268597450,67102382
163268597450,67104591
163268597450,67104594
163268597450,67104616
163268597450,67104617
163268597450,67104623
163268597450,67104951
163268597450,67108433
190329690950,67099238
190329690950,67099242
190329690950,67099321
190329690950,67099333
190329690950,67099344
190329690950,67099412
190329690950,67099415
190329690950,67099424
190329690950,67099431
190329690950,67099444
190329690950,67099445
190329690950,67099457
190329690950,67099470
190329690950,67099488
190329690950,67099493
190329690950,67099498
190329690950,67102300
190329690950,67102303
190329690950,67102327
190329690950,67102335
190329690950,67102349
190329690950,67102354
190329690950,67102360
190329690950,67102373
190329690950,67102386
190329690950,67102396
190329690950,67102400
190329690950,67102402
190329690950,67102410
190329690950,67102427
217390784450,67099592
217390784450,67102362
217390784450,67102715
217390784450,67102749
217390784450,67102750
217390784450,67102761
217390784450,67102770
217390784450,67102777
217390784450,67102778
217390784450,67102783
217390784450,67102784
217390784450,67102786
217390784450,67102787
217390784450,67102803
217390784450,67102830
217390784450,67102850
217390784450,67103184
217390784450,67103357
217390784450,67103358
217390784450,67103359
217390784450,67103360
217390784450,67103394
217390784450,67104389
217390784450,67105332
217390784450,67105336
217390784450,67105337
217390784450,67105339
217390784450,67105341
217390784450,67105345
217390784450,67105346
217390784450,67105347
217390784450,67108435
244451877950,131244
244451877950,67100710
244451877950,67100714
244451877950,67100715
244451877950,67100716
244451877950,67100744
244451877950,67100745
244451877950,67100769
244451877950,67100771
244451877950,67100779
244451877950,67100783
244451877950,67100787
244451877950,67100802
244451877950,67100807
244451877950,67100809
244451877950,67100810
244451877950,67100812
244451877950,67100813
244451877950,67100814
244451877950,67100819
244451877950,67100820
244451877950,67100821
244451877950,67100822
244451877950,67100823
244451877950,67100825
244451877950,67100826
244451877950,67100828
244451877950,67100829
244451877950,67100830
244451877950,67100831
244451877950,67100833
244451877950,67101004
271512971450,67099244
271512971450,67099246
271512971450,67099250
271512971450,67099251
271512971450,67099252
271512971450,67099253
271512971450,67099254
271512971450,67099255
271512971450,67099256
271512971450,67099257
271512971450,67099258
271512971450,67099260
271512971450,67099261
271512971450,67099262
271512971450,67099263
271512971450,67099264
271512971450,67099265
271512971450,67099266
271512971450,67099267
271512971450,67099268
271512971450,67099275
271512971450,67099278
271512971450,67099279
271512971450,67099281
271512971450,67099288
271512971450,67099289
271512971450,67099291
271512971450,67099293
271512971450,67099294
271512971450,67107105
271512971450,67107109
298574064950,67099237
298574064950,67099239
298574064950,67099259
298574064950,67099276
298574064950,67099277
298574064950,67099282
298574064950,67099284
298574064950,67099290
298574064950,67099353
298574064950,67099367
298574064950,67099384
298574064950,67099533
298574064950,67099535
298574064950,67099536
298574064950,67099542
298574064950,67099549
298574064950,67099553
298574064950,67099555
298574064950,67099556
298574064950,67099558
298574064950,67099559
298574064950,67099561
298574064950,67099563
298574064950,67099565
298574064950,67099567
298574064950,67099568
298574064950,67099573
298574064950,67099574
298574064950,67099575
298574064950,67099577
298574064950,67099587
325635158450,67099248
325635158450,67099269
325635158450,67099271
325635158450,67099272
325635158450,67099280
325635158450,67099283
325635158450,67099292
325635158450,67099426
325635158450,67099427
325635158450,67099432
325635158450,67099439
325635158450,67099451
325635158450,67099462
325635158450,67099464
325635158450,67099468
325635158450,67099472
325635158450,67099478
325635158450,67099479
325635158450,67099486
325635158450,67099492
325635158450,67099507
325635158450,67099537
325635158450,67099540
325635158450,67099550
325635158450,67099551
325635158450,67099552
325635158450,67099566
325635158450,67099571
325635158450,67099584
325635158450,67099585
325635158450,67102537
352696251950,67099409
352696251950,67099772
352696251950,67100720
352696251950,67100726
352696251950,67100727
352696251950,67100731
352696251950,67100732
352696251950,67100736
352696251950,67100766
352696251950,67100772
352696251950,67100788
352696251950,67100853
352696251950,67100861
352696251950,67100928
352696251950,67100934
352696251950,67100944
352696251950,67100964
352696251950,67100971
352696251950,67100988
352696251950,67100993
352696251950,67100994
352696251950,67101016
352696251950,67101017
352696251950,67101025
352696251950,67101028
352696251950,67101037
352696251950,67108033
352696251950,67108084
352696251950,67108614
379757345450,131259
379757345450,67099249
379757345450,67099328
379757345450,67099349
379757345450,67099354
379757345450,67099358
379757345450,67099366
379757345450,67099418
379757345450,67099423
379757345450,67099434
379757345450,67099437
379757345450,67099456
379757345450,67099461
379757345450,67099480
379757345450,67099487
379757345450,67099490
379757345450,67099491
379757345450,67099501
379757345450,67099506
379757345450,67099511
379757345450,67099518
379757345450,67099525
379757345450,67099532
379757345450,67099541
379757345450,67099554
379757345450,67099562
379757345450,67099572
379757345450,67102917
379757345450,67108426
379757345450,67108791
