1096522560,67100903
1096522560,67100908
1096522560,67100909
1096522560,67100911
1096522560,67100912
1096522560,67100913
1096522560,67100914
1096522560,67100916
1096522560,67100917
1096522560,67100918
1096522560,67100919
1096522560,67100920
1096522560,67100921
1096522560,67100926
1096522560,67100927
1096522560,67100928
1096522560,67100929
1096522560,67100930
1096522560,67100931
1096522560,67100932
1096522560,67100933
1096522560,67100934
1096522560,67100965
1096522560,67100973
1096522560,67100974
1096522560,67100976
1096522560,67100977
1096522560,67100978
1096522560,67100980
1096522560,67100981
1096522560,67100982
1096522560,67101282
33992199360,67100904
33992199360,67100905
33992199360,67100906
33992199360,67100907
33992199360,67100910
33992199360,67100915
33992199360,67100922
33992199360,67100923
33992199360,67100924
33992199360,67100925
33992199360,67100935
33992199360,67100936
33992199360,67100937
33992199360,67100938
33992199360,67100940
33992199360,67100953
33992199360,67100964
33992199360,67100966
33992199360,67100967
33992199360,67100968
33992199360,67100969
33992199360,67100970
33992199360,67100971
33992199360,67100972
33992199360,67100975
33992199360,67100979
33992199360,67100983
33992199360,67100984
33992199360,67100988
33992199360,67100999
33992199360,67101009
33992199360,67106801
66887876160,67100098
66887876160,67100099
66887876160,67100100
66887876160,67100101
66887876160,67100102
66887876160,67100103
66887876160,67100105
66887876160,67100106
66887876160,67100107
66887876160,67100108
66887876160,67100110
66887876160,67100111
66887876160,67100112
66887876160,67100113
66887876160,67100114
66887876160,67100115
66887876160,67100117
66887876160,67100120
66887876160,67100121
66887876160,67100126
66887876160,67100159
66887876160,67100160
66887876160,67100161
66887876160,67100162
66887876160,67100164
66887876160,67100167
66887876160,67100172
66887876160,67100174
66887876160,67100186
66887876160,67100187
66887876160,67101896
66887876160,67106266
99783552960,67100300
99783552960,67100301
99783552960,67100939
99783552960,67100941
99783552960,67100942
99783552960,67100944
99783552960,67100956
99783552960,67100958
99783552960,67100959
99783552960,67100985
99783552960,67100986
99783552960,67100987
99783552960,67100989
99783552960,67100990
99783552960,67100992
99783552960,67100993
99783552960,67100994
99783552960,67100995
99783552960,67100998
99783552960,67101005
99783552960,67101015
99783552960,67104751
99783552960,67104752
99783552960,67104777
99783552960,67104778
99783552960,67104779
99783552960,67104780
99783552960,67104787
99783552960,67104789
99783552960,67104790
99783552960,67108594
99783552960,67108595
132679229760,131243
132679229760,67100104
132679229760,67100109
132679229760,67100116
132679229760,67100118
132679229760,67100122
132679229760,67100123
132679229760,67100124
132679229760,67100125
132679229760,67100127
132679229760,67100129
132679229760,67100130
132679229760,67100132
132679229760,67100154
132679229760,67100163
132679229760,67100165
132679229760,67100166
132679229760,67100168
132679229760,67100169
132679229760,67100170
132679229760,67100177
132679229760,67100192
132679229760,67100219
132679229760,67100221
132679229760,67100226
132679229760,67100303
132679229760,67100304
132679229760,67105521
132679229760,67105556
132679229760,67105607
132679229760,67108597
132679229760,67108598
165574906560,67100299
165574906560,67100943
165574906560,67100946
165574906560,67100949
165574906560,67100951
165574906560,67100991
165574906560,67100996
165574906560,67100997
165574906560,67101000
165574906560,67101001
165574906560,67101003
165574906560,67101004
165574906560,67101006
165574906560,67101012
165574906560,67101017
165574906560,67101021
165574906560,67101024
165574906560,67101719
165574906560,67101763
165574906560,67101974
165574906560,67102148
165574906560,67102304
165574906560,67102328
165574906560,67102374
165574906560,67102381
165574906560,67102584
165574906560,67102598
165574906560,67102701
165574906560,67102760
165574906560,67102797
165574906560,67102817
165574906560,67108593
198470583360,67100119
198470583360,67100128
198470583360,67100131
198470583360,67100133
198470583360,67100134
198470583360,67100135
198470583360,67100136
198470583360,67100138
198470583360,67100146
198470583360,67100171
198470583360,67100173
198470583360,67100175
198470583360,67100176
198470583360,67100178
198470583360,67100180
198470583360,67100182
198470583360,67100188
198470583360,67100191
198470583360,67100194
198470583360,67100197
198470583360,67100204
198470583360,67100206
198470583360,67100214
198470583360,67100223
198470583360,67100227
198470583360,67100236
198470583360,67100239
198470583360,67100252
198470583360,67100253
198470583360,67100255
198470583360,67102386
198470583360,67102392
231366260160,131260
231366260160,67100945
231366260160,67101002
231366260160,67101007
231366260160,67101010
231366260160,67101011
231366260160,67101013
231366260160,67101020
231366260160,67101030
231366260160,67103894
231366260160,67103943
231366260160,67103962
231366260160,67103971
231366260160,67103972
231366260160,67103977
231366260160,67103983
231366260160,67103984
231366260160,67103986
231366260160,67103987
231366260160,67103992
231366260160,67104000
231366260160,67104001
231366260160,67104014
231366260160,67104024
231366260160,67104035
231366260160,67104061
231366260160,67104085
231366260160,67104090
231366260160,67104096
231366260160,67104119
231366260160,67104564
264261936960,67100137
264261936960,67100139
264261936960,67100140
264261936960,67100141
264261936960,67100179
264261936960,67100181
264261936960,67100183
264261936960,67100184
264261936960,67100185
264261936960,67100189
264261936960,67100190
264261936960,67100193
264261936960,67100196
264261936960,67100200
264261936960,67100202
264261936960,67100203
264261936960,67100205
264261936960,67100211
264261936960,67100218
264261936960,67100220
264261936960,67100278
264261936960,67103791
264261936960,67103794
264261936960,67103795
264261936960,67103805
264261936960,67103815
264261936960,67103821
264261936960,67103826
264261936960,67103827
264261936960,67103835
264261936960,67103836
264261936960,67103839
297157613760,67100307
297157613760,67100312
297157613760,67100363
297157613760,67100947
297157613760,67100948
297157613760,67100950
297157613760,67100952
297157613760,67100954
297157613760,67100955
297157613760,67101008
297157613760,67101014
297157613760,67101016
297157613760,67101025
297157613760,67101037
297157613760,67101200
297157613760,67101325
297157613760,67101536
297157613760,67101545
297157613760,67101809
297157613760,67101813
297157613760,67101888
297157613760,67101989
297157613760,67102022
297157613760,67102037
297157613760,67106191
297157613760,67106412
297157613760,67106865
297157613760,67107317
297157613760,67108120
297157613760,67108596
297157613760,67108601
330053290560,131245
330053290560,67100142
330053290560,67100143
330053290560,67100144
330053290560,67100145
330053290560,67100148
330053290560,67100195
330053290560,67100198
330053290560,67100199
330053290560,67100201
330053290560,67100207
330053290560,67100208
330053290560,67100210
330053290560,67100215
330053290560,67100222
330053290560,67100225
330053290560,67100242
330053290560,67100302
330053290560,67104935
330053290560,67105390
330053290560,67105402
330053290560,67105404
330053290560,67105413
330053290560,67105423
330053290560,67105430
330053290560,67105433
330053290560,67105434
330053290560,67105436
330053290560,67105437
330053290560,67105438
330053290560,67108602
330053290560,67108606
362948967360,67100957
362948967360,67100960
362948967360,67100961
362948967360,67100962
362948967360,67101018
362948967360,67101022
362948967360,67101023
362948967360,67101026
362948967360,67101029
362948967360,67101031
362948967360,67101032
362948967360,67101033
362948967360,67101034
362948967360,67101035
362948967360,67101036
362948967360,67101038
362948967360,67101039
362948967360,67101040
362948967360,67101041
362948967360,67101042
362948967360,67101043
362948967360,67101044
362948967360,67101045
362948967360,67101046
362948967360,67101047
362948967360,67101049
362948967360,67101052
362948967360,67101069
362948967360,67101074
362948967360,67102975
362948967360,67103021
395844644160,67100150
395844644160,67100209
395844644160,67100224
395844644160,67100244
395844644160,67100245
395844644160,67100246
395844644160,67100248
395844644160,67100251
395844644160,67100256
395844644160,67100257
395844644160,67100308
395844644160,67100313
395844644160,67100314
395844644160,67100315
395844644160,67100322
395844644160,67100323
395844644160,67100360
395844644160,67100361
395844644160,67105450
395844644160,67105511
395844644160,67106246
395844644160,67106674
395844644160,67108603
395844644160,67108607
395844644160,67108608
395844644160,67108609
395844644160,67108616
395844644160,67108617
395844644160,67108654
395844644160,67108655
395844644160,67108656
428740320960,67101189
428740320960,67101190
428740320960,67101201
428740320960,67101221
428740320960,67101234
428740320960,67101244
428740320960,67101266
428740320960,67101269
428740320960,67101277
428740320960,67101279
428740320960,67101280
428740320960,67101310
428740320960,67101316
428740320960,67101321
428740320960,67101322
428740320960,67101339
428740320960,67101342
428740320960,67101345
428740320960,67101352
428740320960,67101369
428740320960,67101373
428740320960,67101374
428740320960,67101381
428740320960,67101385
428740320960,67101390
428740320960,67101396
428740320960,67101398
428740320960,67101399
428740320960,67101407
428740320960,67101418
428740320960,67101423
428740320960,67101445
461635997760,67101061
461635997760,67101597
461635997760,67101688
461635997760,67101741
461635997760,67101772
461635997760,67101944
461635997760,67101968
461635997760,67102155
461635997760,67102223
461635997760,67102257
461635997760,67102260
461635997760,67102287
461635997760,67102324
461635997760,67102371
461635997760,67102388
461635997760,67102404
461635997760,67102409
461635997760,67102467
461635997760,67102510
461635997760,67102511
461635997760,67102515
461635997760,67102529
461635997760,67102534
461635997760,67102561
461635997760,67102562
461635997760,67102621
461635997760,67102622
461635997760,67102647
461635997760,67102712
461635997760,67102727
461635997760,67104604
461635997760,67105530
494531674560,67100147
494531674560,67100149
494531674560,67100153
494531674560,67100212
494531674560,67100213
494531674560,67100216
494531674560,67100217
494531674560,67100232
494531674560,67100237
494531674560,67100238
494531674560,67100240
494531674560,67100241
494531674560,67100268
494531674560,67100269
494531674560,67100271
494531674560,67100273
494531674560,67100275
494531674560,67100277
494531674560,67100309
494531674560,67100310
494531674560,67102495
494531674560,67102945
494531674560,67102971
494531674560,67103122
494531674560,67103170
494531674560,67103176
494531674560,67103188
494531674560,67103215
494531674560,67108599
494531674560,67108604
527427351360,67100264
527427351360,67100276
527427351360,67100280
527427351360,67100283
527427351360,67100284
527427351360,67100285
527427351360,67101167
527427351360,67101182
527427351360,67101246
527427351360,67101272
527427351360,67101287
527427351360,67101319
527427351360,67101320
527427351360,67101323
527427351360,67101356
527427351360,67101393
527427351360,67101563
527427351360,67101574
527427351360,67101601
527427351360,67101611
527427351360,67101628
527427351360,67101642
527427351360,67101674
527427351360,67101779
527427351360,67101796
527427351360,67101797
527427351360,67101952
527427351360,67102265
527427351360,67102290
527427351360,67106702
560323028160,67100306
560323028160,67100327
560323028160,67100328
560323028160,67100330
560323028160,67100331
560323028160,67100368
560323028160,67101019
560323028160,67101540
560323028160,67101541
560323028160,67101960
560323028160,67102015
560323028160,67102120
560323028160,67102832
560323028160,67103078
560323028160,67103079
560323028160,67103192
560323028160,67106241
560323028160,67106676
560323028160,67107179
560323028160,67107315
560323028160,67108063
560323028160,67108119
560323028160,67108199
560323028160,67108279
560323028160,67108610
560323028160,67108620
560323028160,67108621
560323028160,67108622
560323028160,67108624
560323028160,67108625
560323028160,67108662
593218704960,67100305
593218704960,67100339
593218704960,67100963
593218704960,67101090
593218704960,67101091
593218704960,67101093
593218704960,67101096
593218704960,67101102
593218704960,67101120
593218704960,67101206
593218704960,67101211
593218704960,67101216
593218704960,67101224
593218704960,67101257
593218704960,67101262
593218704960,67101286
593218704960,67101312
593218704960,67101315
593218704960,67101359
593218704960,67101403
593218704960,67101486
593218704960,67101569
593218704960,67101659
593218704960,67102946
593218704960,67104854
593218704960,67105672
593218704960,67107625
593218704960,67108257
593218704960,67108634
626114381760,67100151
626114381760,67100152
626114381760,67100155
626114381760,67100156
626114381760,67100157
626114381760,67100158
626114381760,67100228
626114381760,67100229
626114381760,67100230
626114381760,67100233
626114381760,67100234
626114381760,67100235
626114381760,67100267
626114381760,67100270
626114381760,67100272
626114381760,67100274
626114381760,67100281
626114381760,67100290
626114381760,67100292
626114381760,67101892
626114381760,67102111
626114381760,67102183
626114381760,67102298
626114381760,67102310
626114381760,67102475
626114381760,67102483
626114381760,67102603
626114381760,67102756
626114381760,67102850
626114381760,67103130
626114381760,67103889
626114381760,67104052
659010058560,131247
659010058560,67101213
659010058560,67101483
659010058560,67101492
659010058560,67101556
659010058560,67101581
659010058560,67101669
659010058560,67101672
659010058560,67101734
659010058560,67101744
659010058560,67101776
659010058560,67101790
659010058560,67101837
659010058560,67101843
659010058560,67101934
659010058560,67101956
659010058560,67102014
659010058560,67102019
659010058560,67102135
659010058560,67102391
659010058560,67102468
659010058560,67102472
659010058560,67102645
659010058560,67102793
659010058560,67102804
659010058560,67103001
659010058560,67103648
659010058560,67103689
659010058560,67103696
659010058560,67103713
691905735360,67100324
691905735360,67100366
691905735360,67100370
691905735360,67101256
691905735360,67101388
691905735360,67101468
691905735360,67101739
691905735360,67101740
691905735360,67101834
691905735360,67101862
691905735360,67101872
691905735360,67101965
691905735360,67102042
691905735360,67102050
691905735360,67102132
691905735360,67102139
691905735360,67102193
691905735360,67102268
691905735360,67102592
691905735360,67103861
691905735360,67104632
691905735360,67105654
691905735360,67107252
691905735360,67107357
691905735360,67108061
691905735360,67108106
691905735360,67108133
691905735360,67108619
691905735360,67108660
691905735360,67108664
724801412160,67101626
724801412160,67102234
