1096522560,67100903
1096522560,67100908
1096522560,67100909
1096522560,67100911
1096522560,67100912
1096522560,67100913
1096522560,67100914
1096522560,67100916
1096522560,67100917
1096522560,67100918
1096522560,67100919
1096522560,67100920
1096522560,67100921
1096522560,67100926
1096522560,67100927
1096522560,67100928
1096522560,67100929
1096522560,67100930
1096522560,67100931
1096522560,67100932
1096522560,67100933
1096522560,67100934
1096522560,67100965
1096522560,67100973
1096522560,67100974
1096522560,67100976
1096522560,67100977
1096522560,67100978
1096522560,67100980
1096522560,67100981
1096522560,67100982
1096522560,67101282
33992199360,67100904
33992199360,67100905
33992199360,67100906
33992199360,67100907
33992199360,67100910
33992199360,67100915
33992199360,67100922
33992199360,67100923
33992199360,67100924
33992199360,67100925
33992199360,67100935
33992199360,67100936
33992199360,67100937
33992199360,67100938
33992199360,67100940
33992199360,67100953
33992199360,67100964
33992199360,67100966
33992199360,67100967
33992199360,67100968
33992199360,67100969
33992199360,67100970
33992199360,67100971
33992199360,67100972
33992199360,67100975
33992199360,67100979
33992199360,67100983
33992199360,67100984
33992199360,67100988
33992199360,67100999
33992199360,67101009
33992199360,67106801
66887876160,67100098
66887876160,67100099
66887876160,67100100
66887876160,67100101
66887876160,67100102
66887876160,67100103
66887876160,67100105
66887876160,67100106
66887876160,67100107
66887876160,67100108
66887876160,67100110
66887876160,67100111
66887876160,67100112
66887876160,67100113
66887876160,67100114
66887876160,67100115
66887876160,67100117
66887876160,67100120
66887876160,67100121
66887876160,67100126
66887876160,67100159
66887876160,67100160
66887876160,67100161
66887876160,67100162
66887876160,67100164
66887876160,67100167
66887876160,67100172
66887876160,67100174
66887876160,67100186
66887876160,67100187
66887876160,67101896
66887876160,67106266
99783552960,67100300
99783552960,67100301
99783552960,67100939
99783552960,67100941
99783552960,67100942
99783552960,67100944
99783552960,67100956
99783552960,67100958
99783552960,67100959
99783552960,67100985
99783552960,67100986
99783552960,67100987
99783552960,67100989
99783552960,67100990
99783552960,67100992
99783552960,67100993
99783552960,67100994
99783552960,67100995
99783552960,67100998
99783552960,67101005
99783552960,67101015
99783552960,67104751
99783552960,67104752
99783552960,67104777
99783552960,67104778
99783552960,67104779
99783552960,67104780
99783552960,67104787
99783552960,67104789
99783552960,67104790
99783552960,67108594
99783552960,67108595
132679229760,131243
132679229760,67100104
132679229760,67100109
132679229760,67100116
132679229760,67100118
132679229760,67100122
132679229760,67100123
132679229760,67100124
132679229760,67100125
132679229760,67100127
132679229760,67100129
132679229760,67100130
132679229760,67100132
132679229760,67100154
132679229760,67100163
132679229760,67100165
132679229760,67100166
132679229760,67100168
132679229760,67100169
132679229760,67100170
132679229760,67100177
132679229760,67100192
132679229760,67100219
132679229760,67100221
132679229760,67100226
132679229760,67100303
132679229760,67100304
132679229760,67105521
132679229760,67105556
132679229760,67105607
132679229760,67108597
132679229760,67108598
165574906560,67100299
165574906560,67100943
165574906560,67100946
165574906560,67100949
165574906560,67100951
165574906560,67100991
165574906560,67100996
165574906560,67100997
165574906560,67101000
165574906560,67101001
165574906560,67101003
165574906560,67101004
165574906560,67101006
165574906560,67101012
165574906560,67101017
165574906560,67101021
165574906560,67101024
165574906560,67101719
165574906560,67101763
165574906560,67101974
165574906560,67102148
165574906560,67102304
165574906560,67102328
165574906560,67102374
165574906560,67102381
165574906560,67102584
165574906560,67102598
165574906560,67102701
165574906560,67102760
165574906560,67102797
165574906560,67102817
165574906560,67108593
198470583360,67100119
198470583360,67100128
198470583360,67100131
198470583360,67100133
198470583360,67100134
198470583360,67100135
198470583360,67100136
198470583360,67100138
198470583360,67100146
198470583360,67100171
198470583360,67100173
198470583360,67100175
198470583360,67100176
198470583360,67100178
198470583360,67100180
198470583360,67100182
198470583360,67100188
198470583360,67100191
198470583360,67100194
198470583360,67100197
198470583360,67100204
198470583360,67100206
198470583360,67100214
198470583360,67100223
198470583360,67100227
198470583360,67100236
198470583360,67100239
198470583360,67100252
198470583360,67100253
198470583360,67100255
198470583360,67102386
198470583360,67102392
231366260160,131260
231366260160,67100945
231366260160,67101002
231366260160,67101007
231366260160,67101010
231366260160,67101011
231366260160,67101013
231366260160,67101020
231366260160,67101030
231366260160,67103894
231366260160,67103943
231366260160,67103962
231366260160,67103971
231366260160,67103972
231366260160,67103977
231366260160,67103983
231366260160,67103984
231366260160,67103986
231366260160,67103987
231366260160,67103992
231366260160,67104000
231366260160,67104001
231366260160,67104014
231366260160,67104024
231366260160,67104035
231366260160,67104061
231366260160,67104085
231366260160,67104090
231366260160,67104096
231366260160,67104119
231366260160,67104564
264261936960,67100137
264261936960,67100139
264261936960,67100140
264261936960,67100141
264261936960,67100179
264261936960,67100181
264261936960,67100183
264261936960,67100184
264261936960,67100185
264261936960,67100189
264261936960,67100190
264261936960,67100193
264261936960,67100196
264261936960,67100200
264261936960,67100202
264261936960,67100203
264261936960,67100205
264261936960,67100211
264261936960,67100218
264261936960,67100220
264261936960,67100278
264261936960,67103791
264261936960,67103794
264261936960,67103795
264261936960,67103805
264261936960,67103815
264261936960,67103821
264261936960,67103826
264261936960,67103827
264261936960,67103835
264261936960,67103836
264261936960,67103839
297157613760,67100307
297157613760,67100312
297157613760,67100363
297157613760,67100947
297157613760,67100948
297157613760,67100950
297157613760,67100952
297157613760,67100954
297157613760,67100955
297157613760,67101008
297157613760,67101014
297157613760,67101016
297157613760,67101025
297157613760,67101037
297157613760,67101200
297157613760,67101325
297157613760,67101536
297157613760,67101545
297157613760,67101809
297157613760,67101813
297157613760,67101888
297157613760,67101989
297157613760,67102022
297157613760,67102037
297157613760,67106191
297157613760,67106412
297157613760,67106865
297157613760,67107317
297157613760,67108120
297157613760,67108596
297157613760,67108601
330053290560,131245
330053290560,67100142
330053290560,67100143
330053290560,67100144
330053290560,67100145
330053290560,67100148
330053290560,67100195
330053290560,67100198
330053290560,67100199
330053290560,67100201
330053290560,67100208
330053290560,67100210
330053290560,67100215
330053290560,67100242
330053290560,67100302
330053290560,67105390
330053290560,67105402
330053290560,67105404
330053290560,67105413
330053290560,67105423
330053290560,67105430
330053290560,67105433
330053290560,67105436
330053290560,67105437
330053290560,67105438
330053290560,67108602
330053290560,67108606
