1379256614,67104543
1379256614,67104544
1379256614,67104545
1379256614,67104546
1379256614,67104547
1379256614,67104548
1379256614,67104549
1379256614,67104550
1379256614,67104551
1379256614,67104552
1379256614,67104553
1379256614,67104554
1379256614,67104555
1379256614,67104556
1379256614,67104557
1379256614,67104558
1379256614,67104642
1379256614,67104644
1379256614,67104646
1379256614,67104647
1379256614,67104650
1379256614,67104655
1379256614,67104656
1379256614,67104658
1379256614,67104659
1379256614,67104660
1379256614,67104661
1379256614,67104662
1379256614,67104666
1379256614,67104668
1379256614,67104670
1379256614,67104902
42756955034,67104028
42756955034,67104029
42756955034,67104030
42756955034,67104031
42756955034,67104032
42756955034,67104033
42756955034,67104034
42756955034,67104035
42756955034,67104036
42756955034,67104037
42756955034,67104038
42756955034,67104039
42756955034,67104040
42756955034,67104041
42756955034,67104042
42756955034,67104043
42756955034,67104071
42756955034,67104076
42756955034,67104078
42756955034,67104079
42756955034,67104093
42756955034,67104102
42756955034,67104116
42756955034,67104117
42756955034,67104119
42756955034,67104123
42756955034,67104124
42756955034,67104149
42756955034,67104158
42756955034,67104161
42756955034,67107192
42756955034,67108667
84134653454,67104044
84134653454,67104047
84134653454,67104049
84134653454,67104057
84134653454,67104058
84134653454,67104064
84134653454,67104065
84134653454,67104066
84134653454,67104067
84134653454,67104068
84134653454,67104080
84134653454,67104085
84134653454,67104090
84134653454,67104103
84134653454,67104104
84134653454,67104107
84134653454,67104114
84134653454,67104118
84134653454,67104125
84134653454,67104126
84134653454,67104129
84134653454,67104131
84134653454,67104137
84134653454,67104142
84134653454,67104146
84134653454,67106039
84134653454,67106044
84134653454,67106045
84134653454,67106052
84134653454,67106056
