732856447,67104566
732856447,67104567
732856447,67104568
732856447,67104569
732856447,67104570
732856447,67104787
22718549857,67104571
22718549857,67104577
22718549857,67104586
22718549857,67104588
22718549857,67104591
22718549857,67104595
22718549857,67104609
22718549857,67104614
22718549857,67104616
22718549857,67104620
22718549857,67104627
22718549857,67104628
22718549857,67104632
22718549857,67104634
22718549857,67104635
22718549857,67104639
22718549857,67104642
22718549857,67104647
22718549857,67104649
22718549857,67104652
22718549857,67104654
22718549857,67104656
22718549857,67104659
22718549857,67104660
22718549857,67104662
22718549857,67104663
22718549857,67104664
22718549857,67104665
22718549857,67104666
22718549857,67104668
22718549857,67104669
22718549857,67104670
44704243267,67104033
44704243267,67104034
44704243267,67104043
44704243267,67104044
44704243267,67104054
44704243267,67104058
44704243267,67104066
44704243267,67104067
44704243267,67104073
44704243267,67104075
44704243267,67104078
44704243267,67104079
44704243267,67104084
44704243267,67104090
44704243267,67104100
44704243267,67104102
44704243267,67104103
44704243267,67104104
44704243267,67104107
44704243267,67104109
44704243267,67104110
44704243267,67104111
44704243267,67104113
44704243267,67104116
44704243267,67104119
44704243267,67104120
44704243267,67104122
44704243267,67104123
44704243267,67104135
44704243267,67104137
44704243267,67104139
44704243267,67104152
66689936677,67104106
66689936677,67104235
66689936677,67104582
66689936677,67104590
66689936677,67104594
66689936677,67104603
66689936677,67104604
66689936677,67104605
66689936677,67104606
66689936677,67104608
66689936677,67104610
66689936677,67104612
66689936677,67104618
66689936677,67104619
66689936677,67104629
66689936677,67104630
66689936677,67104636
66689936677,67104637
66689936677,67104638
66689936677,67104640
66689936677,67104641
66689936677,67104643
66689936677,67104644
66689936677,67104645
66689936677,67104646
66689936677,67104648
66689936677,67104650
66689936677,67104651
66689936677,67104653
66689936677,67104655
66689936677,67107129
66689936677,67108744
88675630087,67104028
88675630087,67104046
88675630087,67104050
88675630087,67104056
88675630087,67104059
88675630087,67104061
88675630087,67104065
88675630087,67104071
88675630087,67104077
88675630087,67104080
88675630087,67104081
88675630087,67104082
88675630087,67104083
88675630087,67104086
88675630087,67104091
88675630087,67104092
88675630087,67104093
88675630087,67104094
88675630087,67104095
88675630087,67104096
88675630087,67104097
88675630087,67104098
88675630087,67104099
88675630087,67104101
88675630087,67104105
88675630087,67104108
88675630087,67104112
88675630087,67104114
88675630087,67104115
88675630087,67104147
88675630087,67104148
88675630087,67104151
110661323497,67104573
110661323497,67104575
110661323497,67104578
110661323497,67104579
110661323497,67104580
110661323497,67104581
110661323497,67104584
110661323497,67104587
110661323497,67104589
110661323497,67104592
110661323497,67104593
110661323497,67104596
110661323497,67104597
110661323497,67104598
110661323497,67104599
110661323497,67104600
110661323497,67104601
110661323497,67104602
110661323497,67104611
110661323497,67104613
110661323497,67104615
110661323497,67104617
110661323497,67104622
110661323497,67104623
110661323497,67104624
110661323497,67104625
110661323497,67104626
110661323497,67104631
110661323497,67104633
110661323497,67104657
110661323497,67104658
110661323497,67105310
132647016907,67104040
132647016907,67104062
132647016907,67104063
132647016907,67104070
132647016907,67104076
132647016907,67104085
132647016907,67104088
132647016907,67104089
132647016907,67104117
132647016907,67104118
132647016907,67104124
132647016907,67104125
132647016907,67104126
132647016907,67104127
132647016907,67104128
132647016907,67104129
132647016907,67104130
132647016907,67104131
132647016907,67104133
132647016907,67104134
132647016907,67104136
132647016907,67104138
132647016907,67104140
132647016907,67104141
132647016907,67104142
132647016907,67104143
132647016907,67104144
132647016907,67104145
132647016907,67104146
132647016907,67104149
132647016907,67104150
132647016907,67104153
154632710317,67104029
154632710317,67104030
154632710317,67104031
154632710317,67104032
154632710317,67104157
154632710317,67104158
154632710317,67104159
154632710317,67104160
154632710317,67104161
154632710317,67104572
154632710317,67104574
154632710317,67104576
154632710317,67104583
154632710317,67104585
154632710317,67104607
154632710317,67104621
154632710317,67104747
154632710317,67104749
154632710317,67104755
154632710317,67104759
154632710317,67104771
154632710317,67104780
154632710317,67104788
154632710317,67104790
154632710317,67104791
154632710317,67104798
154632710317,67104799
154632710317,67104804
154632710317,67108666
154632710317,67108667
154632710317,67108668
154632710317,67108669
176618403727,131251
176618403727,67104035
176618403727,67104036
176618403727,67104037
176618403727,67104038
176618403727,67104039
176618403727,67104041
176618403727,67104042
176618403727,67104045
176618403727,67104047
176618403727,67104048
176618403727,67104049
176618403727,67104051
176618403727,67104052
176618403727,67104053
176618403727,67104055
176618403727,67104057
176618403727,67104060
176618403727,67104064
176618403727,67104068
176618403727,67104069
176618403727,67104072
176618403727,67104074
176618403727,67104087
176618403727,67104121
176618403727,67104132
176618403727,67104154
176618403727,67104155
176618403727,67106713
176618403727,67106715
176618403727,67106717
176618403727,67108731
198604097137,67104257
198604097137,67104258
198604097137,67104259
198604097137,67104260
198604097137,67104261
198604097137,67107774
198604097137,67107811
198604097137,67107837
198604097137,67107857
198604097137,67107858
198604097137,67107862
198604097137,67107868
198604097137,67107871
198604097137,67107873
198604097137,67107878
198604097137,67107879
198604097137,67107884
198604097137,67107888
198604097137,67107890
198604097137,67107891
198604097137,67107892
198604097137,67107894
198604097137,67107896
198604097137,67107903
198604097137,67107911
198604097137,67107915
198604097137,67107919
198604097137,67107920
198604097137,67107921
198604097137,67108768
198604097137,67108769
198604097137,67108770
220589790547,67104280
220589790547,67104281
220589790547,67104282
220589790547,67104283
220589790547,67108508
220589790547,67108524
220589790547,67108553
220589790547,67108554
220589790547,67108570
220589790547,67108573
220589790547,67108577
220589790547,67108585
220589790547,67108587
220589790547,67108588
220589790547,67108589
220589790547,67108591
220589790547,67108592
220589790547,67108595
220589790547,67108599
220589790547,67108606
220589790547,67108607
220589790547,67108608
220589790547,67108613
220589790547,67108616
220589790547,67108617
220589790547,67108618
220589790547,67108619
220589790547,67108620
220589790547,67108789
220589790547,67108790
220589790547,67108791
220589790547,67108792
242575483957,67107392
242575483957,67107579
242575483957,67107653
242575483957,67107670
242575483957,67107671
242575483957,67107710
242575483957,67107740
242575483957,67107792
242575483957,67107861
242575483957,67107877
242575483957,67107882
242575483957,67107886
242575483957,67107956
242575483957,67107961
242575483957,67108017
242575483957,67108093
242575483957,67108103
242575483957,67108111
242575483957,67108115
242575483957,67108172
242575483957,67108202
242575483957,67108240
242575483957,67108266
242575483957,67108284
242575483957,67108320
242575483957,67108332
242575483957,67108334
242575483957,67108342
242575483957,67108348
242575483957,67108381
242575483957,67108393
242575483957,67108394
264561177367,67106922
264561177367,67106976
264561177367,67107046
264561177367,67107059
264561177367,67107060
264561177367,67107062
264561177367,67107071
264561177367,67107076
264561177367,67107078
264561177367,67107080
264561177367,67107083
264561177367,67107085
264561177367,67107086
264561177367,67107087
264561177367,67107088
264561177367,67107090
264561177367,67107091
264561177367,67107092
264561177367,67107097
264561177367,67107101
264561177367,67107102
264561177367,67107107
264561177367,67107109
264561177367,67107110
264561177367,67107111
264561177367,67107112
264561177367,67107114
264561177367,67107115
264561177367,67107118
264561177367,67107119
264561177367,67107123
264561177367,67108743
286546870777,67104213
286546870777,67104214
286546870777,67106332
286546870777,67106334
286546870777,67106343
286546870777,67106346
286546870777,67106349
286546870777,67106351
286546870777,67106353
286546870777,67106363
286546870777,67106366
286546870777,67106367
286546870777,67106372
286546870777,67106409
286546870777,67106418
286546870777,67106419
286546870777,67106420
286546870777,67106422
286546870777,67106424
286546870777,67106428
286546870777,67106436
286546870777,67106437
286546870777,67106448
286546870777,67106457
286546870777,67106458
286546870777,67106460
286546870777,67106462
286546870777,67106465
286546870777,67106468
286546870777,67106469
286546870777,67108722
286546870777,67108723
308532564187,67104253
308532564187,67107334
308532564187,67107451
308532564187,67107488
308532564187,67107494
308532564187,67107503
308532564187,67107556
308532564187,67107569
308532564187,67107570
308532564187,67107578
308532564187,67107582
308532564187,67107589
308532564187,67107593
308532564187,67107599
308532564187,67107607
308532564187,67107612
308532564187,67107619
308532564187,67107620
308532564187,67107626
308532564187,67107630
308532564187,67107636
308532564187,67107639
308532564187,67107640
308532564187,67107641
308532564187,67107645
308532564187,67107656
308532564187,67107668
308532564187,67107673
308532564187,67107676
308532564187,67107687
308532564187,67107694
308532564187,67108762
330518257597,67104679
330518257597,67104786
330518257597,67104818
330518257597,67104830
330518257597,67104862
330518257597,67104877
330518257597,67104897
330518257597,67104916
330518257597,67104971
330518257597,67105067
330518257597,67105104
330518257597,67105207
330518257597,67105267
330518257597,67105271
330518257597,67105298
330518257597,67105343
330518257597,67107415
330518257597,67107624
330518257597,67108038
330518257597,67108157
330518257597,67108274
330518257597,67108280
330518257597,67108323
330518257597,67108418
330518257597,67108485
330518257597,67108543
330518257597,67108560
330518257597,67108569
330518257597,67108648
330518257597,67108653
330518257597,67108659
352503951007,67104256
352503951007,67107519
352503951007,67107559
352503951007,67107588
352503951007,67107688
352503951007,67107691
352503951007,67107699
352503951007,67107702
352503951007,67107707
352503951007,67107719
352503951007,67107736
352503951007,67107738
352503951007,67107747
352503951007,67107749
352503951007,67107759
352503951007,67107760
352503951007,67107762
352503951007,67107764
352503951007,67107769
352503951007,67107776
352503951007,67107778
352503951007,67107784
352503951007,67107794
352503951007,67107802
352503951007,67107813
352503951007,67107816
352503951007,67107817
352503951007,67107841
352503951007,67107843
352503951007,67108765
352503951007,67108766
352503951007,67108767
374489644417,67104273
374489644417,67107964
374489644417,67108063
374489644417,67108086
374489644417,67108098
374489644417,67108121
374489644417,67108134
374489644417,67108165
374489644417,67108167
374489644417,67108174
374489644417,67108183
374489644417,67108185
374489644417,67108206
374489644417,67108209
374489644417,67108211
374489644417,67108214
374489644417,67108217
374489644417,67108222
374489644417,67108223
374489644417,67108225
374489644417,67108226
374489644417,67108231
374489644417,67108233
374489644417,67108265
374489644417,67108268
374489644417,67108288
374489644417,67108289
374489644417,67108292
374489644417,67108299
374489644417,67108308
374489644417,67108309
374489644417,67108782
396475337827,67104246
396475337827,67106955
396475337827,67107232
396475337827,67107250
396475337827,67107272
396475337827,67107284
396475337827,67107287
396475337827,67107307
396475337827,67107309
396475337827,67107315
396475337827,67107320
396475337827,67107321
396475337827,67107331
396475337827,67107335
396475337827,67107337
396475337827,67107354
396475337827,67107355
396475337827,67107365
396475337827,67107375
396475337827,67107377
396475337827,67107380
396475337827,67107386
396475337827,67107388
396475337827,67107424
396475337827,67107427
396475337827,67107454
396475337827,67107457
396475337827,67107468
396475337827,67107473
396475337827,67107479
396475337827,67107480
396475337827,67108755
418461031237,67104270
418461031237,67104272
418461031237,67106619
418461031237,67106760
418461031237,67106915
418461031237,67106938
418461031237,67106940
418461031237,67107025
418461031237,67107051
418461031237,67107072
418461031237,67107084
418461031237,67107130
418461031237,67107196
418461031237,67107220
418461031237,67107245
418461031237,67107333
418461031237,67107391
418461031237,67107481
418461031237,67107506
418461031237,67107533
418461031237,67107545
418461031237,67107821
418461031237,67107840
418461031237,67108004
418461031237,67108024
418461031237,67108027
418461031237,67108117
418461031237,67108118
418461031237,67108119
418461031237,67108776
418461031237,67108781
440446724647,131252
440446724647,131260
440446724647,67104265
440446724647,67104266
440446724647,67107493
440446724647,67107598
440446724647,67107616
440446724647,67107627
440446724647,67107635
440446724647,67107661
440446724647,67107664
440446724647,67107669
440446724647,67107682
440446724647,67107684
440446724647,67107693
440446724647,67107748
440446724647,67107756
440446724647,67107795
440446724647,67107806
440446724647,67107869
440446724647,67107885
440446724647,67107923
440446724647,67107958
440446724647,67107963
440446724647,67108009
440446724647,67108016
440446724647,67108041
440446724647,67108065
440446724647,67108075
440446724647,67108076
440446724647,67108774
462432418057,131258
462432418057,67104164
462432418057,67104166
462432418057,67104264
462432418057,67104276
462432418057,67104279
462432418057,67104700
462432418057,67104733
462432418057,67104815
462432418057,67104977
462432418057,67106132
462432418057,67107708
462432418057,67107968
462432418057,67108026
462432418057,67108044
462432418057,67108216
462432418057,67108250
462432418057,67108270
462432418057,67108383
462432418057,67108405
462432418057,67108502
462432418057,67108670
462432418057,67108672
462432418057,67108675
462432418057,67108773
462432418057,67108779
462432418057,67108784
462432418057,67108785
462432418057,67108788
484418111467,67104171
484418111467,67104172
484418111467,67104173
484418111467,67104249
484418111467,67104699
484418111467,67104737
484418111467,67104821
484418111467,67104865
484418111467,67104967
484418111467,67105079
484418111467,67105135
484418111467,67105154
484418111467,67105181
484418111467,67105925
484418111467,67106316
484418111467,67107565
484418111467,67107567
484418111467,67107739
484418111467,67107779
484418111467,67107916
484418111467,67108278
484418111467,67108478
484418111467,67108486
484418111467,67108491
484418111467,67108494
484418111467,67108505
484418111467,67108680
484418111467,67108681
484418111467,67108682
506403804877,131255
506403804877,131257
506403804877,131259
506403804877,67104165
506403804877,67104220
506403804877,67104228
506403804877,67104725
506403804877,67104827
506403804877,67106284
506403804877,67106416
506403804877,67106552
506403804877,67106571
506403804877,67106796
506403804877,67106893
506403804877,67107261
506403804877,67107305
506403804877,67107763
506403804877,67107830
506403804877,67107936
506403804877,67108019
506403804877,67108030
506403804877,67108104
506403804877,67108196
506403804877,67108674
506403804877,67108687
506403804877,67108698
506403804877,67108706
506403804877,67108729
506403804877,67108736
528389498287,67104191
528389498287,67104222
528389498287,67104241
528389498287,67104796
528389498287,67104983
528389498287,67105216
528389498287,67105340
528389498287,67105426
528389498287,67105582
528389498287,67105777
528389498287,67105837
528389498287,67106700
528389498287,67106716
528389498287,67106737
528389498287,67106957
528389498287,67107251
528389498287,67107297
528389498287,67107378
528389498287,67107426
528389498287,67107629
528389498287,67107829
528389498287,67108406
528389498287,67108688
528389498287,67108749
