732856447,67104566
732856447,67104567
732856447,67104568
732856447,67104569
732856447,67104570
732856447,67104787
22718549857,67104571
22718549857,67104577
22718549857,67104586
22718549857,67104588
22718549857,67104591
22718549857,67104595
22718549857,67104609
22718549857,67104614
22718549857,67104616
22718549857,67104620
22718549857,67104627
22718549857,67104628
22718549857,67104632
22718549857,67104634
22718549857,67104635
22718549857,67104639
22718549857,67104642
22718549857,67104647
22718549857,67104649
22718549857,67104652
22718549857,67104654
22718549857,67104656
22718549857,67104659
22718549857,67104660
22718549857,67104662
22718549857,67104663
22718549857,67104664
22718549857,67104665
22718549857,67104666
22718549857,67104668
22718549857,67104669
22718549857,67104670
44704243267,67104034
44704243267,67104043
44704243267,67104067
44704243267,67104075
44704243267,67104090
44704243267,67104100
44704243267,67104104
44704243267,67104123
44704243267,67104135
