1093269888,67100903
1093269888,67100904
1093269888,67100905
1093269888,67100906
1093269888,67100907
1093269888,67100908
1093269888,67100909
1093269888,67100910
1093269888,67100911
1093269888,67100912
1093269888,67100913
1093269888,67100914
1093269888,67100915
1093269888,67100916
1093269888,67100918
1093269888,67100919
1093269888,67100920
1093269888,67100921
1093269888,67100923
1093269888,67100924
1093269888,67100925
1093269888,67100927
1093269888,67100928
1093269888,67100930
1093269888,67100936
1093269888,67100937
1093269888,67100938
1093269888,67100939
1093269888,67100940
1093269888,67100941
1093269888,67100942
1093269888,67101281
33891366528,67100917
33891366528,67100929
33891366528,67100931
33891366528,67100932
33891366528,67100933
33891366528,67100934
33891366528,67100935
33891366528,67100943
33891366528,67100945
33891366528,67100946
33891366528,67100947
33891366528,67100951
33891366528,67100955
33891366528,67100956
33891366528,67100964
33891366528,67100972
33891366528,67100985
33891366528,67100986
33891366528,67100993
33891366528,67101004
33891366528,67101034
33891366528,67101052
33891366528,67101082
33891366528,67101083
33891366528,67101084
33891366528,67101087
33891366528,67101088
33891366528,67101089
33891366528,67101090
33891366528,67101091
33891366528,67101095
33891366528,67101096
66689463168,67100098
66689463168,67100099
66689463168,67100100
66689463168,67100101
66689463168,67100102
66689463168,67100103
66689463168,67100104
66689463168,67100105
66689463168,67100106
66689463168,67100107
66689463168,67100108
66689463168,67100109
66689463168,67100110
66689463168,67100111
66689463168,67100112
66689463168,67100113
66689463168,67100114
66689463168,67100115
66689463168,67100116
66689463168,67100117
66689463168,67100118
66689463168,67100124
66689463168,67100125
66689463168,67100133
66689463168,67100134
66689463168,67100143
66689463168,67100144
66689463168,67100145
66689463168,67100154
66689463168,67100301
66689463168,67103125
66689463168,67108595
99487559808,67100299
99487559808,67100922
99487559808,67100926
99487559808,67100944
99487559808,67100948
99487559808,67100949
99487559808,67100950
99487559808,67100952
99487559808,67100953
99487559808,67100954
99487559808,67100957
99487559808,67100958
99487559808,67100959
99487559808,67100962
99487559808,67100963
99487559808,67100965
99487559808,67100971
99487559808,67100973
99487559808,67100974
99487559808,67100975
99487559808,67100977
99487559808,67100981
99487559808,67100984
99487559808,67100988
99487559808,67101009
99487559808,67101495
99487559808,67101562
99487559808,67101658
99487559808,67101697
99487559808,67101712
99487559808,67101778
99487559808,67108593
132285656448,131243
132285656448,131245
132285656448,67100119
132285656448,67100120
132285656448,67100121
132285656448,67100122
132285656448,67100123
132285656448,67100126
132285656448,67100127
132285656448,67100128
132285656448,67100129
132285656448,67100130
132285656448,67100131
132285656448,67100132
132285656448,67100135
132285656448,67100136
132285656448,67100137
132285656448,67100138
132285656448,67100139
132285656448,67100140
132285656448,67100141
132285656448,67100142
132285656448,67100147
132285656448,67100156
132285656448,67100162
132285656448,67100202
132285656448,67100344
132285656448,67101111
132285656448,67101538
132285656448,67101600
132285656448,67106324
132285656448,67108638
165083753088,67100300
165083753088,67100309
165083753088,67100960
165083753088,67100961
165083753088,67100966
165083753088,67100967
165083753088,67100968
165083753088,67100969
165083753088,67100970
165083753088,67100976
165083753088,67100978
165083753088,67100980
165083753088,67100982
165083753088,67100983
165083753088,67100999
165083753088,67101617
165083753088,67101673
165083753088,67101779
165083753088,67101784
165083753088,67101788
165083753088,67101840
165083753088,67101850
165083753088,67101866
165083753088,67101977
165083753088,67102743
165083753088,67102838
165083753088,67104462
165083753088,67105213
165083753088,67108594
165083753088,67108600
165083753088,67108603
197881849728,67100146
197881849728,67100148
197881849728,67100149
197881849728,67100150
197881849728,67100151
197881849728,67100153
197881849728,67100159
197881849728,67100161
197881849728,67100164
197881849728,67100166
197881849728,67100172
197881849728,67100175
197881849728,67100184
197881849728,67100188
197881849728,67100191
197881849728,67100195
197881849728,67100199
197881849728,67100201
197881849728,67100302
197881849728,67101750
197881849728,67101811
197881849728,67101813
197881849728,67101839
197881849728,67101849
197881849728,67101854
197881849728,67101900
197881849728,67101914
197881849728,67101947
197881849728,67101949
197881849728,67101957
197881849728,67102052
230679946368,67100303
230679946368,67100304
230679946368,67100305
230679946368,67100306
230679946368,67100979
230679946368,67100990
230679946368,67100991
230679946368,67100996
230679946368,67100997
230679946368,67100998
230679946368,67101012
230679946368,67101014
230679946368,67101019
230679946368,67101719
230679946368,67101894
230679946368,67102646
230679946368,67102747
230679946368,67103038
230679946368,67103214
230679946368,67103215
230679946368,67103350
230679946368,67103389
230679946368,67103434
230679946368,67103460
230679946368,67104073
230679946368,67104327
230679946368,67104584
230679946368,67108596
230679946368,67108597
230679946368,67108598
230679946368,67108599
230679946368,67108601
263478043008,67100152
263478043008,67100155
263478043008,67100157
263478043008,67100158
263478043008,67100160
263478043008,67100163
263478043008,67100165
263478043008,67100167
263478043008,67100168
263478043008,67100169
263478043008,67100170
263478043008,67100171
263478043008,67100173
263478043008,67100174
263478043008,67100176
263478043008,67100177
263478043008,67100178
263478043008,67100181
263478043008,67100193
263478043008,67100194
263478043008,67100207
263478043008,67100219
263478043008,67101737
263478043008,67101833
263478043008,67101847
263478043008,67101851
263478043008,67101852
263478043008,67101860
263478043008,67101943
263478043008,67101945
263478043008,67101952
263478043008,67101956
296276139648,131260
296276139648,67100987
296276139648,67100989
296276139648,67100992
296276139648,67100994
296276139648,67101002
296276139648,67101005
296276139648,67101008
296276139648,67101010
296276139648,67101015
296276139648,67101016
296276139648,67101029
296276139648,67101030
296276139648,67101038
296276139648,67101085
296276139648,67103852
296276139648,67103895
296276139648,67103914
296276139648,67103950
296276139648,67103961
296276139648,67103969
296276139648,67103980
296276139648,67103984
296276139648,67103985
296276139648,67103986
296276139648,67103997
296276139648,67104005
296276139648,67104018
296276139648,67104019
296276139648,67104033
296276139648,67104036
296276139648,67104039
329074236288,67100179
329074236288,67100180
329074236288,67100182
329074236288,67100183
329074236288,67100185
329074236288,67100186
329074236288,67100187
329074236288,67100189
329074236288,67100192
329074236288,67100203
329074236288,67100204
329074236288,67100205
329074236288,67100206
329074236288,67100209
329074236288,67100216
329074236288,67103293
329074236288,67103472
329074236288,67103566
329074236288,67103572
329074236288,67103603
329074236288,67103642
329074236288,67103644
329074236288,67103651
329074236288,67103662
329074236288,67103665
329074236288,67103666
329074236288,67103671
329074236288,67103673
329074236288,67103681
329074236288,67103702
329074236288,67103710
361872332928,67100307
361872332928,67100308
361872332928,67100310
361872332928,67100995
361872332928,67103469
361872332928,67103532
361872332928,67104114
361872332928,67104303
361872332928,67104350
361872332928,67104488
361872332928,67104554
361872332928,67104556
361872332928,67104573
361872332928,67104587
361872332928,67104593
361872332928,67104600
361872332928,67104616
361872332928,67104619
361872332928,67104624
361872332928,67104644
361872332928,67104669
361872332928,67104679
361872332928,67104681
361872332928,67104690
361872332928,67104696
361872332928,67104702
361872332928,67104713
361872332928,67105750
361872332928,67108602
361872332928,67108604
361872332928,67108605
394670429568,67100190
394670429568,67100197
394670429568,67100210
394670429568,67100212
394670429568,67100214
394670429568,67100218
394670429568,67100220
394670429568,67100221
394670429568,67100222
394670429568,67100223
394670429568,67100224
394670429568,67100225
394670429568,67100226
394670429568,67100228
394670429568,67100229
394670429568,67100230
394670429568,67100231
394670429568,67100244
394670429568,67100248
394670429568,67100275
394670429568,67100276
394670429568,67100277
394670429568,67100278
394670429568,67100279
394670429568,67100282
394670429568,67100283
394670429568,67100285
394670429568,67101802
394670429568,67104047
394670429568,67104262
394670429568,67104400
427468526208,67100292
427468526208,67100298
427468526208,67101144
427468526208,67101175
427468526208,67101206
427468526208,67101212
427468526208,67101213
427468526208,67101215
427468526208,67101217
427468526208,67101222
427468526208,67101226
427468526208,67101227
427468526208,67101229
427468526208,67101232
427468526208,67101239
427468526208,67101244
427468526208,67101245
427468526208,67101248
427468526208,67101274
427468526208,67101280
427468526208,67101290
427468526208,67101295
427468526208,67101298
427468526208,67101301
427468526208,67101306
427468526208,67101312
427468526208,67101325
427468526208,67101334
427468526208,67101558
427468526208,67101594
427468526208,67101596
460266622848,131251
460266622848,67101000
460266622848,67101017
460266622848,67101018
460266622848,67101020
460266622848,67101021
460266622848,67101025
460266622848,67101028
460266622848,67103327
460266622848,67103694
460266622848,67103715
460266622848,67103746
460266622848,67103750
460266622848,67103760
460266622848,67103784
460266622848,67103803
460266622848,67103836
460266622848,67103885
460266622848,67103934
460266622848,67103935
460266622848,67103936
460266622848,67103937
460266622848,67103938
460266622848,67103939
460266622848,67103940
460266622848,67103941
460266622848,67103942
460266622848,67103944
460266622848,67103945
460266622848,67103946
460266622848,67103947
460266622848,67103949
493064719488,67100196
493064719488,67100198
493064719488,67100200
493064719488,67100208
493064719488,67100211
493064719488,67100213
493064719488,67100215
493064719488,67100217
493064719488,67100227
493064719488,67100232
493064719488,67100242
493064719488,67100258
493064719488,67100271
493064719488,67102160
493064719488,67102242
493064719488,67102423
493064719488,67102772
493064719488,67102807
493064719488,67102890
493064719488,67102988
493064719488,67103235
493064719488,67103400
493064719488,67103466
493064719488,67103471
493064719488,67103505
493064719488,67103653
493064719488,67104181
493064719488,67104183
493064719488,67104375
493064719488,67104583
493064719488,67104919
525862816128,67101001
525862816128,67101003
525862816128,67101006
525862816128,67101007
525862816128,67101011
525862816128,67101022
525862816128,67101023
525862816128,67101024
525862816128,67101026
525862816128,67101027
525862816128,67101032
525862816128,67101035
525862816128,67101036
525862816128,67101037
525862816128,67101040
525862816128,67101062
525862816128,67101063
525862816128,67101067
525862816128,67101069
525862816128,67101075
525862816128,67101076
525862816128,67101077
525862816128,67101078
525862816128,67101079
525862816128,67101080
525862816128,67101086
525862816128,67102612
525862816128,67103210
525862816128,67103606
525862816128,67104813
525862816128,67106015
558660912768,67101013
558660912768,67101592
558660912768,67102048
558660912768,67102457
558660912768,67102543
558660912768,67102623
558660912768,67102665
558660912768,67102714
558660912768,67102873
558660912768,67102963
558660912768,67103105
558660912768,67103119
558660912768,67103250
558660912768,67103374
558660912768,67103376
558660912768,67103975
558660912768,67104016
558660912768,67104023
558660912768,67104180
558660912768,67104252
558660912768,67104319
558660912768,67104384
558660912768,67104386
558660912768,67104395
558660912768,67104416
558660912768,67104417
558660912768,67104451
558660912768,67104476
558660912768,67105015
558660912768,67106389
591459009408,67100233
591459009408,67100234
591459009408,67100241
591459009408,67100243
591459009408,67100254
591459009408,67100256
591459009408,67100259
591459009408,67100260
591459009408,67100261
591459009408,67100264
591459009408,67100265
591459009408,67100266
591459009408,67100267
591459009408,67100270
591459009408,67100311
591459009408,67100316
591459009408,67100320
591459009408,67103319
591459009408,67103619
591459009408,67103781
591459009408,67104006
591459009408,67104056
591459009408,67104450
591459009408,67104500
591459009408,67104676
591459009408,67104689
591459009408,67105549
591459009408,67105866
591459009408,67106183
591459009408,67108611
591459009408,67108614
624257106048,67100272
624257106048,67100281
624257106048,67100293
624257106048,67100350
624257106048,67100503
624257106048,67101933
624257106048,67102060
624257106048,67102068
624257106048,67102300
624257106048,67102316
624257106048,67102455
624257106048,67102469
624257106048,67102494
624257106048,67102508
624257106048,67102572
624257106048,67102621
624257106048,67102668
624257106048,67102671
624257106048,67102720
624257106048,67102846
624257106048,67102861
624257106048,67102882
624257106048,67102886
624257106048,67103187
624257106048,67103336
624257106048,67103722
624257106048,67103995
624257106048,67104151
624257106048,67106197
624257106048,67106462
624257106048,67108645
657055202688,67100329
657055202688,67100355
657055202688,67101284
657055202688,67101292
657055202688,67101299
657055202688,67101458
657055202688,67101670
657055202688,67101961
657055202688,67101973
657055202688,67102021
657055202688,67102031
657055202688,67102045
657055202688,67102046
657055202688,67102056
657055202688,67102102
657055202688,67102492
657055202688,67102595
657055202688,67102618
657055202688,67102760
657055202688,67102874
657055202688,67102977
657055202688,67102987
657055202688,67103219
657055202688,67103359
657055202688,67103539
657055202688,67103688
657055202688,67105712
657055202688,67106586
657055202688,67108623
657055202688,67108649
689853299328,67100252
689853299328,67100253
689853299328,67101154
689853299328,67101189
689853299328,67101214
689853299328,67101237
689853299328,67101257
689853299328,67101262
689853299328,67101289
689853299328,67101324
689853299328,67101327
689853299328,67101375
689853299328,67101393
689853299328,67101438
689853299328,67101466
689853299328,67101488
689853299328,67101517
689853299328,67101522
689853299328,67101589
689853299328,67101613
689853299328,67101679
689853299328,67101965
689853299328,67102092
689853299328,67102104
689853299328,67102282
689853299328,67102386
689853299328,67104027
689853299328,67104653
689853299328,67105719
722651395968,67101648
722651395968,67102155
