1093269888,67100903
1093269888,67100904
1093269888,67100905
1093269888,67100906
1093269888,67100907
1093269888,67100908
1093269888,67100909
1093269888,67100910
1093269888,67100911
1093269888,67100912
1093269888,67100913
1093269888,67100914
1093269888,67100915
1093269888,67100916
1093269888,67100918
1093269888,67100919
1093269888,67100920
1093269888,67100921
1093269888,67100923
1093269888,67100924
1093269888,67100925
1093269888,67100927
1093269888,67100928
1093269888,67100930
1093269888,67100936
1093269888,67100937
1093269888,67100938
1093269888,67100939
1093269888,67100940
1093269888,67100941
1093269888,67100942
1093269888,67101281
33891366528,67100917
33891366528,67100929
33891366528,67100931
33891366528,67100932
33891366528,67100933
33891366528,67100934
33891366528,67100935
33891366528,67100943
33891366528,67100945
33891366528,67100946
33891366528,67100947
33891366528,67100951
33891366528,67100955
33891366528,67100956
33891366528,67100964
33891366528,67100972
33891366528,67100985
33891366528,67100986
33891366528,67100993
33891366528,67101004
33891366528,67101034
33891366528,67101052
33891366528,67101082
33891366528,67101083
33891366528,67101084
33891366528,67101087
33891366528,67101088
33891366528,67101089
33891366528,67101090
33891366528,67101091
33891366528,67101095
33891366528,67101096
66689463168,67100098
66689463168,67100099
66689463168,67100100
66689463168,67100101
66689463168,67100102
66689463168,67100103
66689463168,67100104
66689463168,67100105
66689463168,67100106
66689463168,67100107
66689463168,67100108
66689463168,67100109
66689463168,67100110
66689463168,67100111
66689463168,67100112
66689463168,67100113
66689463168,67100114
66689463168,67100115
66689463168,67100116
66689463168,67100117
66689463168,67100118
66689463168,67100124
66689463168,67100125
66689463168,67100133
66689463168,67100134
66689463168,67100143
66689463168,67100144
66689463168,67100145
66689463168,67100154
66689463168,67100301
66689463168,67103125
66689463168,67108595
99487559808,67100299
99487559808,67100922
99487559808,67100926
99487559808,67100944
99487559808,67100948
99487559808,67100949
99487559808,67100950
99487559808,67100952
99487559808,67100953
99487559808,67100954
99487559808,67100957
99487559808,67100958
99487559808,67100959
99487559808,67100962
99487559808,67100963
99487559808,67100965
99487559808,67100971
99487559808,67100973
99487559808,67100974
99487559808,67100975
99487559808,67100977
99487559808,67100981
99487559808,67100984
99487559808,67100988
99487559808,67101009
99487559808,67101495
99487559808,67101562
99487559808,67101658
99487559808,67101697
99487559808,67101712
99487559808,67101778
99487559808,67108593
132285656448,131243
132285656448,131245
132285656448,67100119
132285656448,67100120
132285656448,67100121
132285656448,67100122
132285656448,67100123
132285656448,67100126
132285656448,67100127
132285656448,67100128
132285656448,67100129
132285656448,67100130
132285656448,67100131
132285656448,67100132
132285656448,67100135
132285656448,67100136
132285656448,67100137
132285656448,67100138
132285656448,67100139
132285656448,67100140
132285656448,67100141
132285656448,67100142
132285656448,67100147
132285656448,67100156
132285656448,67100162
132285656448,67100202
132285656448,67100344
132285656448,67101111
132285656448,67101538
132285656448,67101600
132285656448,67106324
132285656448,67108638
165083753088,67100960
165083753088,67100961
165083753088,67100966
165083753088,67100967
165083753088,67100968
165083753088,67100969
165083753088,67100970
165083753088,67100976
165083753088,67100978
165083753088,67100983
165083753088,67101840
165083753088,67104462
