827860087,67100686
827860087,67100823
827860087,67100825
827860087,67100871
827860087,67100879
827860087,67100882
827860087,67100883
827860087,67100895
827860087,67100899
827860087,67100905
827860087,67100907
827860087,67100909
827860087,67100912
827860087,67100917
827860087,67100922
827860087,67100930
827860087,67100933
827860087,67100936
827860087,67100939
827860087,67100943
827860087,67100950
827860087,67100957
827860087,67100963
827860087,67100964
827860087,67100968
827860087,67100988
827860087,67100990
827860087,67100992
827860087,67100994
827860087,67100995
827860087,67100996
827860087,67101022
25663662697,67100693
25663662697,67100694
25663662697,67100696
25663662697,67100708
25663662697,67100709
25663662697,67100710
25663662697,67100714
25663662697,67100715
25663662697,67100716
25663662697,67100717
25663662697,67100769
25663662697,67100770
25663662697,67100771
25663662697,67100772
25663662697,67100773
25663662697,67100774
25663662697,67100775
25663662697,67100776
25663662697,67100777
25663662697,67100778
25663662697,67100779
25663662697,67100781
25663662697,67100782
25663662697,67100783
25663662697,67100784
25663662697,67100785
25663662697,67100874
25663662697,67100875
25663662697,67100878
25663662697,67100880
25663662697,67100881
25663662697,67104986
50499465307,67099295
50499465307,67099297
50499465307,67099306
50499465307,67099314
50499465307,67099316
50499465307,67099324
50499465307,67099336
50499465307,67099347
50499465307,67099354
50499465307,67099455
50499465307,67099456
50499465307,67099462
50499465307,67099463
50499465307,67099508
50499465307,67099516
50499465307,67099519
50499465307,67099527
50499465307,67099538
50499465307,67099542
50499465307,67099545
50499465307,67099556
50499465307,67099557
50499465307,67099558
50499465307,67099559
50499465307,67099562
50499465307,67099563
50499465307,67099565
50499465307,67099570
50499465307,67099574
50499465307,67099575
50499465307,67099578
50499465307,67099584
75335267917,131245
75335267917,67099343
75335267917,67099348
75335267917,67099369
75335267917,67099370
75335267917,67099425
75335267917,67099427
75335267917,67099434
75335267917,67099454
75335267917,67099458
75335267917,67099466
75335267917,67099485
75335267917,67099502
75335267917,67099509
75335267917,67099511
75335267917,67099512
75335267917,67099525
75335267917,67099543
75335267917,67099553
75335267917,67099554
75335267917,67099564
75335267917,67099568
75335267917,67099571
75335267917,67099581
75335267917,67099585
75335267917,67099587
75335267917,67099733
75335267917,67099793
75335267917,67103315
75335267917,67103912
75335267917,67108548
75335267917,67108576
100171070527,131242
100171070527,131244
100171070527,67099272
100171070527,67099299
100171070527,67099300
100171070527,67099302
100171070527,67099635
100171070527,67099662
100171070527,67099665
100171070527,67100757
100171070527,67100764
100171070527,67100820
100171070527,67100831
100171070527,67100833
100171070527,67100835
100171070527,67100862
100171070527,67100960
100171070527,67100961
100171070527,67100971
100171070527,67100978
100171070527,67101003
100171070527,67101023
100171070527,67102273
100171070527,67102315
100171070527,67102405
100171070527,67102427
100171070527,67102452
100171070527,67108478
100171070527,67108505
100171070527,67108506
100171070527,67108507
125006873137,67099250
125006873137,67099282
125006873137,67099283
125006873137,67099288
125006873137,67099292
125006873137,67099301
125006873137,67099308
125006873137,67099312
125006873137,67099317
125006873137,67099318
125006873137,67099320
125006873137,67099321
125006873137,67099326
125006873137,67099330
125006873137,67099331
125006873137,67099332
125006873137,67099334
125006873137,67099338
125006873137,67099339
125006873137,67099344
125006873137,67099345
125006873137,67099349
125006873137,67099498
125006873137,67099522
125006873137,67099541
125006873137,67099544
125006873137,67099546
125006873137,67099583
