1379256614,67104543
1379256614,67104544
1379256614,67104545
1379256614,67104546
1379256614,67104547
1379256614,67104548
1379256614,67104549
1379256614,67104550
1379256614,67104551
1379256614,67104552
1379256614,67104553
1379256614,67104554
1379256614,67104555
1379256614,67104556
1379256614,67104557
1379256614,67104558
1379256614,67104562
1379256614,67104563
1379256614,67104565
1379256614,67104566
1379256614,67104567
1379256614,67104568
1379256614,67104570
1379256614,67104571
1379256614,67104572
1379256614,67104575
1379256614,67104576
1379256614,67104577
1379256614,67104578
1379256614,67104580
1379256614,67104582
1379256614,67104583
1379256614,67104584
1379256614,67104587
1379256614,67104589
1379256614,67104590
1379256614,67104591
1379256614,67104594
1379256614,67104595
1379256614,67104596
1379256614,67104597
1379256614,67104598
1379256614,67104600
1379256614,67104601
1379256614,67104603
1379256614,67104604
1379256614,67104606
1379256614,67104609
1379256614,67104610
1379256614,67104612
1379256614,67104613
1379256614,67104614
1379256614,67104616
1379256614,67104619
1379256614,67104620
1379256614,67104622
1379256614,67104624
1379256614,67104625
1379256614,67104626
1379256614,67104627
1379256614,67104628
1379256614,67104629
1379256614,67104630
1379256614,67104631
1379256614,67104632
1379256614,67104633
1379256614,67104636
1379256614,67104637
1379256614,67104639
1379256614,67104640
1379256614,67104641
1379256614,67104642
1379256614,67104643
1379256614,67104644
1379256614,67104646
1379256614,67104647
1379256614,67104649
1379256614,67104650
1379256614,67104651
1379256614,67104654
1379256614,67104655
1379256614,67104656
1379256614,67104657
1379256614,67104658
1379256614,67104659
1379256614,67104660
1379256614,67104661
1379256614,67104662
1379256614,67104663
1379256614,67104664
1379256614,67104665
1379256614,67104666
1379256614,67104669
1379256614,67104902
15171822754,67104311
15171822754,67104638
15171822754,67104671
15171822754,67107185
15171822754,67107186
15171822754,67107187
15171822754,67107188
15171822754,67107189
28964388894,67104030
28964388894,67104031
28964388894,67104032
28964388894,67104033
28964388894,67104034
28964388894,67104035
28964388894,67104036
28964388894,67104037
28964388894,67104038
28964388894,67104039
28964388894,67104040
28964388894,67104041
28964388894,67104042
28964388894,67104043
28964388894,67104044
28964388894,67104046
28964388894,67104047
28964388894,67104048
28964388894,67104049
28964388894,67104050
28964388894,67104051
28964388894,67104052
28964388894,67104053
28964388894,67104054
28964388894,67104055
28964388894,67104056
28964388894,67104057
28964388894,67104059
28964388894,67104061
28964388894,67104063
28964388894,67104064
28964388894,67104065
28964388894,67104067
28964388894,67104068
28964388894,67104069
28964388894,67104071
28964388894,67104074
28964388894,67104075
28964388894,67104076
28964388894,67104077
28964388894,67104078
28964388894,67104080
28964388894,67104081
28964388894,67104082
28964388894,67104084
28964388894,67104085
28964388894,67104087
28964388894,67104090
28964388894,67104091
28964388894,67104093
28964388894,67104095
28964388894,67104096
28964388894,67104097
28964388894,67104100
28964388894,67104102
28964388894,67104103
28964388894,67104104
28964388894,67104105
28964388894,67104108
28964388894,67104110
28964388894,67104112
28964388894,67104114
28964388894,67104115
28964388894,67104116
28964388894,67104117
28964388894,67104118
28964388894,67104119
28964388894,67104121
28964388894,67104123
28964388894,67104125
28964388894,67104126
28964388894,67104127
28964388894,67104131
28964388894,67104132
28964388894,67104133
28964388894,67104134
28964388894,67104135
28964388894,67104136
28964388894,67104137
28964388894,67104138
28964388894,67104140
28964388894,67104142
28964388894,67104145
28964388894,67104147
28964388894,67104148
28964388894,67104149
28964388894,67104150
28964388894,67106720
