1379256614,67104543
1379256614,67104544
1379256614,67104545
1379256614,67104546
1379256614,67104547
1379256614,67104548
1379256614,67104549
1379256614,67104550
1379256614,67104551
1379256614,67104552
1379256614,67104553
1379256614,67104554
1379256614,67104555
1379256614,67104556
1379256614,67104557
1379256614,67104558
1379256614,67104562
1379256614,67104563
1379256614,67104565
1379256614,67104566
1379256614,67104567
1379256614,67104568
1379256614,67104570
1379256614,67104571
1379256614,67104572
1379256614,67104575
1379256614,67104576
1379256614,67104577
1379256614,67104578
1379256614,67104580
1379256614,67104582
1379256614,67104583
1379256614,67104584
1379256614,67104587
1379256614,67104589
1379256614,67104590
1379256614,67104591
1379256614,67104594
1379256614,67104595
1379256614,67104596
1379256614,67104597
1379256614,67104598
1379256614,67104600
1379256614,67104601
1379256614,67104603
1379256614,67104604
1379256614,67104606
1379256614,67104609
1379256614,67104610
1379256614,67104612
1379256614,67104613
1379256614,67104614
1379256614,67104616
1379256614,67104619
1379256614,67104620
1379256614,67104622
1379256614,67104624
1379256614,67104625
1379256614,67104626
1379256614,67104627
1379256614,67104628
1379256614,67104629
1379256614,67104630
1379256614,67104631
1379256614,67104632
1379256614,67104633
1379256614,67104636
1379256614,67104637
1379256614,67104639
1379256614,67104640
1379256614,67104641
1379256614,67104642
1379256614,67104643
1379256614,67104644
1379256614,67104646
1379256614,67104647
1379256614,67104649
1379256614,67104650
1379256614,67104651
1379256614,67104654
1379256614,67104655
1379256614,67104656
1379256614,67104657
1379256614,67104658
1379256614,67104659
1379256614,67104660
1379256614,67104661
1379256614,67104662
1379256614,67104663
1379256614,67104664
1379256614,67104665
1379256614,67104666
1379256614,67104669
1379256614,67104902
15171822754,67104311
15171822754,67104638
15171822754,67104671
15171822754,67107185
15171822754,67107186
15171822754,67107187
15171822754,67107188
15171822754,67107189
28964388894,67104030
28964388894,67104031
28964388894,67104032
28964388894,67104033
28964388894,67104034
28964388894,67104035
28964388894,67104036
28964388894,67104037
28964388894,67104038
28964388894,67104039
28964388894,67104040
28964388894,67104041
28964388894,67104042
28964388894,67104043
28964388894,67104044
28964388894,67104045
28964388894,67104046
28964388894,67104047
28964388894,67104048
28964388894,67104049
28964388894,67104050
28964388894,67104051
28964388894,67104052
28964388894,67104053
28964388894,67104054
28964388894,67104055
28964388894,67104056
28964388894,67104057
28964388894,67104058
28964388894,67104059
28964388894,67104060
28964388894,67104061
28964388894,67104062
28964388894,67104063
28964388894,67104064
28964388894,67104065
28964388894,67104066
28964388894,67104067
28964388894,67104068
28964388894,67104069
28964388894,67104070
28964388894,67104071
28964388894,67104072
28964388894,67104073
28964388894,67104074
28964388894,67104075
28964388894,67104076
28964388894,67104077
28964388894,67104078
28964388894,67104080
28964388894,67104081
28964388894,67104082
28964388894,67104083
28964388894,67104084
28964388894,67104085
28964388894,67104086
28964388894,67104087
28964388894,67104088
28964388894,67104090
28964388894,67104091
28964388894,67104092
28964388894,67104093
28964388894,67104094
28964388894,67104095
28964388894,67104096
28964388894,67104097
28964388894,67104098
28964388894,67104099
28964388894,67104100
28964388894,67104101
28964388894,67104102
28964388894,67104103
28964388894,67104104
28964388894,67104105
28964388894,67104106
28964388894,67104107
28964388894,67104108
28964388894,67104109
28964388894,67104110
28964388894,67104111
28964388894,67104112
28964388894,67104113
28964388894,67104114
28964388894,67104115
28964388894,67104116
28964388894,67104117
28964388894,67104118
28964388894,67104119
28964388894,67104120
28964388894,67104121
28964388894,67104122
28964388894,67104123
28964388894,67104124
28964388894,67104125
28964388894,67104126
28964388894,67104127
28964388894,67104128
28964388894,67104129
28964388894,67104130
28964388894,67104131
28964388894,67104132
28964388894,67104133
28964388894,67104134
28964388894,67104135
28964388894,67104136
28964388894,67104137
28964388894,67104138
28964388894,67104139
28964388894,67104140
28964388894,67104141
28964388894,67104142
28964388894,67104143
28964388894,67104144
28964388894,67104145
28964388894,67104147
28964388894,67104148
28964388894,67104149
28964388894,67104150
28964388894,67104151
28964388894,67104152
28964388894,67104153
28964388894,67104154
28964388894,67104155
28964388894,67106714
28964388894,67106720
42756955034,131252
42756955034,131257
42756955034,67104079
42756955034,67104089
42756955034,67104159
42756955034,67104160
42756955034,67104161
42756955034,67104162
42756955034,67104163
42756955034,67104165
42756955034,67104167
42756955034,67107061
42756955034,67107062
42756955034,67107070
42756955034,67107192
42756955034,67107195
42756955034,67107197
42756955034,67107205
42756955034,67107216
42756955034,67107222
42756955034,67107225
42756955034,67107234
42756955034,67107242
42756955034,67107255
42756955034,67107260
42756955034,67107263
42756955034,67107274
42756955034,67107276
42756955034,67107291
42756955034,67107295
42756955034,67107298
42756955034,67107309
42756955034,67107310
42756955034,67107314
42756955034,67107319
42756955034,67107335
42756955034,67107342
42756955034,67107365
42756955034,67107369
42756955034,67107401
42756955034,67107414
42756955034,67107417
42756955034,67107422
42756955034,67107434
42756955034,67107441
42756955034,67107445
42756955034,67107450
42756955034,67107457
42756955034,67107464
42756955034,67107465
42756955034,67107481
42756955034,67107511
42756955034,67107535
42756955034,67107542
42756955034,67107556
42756955034,67107564
42756955034,67107579
42756955034,67107593
42756955034,67107597
42756955034,67107602
42756955034,67107606
42756955034,67107619
42756955034,67107620
42756955034,67107622
42756955034,67107626
42756955034,67107630
42756955034,67107635
42756955034,67107639
42756955034,67107646
42756955034,67107647
42756955034,67107648
42756955034,67107652
42756955034,67107653
42756955034,67107656
42756955034,67107658
42756955034,67107666
42756955034,67107667
42756955034,67107669
42756955034,67107684
42756955034,67107688
42756955034,67107691
42756955034,67107694
42756955034,67107697
42756955034,67107699
42756955034,67107700
42756955034,67107702
42756955034,67107709
42756955034,67107710
42756955034,67107715
42756955034,67107740
42756955034,67107743
42756955034,67107757
42756955034,67107764
42756955034,67107792
42756955034,67107802
42756955034,67107821
42756955034,67107844
42756955034,67107845
42756955034,67107860
42756955034,67107866
42756955034,67107869
42756955034,67107893
42756955034,67107894
42756955034,67107915
42756955034,67107920
42756955034,67107930
42756955034,67107945
42756955034,67107949
42756955034,67107986
42756955034,67107996
42756955034,67108001
42756955034,67108011
42756955034,67108034
42756955034,67108054
42756955034,67108075
42756955034,67108126
42756955034,67108145
42756955034,67108148
42756955034,67108158
42756955034,67108225
42756955034,67108300
42756955034,67108668
42756955034,67108669
42756955034,67108670
42756955034,67108671
42756955034,67108672
42756955034,67108674
42756955034,67108676
56549521174,67104302
56549521174,67105630
56549521174,67105639
56549521174,67105655
56549521174,67105656
56549521174,67105669
56549521174,67105671
56549521174,67105677
56549521174,67105683
56549521174,67105684
56549521174,67105689
56549521174,67105693
56549521174,67105700
56549521174,67105701
56549521174,67105703
56549521174,67105707
56549521174,67105708
56549521174,67105711
56549521174,67105712
56549521174,67105714
56549521174,67105719
56549521174,67105726
56549521174,67105728
56549521174,67105730
56549521174,67105733
56549521174,67105735
56549521174,67105740
56549521174,67105743
56549521174,67105745
56549521174,67105747
56549521174,67105750
56549521174,67105751
56549521174,67105754
56549521174,67105755
56549521174,67105759
56549521174,67105760
56549521174,67105762
56549521174,67105764
56549521174,67105765
56549521174,67105766
56549521174,67105767
56549521174,67105774
56549521174,67105775
56549521174,67105778
56549521174,67105779
56549521174,67105783
56549521174,67105785
56549521174,67105787
56549521174,67105789
56549521174,67105790
56549521174,67105792
56549521174,67105793
56549521174,67105794
56549521174,67105797
56549521174,67105801
56549521174,67105803
56549521174,67105804
56549521174,67105806
56549521174,67105807
56549521174,67105808
56549521174,67105810
56549521174,67105811
56549521174,67105813
56549521174,67105814
56549521174,67105815
56549521174,67105816
56549521174,67105817
56549521174,67105818
56549521174,67105823
56549521174,67105827
56549521174,67105828
56549521174,67105830
56549521174,67105835
56549521174,67105836
56549521174,67105837
56549521174,67105838
56549521174,67105840
56549521174,67105841
56549521174,67105843
56549521174,67105844
56549521174,67105846
56549521174,67105847
56549521174,67105848
56549521174,67105850
56549521174,67105851
56549521174,67105852
56549521174,67105853
56549521174,67105854
56549521174,67105856
56549521174,67105857
56549521174,67105858
56549521174,67105859
56549521174,67105860
56549521174,67105863
56549521174,67105866
56549521174,67105867
56549521174,67105868
56549521174,67105870
56549521174,67105871
56549521174,67105872
56549521174,67105874
56549521174,67105875
56549521174,67105876
56549521174,67105877
56549521174,67105878
56549521174,67105879
56549521174,67105883
56549521174,67105884
56549521174,67105885
56549521174,67105886
56549521174,67105889
56549521174,67105890
56549521174,67105892
56549521174,67105893
56549521174,67105894
56549521174,67105895
56549521174,67105899
56549521174,67105900
56549521174,67105901
56549521174,67105902
56549521174,67105904
56549521174,67105906
56549521174,67105907
56549521174,67105908
56549521174,67105909
56549521174,67105910
56549521174,67105912
56549521174,67105913
70342087314,131251
70342087314,131258
70342087314,131259
70342087314,131260
70342087314,67104164
70342087314,67104166
70342087314,67104168
70342087314,67104169
70342087314,67104170
70342087314,67104171
70342087314,67104172
70342087314,67104213
70342087314,67104421
70342087314,67107705
70342087314,67107719
70342087314,67107729
70342087314,67107734
70342087314,67107737
70342087314,67107753
70342087314,67107758
70342087314,67107761
70342087314,67107762
70342087314,67107766
70342087314,67107768
70342087314,67107769
70342087314,67107772
70342087314,67107775
70342087314,67107776
70342087314,67107777
70342087314,67107778
70342087314,67107779
70342087314,67107786
70342087314,67107790
70342087314,67107791
70342087314,67107793
70342087314,67107794
70342087314,67107797
70342087314,67107807
70342087314,67107813
70342087314,67107815
70342087314,67107816
70342087314,67107819
70342087314,67107824
70342087314,67107827
70342087314,67107833
70342087314,67107846
70342087314,67107871
70342087314,67107877
70342087314,67107895
70342087314,67107912
70342087314,67107940
70342087314,67107941
70342087314,67107942
70342087314,67107989
70342087314,67107990
70342087314,67107992
70342087314,67108007
70342087314,67108020
70342087314,67108021
70342087314,67108030
70342087314,67108035
70342087314,67108040
70342087314,67108041
70342087314,67108048
70342087314,67108050
70342087314,67108063
70342087314,67108073
70342087314,67108079
70342087314,67108083
70342087314,67108090
70342087314,67108110
70342087314,67108111
70342087314,67108132
70342087314,67108149
70342087314,67108152
70342087314,67108153
70342087314,67108165
70342087314,67108198
70342087314,67108201
70342087314,67108205
70342087314,67108213
70342087314,67108219
70342087314,67108229
70342087314,67108233
70342087314,67108236
70342087314,67108238
70342087314,67108254
70342087314,67108255
70342087314,67108256
70342087314,67108259
70342087314,67108269
70342087314,67108287
70342087314,67108312
70342087314,67108315
70342087314,67108319
70342087314,67108320
70342087314,67108327
70342087314,67108328
70342087314,67108331
70342087314,67108333
70342087314,67108342
70342087314,67108353
70342087314,67108355
70342087314,67108356
70342087314,67108358
70342087314,67108363
70342087314,67108365
70342087314,67108367
70342087314,67108370
70342087314,67108372
70342087314,67108374
70342087314,67108380
70342087314,67108409
70342087314,67108417
70342087314,67108419
70342087314,67108426
70342087314,67108431
70342087314,67108450
70342087314,67108457
70342087314,67108533
70342087314,67108673
70342087314,67108675
70342087314,67108677
70342087314,67108678
70342087314,67108679
70342087314,67108680
70342087314,67108681
70342087314,67108722
84134653454,131254
84134653454,67104952
84134653454,67104968
84134653454,67104979
84134653454,67105067
84134653454,67105090
84134653454,67105117
84134653454,67105119
84134653454,67105132
84134653454,67105144
84134653454,67105157
84134653454,67105173
84134653454,67105224
84134653454,67105250
84134653454,67105253
84134653454,67105267
84134653454,67105277
84134653454,67105313
84134653454,67105340
84134653454,67105356
84134653454,67105362
84134653454,67105403
84134653454,67105418
84134653454,67105420
84134653454,67105440
84134653454,67105442
84134653454,67105456
84134653454,67105457
84134653454,67105468
84134653454,67105469
84134653454,67105495
84134653454,67105505
84134653454,67105520
84134653454,67105524
84134653454,67105533
84134653454,67105580
84134653454,67105591
84134653454,67105599
84134653454,67105603
84134653454,67105604
84134653454,67105607
84134653454,67105611
84134653454,67105612
84134653454,67105614
84134653454,67105615
84134653454,67105616
84134653454,67105617
84134653454,67105618
84134653454,67105620
84134653454,67105622
84134653454,67105624
84134653454,67105629
84134653454,67105637
84134653454,67105642
84134653454,67105661
84134653454,67105662
84134653454,67105670
84134653454,67105672
84134653454,67105691
84134653454,67105696
84134653454,67105724
84134653454,67105731
84134653454,67105734
84134653454,67105739
84134653454,67105742
84134653454,67105744
84134653454,67105746
84134653454,67105749
84134653454,67105761
84134653454,67105768
84134653454,67105791
84134653454,67105795
84134653454,67105829
84134653454,67105831
84134653454,67105842
84134653454,67105869
84134653454,67105898
84134653454,67105924
84134653454,67105925
84134653454,67105938
84134653454,67105942
84134653454,67105945
84134653454,67105951
84134653454,67105954
84134653454,67105959
84134653454,67105961
84134653454,67105962
84134653454,67105963
84134653454,67105965
84134653454,67105968
84134653454,67105969
84134653454,67105977
84134653454,67105978
84134653454,67105985
84134653454,67105989
84134653454,67105991
84134653454,67105993
84134653454,67105995
84134653454,67105997
84134653454,67105998
84134653454,67106001
84134653454,67106002
84134653454,67106005
84134653454,67106006
84134653454,67106015
84134653454,67106017
84134653454,67106018
84134653454,67106020
84134653454,67106021
84134653454,67106022
84134653454,67106023
84134653454,67106027
84134653454,67106030
84134653454,67106031
84134653454,67106033
84134653454,67106034
84134653454,67106038
84134653454,67106039
84134653454,67106040
84134653454,67106044
84134653454,67106045
84134653454,67106051
84134653454,67106052
84134653454,67106056
84134653454,67106783
84134653454,67106881
84134653454,67108665
97927219594,67104287
97927219594,67104288
97927219594,67104793
97927219594,67104796
97927219594,67104801
97927219594,67104816
97927219594,67104826
97927219594,67104830
97927219594,67104836
97927219594,67104844
97927219594,67104847
97927219594,67104860
97927219594,67104862
97927219594,67104865
97927219594,67104874
97927219594,67104912
97927219594,67104914
97927219594,67104916
97927219594,67104918
97927219594,67104929
97927219594,67104930
97927219594,67104933
97927219594,67104935
97927219594,67104937
97927219594,67104940
97927219594,67104941
97927219594,67104943
97927219594,67104944
97927219594,67104945
97927219594,67104946
97927219594,67104947
97927219594,67104948
97927219594,67104949
97927219594,67104951
97927219594,67104953
97927219594,67104955
97927219594,67104957
97927219594,67104958
97927219594,67104959
97927219594,67104960
97927219594,67104963
97927219594,67104973
97927219594,67104974
97927219594,67104975
97927219594,67104976
97927219594,67104977
97927219594,67104978
97927219594,67104980
97927219594,67104981
97927219594,67104983
97927219594,67104984
97927219594,67104985
97927219594,67104988
97927219594,67104992
97927219594,67104993
97927219594,67104994
97927219594,67104995
97927219594,67104996
97927219594,67104997
97927219594,67104998
97927219594,67104999
97927219594,67105000
97927219594,67105003
97927219594,67105004
97927219594,67105006
97927219594,67105007
97927219594,67105009
97927219594,67105010
97927219594,67105011
97927219594,67105012
97927219594,67105013
97927219594,67105014
97927219594,67105015
97927219594,67105016
97927219594,67105017
97927219594,67105018
97927219594,67105019
97927219594,67105020
97927219594,67105021
97927219594,67105022
97927219594,67105023
97927219594,67105024
97927219594,67105025
97927219594,67105026
97927219594,67105028
97927219594,67105030
97927219594,67105031
97927219594,67105034
97927219594,67105035
97927219594,67105036
97927219594,67105037
97927219594,67105039
97927219594,67105040
97927219594,67105041
97927219594,67105042
97927219594,67105043
97927219594,67105044
97927219594,67105045
97927219594,67105046
97927219594,67105047
97927219594,67105049
97927219594,67105050
97927219594,67105051
97927219594,67105052
97927219594,67105053
97927219594,67105056
97927219594,67105058
97927219594,67105059
97927219594,67105060
97927219594,67105061
97927219594,67105062
97927219594,67105063
97927219594,67105064
97927219594,67105065
97927219594,67105066
97927219594,67105068
97927219594,67105069
97927219594,67105070
97927219594,67105074
97927219594,67105075
97927219594,67105076
97927219594,67105077
97927219594,67105078
97927219594,67105079
97927219594,67105080
97927219594,67105081
97927219594,67105082
111719785734,67107299
111719785734,67107317
111719785734,67107322
111719785734,67107332
111719785734,67107339
111719785734,67107343
111719785734,67107353
111719785734,67107355
111719785734,67107359
111719785734,67107362
111719785734,67107364
111719785734,67107370
111719785734,67107374
111719785734,67107375
111719785734,67107377
111719785734,67107379
111719785734,67107380
111719785734,67107381
111719785734,67107382
111719785734,67107383
111719785734,67107384
111719785734,67107385
111719785734,67107396
111719785734,67107397
111719785734,67107399
111719785734,67107400
111719785734,67107402
111719785734,67107405
111719785734,67107407
111719785734,67107409
111719785734,67107411
111719785734,67107413
111719785734,67107415
111719785734,67107416
111719785734,67107420
111719785734,67107421
111719785734,67107430
111719785734,67107432
111719785734,67107437
111719785734,67107442
111719785734,67107443
111719785734,67107444
111719785734,67107446
111719785734,67107447
111719785734,67107448
111719785734,67107451
111719785734,67107453
111719785734,67107455
111719785734,67107458
111719785734,67107459
111719785734,67107460
111719785734,67107461
111719785734,67107462
111719785734,67107463
111719785734,67107467
111719785734,67107469
111719785734,67107470
111719785734,67107471
111719785734,67107472
111719785734,67107473
111719785734,67107474
111719785734,67107476
111719785734,67107477
111719785734,67107478
111719785734,67107479
111719785734,67107482
111719785734,67107483
111719785734,67107484
111719785734,67107485
111719785734,67107486
111719785734,67107487
111719785734,67107488
111719785734,67107490
111719785734,67107491
111719785734,67107493
111719785734,67107494
111719785734,67107495
111719785734,67107496
111719785734,67107497
111719785734,67107498
111719785734,67107499
111719785734,67107500
111719785734,67107502
111719785734,67107503
111719785734,67107504
111719785734,67107505
111719785734,67107506
111719785734,67107507
111719785734,67107508
111719785734,67107509
111719785734,67107510
111719785734,67107512
111719785734,67107513
111719785734,67107514
111719785734,67107515
111719785734,67107516
111719785734,67107517
111719785734,67107518
111719785734,67107519
111719785734,67107520
111719785734,67107521
111719785734,67107522
111719785734,67107523
111719785734,67107524
111719785734,67107525
111719785734,67107526
111719785734,67107527
111719785734,67107528
111719785734,67107529
111719785734,67107530
111719785734,67107531
111719785734,67107532
111719785734,67107533
111719785734,67107534
111719785734,67107536
111719785734,67107537
111719785734,67107538
111719785734,67107539
111719785734,67107540
111719785734,67107541
111719785734,67107543
111719785734,67107544
111719785734,67107545
111719785734,67107546
111719785734,67107547
111719785734,67107548
125512351874,131253
125512351874,67104791
125512351874,67104794
125512351874,67104797
125512351874,67104814
125512351874,67104821
125512351874,67104827
125512351874,67104833
125512351874,67104838
125512351874,67104851
125512351874,67104857
125512351874,67104861
125512351874,67104869
125512351874,67104870
125512351874,67104876
125512351874,67104880
125512351874,67104913
125512351874,67104965
125512351874,67104970
125512351874,67105001
125512351874,67105029
125512351874,67105033
125512351874,67105048
125512351874,67105071
125512351874,67105086
125512351874,67105103
125512351874,67105104
125512351874,67105105
125512351874,67105106
125512351874,67105115
125512351874,67105120
125512351874,67105135
125512351874,67105142
125512351874,67105155
125512351874,67105159
125512351874,67105165
125512351874,67105167
125512351874,67105172
125512351874,67105174
125512351874,67105176
125512351874,67105191
125512351874,67105198
125512351874,67105200
125512351874,67105206
125512351874,67105213
125512351874,67105221
125512351874,67105228
125512351874,67105237
125512351874,67105238
125512351874,67105239
125512351874,67105241
125512351874,67105245
125512351874,67105247
125512351874,67105248
125512351874,67105255
125512351874,67105257
125512351874,67105258
125512351874,67105260
125512351874,67105264
125512351874,67105265
125512351874,67105266
125512351874,67105268
125512351874,67105269
125512351874,67105272
125512351874,67105275
125512351874,67105278
125512351874,67105279
125512351874,67105283
125512351874,67105284
125512351874,67105285
125512351874,67105287
125512351874,67105289
125512351874,67105292
125512351874,67105294
125512351874,67105295
125512351874,67105299
125512351874,67105301
125512351874,67105304
125512351874,67105305
125512351874,67105306
125512351874,67105310
125512351874,67105311
125512351874,67105318
125512351874,67105319
125512351874,67105322
125512351874,67105323
125512351874,67105324
125512351874,67105326
125512351874,67105327
125512351874,67105330
125512351874,67105333
125512351874,67105334
125512351874,67105339
125512351874,67105341
125512351874,67105342
125512351874,67105344
125512351874,67105346
125512351874,67105347
125512351874,67105352
125512351874,67105354
125512351874,67105355
125512351874,67105359
125512351874,67105360
125512351874,67105361
125512351874,67105365
125512351874,67105366
125512351874,67105367
125512351874,67105368
125512351874,67105369
125512351874,67105371
125512351874,67105372
125512351874,67105373
125512351874,67105376
125512351874,67105377
125512351874,67105382
125512351874,67105384
125512351874,67105386
125512351874,67105387
125512351874,67105390
125512351874,67105391
125512351874,67105393
125512351874,67105395
125512351874,67105398
125512351874,67105399
125512351874,67105400
125512351874,67105401
125512351874,67105404
125512351874,67105405
139304918014,67104180
139304918014,67104183
139304918014,67104186
139304918014,67104191
139304918014,67104196
139304918014,67104200
139304918014,67104205
139304918014,67104208
139304918014,67104210
139304918014,67104211
139304918014,67104212
139304918014,67104218
139304918014,67104219
139304918014,67104253
139304918014,67104254
139304918014,67104257
139304918014,67104259
139304918014,67104260
139304918014,67104261
139304918014,67104262
139304918014,67104264
139304918014,67104265
139304918014,67104266
139304918014,67104268
139304918014,67104269
139304918014,67104270
139304918014,67104272
139304918014,67104273
139304918014,67104279
139304918014,67104280
139304918014,67104282
139304918014,67104283
139304918014,67104284
139304918014,67107190
139304918014,67107191
139304918014,67107193
139304918014,67107202
139304918014,67107203
139304918014,67107206
139304918014,67107217
139304918014,67107218
139304918014,67107230
139304918014,67107254
139304918014,67107257
139304918014,67107258
139304918014,67107267
139304918014,67107275
139304918014,67107280
139304918014,67107284
139304918014,67107302
139304918014,67107304
139304918014,67107307
139304918014,67107315
139304918014,67107324
139304918014,67107334
139304918014,67107350
139304918014,67107373
139304918014,67107376
139304918014,67107390
139304918014,67107560
139304918014,67107592
139304918014,67107608
139304918014,67107623
139304918014,67107649
139304918014,67107654
139304918014,67107662
139304918014,67107663
139304918014,67107671
139304918014,67107672
139304918014,67107673
139304918014,67107726
139304918014,67107744
139304918014,67107855
139304918014,67108024
139304918014,67108477
139304918014,67108508
139304918014,67108523
139304918014,67108544
139304918014,67108618
139304918014,67108621
139304918014,67108622
139304918014,67108623
139304918014,67108628
139304918014,67108630
139304918014,67108634
139304918014,67108639
139304918014,67108642
139304918014,67108643
139304918014,67108656
139304918014,67108661
139304918014,67108664
139304918014,67108689
139304918014,67108692
139304918014,67108695
139304918014,67108705
139304918014,67108709
139304918014,67108714
139304918014,67108717
139304918014,67108721
139304918014,67108726
139304918014,67108727
139304918014,67108728
139304918014,67108731
139304918014,67108763
139304918014,67108766
139304918014,67108768
139304918014,67108769
139304918014,67108770
139304918014,67108771
139304918014,67108773
139304918014,67108774
139304918014,67108775
139304918014,67108776
139304918014,67108777
139304918014,67108778
139304918014,67108779
139304918014,67108781
139304918014,67108782
139304918014,67108786
139304918014,67108788
139304918014,67108791
139304918014,67108793
153097484154,67104197
153097484154,67104222
153097484154,67104223
153097484154,67104256
153097484154,67104258
153097484154,67104263
153097484154,67104267
153097484154,67104271
153097484154,67104274
153097484154,67104275
153097484154,67104276
153097484154,67104277
153097484154,67104278
153097484154,67104281
153097484154,67104298
153097484154,67104672
153097484154,67104673
153097484154,67104675
153097484154,67104676
153097484154,67104677
153097484154,67104678
153097484154,67104679
153097484154,67104680
153097484154,67104681
153097484154,67104682
153097484154,67104683
153097484154,67104684
153097484154,67104685
153097484154,67104686
153097484154,67104688
153097484154,67104689
153097484154,67104690
153097484154,67104691
153097484154,67104693
153097484154,67104694
153097484154,67104695
153097484154,67104696
153097484154,67104697
153097484154,67104698
153097484154,67104699
153097484154,67104700
153097484154,67104701
153097484154,67104702
153097484154,67104703
153097484154,67104704
153097484154,67104706
153097484154,67104707
153097484154,67104708
153097484154,67104709
153097484154,67104710
153097484154,67104711
153097484154,67104712
153097484154,67104713
153097484154,67104714
153097484154,67104716
153097484154,67104717
153097484154,67104718
153097484154,67104722
153097484154,67104723
153097484154,67104724
153097484154,67104725
153097484154,67104726
153097484154,67104727
153097484154,67104728
153097484154,67104730
153097484154,67104734
153097484154,67104736
153097484154,67104737
153097484154,67104738
153097484154,67104739
153097484154,67104740
153097484154,67104742
153097484154,67104743
153097484154,67104744
153097484154,67104745
153097484154,67106725
153097484154,67106816
153097484154,67106862
153097484154,67106888
153097484154,67106891
153097484154,67106905
153097484154,67106916
153097484154,67106926
153097484154,67106931
153097484154,67106933
153097484154,67106960
153097484154,67106965
153097484154,67107002
153097484154,67107038
153097484154,67107045
153097484154,67107052
153097484154,67107056
153097484154,67108608
153097484154,67108612
153097484154,67108616
153097484154,67108617
153097484154,67108624
153097484154,67108625
153097484154,67108627
153097484154,67108631
153097484154,67108632
153097484154,67108635
153097484154,67108636
153097484154,67108640
153097484154,67108641
153097484154,67108648
153097484154,67108652
153097484154,67108653
153097484154,67108657
153097484154,67108658
153097484154,67108659
153097484154,67108662
153097484154,67108701
153097484154,67108765
153097484154,67108767
153097484154,67108772
153097484154,67108780
153097484154,67108783
153097484154,67108784
153097484154,67108787
153097484154,67108789
153097484154,67108790
153097484154,67108792
166890050294,67104227
166890050294,67104243
166890050294,67104246
166890050294,67108166
166890050294,67108167
166890050294,67108168
166890050294,67108169
166890050294,67108170
166890050294,67108171
166890050294,67108175
166890050294,67108176
166890050294,67108178
166890050294,67108179
166890050294,67108180
166890050294,67108181
166890050294,67108183
166890050294,67108184
166890050294,67108185
166890050294,67108187
166890050294,67108190
166890050294,67108192
166890050294,67108193
166890050294,67108194
166890050294,67108195
166890050294,67108200
166890050294,67108204
166890050294,67108206
166890050294,67108209
166890050294,67108211
166890050294,67108212
166890050294,67108215
166890050294,67108216
166890050294,67108218
166890050294,67108221
166890050294,67108224
166890050294,67108226
166890050294,67108228
166890050294,67108230
166890050294,67108232
166890050294,67108234
166890050294,67108235
166890050294,67108240
166890050294,67108241
166890050294,67108242
166890050294,67108243
166890050294,67108246
166890050294,67108247
166890050294,67108248
166890050294,67108249
166890050294,67108250
166890050294,67108252
166890050294,67108253
166890050294,67108260
166890050294,67108261
166890050294,67108262
166890050294,67108263
166890050294,67108266
166890050294,67108267
166890050294,67108270
166890050294,67108271
166890050294,67108277
166890050294,67108278
166890050294,67108280
166890050294,67108281
166890050294,67108282
166890050294,67108286
166890050294,67108289
166890050294,67108290
166890050294,67108291
166890050294,67108295
166890050294,67108296
166890050294,67108297
166890050294,67108298
166890050294,67108301
166890050294,67108303
166890050294,67108304
166890050294,67108305
166890050294,67108308
166890050294,67108309
166890050294,67108311
166890050294,67108318
166890050294,67108329
166890050294,67108332
166890050294,67108338
166890050294,67108343
166890050294,67108345
166890050294,67108346
166890050294,67108348
166890050294,67108349
166890050294,67108357
166890050294,67108359
166890050294,67108361
166890050294,67108364
166890050294,67108366
166890050294,67108369
166890050294,67108376
166890050294,67108383
166890050294,67108388
166890050294,67108389
166890050294,67108390
166890050294,67108391
166890050294,67108397
166890050294,67108399
166890050294,67108403
166890050294,67108405
166890050294,67108406
166890050294,67108412
166890050294,67108421
166890050294,67108428
166890050294,67108429
166890050294,67108432
166890050294,67108434
166890050294,67108435
166890050294,67108439
166890050294,67108444
166890050294,67108445
166890050294,67108446
166890050294,67108456
166890050294,67108559
166890050294,67108587
166890050294,67108595
166890050294,67108736
166890050294,67108751
166890050294,67108755
180682616434,67104435
180682616434,67104820
180682616434,67104852
180682616434,67104859
180682616434,67104931
180682616434,67105087
180682616434,67105088
180682616434,67105184
180682616434,67105186
180682616434,67105204
180682616434,67105296
180682616434,67105343
180682616434,67105381
180682616434,67105419
180682616434,67105427
180682616434,67105439
180682616434,67105445
180682616434,67105451
180682616434,67105464
180682616434,67105475
180682616434,67105477
180682616434,67105478
180682616434,67105511
180682616434,67105515
180682616434,67105531
180682616434,67105541
180682616434,67105545
180682616434,67105546
180682616434,67105550
180682616434,67105576
180682616434,67105584
180682616434,67105586
180682616434,67105589
180682616434,67105590
180682616434,67105593
180682616434,67105600
180682616434,67105606
180682616434,67105610
180682616434,67105613
