1379256614,67104543
1379256614,67104544
1379256614,67104545
1379256614,67104546
1379256614,67104547
1379256614,67104548
1379256614,67104549
1379256614,67104550
1379256614,67104551
1379256614,67104552
1379256614,67104553
1379256614,67104554
1379256614,67104555
1379256614,67104556
1379256614,67104557
1379256614,67104558
1379256614,67104562
1379256614,67104563
1379256614,67104565
1379256614,67104566
1379256614,67104567
1379256614,67104568
1379256614,67104570
1379256614,67104571
1379256614,67104572
1379256614,67104575
1379256614,67104576
1379256614,67104577
1379256614,67104578
1379256614,67104580
1379256614,67104582
1379256614,67104583
1379256614,67104584
1379256614,67104587
1379256614,67104589
1379256614,67104590
1379256614,67104591
1379256614,67104594
1379256614,67104595
1379256614,67104596
1379256614,67104597
1379256614,67104598
1379256614,67104600
1379256614,67104601
1379256614,67104603
1379256614,67104604
1379256614,67104606
1379256614,67104609
1379256614,67104610
1379256614,67104612
1379256614,67104613
1379256614,67104614
1379256614,67104616
1379256614,67104619
1379256614,67104620
1379256614,67104622
1379256614,67104624
1379256614,67104625
1379256614,67104626
1379256614,67104627
1379256614,67104628
1379256614,67104629
1379256614,67104630
1379256614,67104631
1379256614,67104632
1379256614,67104633
1379256614,67104636
1379256614,67104637
1379256614,67104639
1379256614,67104640
1379256614,67104641
1379256614,67104642
1379256614,67104643
1379256614,67104644
1379256614,67104646
1379256614,67104647
1379256614,67104649
1379256614,67104650
1379256614,67104651
1379256614,67104654
1379256614,67104655
1379256614,67104656
1379256614,67104657
1379256614,67104658
1379256614,67104659
1379256614,67104660
1379256614,67104661
1379256614,67104662
1379256614,67104663
1379256614,67104664
1379256614,67104665
1379256614,67104666
1379256614,67104669
1379256614,67104902
15171822754,67104311
15171822754,67104638
15171822754,67104671
15171822754,67107185
15171822754,67107186
15171822754,67107187
15171822754,67107188
15171822754,67107189
28964388894,67104030
28964388894,67104031
28964388894,67104032
28964388894,67104033
28964388894,67104034
28964388894,67104035
28964388894,67104036
28964388894,67104037
28964388894,67104038
28964388894,67104039
28964388894,67104040
28964388894,67104041
28964388894,67104042
28964388894,67104043
28964388894,67104044
28964388894,67104045
28964388894,67104046
28964388894,67104047
28964388894,67104048
28964388894,67104049
28964388894,67104050
28964388894,67104051
28964388894,67104052
28964388894,67104053
28964388894,67104054
28964388894,67104055
28964388894,67104056
28964388894,67104057
28964388894,67104058
28964388894,67104059
28964388894,67104060
28964388894,67104061
28964388894,67104062
28964388894,67104063
28964388894,67104064
28964388894,67104065
28964388894,67104066
28964388894,67104067
28964388894,67104068
28964388894,67104069
28964388894,67104070
28964388894,67104071
28964388894,67104072
28964388894,67104073
28964388894,67104074
28964388894,67104075
28964388894,67104076
28964388894,67104077
28964388894,67104078
28964388894,67104080
28964388894,67104081
28964388894,67104082
28964388894,67104083
28964388894,67104084
28964388894,67104085
28964388894,67104086
28964388894,67104087
28964388894,67104088
28964388894,67104090
28964388894,67104091
28964388894,67104092
28964388894,67104093
28964388894,67104094
28964388894,67104095
28964388894,67104096
28964388894,67104097
28964388894,67104098
28964388894,67104099
28964388894,67104100
28964388894,67104101
28964388894,67104102
28964388894,67104103
28964388894,67104104
28964388894,67104105
28964388894,67104106
28964388894,67104107
28964388894,67104108
28964388894,67104109
28964388894,67104110
28964388894,67104111
28964388894,67104112
28964388894,67104113
28964388894,67104114
28964388894,67104115
28964388894,67104116
28964388894,67104117
28964388894,67104118
28964388894,67104119
28964388894,67104120
28964388894,67104121
28964388894,67104122
28964388894,67104123
28964388894,67104124
28964388894,67104125
28964388894,67104126
28964388894,67104127
28964388894,67104128
28964388894,67104129
28964388894,67104130
28964388894,67104131
28964388894,67104132
28964388894,67104133
28964388894,67104134
28964388894,67104135
28964388894,67104136
28964388894,67104137
28964388894,67104138
28964388894,67104139
28964388894,67104140
28964388894,67104141
28964388894,67104142
28964388894,67104143
28964388894,67104144
28964388894,67104145
28964388894,67104147
28964388894,67104148
28964388894,67104149
28964388894,67104150
28964388894,67104151
28964388894,67104152
28964388894,67104153
28964388894,67104154
28964388894,67104155
28964388894,67106714
28964388894,67106720
42756955034,131252
42756955034,131257
42756955034,67104079
42756955034,67104089
42756955034,67104159
42756955034,67104160
42756955034,67104161
42756955034,67104162
42756955034,67104163
42756955034,67104165
42756955034,67104167
42756955034,67107061
42756955034,67107062
42756955034,67107070
42756955034,67107192
42756955034,67107195
42756955034,67107197
42756955034,67107205
42756955034,67107216
42756955034,67107222
42756955034,67107225
42756955034,67107234
42756955034,67107242
42756955034,67107255
42756955034,67107260
42756955034,67107263
42756955034,67107274
42756955034,67107276
42756955034,67107291
42756955034,67107295
42756955034,67107298
42756955034,67107309
42756955034,67107310
42756955034,67107314
42756955034,67107319
42756955034,67107335
42756955034,67107342
42756955034,67107365
42756955034,67107369
42756955034,67107401
42756955034,67107414
42756955034,67107417
42756955034,67107422
42756955034,67107434
42756955034,67107441
42756955034,67107445
42756955034,67107450
42756955034,67107457
42756955034,67107464
42756955034,67107465
42756955034,67107481
42756955034,67107511
42756955034,67107535
42756955034,67107542
42756955034,67107556
42756955034,67107564
42756955034,67107579
42756955034,67107593
42756955034,67107597
42756955034,67107602
42756955034,67107606
42756955034,67107619
42756955034,67107620
42756955034,67107622
42756955034,67107626
42756955034,67107630
42756955034,67107635
42756955034,67107639
42756955034,67107646
42756955034,67107647
42756955034,67107648
42756955034,67107652
42756955034,67107653
42756955034,67107656
42756955034,67107658
42756955034,67107666
42756955034,67107667
42756955034,67107669
42756955034,67107684
42756955034,67107688
42756955034,67107691
42756955034,67107694
42756955034,67107697
42756955034,67107699
42756955034,67107700
42756955034,67107702
42756955034,67107709
42756955034,67107710
42756955034,67107715
42756955034,67107740
42756955034,67107743
42756955034,67107757
42756955034,67107764
42756955034,67107792
42756955034,67107802
42756955034,67107821
42756955034,67107844
42756955034,67107845
42756955034,67107860
42756955034,67107866
42756955034,67107869
42756955034,67107893
42756955034,67107894
42756955034,67107915
42756955034,67107920
42756955034,67107930
42756955034,67107945
42756955034,67107949
42756955034,67107986
42756955034,67107996
42756955034,67108001
42756955034,67108011
42756955034,67108034
42756955034,67108054
42756955034,67108075
42756955034,67108126
42756955034,67108145
42756955034,67108148
42756955034,67108158
42756955034,67108225
42756955034,67108300
42756955034,67108668
42756955034,67108669
42756955034,67108670
42756955034,67108671
42756955034,67108672
42756955034,67108674
42756955034,67108676
56549521174,67104302
56549521174,67105630
56549521174,67105639
56549521174,67105655
56549521174,67105656
56549521174,67105669
56549521174,67105671
56549521174,67105677
56549521174,67105683
56549521174,67105684
56549521174,67105689
56549521174,67105693
56549521174,67105700
56549521174,67105701
56549521174,67105703
56549521174,67105707
56549521174,67105708
56549521174,67105711
56549521174,67105712
56549521174,67105714
56549521174,67105719
56549521174,67105726
56549521174,67105728
56549521174,67105730
56549521174,67105733
56549521174,67105735
56549521174,67105740
56549521174,67105743
56549521174,67105745
56549521174,67105747
56549521174,67105750
56549521174,67105751
56549521174,67105754
56549521174,67105755
56549521174,67105759
56549521174,67105760
56549521174,67105762
56549521174,67105764
56549521174,67105765
56549521174,67105766
56549521174,67105767
56549521174,67105774
56549521174,67105775
56549521174,67105778
56549521174,67105779
56549521174,67105783
56549521174,67105785
56549521174,67105787
56549521174,67105789
56549521174,67105790
56549521174,67105792
56549521174,67105793
56549521174,67105794
56549521174,67105797
56549521174,67105801
56549521174,67105803
56549521174,67105804
56549521174,67105806
56549521174,67105807
56549521174,67105808
56549521174,67105810
56549521174,67105811
56549521174,67105813
56549521174,67105814
56549521174,67105815
56549521174,67105816
56549521174,67105817
56549521174,67105818
56549521174,67105823
56549521174,67105827
56549521174,67105828
56549521174,67105830
56549521174,67105835
56549521174,67105836
56549521174,67105837
56549521174,67105838
56549521174,67105840
56549521174,67105841
56549521174,67105843
56549521174,67105844
56549521174,67105846
56549521174,67105847
56549521174,67105848
56549521174,67105850
56549521174,67105851
56549521174,67105852
56549521174,67105853
56549521174,67105854
56549521174,67105856
56549521174,67105857
56549521174,67105858
56549521174,67105859
56549521174,67105860
56549521174,67105863
56549521174,67105866
56549521174,67105867
56549521174,67105868
56549521174,67105870
56549521174,67105871
56549521174,67105872
56549521174,67105874
56549521174,67105875
56549521174,67105876
56549521174,67105877
56549521174,67105878
56549521174,67105879
56549521174,67105883
56549521174,67105884
56549521174,67105885
56549521174,67105886
56549521174,67105889
56549521174,67105890
56549521174,67105892
56549521174,67105893
56549521174,67105894
56549521174,67105895
56549521174,67105899
56549521174,67105900
56549521174,67105901
56549521174,67105902
56549521174,67105904
56549521174,67105906
56549521174,67105907
56549521174,67105908
56549521174,67105909
56549521174,67105910
56549521174,67105912
56549521174,67105913
70342087314,131251
70342087314,131258
70342087314,131259
70342087314,131260
70342087314,67104164
70342087314,67104166
70342087314,67104168
70342087314,67104169
70342087314,67104170
70342087314,67104171
70342087314,67104172
70342087314,67104213
70342087314,67104421
70342087314,67107705
70342087314,67107719
70342087314,67107729
70342087314,67107734
70342087314,67107737
70342087314,67107753
70342087314,67107758
70342087314,67107761
70342087314,67107762
70342087314,67107766
70342087314,67107768
70342087314,67107769
70342087314,67107772
70342087314,67107775
70342087314,67107776
70342087314,67107777
70342087314,67107778
70342087314,67107779
70342087314,67107786
70342087314,67107790
70342087314,67107791
70342087314,67107793
70342087314,67107794
70342087314,67107797
70342087314,67107807
70342087314,67107813
70342087314,67107815
70342087314,67107816
70342087314,67107819
70342087314,67107824
70342087314,67107827
70342087314,67107833
70342087314,67107846
70342087314,67107871
70342087314,67107877
70342087314,67107895
70342087314,67107912
70342087314,67107940
70342087314,67107941
70342087314,67107942
70342087314,67107989
70342087314,67107990
70342087314,67107992
70342087314,67108007
70342087314,67108020
70342087314,67108021
70342087314,67108030
70342087314,67108035
70342087314,67108040
70342087314,67108041
70342087314,67108048
70342087314,67108050
70342087314,67108063
70342087314,67108073
70342087314,67108079
70342087314,67108083
70342087314,67108090
70342087314,67108110
70342087314,67108111
70342087314,67108132
70342087314,67108149
70342087314,67108152
70342087314,67108153
70342087314,67108165
70342087314,67108198
70342087314,67108201
70342087314,67108205
70342087314,67108213
70342087314,67108219
70342087314,67108229
70342087314,67108233
70342087314,67108236
70342087314,67108238
70342087314,67108254
70342087314,67108255
70342087314,67108256
70342087314,67108259
70342087314,67108269
70342087314,67108287
70342087314,67108312
70342087314,67108315
70342087314,67108319
70342087314,67108320
70342087314,67108327
70342087314,67108328
70342087314,67108331
70342087314,67108333
70342087314,67108342
70342087314,67108353
70342087314,67108355
70342087314,67108356
70342087314,67108358
70342087314,67108363
70342087314,67108365
70342087314,67108367
70342087314,67108370
70342087314,67108372
70342087314,67108374
70342087314,67108380
70342087314,67108409
70342087314,67108417
70342087314,67108419
70342087314,67108426
70342087314,67108431
70342087314,67108450
70342087314,67108457
70342087314,67108533
70342087314,67108673
70342087314,67108675
70342087314,67108677
70342087314,67108678
70342087314,67108679
70342087314,67108680
70342087314,67108681
70342087314,67108722
84134653454,131254
84134653454,67104952
84134653454,67104968
84134653454,67104979
84134653454,67105067
84134653454,67105090
84134653454,67105117
84134653454,67105119
84134653454,67105132
84134653454,67105144
84134653454,67105157
84134653454,67105173
84134653454,67105224
84134653454,67105250
84134653454,67105253
84134653454,67105267
84134653454,67105277
84134653454,67105313
84134653454,67105340
84134653454,67105356
84134653454,67105362
84134653454,67105403
84134653454,67105418
84134653454,67105420
84134653454,67105440
84134653454,67105442
84134653454,67105456
84134653454,67105457
84134653454,67105468
84134653454,67105469
84134653454,67105495
84134653454,67105505
84134653454,67105520
84134653454,67105524
84134653454,67105533
84134653454,67105580
84134653454,67105591
84134653454,67105599
84134653454,67105603
84134653454,67105604
84134653454,67105607
84134653454,67105611
84134653454,67105612
84134653454,67105614
84134653454,67105615
84134653454,67105616
84134653454,67105617
84134653454,67105618
84134653454,67105620
84134653454,67105622
84134653454,67105624
84134653454,67105629
84134653454,67105637
84134653454,67105642
84134653454,67105661
84134653454,67105662
84134653454,67105670
84134653454,67105672
84134653454,67105691
84134653454,67105696
84134653454,67105724
84134653454,67105731
84134653454,67105734
84134653454,67105739
84134653454,67105742
84134653454,67105744
84134653454,67105746
84134653454,67105749
84134653454,67105761
84134653454,67105768
84134653454,67105791
84134653454,67105795
84134653454,67105829
84134653454,67105831
84134653454,67105842
84134653454,67105869
84134653454,67105898
84134653454,67105924
84134653454,67105925
84134653454,67105938
84134653454,67105942
84134653454,67105945
84134653454,67105951
84134653454,67105954
84134653454,67105959
84134653454,67105961
84134653454,67105962
84134653454,67105963
84134653454,67105965
84134653454,67105968
84134653454,67105969
84134653454,67105977
84134653454,67105978
84134653454,67105985
84134653454,67105989
84134653454,67105991
84134653454,67105993
84134653454,67105995
84134653454,67105997
84134653454,67105998
84134653454,67106001
84134653454,67106002
84134653454,67106005
84134653454,67106006
84134653454,67106015
84134653454,67106017
84134653454,67106018
84134653454,67106020
84134653454,67106021
84134653454,67106022
84134653454,67106023
84134653454,67106027
84134653454,67106030
84134653454,67106031
84134653454,67106033
84134653454,67106034
84134653454,67106038
84134653454,67106039
84134653454,67106040
84134653454,67106044
84134653454,67106045
84134653454,67106051
84134653454,67106052
84134653454,67106056
84134653454,67106783
84134653454,67106881
84134653454,67108665
97927219594,67104287
97927219594,67104288
97927219594,67104793
97927219594,67104796
97927219594,67104801
97927219594,67104816
97927219594,67104826
97927219594,67104830
97927219594,67104836
97927219594,67104844
97927219594,67104847
97927219594,67104860
97927219594,67104862
97927219594,67104865
97927219594,67104874
97927219594,67104912
97927219594,67104914
97927219594,67104916
97927219594,67104918
97927219594,67104929
97927219594,67104930
97927219594,67104933
97927219594,67104935
97927219594,67104937
97927219594,67104940
97927219594,67104941
97927219594,67104943
97927219594,67104944
97927219594,67104945
97927219594,67104946
97927219594,67104947
97927219594,67104948
97927219594,67104949
97927219594,67104951
97927219594,67104953
97927219594,67104955
97927219594,67104957
97927219594,67104958
97927219594,67104959
97927219594,67104960
97927219594,67104963
97927219594,67104973
97927219594,67104974
97927219594,67104975
97927219594,67104976
97927219594,67104977
97927219594,67104978
97927219594,67104980
97927219594,67104981
97927219594,67104983
97927219594,67104984
97927219594,67104985
97927219594,67104988
97927219594,67104992
97927219594,67104993
97927219594,67104994
97927219594,67104995
97927219594,67104996
97927219594,67104997
97927219594,67104998
97927219594,67104999
97927219594,67105000
97927219594,67105003
97927219594,67105004
97927219594,67105006
97927219594,67105007
97927219594,67105009
97927219594,67105010
97927219594,67105011
97927219594,67105012
97927219594,67105013
97927219594,67105014
97927219594,67105015
97927219594,67105016
97927219594,67105017
97927219594,67105018
97927219594,67105019
97927219594,67105020
97927219594,67105021
97927219594,67105022
97927219594,67105023
97927219594,67105024
97927219594,67105025
97927219594,67105026
97927219594,67105028
97927219594,67105030
97927219594,67105031
97927219594,67105034
97927219594,67105035
97927219594,67105036
97927219594,67105037
97927219594,67105039
97927219594,67105040
97927219594,67105041
97927219594,67105042
97927219594,67105043
97927219594,67105044
97927219594,67105045
97927219594,67105046
97927219594,67105047
97927219594,67105049
97927219594,67105050
97927219594,67105051
97927219594,67105052
97927219594,67105053
97927219594,67105056
97927219594,67105058
97927219594,67105059
97927219594,67105060
97927219594,67105061
97927219594,67105062
97927219594,67105063
97927219594,67105064
97927219594,67105065
97927219594,67105066
97927219594,67105068
97927219594,67105069
97927219594,67105070
97927219594,67105074
97927219594,67105075
97927219594,67105076
97927219594,67105077
97927219594,67105078
97927219594,67105079
97927219594,67105080
97927219594,67105081
97927219594,67105082
111719785734,67107299
111719785734,67107317
111719785734,67107322
111719785734,67107332
111719785734,67107339
111719785734,67107343
111719785734,67107353
111719785734,67107355
111719785734,67107359
111719785734,67107362
111719785734,67107364
111719785734,67107370
111719785734,67107374
111719785734,67107375
111719785734,67107377
111719785734,67107379
111719785734,67107380
111719785734,67107381
111719785734,67107382
111719785734,67107383
111719785734,67107384
111719785734,67107385
111719785734,67107396
111719785734,67107397
111719785734,67107399
111719785734,67107400
111719785734,67107402
111719785734,67107405
111719785734,67107407
111719785734,67107409
111719785734,67107411
111719785734,67107413
111719785734,67107415
111719785734,67107416
111719785734,67107420
111719785734,67107421
111719785734,67107430
111719785734,67107432
111719785734,67107437
111719785734,67107442
111719785734,67107443
111719785734,67107444
111719785734,67107446
111719785734,67107447
111719785734,67107448
111719785734,67107451
111719785734,67107453
111719785734,67107455
111719785734,67107458
111719785734,67107459
111719785734,67107460
111719785734,67107461
111719785734,67107462
111719785734,67107463
111719785734,67107467
111719785734,67107469
111719785734,67107470
111719785734,67107471
111719785734,67107472
111719785734,67107473
111719785734,67107474
111719785734,67107476
111719785734,67107477
111719785734,67107478
111719785734,67107479
111719785734,67107482
111719785734,67107483
111719785734,67107484
111719785734,67107485
111719785734,67107486
111719785734,67107487
111719785734,67107488
111719785734,67107490
111719785734,67107491
111719785734,67107493
111719785734,67107494
111719785734,67107495
111719785734,67107496
111719785734,67107497
111719785734,67107498
111719785734,67107499
111719785734,67107500
111719785734,67107502
111719785734,67107503
111719785734,67107504
111719785734,67107505
111719785734,67107506
111719785734,67107507
111719785734,67107508
111719785734,67107509
111719785734,67107510
111719785734,67107512
111719785734,67107513
111719785734,67107514
111719785734,67107515
111719785734,67107516
111719785734,67107517
111719785734,67107518
111719785734,67107519
111719785734,67107520
111719785734,67107521
111719785734,67107522
111719785734,67107523
111719785734,67107524
111719785734,67107525
111719785734,67107526
111719785734,67107527
111719785734,67107528
111719785734,67107529
111719785734,67107530
111719785734,67107531
111719785734,67107532
111719785734,67107533
111719785734,67107534
111719785734,67107536
111719785734,67107537
111719785734,67107538
111719785734,67107539
111719785734,67107540
111719785734,67107541
111719785734,67107543
111719785734,67107544
111719785734,67107545
111719785734,67107546
111719785734,67107547
111719785734,67107548
125512351874,131253
125512351874,67104791
125512351874,67104794
125512351874,67104797
125512351874,67104814
125512351874,67104821
125512351874,67104827
125512351874,67104833
125512351874,67104838
125512351874,67104851
125512351874,67104857
125512351874,67104861
125512351874,67104869
125512351874,67104870
125512351874,67104876
125512351874,67104880
125512351874,67104913
125512351874,67104965
125512351874,67104970
125512351874,67105001
125512351874,67105029
125512351874,67105033
125512351874,67105048
125512351874,67105071
125512351874,67105086
125512351874,67105103
125512351874,67105104
125512351874,67105105
125512351874,67105106
125512351874,67105115
125512351874,67105120
125512351874,67105135
125512351874,67105142
125512351874,67105155
125512351874,67105159
125512351874,67105165
125512351874,67105167
125512351874,67105172
125512351874,67105174
125512351874,67105176
125512351874,67105191
125512351874,67105198
125512351874,67105200
125512351874,67105206
125512351874,67105213
125512351874,67105221
125512351874,67105228
125512351874,67105237
125512351874,67105238
125512351874,67105239
125512351874,67105241
125512351874,67105245
125512351874,67105247
125512351874,67105248
125512351874,67105255
125512351874,67105257
125512351874,67105258
125512351874,67105260
125512351874,67105264
125512351874,67105265
125512351874,67105266
125512351874,67105268
125512351874,67105269
125512351874,67105272
125512351874,67105275
125512351874,67105278
125512351874,67105279
125512351874,67105283
125512351874,67105284
125512351874,67105285
125512351874,67105287
125512351874,67105289
125512351874,67105292
125512351874,67105294
125512351874,67105295
125512351874,67105299
125512351874,67105301
125512351874,67105304
125512351874,67105305
125512351874,67105306
125512351874,67105310
125512351874,67105311
125512351874,67105318
125512351874,67105319
125512351874,67105322
125512351874,67105323
125512351874,67105324
125512351874,67105326
125512351874,67105327
125512351874,67105330
125512351874,67105333
125512351874,67105334
125512351874,67105339
125512351874,67105341
125512351874,67105342
125512351874,67105344
125512351874,67105346
125512351874,67105347
125512351874,67105352
125512351874,67105354
125512351874,67105355
125512351874,67105359
125512351874,67105360
125512351874,67105361
125512351874,67105365
125512351874,67105366
125512351874,67105367
125512351874,67105368
125512351874,67105369
125512351874,67105371
125512351874,67105372
125512351874,67105373
125512351874,67105376
125512351874,67105377
125512351874,67105382
125512351874,67105384
125512351874,67105386
125512351874,67105387
125512351874,67105390
125512351874,67105391
125512351874,67105393
125512351874,67105395
125512351874,67105398
125512351874,67105399
125512351874,67105400
125512351874,67105401
125512351874,67105404
125512351874,67105405
139304918014,67104180
139304918014,67104183
139304918014,67104186
139304918014,67104191
139304918014,67104196
139304918014,67104200
139304918014,67104205
139304918014,67104208
139304918014,67104210
139304918014,67104211
139304918014,67104212
139304918014,67104218
139304918014,67104219
139304918014,67104253
139304918014,67104254
139304918014,67104257
139304918014,67104259
139304918014,67104260
139304918014,67104261
139304918014,67104262
139304918014,67104264
139304918014,67104265
139304918014,67104266
139304918014,67104268
139304918014,67104269
139304918014,67104270
139304918014,67104272
139304918014,67104273
139304918014,67104279
139304918014,67104280
139304918014,67104282
139304918014,67104283
139304918014,67104284
139304918014,67107190
139304918014,67107191
139304918014,67107193
139304918014,67107202
139304918014,67107203
139304918014,67107206
139304918014,67107217
139304918014,67107218
139304918014,67107230
139304918014,67107254
139304918014,67107257
139304918014,67107258
139304918014,67107267
139304918014,67107275
139304918014,67107280
139304918014,67107284
139304918014,67107302
139304918014,67107304
139304918014,67107307
139304918014,67107315
139304918014,67107324
139304918014,67107334
139304918014,67107350
139304918014,67107373
139304918014,67107376
139304918014,67107390
139304918014,67107560
139304918014,67107592
139304918014,67107608
139304918014,67107623
139304918014,67107649
139304918014,67107654
139304918014,67107662
139304918014,67107663
139304918014,67107671
139304918014,67107672
139304918014,67107673
139304918014,67107726
139304918014,67107744
139304918014,67107855
139304918014,67108024
139304918014,67108477
139304918014,67108508
139304918014,67108523
139304918014,67108544
139304918014,67108618
139304918014,67108621
139304918014,67108622
139304918014,67108623
139304918014,67108628
139304918014,67108630
139304918014,67108634
139304918014,67108639
139304918014,67108642
139304918014,67108643
139304918014,67108656
139304918014,67108661
139304918014,67108664
139304918014,67108689
139304918014,67108692
139304918014,67108695
139304918014,67108705
139304918014,67108709
139304918014,67108714
139304918014,67108717
139304918014,67108721
139304918014,67108726
139304918014,67108727
139304918014,67108728
139304918014,67108731
139304918014,67108763
139304918014,67108766
139304918014,67108768
139304918014,67108769
139304918014,67108770
139304918014,67108771
139304918014,67108773
139304918014,67108774
139304918014,67108775
139304918014,67108776
139304918014,67108777
139304918014,67108778
139304918014,67108779
139304918014,67108781
139304918014,67108782
139304918014,67108786
139304918014,67108788
139304918014,67108791
139304918014,67108793
153097484154,67104197
153097484154,67104222
153097484154,67104223
153097484154,67104256
153097484154,67104258
153097484154,67104263
153097484154,67104267
153097484154,67104271
153097484154,67104274
153097484154,67104275
153097484154,67104276
153097484154,67104277
153097484154,67104278
153097484154,67104281
153097484154,67104298
153097484154,67104672
153097484154,67104673
153097484154,67104675
153097484154,67104676
153097484154,67104677
153097484154,67104678
153097484154,67104679
153097484154,67104680
153097484154,67104681
153097484154,67104682
153097484154,67104683
153097484154,67104684
153097484154,67104685
153097484154,67104686
153097484154,67104688
153097484154,67104689
153097484154,67104690
153097484154,67104691
153097484154,67104693
153097484154,67104694
153097484154,67104695
153097484154,67104696
153097484154,67104697
153097484154,67104698
153097484154,67104699
153097484154,67104700
153097484154,67104701
153097484154,67104702
153097484154,67104703
153097484154,67104704
153097484154,67104706
153097484154,67104707
153097484154,67104708
153097484154,67104709
153097484154,67104710
153097484154,67104711
153097484154,67104712
153097484154,67104713
153097484154,67104714
153097484154,67104716
153097484154,67104717
153097484154,67104718
153097484154,67104722
153097484154,67104723
153097484154,67104724
153097484154,67104725
153097484154,67104726
153097484154,67104727
153097484154,67104728
153097484154,67104730
153097484154,67104734
153097484154,67104736
153097484154,67104737
153097484154,67104738
153097484154,67104739
153097484154,67104740
153097484154,67104742
153097484154,67104743
153097484154,67104744
153097484154,67104745
153097484154,67106725
153097484154,67106816
153097484154,67106862
153097484154,67106888
153097484154,67106891
153097484154,67106905
153097484154,67106916
153097484154,67106926
153097484154,67106931
153097484154,67106933
153097484154,67106960
153097484154,67106965
153097484154,67107002
153097484154,67107038
153097484154,67107045
153097484154,67107052
153097484154,67107056
153097484154,67108608
153097484154,67108612
153097484154,67108616
153097484154,67108617
153097484154,67108624
153097484154,67108625
153097484154,67108627
153097484154,67108631
153097484154,67108632
153097484154,67108635
153097484154,67108636
153097484154,67108640
153097484154,67108641
153097484154,67108648
153097484154,67108652
153097484154,67108653
153097484154,67108657
153097484154,67108658
153097484154,67108659
153097484154,67108662
153097484154,67108701
153097484154,67108765
153097484154,67108767
153097484154,67108772
153097484154,67108780
153097484154,67108783
153097484154,67108784
153097484154,67108787
153097484154,67108789
153097484154,67108790
153097484154,67108792
166890050294,67104227
166890050294,67104243
166890050294,67104246
166890050294,67108166
166890050294,67108167
166890050294,67108168
166890050294,67108169
166890050294,67108170
166890050294,67108171
166890050294,67108175
166890050294,67108176
166890050294,67108178
166890050294,67108179
166890050294,67108180
166890050294,67108181
166890050294,67108183
166890050294,67108184
166890050294,67108185
166890050294,67108187
166890050294,67108190
166890050294,67108192
166890050294,67108193
166890050294,67108194
166890050294,67108195
166890050294,67108200
166890050294,67108204
166890050294,67108206
166890050294,67108209
166890050294,67108211
166890050294,67108212
166890050294,67108215
166890050294,67108216
166890050294,67108218
166890050294,67108221
166890050294,67108224
166890050294,67108226
166890050294,67108228
166890050294,67108230
166890050294,67108232
166890050294,67108234
166890050294,67108235
166890050294,67108240
166890050294,67108241
166890050294,67108242
166890050294,67108243
166890050294,67108246
166890050294,67108247
166890050294,67108248
166890050294,67108249
166890050294,67108250
166890050294,67108252
166890050294,67108253
166890050294,67108260
166890050294,67108261
166890050294,67108262
166890050294,67108263
166890050294,67108266
166890050294,67108267
166890050294,67108270
166890050294,67108271
166890050294,67108277
166890050294,67108278
166890050294,67108280
166890050294,67108281
166890050294,67108282
166890050294,67108286
166890050294,67108289
166890050294,67108290
166890050294,67108291
166890050294,67108295
166890050294,67108296
166890050294,67108297
166890050294,67108298
166890050294,67108301
166890050294,67108303
166890050294,67108304
166890050294,67108305
166890050294,67108308
166890050294,67108309
166890050294,67108311
166890050294,67108318
166890050294,67108329
166890050294,67108332
166890050294,67108338
166890050294,67108343
166890050294,67108345
166890050294,67108346
166890050294,67108348
166890050294,67108349
166890050294,67108357
166890050294,67108359
166890050294,67108361
166890050294,67108364
166890050294,67108366
166890050294,67108369
166890050294,67108376
166890050294,67108383
166890050294,67108388
166890050294,67108389
166890050294,67108390
166890050294,67108391
166890050294,67108397
166890050294,67108399
166890050294,67108403
166890050294,67108405
166890050294,67108406
166890050294,67108412
166890050294,67108421
166890050294,67108428
166890050294,67108429
166890050294,67108432
166890050294,67108434
166890050294,67108435
166890050294,67108439
166890050294,67108444
166890050294,67108445
166890050294,67108446
166890050294,67108456
166890050294,67108559
166890050294,67108587
166890050294,67108595
166890050294,67108736
166890050294,67108751
166890050294,67108755
180682616434,67104435
180682616434,67104820
180682616434,67104852
180682616434,67104859
180682616434,67104877
180682616434,67104911
180682616434,67104931
180682616434,67104987
180682616434,67105073
180682616434,67105087
180682616434,67105088
180682616434,67105093
180682616434,67105113
180682616434,67105130
180682616434,67105141
180682616434,67105171
180682616434,67105177
180682616434,67105184
180682616434,67105185
180682616434,67105186
180682616434,67105188
180682616434,67105190
180682616434,67105192
180682616434,67105204
180682616434,67105209
180682616434,67105218
180682616434,67105219
180682616434,67105235
180682616434,67105242
180682616434,67105254
180682616434,67105273
180682616434,67105280
180682616434,67105290
180682616434,67105296
180682616434,67105309
180682616434,67105317
180682616434,67105343
180682616434,67105345
180682616434,67105351
180682616434,67105357
180682616434,67105375
180682616434,67105381
180682616434,67105389
180682616434,67105392
180682616434,67105396
180682616434,67105413
180682616434,67105417
180682616434,67105419
180682616434,67105424
180682616434,67105427
180682616434,67105431
180682616434,67105433
180682616434,67105434
180682616434,67105436
180682616434,67105437
180682616434,67105439
180682616434,67105443
180682616434,67105444
180682616434,67105445
180682616434,67105446
180682616434,67105447
180682616434,67105449
180682616434,67105451
180682616434,67105452
180682616434,67105454
180682616434,67105458
180682616434,67105460
180682616434,67105462
180682616434,67105463
180682616434,67105464
180682616434,67105465
180682616434,67105467
180682616434,67105470
180682616434,67105474
180682616434,67105475
180682616434,67105477
180682616434,67105478
180682616434,67105484
180682616434,67105487
180682616434,67105488
180682616434,67105497
180682616434,67105511
180682616434,67105515
180682616434,67105527
180682616434,67105531
180682616434,67105534
180682616434,67105536
180682616434,67105541
180682616434,67105542
180682616434,67105545
180682616434,67105546
180682616434,67105550
180682616434,67105554
180682616434,67105557
180682616434,67105559
180682616434,67105561
180682616434,67105562
180682616434,67105563
180682616434,67105564
180682616434,67105566
180682616434,67105567
180682616434,67105568
180682616434,67105571
180682616434,67105576
180682616434,67105579
180682616434,67105582
180682616434,67105583
180682616434,67105584
180682616434,67105585
180682616434,67105586
180682616434,67105587
180682616434,67105589
180682616434,67105590
180682616434,67105592
180682616434,67105593
180682616434,67105594
180682616434,67105595
180682616434,67105600
180682616434,67105601
180682616434,67105602
180682616434,67105606
180682616434,67105610
180682616434,67105613
194475182574,67104291
194475182574,67104765
194475182574,67104770
194475182574,67104792
194475182574,67104805
194475182574,67104853
194475182574,67105168
194475182574,67105214
194475182574,67105246
194475182574,67105252
194475182574,67105336
194475182574,67105572
194475182574,67105596
194475182574,67105598
194475182574,67105928
194475182574,67105937
194475182574,67106000
194475182574,67106025
194475182574,67106026
194475182574,67106050
194475182574,67106053
194475182574,67106054
194475182574,67106071
194475182574,67106127
194475182574,67106129
194475182574,67106138
194475182574,67106140
194475182574,67106142
194475182574,67106143
194475182574,67106147
194475182574,67106154
194475182574,67106165
194475182574,67106166
194475182574,67106175
194475182574,67106195
194475182574,67106205
194475182574,67106206
194475182574,67106210
194475182574,67106221
194475182574,67106222
194475182574,67106223
194475182574,67106225
194475182574,67106231
194475182574,67106232
194475182574,67106238
194475182574,67106240
194475182574,67106246
194475182574,67106247
194475182574,67106249
194475182574,67106260
194475182574,67106261
194475182574,67106267
194475182574,67106271
194475182574,67106272
194475182574,67106274
194475182574,67106276
194475182574,67106282
194475182574,67106289
194475182574,67106291
194475182574,67106293
194475182574,67106298
194475182574,67106302
194475182574,67106315
194475182574,67106316
194475182574,67106325
194475182574,67106328
194475182574,67106330
194475182574,67106335
194475182574,67106337
194475182574,67106341
194475182574,67106344
194475182574,67106349
194475182574,67106350
194475182574,67106351
194475182574,67106352
194475182574,67106356
194475182574,67106366
194475182574,67106369
194475182574,67106371
194475182574,67106384
194475182574,67106385
194475182574,67106386
194475182574,67106391
194475182574,67106393
194475182574,67106395
194475182574,67106404
194475182574,67106413
194475182574,67106414
194475182574,67106415
194475182574,67106419
194475182574,67106420
194475182574,67106427
194475182574,67106428
194475182574,67106431
194475182574,67106432
194475182574,67106436
194475182574,67106437
194475182574,67106438
194475182574,67106439
194475182574,67106440
194475182574,67106443
194475182574,67106447
194475182574,67106448
194475182574,67106451
194475182574,67106458
194475182574,67106461
194475182574,67106465
194475182574,67106466
194475182574,67106469
194475182574,67106471
194475182574,67106481
194475182574,67106482
194475182574,67106484
194475182574,67106485
194475182574,67106487
194475182574,67106496
194475182574,67106497
194475182574,67106504
194475182574,67106510
194475182574,67106514
194475182574,67106532
194475182574,67106534
194475182574,67106535
208267748714,67104175
208267748714,67104188
208267748714,67104190
208267748714,67104204
208267748714,67104220
208267748714,67104225
208267748714,67104226
208267748714,67104229
208267748714,67104231
208267748714,67104233
208267748714,67104240
208267748714,67104252
208267748714,67104306
208267748714,67107059
208267748714,67107064
208267748714,67107071
208267748714,67107073
208267748714,67107207
208267748714,67107221
208267748714,67107227
208267748714,67107229
208267748714,67107232
208267748714,67107236
208267748714,67107237
208267748714,67107238
208267748714,67107239
208267748714,67107240
208267748714,67107241
208267748714,67107243
208267748714,67107246
208267748714,67107249
208267748714,67107252
208267748714,67107262
208267748714,67107265
208267748714,67107266
208267748714,67107269
208267748714,67107270
208267748714,67107271
208267748714,67107273
208267748714,67107277
208267748714,67107279
208267748714,67107281
208267748714,67107282
208267748714,67107286
208267748714,67107287
208267748714,67107290
208267748714,67107293
208267748714,67107300
208267748714,67107301
208267748714,67107311
208267748714,67107313
208267748714,67107316
208267748714,67107318
208267748714,67107320
208267748714,67107323
208267748714,67107326
208267748714,67107327
208267748714,67107328
208267748714,67107333
208267748714,67107336
208267748714,67107337
208267748714,67107338
208267748714,67107341
208267748714,67107344
208267748714,67107345
208267748714,67107346
208267748714,67107347
208267748714,67107348
208267748714,67107349
208267748714,67107356
208267748714,67107366
208267748714,67107371
208267748714,67107386
208267748714,67107387
208267748714,67107388
208267748714,67107393
208267748714,67107394
208267748714,67107395
208267748714,67107404
208267748714,67107408
208267748714,67107410
208267748714,67107412
208267748714,67107418
208267748714,67107419
208267748714,67107423
208267748714,67107426
208267748714,67107429
208267748714,67107433
208267748714,67107435
208267748714,67107438
208267748714,67107439
208267748714,67107449
208267748714,67107452
208267748714,67107454
208267748714,67107456
208267748714,67107468
208267748714,67107572
208267748714,67107578
208267748714,67107645
208267748714,67107675
208267748714,67108486
208267748714,67108516
208267748714,67108546
208267748714,67108550
208267748714,67108558
208267748714,67108562
208267748714,67108570
208267748714,67108593
208267748714,67108613
208267748714,67108615
208267748714,67108655
208267748714,67108684
208267748714,67108697
208267748714,67108699
208267748714,67108713
208267748714,67108729
208267748714,67108734
208267748714,67108735
208267748714,67108738
208267748714,67108742
208267748714,67108743
208267748714,67108749
208267748714,67108761
222060314854,131255
222060314854,67104423
222060314854,67105694
222060314854,67105971
222060314854,67106159
222060314854,67106266
222060314854,67106374
222060314854,67106405
222060314854,67106453
222060314854,67106454
222060314854,67106455
222060314854,67106477
222060314854,67106490
222060314854,67106512
222060314854,67106515
222060314854,67106527
222060314854,67106528
222060314854,67106531
222060314854,67106541
222060314854,67106543
222060314854,67106547
222060314854,67106552
222060314854,67106562
222060314854,67106563
222060314854,67106564
222060314854,67106570
222060314854,67106573
222060314854,67106579
222060314854,67106581
222060314854,67106586
222060314854,67106587
222060314854,67106588
222060314854,67106592
222060314854,67106594
222060314854,67106595
222060314854,67106601
222060314854,67106604
222060314854,67106605
222060314854,67106607
222060314854,67106612
222060314854,67106617
222060314854,67106624
222060314854,67106633
222060314854,67106634
222060314854,67106635
222060314854,67106639
222060314854,67106646
222060314854,67106663
222060314854,67106664
222060314854,67106666
222060314854,67106669
222060314854,67106675
222060314854,67106676
222060314854,67106678
222060314854,67106679
222060314854,67106680
222060314854,67106682
222060314854,67106683
222060314854,67106684
222060314854,67106687
222060314854,67106689
222060314854,67106691
222060314854,67106692
222060314854,67106693
222060314854,67106694
222060314854,67106695
222060314854,67106696
222060314854,67106698
222060314854,67106699
222060314854,67106700
222060314854,67106701
222060314854,67106702
222060314854,67106703
222060314854,67106704
222060314854,67106705
222060314854,67106707
222060314854,67106709
222060314854,67106710
222060314854,67106712
222060314854,67106713
222060314854,67106716
222060314854,67106722
222060314854,67106723
222060314854,67106724
222060314854,67106726
222060314854,67106729
222060314854,67106730
222060314854,67106731
222060314854,67106733
222060314854,67106734
222060314854,67106737
222060314854,67106738
222060314854,67106739
222060314854,67106740
222060314854,67106742
222060314854,67106744
222060314854,67106747
222060314854,67106751
222060314854,67106755
222060314854,67106758
222060314854,67106759
222060314854,67106763
222060314854,67106767
222060314854,67106768
222060314854,67106769
222060314854,67106776
222060314854,67106777
222060314854,67106778
222060314854,67106779
222060314854,67106780
222060314854,67106781
222060314854,67106784
222060314854,67106786
222060314854,67106787
222060314854,67106789
222060314854,67106790
222060314854,67106792
222060314854,67106793
222060314854,67106794
222060314854,67106795
222060314854,67106796
222060314854,67106797
222060314854,67106798
222060314854,67106799
222060314854,67106800
222060314854,67106801
235852880994,67104173
235852880994,67104176
235852880994,67104177
235852880994,67104178
235852880994,67104179
235852880994,67104181
235852880994,67104182
235852880994,67104184
235852880994,67104185
235852880994,67104187
235852880994,67104189
235852880994,67104192
235852880994,67104193
235852880994,67104194
235852880994,67104195
235852880994,67104198
235852880994,67104199
235852880994,67104201
235852880994,67104202
235852880994,67104203
235852880994,67104206
235852880994,67104207
235852880994,67104209
235852880994,67104214
235852880994,67104215
235852880994,67104216
235852880994,67104217
235852880994,67104221
235852880994,67104224
235852880994,67104228
235852880994,67104230
235852880994,67104232
235852880994,67104234
235852880994,67104235
235852880994,67104236
235852880994,67104237
235852880994,67104238
235852880994,67104239
235852880994,67104241
235852880994,67104242
235852880994,67104244
235852880994,67104245
235852880994,67104247
235852880994,67104248
235852880994,67104249
235852880994,67104250
235852880994,67104251
235852880994,67104255
235852880994,67108208
235852880994,67108231
235852880994,67108239
235852880994,67108268
235852880994,67108293
235852880994,67108306
235852880994,67108314
235852880994,67108330
235852880994,67108335
235852880994,67108354
235852880994,67108371
235852880994,67108373
235852880994,67108460
235852880994,67108470
235852880994,67108475
235852880994,67108519
235852880994,67108520
235852880994,67108565
235852880994,67108577
235852880994,67108582
235852880994,67108592
235852880994,67108603
235852880994,67108645
235852880994,67108682
235852880994,67108683
235852880994,67108685
235852880994,67108686
235852880994,67108687
235852880994,67108688
235852880994,67108690
235852880994,67108691
235852880994,67108693
235852880994,67108694
235852880994,67108696
235852880994,67108698
235852880994,67108700
235852880994,67108702
235852880994,67108703
235852880994,67108704
235852880994,67108706
235852880994,67108707
235852880994,67108708
235852880994,67108710
235852880994,67108711
235852880994,67108712
235852880994,67108715
235852880994,67108716
235852880994,67108718
235852880994,67108719
235852880994,67108720
235852880994,67108723
235852880994,67108724
235852880994,67108725
235852880994,67108730
235852880994,67108732
235852880994,67108733
235852880994,67108737
235852880994,67108739
235852880994,67108740
235852880994,67108741
235852880994,67108744
235852880994,67108745
235852880994,67108746
235852880994,67108747
235852880994,67108748
235852880994,67108750
235852880994,67108752
235852880994,67108753
235852880994,67108754
235852880994,67108756
235852880994,67108757
235852880994,67108758
235852880994,67108759
235852880994,67108760
235852880994,67108762
235852880994,67108764
249645447134,131256
249645447134,67104687
249645447134,67104729
249645447134,67104754
249645447134,67104755
249645447134,67104760
249645447134,67104762
249645447134,67104764
249645447134,67104766
249645447134,67104767
249645447134,67104768
249645447134,67104769
249645447134,67104772
249645447134,67104773
249645447134,67104774
249645447134,67104783
249645447134,67104784
249645447134,67104785
249645447134,67104786
249645447134,67104787
249645447134,67104788
249645447134,67104795
249645447134,67104798
249645447134,67104799
249645447134,67104800
249645447134,67104804
249645447134,67104809
249645447134,67104813
249645447134,67104819
249645447134,67104822
249645447134,67104823
249645447134,67104825
249645447134,67104828
249645447134,67104831
249645447134,67104832
249645447134,67104835
249645447134,67104837
249645447134,67104841
249645447134,67104843
249645447134,67104848
249645447134,67104849
249645447134,67104855
249645447134,67104856
249645447134,67104858
249645447134,67104868
249645447134,67104872
249645447134,67104875
249645447134,67104878
249645447134,67104881
249645447134,67104884
249645447134,67104885
249645447134,67104887
249645447134,67104888
249645447134,67104889
249645447134,67104890
249645447134,67104893
249645447134,67104895
249645447134,67104897
249645447134,67104900
249645447134,67104901
249645447134,67104904
249645447134,67104915
249645447134,67104923
249645447134,67104924
249645447134,67104925
249645447134,67104926
249645447134,67104928
249645447134,67104932
249645447134,67104934
249645447134,67104938
249645447134,67104961
249645447134,67104962
249645447134,67104964
249645447134,67104966
249645447134,67104969
249645447134,67104971
249645447134,67104986
249645447134,67104990
249645447134,67104991
249645447134,67105008
249645447134,67106170
249645447134,67106237
249645447134,67106474
249645447134,67106613
249645447134,67106656
249645447134,67106773
249645447134,67106804
249645447134,67106808
249645447134,67106821
249645447134,67106823
249645447134,67106843
249645447134,67106857
249645447134,67106863
249645447134,67106865
249645447134,67106868
249645447134,67106872
249645447134,67106877
249645447134,67106880
249645447134,67106883
249645447134,67106885
249645447134,67106895
249645447134,67106901
249645447134,67106902
249645447134,67106906
249645447134,67106915
249645447134,67106921
249645447134,67106928
249645447134,67106929
249645447134,67106936
249645447134,67106959
249645447134,67106963
249645447134,67106974
249645447134,67106981
249645447134,67106994
249645447134,67107006
249645447134,67107015
249645447134,67107017
249645447134,67107028
249645447134,67107039
249645447134,67107049
249645447134,67107051
263438013274,67105833
263438013274,67106080
263438013274,67106081
263438013274,67106094
263438013274,67106103
263438013274,67106113
263438013274,67106114
263438013274,67106123
263438013274,67106124
263438013274,67106139
263438013274,67106150
263438013274,67106161
263438013274,67106164
263438013274,67106169
263438013274,67106201
263438013274,67106209
263438013274,67106227
263438013274,67106239
263438013274,67106250
263438013274,67106254
263438013274,67106263
263438013274,67106296
263438013274,67106329
263438013274,67106333
263438013274,67106336
263438013274,67106340
263438013274,67106343
263438013274,67106345
263438013274,67106346
263438013274,67106354
263438013274,67106355
263438013274,67106357
263438013274,67106358
263438013274,67106360
263438013274,67106363
263438013274,67106365
263438013274,67106367
263438013274,67106370
263438013274,67106372
263438013274,67106375
263438013274,67106377
263438013274,67106378
263438013274,67106380
263438013274,67106382
263438013274,67106388
263438013274,67106389
263438013274,67106390
263438013274,67106396
263438013274,67106397
263438013274,67106398
263438013274,67106399
263438013274,67106400
263438013274,67106401
263438013274,67106406
263438013274,67106407
263438013274,67106409
263438013274,67106416
263438013274,67106417
263438013274,67106423
263438013274,67106424
263438013274,67106426
263438013274,67106429
263438013274,67106435
263438013274,67106442
263438013274,67106445
263438013274,67106446
263438013274,67106449
263438013274,67106452
263438013274,67106457
263438013274,67106459
263438013274,67106464
263438013274,67106470
263438013274,67106473
263438013274,67106475
263438013274,67106478
263438013274,67106479
263438013274,67106480
263438013274,67106486
263438013274,67106489
263438013274,67106491
263438013274,67106492
263438013274,67106493
263438013274,67106494
263438013274,67106498
263438013274,67106500
263438013274,67106501
263438013274,67106503
263438013274,67106506
263438013274,67106508
263438013274,67106509
263438013274,67106518
263438013274,67106520
263438013274,67106522
263438013274,67106523
263438013274,67106525
263438013274,67106530
263438013274,67106533
263438013274,67106537
263438013274,67106538
263438013274,67106539
263438013274,67106542
263438013274,67106553
263438013274,67106554
263438013274,67106557
263438013274,67106559
263438013274,67106561
263438013274,67106565
263438013274,67106566
263438013274,67106569
263438013274,67106580
263438013274,67106582
263438013274,67106583
263438013274,67106584
263438013274,67106591
263438013274,67106593
263438013274,67106596
263438013274,67106598
263438013274,67106600
263438013274,67106603
263438013274,67106608
263438013274,67106609
263438013274,67106610
263438013274,67106611
263438013274,67106849
277230579414,67104425
277230579414,67107060
277230579414,67107066
277230579414,67107196
277230579414,67107201
277230579414,67107204
277230579414,67107208
277230579414,67107209
277230579414,67107210
277230579414,67107211
277230579414,67107214
277230579414,67107220
277230579414,67107223
277230579414,67107224
277230579414,67107228
277230579414,67107244
277230579414,67107245
277230579414,67107250
277230579414,67107251
277230579414,67107253
277230579414,67107261
277230579414,67107264
277230579414,67107268
277230579414,67107272
277230579414,67107278
277230579414,67107283
277230579414,67107288
277230579414,67107289
277230579414,67107297
277230579414,67107306
277230579414,67107308
277230579414,67107312
277230579414,67107329
277230579414,67107330
277230579414,67107331
277230579414,67107340
277230579414,67107351
277230579414,67107352
277230579414,67107354
277230579414,67107357
277230579414,67107360
277230579414,67107363
277230579414,67107367
277230579414,67107368
277230579414,67107378
277230579414,67107389
277230579414,67107391
277230579414,67107398
277230579414,67107403
277230579414,67107424
277230579414,67107425
277230579414,67107427
277230579414,67107428
277230579414,67107431
277230579414,67107436
277230579414,67107440
277230579414,67107466
277230579414,67107475
277230579414,67107492
277230579414,67107549
277230579414,67107550
277230579414,67107551
277230579414,67107554
277230579414,67107555
277230579414,67107557
277230579414,67107559
277230579414,67107561
277230579414,67107562
277230579414,67107563
277230579414,67107566
277230579414,67107567
277230579414,67107568
277230579414,67107569
277230579414,67107571
277230579414,67107573
277230579414,67107574
277230579414,67107575
277230579414,67107577
277230579414,67107580
277230579414,67107583
277230579414,67107584
277230579414,67107585
277230579414,67107587
277230579414,67107598
277230579414,67107600
277230579414,67107601
277230579414,67107604
277230579414,67107605
277230579414,67107610
277230579414,67107611
277230579414,67107612
277230579414,67107613
277230579414,67107614
277230579414,67107615
277230579414,67107616
277230579414,67107621
277230579414,67107627
277230579414,67107628
277230579414,67107629
277230579414,67107632
277230579414,67107636
277230579414,67107637
277230579414,67107641
277230579414,67107642
277230579414,67107650
277230579414,67107655
277230579414,67107657
277230579414,67107659
277230579414,67107661
277230579414,67107665
277230579414,67107668
277230579414,67107674
277230579414,67107676
277230579414,67107677
277230579414,67107679
277230579414,67107685
277230579414,67107687
277230579414,67107693
277230579414,67107695
277230579414,67107703
277230579414,67108467
277230579414,67108493
291023145554,67104293
291023145554,67104674
291023145554,67104731
291023145554,67104732
291023145554,67104741
291023145554,67104746
291023145554,67104771
291023145554,67104779
291023145554,67104790
291023145554,67104815
291023145554,67104834
291023145554,67104850
291023145554,67105005
291023145554,67105027
291023145554,67105094
291023145554,67105102
291023145554,67105121
291023145554,67105125
291023145554,67105143
291023145554,67105149
291023145554,67105189
291023145554,67105202
291023145554,67105203
291023145554,67105220
291023145554,67105256
291023145554,67105259
291023145554,67105263
291023145554,67105293
291023145554,67105302
291023145554,67105312
291023145554,67105328
291023145554,67105335
291023145554,67105337
291023145554,67105338
291023145554,67105364
291023145554,67105380
291023145554,67105430
291023145554,67105466
291023145554,67105501
291023145554,67105526
291023145554,67105535
291023145554,67105537
291023145554,67105574
291023145554,67105621
291023145554,67105623
291023145554,67105625
291023145554,67105643
291023145554,67105650
291023145554,67105664
291023145554,67105666
291023145554,67105697
291023145554,67105702
291023145554,67105716
291023145554,67105721
291023145554,67105770
291023145554,67105784
291023145554,67105788
291023145554,67105824
291023145554,67105825
291023145554,67105865
291023145554,67105873
291023145554,67105888
291023145554,67105926
291023145554,67105947
291023145554,67105972
291023145554,67105987
291023145554,67105994
291023145554,67106032
291023145554,67106049
291023145554,67106069
291023145554,67106073
291023145554,67106077
291023145554,67106079
291023145554,67106086
291023145554,67106088
291023145554,67106090
291023145554,67106097
291023145554,67106101
291023145554,67106102
291023145554,67106107
291023145554,67106126
291023145554,67106134
291023145554,67106141
291023145554,67106148
291023145554,67106160
291023145554,67106163
291023145554,67106511
291023145554,67106513
291023145554,67106549
291023145554,67106590
291023145554,67106615
291023145554,67106636
291023145554,67106649
291023145554,67106659
291023145554,67106668
291023145554,67106670
291023145554,67106671
291023145554,67106685
291023145554,67106743
291023145554,67106807
291023145554,67106845
291023145554,67106854
291023145554,67106864
291023145554,67106873
291023145554,67106927
291023145554,67106940
291023145554,67106943
291023145554,67106991
291023145554,67107011
291023145554,67107016
291023145554,67107029
291023145554,67107042
291023145554,67107057
291023145554,67107058
291023145554,67108579
291023145554,67108581
291023145554,67108590
291023145554,67108649
291023145554,67108650
291023145554,67108785
304815711694,67104756
304815711694,67104757
304815711694,67104777
304815711694,67104806
304815711694,67104883
304815711694,67104910
304815711694,67105032
304815711694,67105054
304815711694,67105055
304815711694,67105096
304815711694,67105111
304815711694,67105131
304815711694,67105133
304815711694,67105158
304815711694,67105187
304815711694,67105197
304815711694,67105225
304815711694,67105282
304815711694,67105303
304815711694,67105358
304815711694,67105370
304815711694,67105414
304815711694,67105455
304815711694,67105480
304815711694,67105481
304815711694,67105482
304815711694,67105483
304815711694,67105493
304815711694,67105502
304815711694,67105523
304815711694,67105543
304815711694,67105565
304815711694,67105609
304815711694,67105665
304815711694,67105675
304815711694,67105681
304815711694,67105690
304815711694,67105705
304815711694,67105706
304815711694,67105738
304815711694,67105763
304815711694,67105862
304815711694,67105916
304815711694,67105917
304815711694,67105930
304815711694,67105931
304815711694,67105936
304815711694,67105940
304815711694,67105941
304815711694,67105984
304815711694,67105990
304815711694,67106010
304815711694,67106042
304815711694,67106048
304815711694,67106068
304815711694,67106089
304815711694,67106132
304815711694,67106186
304815711694,67106198
304815711694,67106265
304815711694,67106270
304815711694,67106278
304815711694,67106285
304815711694,67106303
304815711694,67106320
304815711694,67106321
304815711694,67106359
304815711694,67106361
304815711694,67106362
304815711694,67106368
304815711694,67106381
304815711694,67106628
304815711694,67106640
304815711694,67106661
304815711694,67106749
304815711694,67106753
304815711694,67106754
304815711694,67106774
304815711694,67106806
304815711694,67106813
304815711694,67106827
304815711694,67106835
304815711694,67106836
304815711694,67106839
304815711694,67106851
304815711694,67106855
304815711694,67106894
304815711694,67106903
304815711694,67106918
304815711694,67106919
304815711694,67106935
304815711694,67106939
304815711694,67106941
304815711694,67106946
304815711694,67106951
304815711694,67106955
304815711694,67106961
304815711694,67106979
304815711694,67106984
304815711694,67106990
304815711694,67107020
304815711694,67107033
304815711694,67107034
304815711694,67107037
304815711694,67107040
304815711694,67108310
304815711694,67108326
304815711694,67108392
304815711694,67108415
304815711694,67108416
304815711694,67108423
304815711694,67108424
304815711694,67108433
304815711694,67108438
304815711694,67108440
304815711694,67108441
304815711694,67108442
304815711694,67108443
304815711694,67108452
304815711694,67108501
304815711694,67108505
304815711694,67108637
318608277834,67107067
318608277834,67107068
318608277834,67107074
318608277834,67107219
318608277834,67107321
318608277834,67107361
318608277834,67107392
318608277834,67107406
318608277834,67107480
318608277834,67107552
318608277834,67107565
318608277834,67107570
318608277834,67107576
318608277834,67107581
318608277834,67107586
318608277834,67107591
318608277834,67107603
318608277834,67107624
318608277834,67107625
318608277834,67107634
318608277834,67107638
318608277834,67107640
318608277834,67107644
318608277834,67107651
318608277834,67107670
318608277834,67107683
318608277834,67107689
318608277834,67107692
318608277834,67107701
318608277834,67108189
318608277834,67108202
318608277834,67108223
318608277834,67108264
318608277834,67108288
318608277834,67108292
318608277834,67108347
318608277834,67108368
318608277834,67108377
318608277834,67108378
318608277834,67108379
318608277834,67108381
318608277834,67108382
318608277834,67108384
318608277834,67108385
318608277834,67108386
318608277834,67108387
318608277834,67108393
318608277834,67108394
318608277834,67108395
318608277834,67108396
318608277834,67108398
318608277834,67108400
318608277834,67108401
318608277834,67108402
318608277834,67108404
318608277834,67108407
318608277834,67108408
318608277834,67108410
318608277834,67108411
318608277834,67108413
318608277834,67108414
318608277834,67108418
318608277834,67108420
318608277834,67108422
318608277834,67108425
318608277834,67108427
318608277834,67108430
318608277834,67108436
318608277834,67108437
318608277834,67108447
318608277834,67108448
318608277834,67108449
318608277834,67108451
318608277834,67108453
318608277834,67108454
318608277834,67108455
318608277834,67108458
318608277834,67108459
318608277834,67108461
318608277834,67108462
318608277834,67108464
318608277834,67108465
318608277834,67108466
318608277834,67108468
318608277834,67108471
318608277834,67108472
318608277834,67108478
318608277834,67108482
318608277834,67108483
318608277834,67108488
318608277834,67108490
318608277834,67108491
318608277834,67108495
318608277834,67108496
318608277834,67108498
318608277834,67108514
318608277834,67108518
318608277834,67108527
318608277834,67108528
318608277834,67108534
318608277834,67108536
318608277834,67108538
318608277834,67108540
318608277834,67108552
318608277834,67108554
318608277834,67108556
318608277834,67108564
318608277834,67108566
318608277834,67108576
318608277834,67108586
318608277834,67108591
318608277834,67108596
318608277834,67108601
318608277834,67108605
318608277834,67108606
318608277834,67108607
318608277834,67108609
318608277834,67108619
318608277834,67108620
318608277834,67108646
318608277834,67108647
318608277834,67108660
332400843974,67104292
332400843974,67104803
332400843974,67104864
332400843974,67105161
332400843974,67105162
332400843974,67105297
332400843974,67105432
332400843974,67105453
332400843974,67105507
332400843974,67105517
332400843974,67105518
332400843974,67105538
332400843974,67105556
332400843974,67105558
332400843974,67105577
332400843974,67105588
332400843974,67105628
332400843974,67105645
332400843974,67105646
332400843974,67105648
332400843974,67105652
332400843974,67105663
332400843974,67105692
332400843974,67105699
332400843974,67105709
332400843974,67105710
332400843974,67105732
332400843974,67105736
332400843974,67105737
332400843974,67105741
332400843974,67105756
332400843974,67105757
332400843974,67105772
332400843974,67105834
332400843974,67105839
332400843974,67105934
332400843974,67105935
332400843974,67105953
332400843974,67105955
332400843974,67105986
332400843974,67105992
332400843974,67105999
332400843974,67106004
332400843974,67106007
332400843974,67106008
332400843974,67106043
332400843974,67106046
332400843974,67106057
332400843974,67106062
332400843974,67106074
332400843974,67106087
332400843974,67106092
332400843974,67106100
332400843974,67106104
332400843974,67106105
332400843974,67106111
332400843974,67106112
332400843974,67106117
332400843974,67106128
332400843974,67106135
332400843974,67106149
332400843974,67106151
332400843974,67106157
332400843974,67106172
332400843974,67106173
332400843974,67106181
332400843974,67106191
332400843974,67106193
332400843974,67106204
332400843974,67106211
332400843974,67106214
332400843974,67106217
332400843974,67106234
332400843974,67106241
332400843974,67106243
332400843974,67106245
332400843974,67106264
332400843974,67106283
332400843974,67106299
332400843974,67106300
332400843974,67106301
332400843974,67106307
332400843974,67106309
332400843974,67106313
332400843974,67106314
332400843974,67106338
332400843974,67106347
332400843974,67106353
332400843974,67106364
332400843974,67106373
332400843974,67106376
332400843974,67106394
332400843974,67106402
332400843974,67106422
332400843974,67106433
332400843974,67106444
332400843974,67106456
332400843974,67106460
332400843974,67106468
332400843974,67106472
332400843974,67106499
332400843974,67106519
332400843974,67106524
332400843974,67106536
332400843974,67106550
332400843974,67106551
332400843974,67106556
332400843974,67106597
332400843974,67106599
332400843974,67106602
332400843974,67106622
332400843974,67106638
332400843974,67106650
332400843974,67106657
332400843974,67106658
332400843974,67106667
332400843974,67106672
332400843974,67106686
332400843974,67106690
332400843974,67106708
346193410114,67104174
346193410114,67107742
346193410114,67107771
346193410114,67107782
346193410114,67107784
346193410114,67107785
346193410114,67107787
346193410114,67107798
346193410114,67107799
346193410114,67107801
346193410114,67107809
346193410114,67107810
346193410114,67107811
346193410114,67107814
346193410114,67107820
346193410114,67107822
346193410114,67107823
346193410114,67107826
346193410114,67107829
346193410114,67107832
346193410114,67107834
346193410114,67107835
346193410114,67107838
346193410114,67107841
346193410114,67107842
346193410114,67107849
346193410114,67107852
346193410114,67107853
346193410114,67107858
346193410114,67107868
346193410114,67107870
346193410114,67107872
346193410114,67107873
346193410114,67107878
346193410114,67107883
346193410114,67107884
346193410114,67107887
346193410114,67107889
346193410114,67107902
346193410114,67107903
346193410114,67107910
346193410114,67107911
346193410114,67107918
346193410114,67107925
346193410114,67107928
346193410114,67107938
346193410114,67107939
346193410114,67107948
346193410114,67107951
346193410114,67107952
346193410114,67107955
346193410114,67107957
346193410114,67107959
346193410114,67107962
346193410114,67107968
346193410114,67107969
346193410114,67107972
346193410114,67107973
346193410114,67107974
346193410114,67107981
346193410114,67107988
346193410114,67107995
346193410114,67107998
346193410114,67108003
346193410114,67108009
346193410114,67108010
346193410114,67108012
346193410114,67108013
346193410114,67108016
346193410114,67108019
346193410114,67108025
346193410114,67108027
346193410114,67108028
346193410114,67108031
346193410114,67108036
346193410114,67108037
346193410114,67108038
346193410114,67108039
346193410114,67108042
346193410114,67108043
346193410114,67108046
346193410114,67108051
346193410114,67108055
346193410114,67108057
346193410114,67108059
346193410114,67108060
346193410114,67108065
346193410114,67108076
346193410114,67108077
346193410114,67108081
346193410114,67108084
346193410114,67108086
346193410114,67108087
346193410114,67108089
346193410114,67108093
346193410114,67108095
346193410114,67108099
346193410114,67108102
346193410114,67108103
346193410114,67108106
346193410114,67108107
346193410114,67108108
346193410114,67108114
346193410114,67108115
346193410114,67108119
346193410114,67108120
346193410114,67108128
346193410114,67108129
346193410114,67108130
346193410114,67108134
346193410114,67108135
346193410114,67108139
346193410114,67108155
346193410114,67108156
346193410114,67108157
346193410114,67108160
346193410114,67108161
346193410114,67108339
346193410114,67108513
346193410114,67108515
346193410114,67108529
346193410114,67108578
346193410114,67108588
346193410114,67108604
359985976254,67104747
359985976254,67104854
359985976254,67104867
359985976254,67104882
359985976254,67104886
359985976254,67104942
359985976254,67104954
359985976254,67105072
359985976254,67105085
359985976254,67105100
359985976254,67105101
359985976254,67105107
359985976254,67105112
359985976254,67105114
359985976254,67105116
359985976254,67105127
359985976254,67105139
359985976254,67105140
359985976254,67105146
359985976254,67105160
359985976254,67105164
359985976254,67105166
359985976254,67105170
359985976254,67105193
359985976254,67105196
359985976254,67105207
359985976254,67105217
359985976254,67105222
359985976254,67105223
359985976254,67105230
359985976254,67105271
359985976254,67105276
359985976254,67105300
359985976254,67105315
359985976254,67105332
359985976254,67105363
359985976254,67105406
359985976254,67105407
359985976254,67105409
359985976254,67105410
359985976254,67105441
359985976254,67105471
359985976254,67105486
359985976254,67105489
359985976254,67105494
359985976254,67105499
359985976254,67105510
359985976254,67105530
359985976254,67105555
359985976254,67105569
359985976254,67105570
359985976254,67105605
359985976254,67105627
359985976254,67105632
359985976254,67105633
359985976254,67105644
359985976254,67105657
359985976254,67105659
359985976254,67105679
359985976254,67105864
359985976254,67105956
359985976254,67106091
359985976254,67106109
359985976254,67106118
359985976254,67106180
359985976254,67106185
359985976254,67106224
359985976254,67106242
359985976254,67106244
359985976254,67106253
359985976254,67106258
359985976254,67106326
359985976254,67106342
359985976254,67106476
359985976254,67106516
359985976254,67106544
359985976254,67106546
359985976254,67106555
359985976254,67106585
359985976254,67106632
359985976254,67106697
359985976254,67106706
359985976254,67106735
359985976254,67106736
359985976254,67106756
359985976254,67106762
359985976254,67106764
359985976254,67106772
359985976254,67106775
359985976254,67106785
359985976254,67106788
359985976254,67106815
359985976254,67106837
359985976254,67106841
359985976254,67106856
359985976254,67106870
359985976254,67106871
359985976254,67106878
359985976254,67106889
359985976254,67106897
359985976254,67106932
359985976254,67106948
359985976254,67106954
359985976254,67106969
359985976254,67106970
359985976254,67106987
359985976254,67106992
359985976254,67106997
359985976254,67107000
359985976254,67107001
359985976254,67107010
359985976254,67107012
359985976254,67107023
359985976254,67107024
359985976254,67107025
359985976254,67107044
359985976254,67107050
359985976254,67107055
359985976254,67108651
373778542394,67104692
373778542394,67104719
373778542394,67104758
373778542394,67104778
373778542394,67104782
373778542394,67104842
373778542394,67104846
373778542394,67104879
373778542394,67104921
373778542394,67104922
373778542394,67104972
373778542394,67104989
373778542394,67105095
373778542394,67105110
373778542394,67105123
373778542394,67105148
373778542394,67105150
373778542394,67105182
373778542394,67105183
373778542394,67105195
373778542394,67105199
373778542394,67105208
373778542394,67105216
373778542394,67105233
373778542394,67105236
373778542394,67105243
373778542394,67105249
373778542394,67105288
373778542394,67105291
373778542394,67105325
373778542394,67105329
373778542394,67105350
373778542394,67105383
373778542394,67105411
373778542394,67105422
373778542394,67105435
373778542394,67105459
373778542394,67105479
373778542394,67105514
373778542394,67105519
373778542394,67105525
373778542394,67105532
373778542394,67105539
373778542394,67105573
373778542394,67105635
373778542394,67105640
373778542394,67105673
373778542394,67105678
373778542394,67105698
373778542394,67105715
373778542394,67105729
373778542394,67105752
373778542394,67105773
373778542394,67105782
373778542394,67105796
373778542394,67105798
373778542394,67105802
373778542394,67105819
373778542394,67105820
373778542394,67105822
373778542394,67105832
373778542394,67105911
373778542394,67105943
373778542394,67105949
373778542394,67105970
373778542394,67106029
373778542394,67106125
373778542394,67106137
373778542394,67106153
373778542394,67106156
373778542394,67106167
373778542394,67106174
373778542394,67106184
373778542394,67106252
373778542394,67106262
373778542394,67106297
373778542394,67106339
373778542394,67106348
373778542394,67106410
373778542394,67106418
373778542394,67106441
373778542394,67106467
373778542394,67106502
373778542394,67106568
373778542394,67106577
373778542394,67106589
373778542394,67106619
373778542394,67106620
373778542394,67106629
373778542394,67106645
373778542394,67106673
373778542394,67106681
373778542394,67106717
373778542394,67106727
373778542394,67106748
373778542394,67106750
373778542394,67106760
373778542394,67106803
373778542394,67106812
373778542394,67106819
373778542394,67106822
373778542394,67106850
373778542394,67106866
373778542394,67106879
373778542394,67106882
373778542394,67106892
373778542394,67106893
373778542394,67106896
373778542394,67106907
373778542394,67106917
373778542394,67106934
373778542394,67106956
373778542394,67106971
373778542394,67106983
373778542394,67106985
373778542394,67106988
373778542394,67107004
373778542394,67107005
373778542394,67107008
373778542394,67107035
373778542394,67107054
387571108534,67104294
387571108534,67104418
387571108534,67107063
387571108534,67107065
387571108534,67107069
387571108534,67107072
387571108534,67107194
387571108534,67107198
387571108534,67107199
387571108534,67107200
387571108534,67107212
387571108534,67107213
387571108534,67107215
387571108534,67107226
387571108534,67107231
387571108534,67107233
387571108534,67107235
387571108534,67107247
387571108534,67107248
387571108534,67107256
387571108534,67107259
387571108534,67107285
387571108534,67107292
387571108534,67107294
387571108534,67107296
387571108534,67107305
387571108534,67107325
387571108534,67107358
387571108534,67107372
387571108534,67107489
387571108534,67107501
387571108534,67107553
387571108534,67107558
387571108534,67107582
387571108534,67107588
387571108534,67107589
387571108534,67107590
387571108534,67107594
387571108534,67107595
387571108534,67107596
387571108534,67107599
387571108534,67107607
387571108534,67107609
387571108534,67107617
387571108534,67107618
387571108534,67107631
387571108534,67107633
387571108534,67107643
387571108534,67107660
387571108534,67107664
387571108534,67107678
387571108534,67107680
387571108534,67107682
387571108534,67107686
387571108534,67107690
387571108534,67107696
387571108534,67107698
387571108534,67108172
387571108534,67108186
387571108534,67108203
387571108534,67108237
387571108534,67108244
387571108534,67108251
387571108534,67108316
387571108534,67108321
387571108534,67108336
387571108534,67108463
387571108534,67108469
387571108534,67108474
387571108534,67108479
387571108534,67108484
387571108534,67108485
387571108534,67108497
387571108534,67108500
387571108534,67108504
387571108534,67108506
387571108534,67108507
387571108534,67108509
387571108534,67108525
387571108534,67108526
387571108534,67108531
387571108534,67108537
387571108534,67108539
387571108534,67108542
387571108534,67108543
387571108534,67108545
387571108534,67108547
387571108534,67108548
387571108534,67108549
387571108534,67108553
387571108534,67108561
387571108534,67108563
387571108534,67108568
387571108534,67108572
387571108534,67108574
387571108534,67108584
387571108534,67108585
387571108534,67108589
387571108534,67108598
387571108534,67108599
387571108534,67108610
387571108534,67108626
387571108534,67108629
387571108534,67108633
387571108534,67108644
387571108534,67108654
401363674674,67104721
401363674674,67104871
401363674674,67104894
401363674674,67104898
401363674674,67104899
401363674674,67104908
401363674674,67104927
401363674674,67105098
401363674674,67105109
401363674674,67105126
401363674674,67105156
401363674674,67105179
401363674674,67105181
401363674674,67105211
401363674674,67105321
401363674674,67105349
401363674674,67105408
401363674674,67105423
401363674674,67105425
401363674674,67105491
401363674674,67105512
401363674674,67105528
401363674674,67105548
401363674674,67105549
401363674674,67105634
401363674674,67105667
401363674674,67105668
401363674674,67105685
401363674674,67105686
401363674674,67105687
401363674674,67105723
401363674674,67105753
401363674674,67105776
401363674674,67105786
401363674674,67105855
401363674674,67105915
401363674674,67105918
401363674674,67105927
401363674674,67105952
401363674674,67105966
401363674674,67106055
401363674674,67106064
401363674674,67106078
401363674674,67106110
401363674674,67106120
401363674674,67106136
401363674674,67106179
401363674674,67106187
401363674674,67106189
401363674674,67106197
401363674674,67106207
401363674674,67106213
401363674674,67106255
401363674674,67106312
401363674674,67106319
401363674674,67106327
401363674674,67106334
401363674674,67106379
401363674674,67106387
401363674674,67106430
401363674674,67106434
401363674674,67106450
401363674674,67106488
401363674674,67106526
401363674674,67106529
401363674674,67106606
401363674674,67106641
401363674674,67106644
401363674674,67106660
401363674674,67106662
401363674674,67106741
401363674674,67106745
401363674674,67106752
401363674674,67106765
401363674674,67106791
401363674674,67106802
401363674674,67106824
401363674674,67106832
401363674674,67106833
401363674674,67106838
401363674674,67106858
401363674674,67106869
401363674674,67106886
401363674674,67106911
401363674674,67106914
401363674674,67106925
401363674674,67106930
401363674674,67106949
401363674674,67106952
401363674674,67106975
401363674674,67106980
401363674674,67106989
401363674674,67107014
401363674674,67107019
401363674674,67107046
401363674674,67107053
401363674674,67108492
401363674674,67108494
401363674674,67108499
401363674674,67108502
401363674674,67108503
401363674674,67108510
401363674674,67108511
401363674674,67108521
401363674674,67108522
401363674674,67108524
401363674674,67108530
401363674674,67108532
401363674674,67108541
401363674674,67108557
401363674674,67108567
401363674674,67108571
401363674674,67108575
401363674674,67108580
401363674674,67108594
401363674674,67108597
401363674674,67108611
401363674674,67108614
401363674674,67108663
415156240814,67104735
415156240814,67104753
415156240814,67104761
415156240814,67104776
415156240814,67104780
415156240814,67104781
415156240814,67104824
415156240814,67104906
415156240814,67104920
415156240814,67105084
415156240814,67105136
415156240814,67105147
415156240814,67105153
415156240814,67105175
415156240814,67105178
415156240814,67105210
415156240814,67105232
415156240814,67105234
415156240814,67105240
415156240814,67105261
415156240814,67105308
415156240814,67105331
415156240814,67105378
415156240814,67105379
415156240814,67105385
415156240814,67105397
415156240814,67105402
415156240814,67105412
415156240814,67105415
415156240814,67105500
415156240814,67105504
415156240814,67105508
415156240814,67105540
415156240814,67105544
415156240814,67105547
415156240814,67105551
415156240814,67105626
415156240814,67105647
415156240814,67105651
415156240814,67105654
415156240814,67105676
415156240814,67105695
415156240814,67105748
415156240814,67105781
415156240814,67105800
415156240814,67105812
415156240814,67105849
415156240814,67105887
415156240814,67105891
415156240814,67105929
415156240814,67105974
415156240814,67105975
415156240814,67105976
415156240814,67105981
415156240814,67105988
415156240814,67106003
415156240814,67106012
415156240814,67106013
415156240814,67106019
415156240814,67106028
415156240814,67106041
415156240814,67106070
415156240814,67106119
415156240814,67106130
415156240814,67106171
415156240814,67106188
415156240814,67106194
415156240814,67106199
415156240814,67106212
415156240814,67106218
415156240814,67106228
415156240814,67106229
415156240814,67106233
415156240814,67106236
415156240814,67106277
415156240814,67106286
415156240814,67106290
415156240814,67106310
415156240814,67106317
415156240814,67106322
415156240814,67106412
415156240814,67106463
415156240814,67106507
415156240814,67106548
415156240814,67106571
415156240814,67106575
415156240814,67106578
415156240814,67106630
415156240814,67106631
415156240814,67106647
415156240814,67106654
415156240814,67106715
415156240814,67106757
415156240814,67106825
415156240814,67106826
415156240814,67106828
415156240814,67106834
415156240814,67106840
415156240814,67106842
415156240814,67106853
415156240814,67106874
415156240814,67106899
415156240814,67106913
415156240814,67106922
415156240814,67106923
415156240814,67106924
415156240814,67106947
415156240814,67106953
415156240814,67106957
415156240814,67106964
415156240814,67106966
415156240814,67106993
415156240814,67106998
415156240814,67107018
415156240814,67107022
415156240814,67107026
415156240814,67107036
415156240814,67107041
415156240814,67108325
428948806954,67104417
428948806954,67107303
428948806954,67107681
428948806954,67107704
428948806954,67108207
428948806954,67108476
428948806954,67108480
428948806954,67108489
428948806954,67108535
428948806954,67108569
428948806954,67108600
428948806954,67108638
442741373094,67104419
442741373094,67104705
442741373094,67104752
442741373094,67104759
442741373094,67104829
442741373094,67104839
442741373094,67104845
442741373094,67104896
442741373094,67104917
442741373094,67104939
442741373094,67105002
442741373094,67105038
442741373094,67105057
442741373094,67105089
442741373094,67105092
442741373094,67105097
442741373094,67105108
442741373094,67105124
442741373094,67105129
442741373094,67105138
442741373094,67105151
442741373094,67105169
442741373094,67105180
442741373094,67105205
442741373094,67105251
442741373094,67105262
442741373094,67105298
442741373094,67105314
442741373094,67105316
442741373094,67105353
442741373094,67105394
442741373094,67105426
442741373094,67105461
442741373094,67105485
442741373094,67105498
442741373094,67105513
442741373094,67105529
442741373094,67105553
442741373094,67105578
442741373094,67105636
442741373094,67105638
442741373094,67105649
442741373094,67105704
442741373094,67105769
442741373094,67105771
442741373094,67105780
442741373094,67105845
442741373094,67105861
442741373094,67105919
442741373094,67105922
442741373094,67105958
442741373094,67105960
442741373094,67105973
442741373094,67105980
442741373094,67105983
442741373094,67106009
442741373094,67106058
442741373094,67106060
442741373094,67106065
442741373094,67106067
442741373094,67106072
442741373094,67106082
442741373094,67106095
442741373094,67106098
442741373094,67106106
442741373094,67106116
442741373094,67106131
442741373094,67106133
442741373094,67106162
442741373094,67106176
442741373094,67106177
442741373094,67106178
442741373094,67106183
442741373094,67106190
442741373094,67106192
442741373094,67106196
442741373094,67106216
442741373094,67106248
442741373094,67106257
442741373094,67106259
442741373094,67106269
442741373094,67106275
442741373094,67106288
442741373094,67106306
442741373094,67106323
442741373094,67106383
442741373094,67106421
442741373094,67106505
442741373094,67106540
442741373094,67106567
442741373094,67106616
442741373094,67106626
442741373094,67106643
442741373094,67106677
442741373094,67106688
442741373094,67106761
442741373094,67106771
442741373094,67106817
442741373094,67106818
442741373094,67106846
442741373094,67106876
442741373094,67106898
442741373094,67106909
442741373094,67106937
442741373094,67106942
442741373094,67106945
442741373094,67106962
442741373094,67106967
442741373094,67106972
442741373094,67106978
442741373094,67106986
442741373094,67106996
442741373094,67107021
442741373094,67107048
442741373094,67107806
442741373094,67107913
442741373094,67107931
442741373094,67108098
456533939234,67104289
456533939234,67104715
456533939234,67104748
456533939234,67104750
456533939234,67104789
456533939234,67104802
456533939234,67104807
456533939234,67104812
456533939234,67104817
456533939234,67104866
456533939234,67104891
456533939234,67104907
456533939234,67104919
456533939234,67105122
456533939234,67105128
456533939234,67105137
456533939234,67105194
456533939234,67105201
456533939234,67105212
456533939234,67105226
456533939234,67105244
456533939234,67105270
456533939234,67105274
456533939234,67105307
456533939234,67105388
456533939234,67105428
456533939234,67105473
456533939234,67105476
456533939234,67105506
456533939234,67105509
456533939234,67105516
456533939234,67105521
456533939234,67105552
456533939234,67105597
456533939234,67105619
456533939234,67105631
456533939234,67105641
456533939234,67105653
456533939234,67105660
456533939234,67105688
456533939234,67105720
456533939234,67105725
456533939234,67105758
456533939234,67105799
456533939234,67105821
456533939234,67105826
456533939234,67105923
456533939234,67105964
456533939234,67105982
456533939234,67106024
456533939234,67106035
456533939234,67106047
456533939234,67106059
456533939234,67106063
456533939234,67106085
456533939234,67106096
456533939234,67106099
456533939234,67106108
456533939234,67106122
456533939234,67106202
456533939234,67106215
456533939234,67106219
456533939234,67106251
456533939234,67106281
456533939234,67106295
456533939234,67106331
456533939234,67106392
456533939234,67106403
456533939234,67106411
456533939234,67106483
456533939234,67106495
456533939234,67106517
456533939234,67106545
456533939234,67106560
456533939234,67106572
456533939234,67106621
456533939234,67106642
456533939234,67106665
456533939234,67106721
456533939234,67106810
456533939234,67106820
456533939234,67106830
456533939234,67106831
456533939234,67106844
456533939234,67106852
456533939234,67106861
456533939234,67106875
456533939234,67106884
456533939234,67106890
456533939234,67106900
456533939234,67106904
456533939234,67106912
456533939234,67106950
456533939234,67106968
456533939234,67106973
456533939234,67106982
456533939234,67107003
456533939234,67107027
456533939234,67107032
456533939234,67107859
456533939234,67107901
456533939234,67107907
456533939234,67107958
456533939234,67107985
456533939234,67107993
456533939234,67108006
456533939234,67108014
456533939234,67108026
456533939234,67108032
456533939234,67108061
456533939234,67108064
456533939234,67108066
456533939234,67108072
456533939234,67108088
456533939234,67108121
456533939234,67108138
456533939234,67108141
456533939234,67108146
470326505374,67104420
470326505374,67107795
470326505374,67108044
470326505374,67108068
484119071514,67104751
484119071514,67104840
484119071514,67104863
484119071514,67104892
484119071514,67104903
484119071514,67104909
484119071514,67104936
484119071514,67104956
484119071514,67105083
484119071514,67105118
484119071514,67105145
484119071514,67105152
484119071514,67105154
484119071514,67105215
484119071514,67105227
484119071514,67105231
484119071514,67105438
484119071514,67105448
484119071514,67105492
484119071514,67105496
484119071514,67105503
484119071514,67105658
484119071514,67105722
484119071514,67105777
484119071514,67105805
484119071514,67105809
484119071514,67105882
484119071514,67105914
484119071514,67105939
484119071514,67105948
484119071514,67105950
484119071514,67105996
484119071514,67106014
484119071514,67106016
484119071514,67106036
484119071514,67106037
484119071514,67106075
484119071514,67106076
484119071514,67106121
484119071514,67106146
484119071514,67106235
484119071514,67106268
484119071514,67106273
484119071514,67106279
484119071514,67106284
484119071514,67106287
484119071514,67106294
484119071514,67106304
484119071514,67106305
484119071514,67106324
484119071514,67106462
484119071514,67106558
484119071514,67106574
484119071514,67106614
484119071514,67106623
484119071514,67106625
484119071514,67106637
484119071514,67106648
484119071514,67106655
484119071514,67106718
484119071514,67106719
484119071514,67106746
484119071514,67106770
484119071514,67106805
484119071514,67106809
484119071514,67106811
484119071514,67106829
484119071514,67106848
484119071514,67106859
484119071514,67106887
484119071514,67106908
484119071514,67106910
484119071514,67106920
484119071514,67106944
484119071514,67106958
484119071514,67106976
484119071514,67107007
484119071514,67107009
484119071514,67107030
484119071514,67107732
484119071514,67107783
484119071514,67107800
484119071514,67107812
484119071514,67107831
484119071514,67107840
484119071514,67107882
484119071514,67107886
484119071514,67107905
484119071514,67107908
484119071514,67107909
484119071514,67107921
484119071514,67107933
484119071514,67107946
484119071514,67107964
484119071514,67107966
484119071514,67107975
484119071514,67107978
484119071514,67108052
484119071514,67108056
484119071514,67108074
484119071514,67108091
484119071514,67108113
484119071514,67108116
484119071514,67108143
497911637654,67104749
497911637654,67104775
497911637654,67104967
497911637654,67104982
497911637654,67105091
497911637654,67105099
497911637654,67105163
497911637654,67105286
497911637654,67105421
497911637654,67105450
497911637654,67105490
497911637654,67105560
497911637654,67105581
497911637654,67105680
497911637654,67105713
497911637654,67105717
497911637654,67105727
497911637654,67105905
497911637654,67105932
497911637654,67105933
497911637654,67105946
497911637654,67105957
497911637654,67105967
497911637654,67106011
497911637654,67106084
497911637654,67106093
497911637654,67106145
497911637654,67106155
497911637654,67106182
497911637654,67106226
497911637654,67106674
497911637654,67106711
497911637654,67106732
497911637654,67106814
497911637654,67106847
497911637654,67106938
497911637654,67106977
497911637654,67106995
497911637654,67106999
497911637654,67107043
497911637654,67107706
497911637654,67107713
497911637654,67107746
497911637654,67107750
497911637654,67107759
497911637654,67108122
