902036450,67100679
902036450,67100680
902036450,67100681
902036450,67100682
902036450,67100683
902036450,67100684
902036450,67100685
902036450,67100686
902036450,67100687
902036450,67100688
902036450,67100689
902036450,67100690
902036450,67100691
902036450,67100693
902036450,67100694
902036450,67100695
902036450,67100696
902036450,67100697
902036450,67100699
902036450,67100700
902036450,67100701
902036450,67100704
902036450,67100705
902036450,67100708
902036450,67100710
902036450,67100711
902036450,67100713
902036450,67100714
902036450,67100716
902036450,67100717
902036450,67100720
902036450,67100723
902036450,67100726
902036450,67100728
902036450,67100735
902036450,67100736
902036450,67100738
902036450,67100747
902036450,67100767
902036450,67100773
902036450,67100782
902036450,67100828
902036450,67100829
902036450,67100831
902036450,67100841
902036450,67100853
902036450,67100855
902036450,67100856
902036450,67100861
902036450,67100868
902036450,67100870
902036450,67100871
902036450,67100872
902036450,67100874
902036450,67100890
902036450,67100894
902036450,67100898
902036450,67100899
902036450,67100900
902036450,67100901
902036450,67100903
902036450,67100908
902036450,67100910
902036450,67100912
902036450,67100918
902036450,67100921
902036450,67100934
902036450,67100935
902036450,67100937
902036450,67100938
902036450,67100941
902036450,67100944
902036450,67100945
902036450,67100946
902036450,67100947
902036450,67100948
902036450,67100949
902036450,67100950
902036450,67100951
902036450,67100953
902036450,67100954
902036450,67100955
902036450,67100958
902036450,67100959
902036450,67100964
902036450,67100965
902036450,67100966
902036450,67100967
902036450,67100969
902036450,67100970
902036450,67100971
902036450,67100972
902036450,67100973
902036450,67100974
902036450,67100975
902036450,67100976
902036450,67100977
902036450,67100978
902036450,67100987
902036450,67100990
902036450,67100991
902036450,67100992
902036450,67100993
902036450,67100994
902036450,67100998
902036450,67101000
902036450,67101002
902036450,67101003
902036450,67101006
902036450,67101012
902036450,67101016
902036450,67101018
902036450,67101020
902036450,67101021
902036450,67101022
902036450,67101023
902036450,67101024
902036450,67101025
902036450,67101027
902036450,67101028
902036450,67101029
902036450,67101030
902036450,67101031
902036450,67101037
902036450,67101039
902036450,67101040
902036450,67101041
902036450,67101200
9922400950,131245
9922400950,131246
9922400950,67100692
9922400950,67100698
9922400950,67100702
9922400950,67100706
9922400950,67100707
9922400950,67100709
9922400950,67100712
9922400950,67100715
9922400950,67100718
9922400950,67100719
9922400950,67100721
9922400950,67100722
9922400950,67100727
9922400950,67100731
9922400950,67100733
9922400950,67100734
9922400950,67100737
9922400950,67100742
9922400950,67100743
9922400950,67100745
9922400950,67100746
9922400950,67100748
9922400950,67100765
9922400950,67100766
9922400950,67100771
9922400950,67100785
9922400950,67100786
9922400950,67100787
9922400950,67100794
9922400950,67100795
9922400950,67100796
9922400950,67100799
9922400950,67100800
9922400950,67100804
9922400950,67100805
9922400950,67100808
9922400950,67100809
9922400950,67100810
9922400950,67100813
9922400950,67100815
9922400950,67100818
9922400950,67100820
9922400950,67100821
9922400950,67100822
9922400950,67100824
9922400950,67100825
9922400950,67100826
9922400950,67100834
9922400950,67100840
9922400950,67100846
9922400950,67100847
9922400950,67100848
9922400950,67100862
9922400950,67100864
9922400950,67100865
9922400950,67100866
9922400950,67100867
9922400950,67100869
9922400950,67100873
9922400950,67100875
9922400950,67100877
9922400950,67100878
9922400950,67100879
9922400950,67100880
9922400950,67100881
9922400950,67100882
9922400950,67100883
9922400950,67100885
9922400950,67100886
9922400950,67100887
9922400950,67100888
9922400950,67100891
9922400950,67100892
9922400950,67100893
9922400950,67100895
9922400950,67100897
9922400950,67100902
9922400950,67100905
9922400950,67100907
9922400950,67100909
9922400950,67100911
9922400950,67100913
9922400950,67100916
9922400950,67100917
9922400950,67100919
9922400950,67100920
9922400950,67100924
9922400950,67100925
9922400950,67100926
9922400950,67100927
9922400950,67100928
9922400950,67100929
9922400950,67100932
9922400950,67100936
9922400950,67100939
9922400950,67100940
9922400950,67100942
9922400950,67100943
9922400950,67100957
9922400950,67100963
9922400950,67100968
9922400950,67100980
9922400950,67100981
9922400950,67100983
9922400950,67100986
9922400950,67100988
9922400950,67100996
9922400950,67100999
9922400950,67101004
9922400950,67101005
9922400950,67101007
9922400950,67101008
9922400950,67101009
9922400950,67101010
9922400950,67101011
9922400950,67101013
9922400950,67101014
9922400950,67101017
9922400950,67101019
9922400950,67101026
9922400950,67101034
9922400950,67101035
9922400950,67101036
9922400950,67101038
9922400950,67102757
9922400950,67102758
18942765450,67099227
18942765450,67099590
18942765450,67099992
18942765450,67100317
18942765450,67100703
18942765450,67100724
18942765450,67100725
18942765450,67100729
18942765450,67100730
18942765450,67100732
18942765450,67100739
18942765450,67100740
18942765450,67100741
18942765450,67100744
18942765450,67100749
18942765450,67100750
18942765450,67100751
18942765450,67100752
18942765450,67100753
18942765450,67100754
18942765450,67100755
18942765450,67100756
18942765450,67100757
18942765450,67100758
18942765450,67100759
18942765450,67100760
18942765450,67100761
18942765450,67100762
18942765450,67100763
18942765450,67100764
18942765450,67100768
18942765450,67100769
18942765450,67100770
18942765450,67100772
18942765450,67100774
18942765450,67100775
18942765450,67100776
18942765450,67100777
18942765450,67100778
18942765450,67100779
18942765450,67100780
18942765450,67100781
18942765450,67100783
18942765450,67100784
18942765450,67100788
18942765450,67100789
18942765450,67100790
18942765450,67100791
18942765450,67100792
18942765450,67100793
18942765450,67100797
18942765450,67100798
18942765450,67100801
18942765450,67100802
18942765450,67100803
18942765450,67100806
18942765450,67100807
18942765450,67100811
18942765450,67100812
18942765450,67100814
18942765450,67100816
18942765450,67100817
18942765450,67100819
18942765450,67100823
18942765450,67100827
18942765450,67100830
18942765450,67100832
18942765450,67100833
18942765450,67100835
18942765450,67100836
18942765450,67100837
18942765450,67100838
18942765450,67100839
18942765450,67100842
18942765450,67100843
18942765450,67100844
18942765450,67100845
18942765450,67100849
18942765450,67100850
18942765450,67100851
18942765450,67100852
18942765450,67100854
18942765450,67100857
18942765450,67100858
18942765450,67100859
18942765450,67100860
18942765450,67100863
18942765450,67100876
18942765450,67100884
18942765450,67100889
18942765450,67100896
18942765450,67100904
18942765450,67100906
18942765450,67100914
18942765450,67100915
18942765450,67100922
18942765450,67100923
18942765450,67100930
18942765450,67100931
18942765450,67100933
18942765450,67100952
18942765450,67100956
18942765450,67100960
18942765450,67100961
18942765450,67100962
18942765450,67100979
18942765450,67100982
18942765450,67100984
18942765450,67100985
18942765450,67100989
18942765450,67100995
18942765450,67100997
18942765450,67101001
18942765450,67101015
18942765450,67101032
18942765450,67101033
18942765450,67104296
18942765450,67104297
18942765450,67108433
27963129950,67099233
27963129950,67099596
27963129950,67100016
27963129950,67100323
27963129950,67105796
27963129950,67105797
27963129950,67105798
27963129950,67105799
27963129950,67105800
27963129950,67108439
36983494450,67099262
36983494450,67099625
36983494450,67100046
36983494450,67100352
36983494450,67107241
36983494450,67107242
36983494450,67107243
36983494450,67107244
36983494450,67107245
36983494450,67108467
46003858950,67099504
46003858950,67099505
46003858950,67099867
46003858950,67099868
46003858950,67100082
46003858950,67100594
46003858950,67100595
46003858950,67108273
46003858950,67108274
46003858950,67108275
46003858950,67108276
46003858950,67108709
46003858950,67108710
46003858950,67108711
55024223450,67099228
55024223450,67099229
55024223450,67099230
55024223450,67099231
55024223450,67099234
55024223450,67099235
55024223450,67099236
55024223450,67099237
55024223450,67099238
55024223450,67099239
55024223450,67099240
55024223450,67099241
55024223450,67099242
55024223450,67099243
55024223450,67099244
55024223450,67099245
55024223450,67099246
55024223450,67099247
55024223450,67099248
55024223450,67099252
55024223450,67099254
55024223450,67099256
55024223450,67099257
55024223450,67099263
55024223450,67099264
55024223450,67099265
55024223450,67099266
55024223450,67099267
55024223450,67099268
55024223450,67099275
55024223450,67099277
55024223450,67099285
55024223450,67099288
55024223450,67099289
55024223450,67099292
55024223450,67099293
55024223450,67099294
55024223450,67099299
55024223450,67099306
55024223450,67099307
55024223450,67099308
55024223450,67099310
55024223450,67099312
55024223450,67099314
55024223450,67099316
55024223450,67099317
55024223450,67099318
55024223450,67099319
55024223450,67099322
55024223450,67099325
55024223450,67099326
55024223450,67099328
55024223450,67099330
55024223450,67099331
55024223450,67099334
55024223450,67099335
55024223450,67099336
55024223450,67099339
55024223450,67099343
55024223450,67099344
55024223450,67099345
55024223450,67099346
55024223450,67099347
55024223450,67099348
55024223450,67099349
55024223450,67099351
55024223450,67099352
55024223450,67099353
55024223450,67099355
55024223450,67099356
55024223450,67099357
55024223450,67099358
55024223450,67099359
55024223450,67099360
55024223450,67099361
55024223450,67099362
55024223450,67099363
55024223450,67099364
55024223450,67099365
55024223450,67099366
55024223450,67099368
55024223450,67099369
55024223450,67099371
55024223450,67099372
55024223450,67099373
55024223450,67099374
55024223450,67099375
55024223450,67099376
55024223450,67099377
55024223450,67099380
55024223450,67099381
55024223450,67099382
55024223450,67099383
55024223450,67099384
55024223450,67099385
55024223450,67099386
55024223450,67099387
55024223450,67099388
55024223450,67099389
55024223450,67099390
55024223450,67099391
55024223450,67099392
55024223450,67099393
55024223450,67099394
55024223450,67099395
55024223450,67099396
55024223450,67099397
55024223450,67099398
55024223450,67099399
55024223450,67099400
55024223450,67099401
55024223450,67099402
55024223450,67099403
55024223450,67099404
55024223450,67099408
55024223450,67099437
55024223450,67099455
55024223450,67099475
55024223450,67099517
55024223450,67099551
55024223450,67099557
55024223450,67099558
55024223450,67099572
55024223450,67099573
55024223450,67099575
55024223450,67099576
55024223450,67099585
55024223450,67101395
64044587950,131242
64044587950,131243
64044587950,67099249
64044587950,67099251
64044587950,67099253
64044587950,67099255
64044587950,67099269
64044587950,67099270
64044587950,67099272
64044587950,67099273
64044587950,67099274
64044587950,67099276
64044587950,67099278
64044587950,67099279
64044587950,67099280
64044587950,67099281
64044587950,67099282
64044587950,67099283
64044587950,67099284
64044587950,67099286
64044587950,67099287
64044587950,67099290
64044587950,67099291
64044587950,67099295
64044587950,67099296
64044587950,67099311
64044587950,67099313
64044587950,67099333
64044587950,67099341
64044587950,67099342
64044587950,67099370
64044587950,67099405
64044587950,67099407
64044587950,67099410
64044587950,67099418
64044587950,67099419
64044587950,67099420
64044587950,67099425
64044587950,67099426
64044587950,67099427
64044587950,67099428
64044587950,67099430
64044587950,67099432
64044587950,67099433
64044587950,67099434
64044587950,67099435
64044587950,67099436
64044587950,67099439
64044587950,67099440
64044587950,67099442
64044587950,67099443
64044587950,67099444
64044587950,67099447
64044587950,67099449
64044587950,67099452
64044587950,67099454
64044587950,67099456
64044587950,67099457
64044587950,67099458
64044587950,67099459
64044587950,67099461
64044587950,67099463
64044587950,67099464
64044587950,67099469
64044587950,67099473
64044587950,67099479
64044587950,67099482
64044587950,67099507
64044587950,67099509
64044587950,67099510
64044587950,67099512
64044587950,67099518
64044587950,67099522
64044587950,67099525
64044587950,67099528
64044587950,67099531
64044587950,67099532
64044587950,67099533
64044587950,67099535
64044587950,67099536
64044587950,67099537
64044587950,67099538
64044587950,67099539
64044587950,67099542
64044587950,67099543
64044587950,67099548
64044587950,67099552
64044587950,67099553
64044587950,67099554
64044587950,67099555
64044587950,67099560
64044587950,67099564
64044587950,67099565
64044587950,67099582
64044587950,67099586
64044587950,67099587
64044587950,67099591
64044587950,67099660
64044587950,67099666
64044587950,67104531
64044587950,67104533
64044587950,67104536
64044587950,67104542
64044587950,67104544
64044587950,67104545
64044587950,67104546
64044587950,67104550
64044587950,67104551
64044587950,67104553
64044587950,67104558
64044587950,67104562
64044587950,67104572
64044587950,67104573
64044587950,67104586
64044587950,67104588
64044587950,67104592
64044587950,67104593
64044587950,67104594
64044587950,67104597
64044587950,67104602
64044587950,67104609
64044587950,67107895
64044587950,67108434
64044587950,67108502
64044587950,67108504
64044587950,67108509
73064952450,131244
73064952450,131260
73064952450,131261
73064952450,67099250
73064952450,67099271
73064952450,67099301
73064952450,67099302
73064952450,67099304
73064952450,67099305
73064952450,67099309
73064952450,67099315
73064952450,67099320
73064952450,67099321
73064952450,67099323
73064952450,67099324
73064952450,67099327
73064952450,67099329
73064952450,67099340
73064952450,67099350
73064952450,67099354
73064952450,67099367
73064952450,67099379
73064952450,67099406
73064952450,67099409
73064952450,67099411
73064952450,67099412
73064952450,67099413
73064952450,67099414
73064952450,67099416
73064952450,67099417
73064952450,67099421
73064952450,67099422
73064952450,67099423
73064952450,67099429
73064952450,67099431
73064952450,67099438
73064952450,67099441
73064952450,67099445
73064952450,67099446
73064952450,67099448
73064952450,67099450
73064952450,67099451
73064952450,67099453
73064952450,67099460
73064952450,67099462
73064952450,67099465
73064952450,67099466
73064952450,67099468
73064952450,67099470
73064952450,67099472
73064952450,67099474
73064952450,67099476
73064952450,67099477
73064952450,67099478
73064952450,67099480
73064952450,67099481
73064952450,67099483
73064952450,67099484
73064952450,67099506
73064952450,67099511
73064952450,67099513
73064952450,67099514
73064952450,67099515
73064952450,67099516
73064952450,67099519
73064952450,67099520
73064952450,67099521
73064952450,67099523
73064952450,67099524
73064952450,67099526
73064952450,67099527
73064952450,67099529
73064952450,67099530
73064952450,67099534
73064952450,67099540
73064952450,67099544
73064952450,67099545
73064952450,67099546
73064952450,67099547
73064952450,67099550
73064952450,67099556
73064952450,67099559
73064952450,67099561
73064952450,67099562
73064952450,67099563
73064952450,67099566
73064952450,67099567
73064952450,67099568
73064952450,67099569
73064952450,67099570
73064952450,67099571
73064952450,67099574
73064952450,67099577
73064952450,67099578
73064952450,67099583
73064952450,67099584
73064952450,67099588
73064952450,67099599
73064952450,67099600
73064952450,67099602
73064952450,67099609
73064952450,67099804
73064952450,67099940
73064952450,67103556
73064952450,67103559
73064952450,67103567
73064952450,67103594
73064952450,67103624
73064952450,67103628
73064952450,67103629
73064952450,67103640
73064952450,67103669
73064952450,67103671
73064952450,67103687
73064952450,67104913
73064952450,67106298
73064952450,67108413
73064952450,67108441
73064952450,67108442
73064952450,67108449
73064952450,67108452
73064952450,67108483
73064952450,67108647
73064952450,67108783
82085316950,131258
82085316950,67099297
82085316950,67099298
82085316950,67099300
82085316950,67099303
82085316950,67099332
82085316950,67099337
82085316950,67099378
82085316950,67099415
82085316950,67099424
82085316950,67099467
82085316950,67099471
82085316950,67099508
82085316950,67099541
82085316950,67099579
82085316950,67099634
82085316950,67099637
82085316950,67099659
82085316950,67099661
82085316950,67099662
82085316950,67099663
82085316950,67099664
82085316950,67099665
82085316950,67099667
82085316950,67099668
82085316950,67099678
82085316950,67099683
82085316950,67099713
82085316950,67099716
82085316950,67099736
82085316950,67099777
82085316950,67099779
82085316950,67099781
82085316950,67099785
82085316950,67099795
82085316950,67099810
82085316950,67099811
82085316950,67099824
82085316950,67099830
82085316950,67099832
82085316950,67099837
82085316950,67099870
82085316950,67099871
82085316950,67099884
82085316950,67099889
82085316950,67099894
82085316950,67099904
82085316950,67099932
82085316950,67099935
82085316950,67099943
82085316950,67099948
82085316950,67099949
82085316950,67099950
82085316950,67101859
82085316950,67106228
82085316950,67106919
82085316950,67107508
82085316950,67107882
82085316950,67107884
82085316950,67107885
82085316950,67107886
82085316950,67107887
82085316950,67107888
82085316950,67107889
82085316950,67107890
82085316950,67107891
82085316950,67107892
82085316950,67107893
82085316950,67107894
82085316950,67107896
82085316950,67107897
82085316950,67107898
82085316950,67107916
82085316950,67108101
82085316950,67108120
82085316950,67108214
82085316950,67108303
82085316950,67108391
82085316950,67108477
82085316950,67108479
82085316950,67108488
82085316950,67108503
82085316950,67108505
82085316950,67108506
82085316950,67108507
82085316950,67108508
82085316950,67108510
82085316950,67108511
82085316950,67108518
82085316950,67108520
82085316950,67108538
82085316950,67108559
82085316950,67108572
82085316950,67108575
82085316950,67108587
82085316950,67108628
82085316950,67108631
82085316950,67108633
82085316950,67108654
82085316950,67108662
82085316950,67108666
82085316950,67108679
82085316950,67108714
82085316950,67108721
82085316950,67108732
82085316950,67108737
82085316950,67108767
82085316950,67108771
82085316950,67108775
82085316950,67108777
82085316950,67108778
82085316950,67108785
82085316950,67108788
91105681450,131255
91105681450,131259
91105681450,67099580
91105681450,67099592
91105681450,67099593
91105681450,67099597
91105681450,67099598
91105681450,67099601
91105681450,67099603
91105681450,67099604
91105681450,67099605
91105681450,67099606
91105681450,67099607
91105681450,67099608
91105681450,67099610
91105681450,67099611
91105681450,67099612
91105681450,67099614
91105681450,67099616
91105681450,67099617
91105681450,67099618
91105681450,67099619
91105681450,67099620
91105681450,67099626
91105681450,67099629
91105681450,67099630
91105681450,67099631
91105681450,67099633
91105681450,67099643
91105681450,67099650
91105681450,67099654
91105681450,67099719
91105681450,67099762
91105681450,67099769
91105681450,67099770
91105681450,67099786
91105681450,67099792
91105681450,67099801
91105681450,67099805
91105681450,67099840
91105681450,67099888
91105681450,67099921
91105681450,67101137
91105681450,67101156
91105681450,67101887
91105681450,67101906
91105681450,67101910
91105681450,67102624
91105681450,67102682
91105681450,67102905
91105681450,67103415
91105681450,67103467
91105681450,67103582
91105681450,67103713
91105681450,67103777
91105681450,67106225
91105681450,67106457
91105681450,67106566
91105681450,67106915
91105681450,67107123
91105681450,67107125
91105681450,67107380
91105681450,67107389
91105681450,67107439
91105681450,67107682
91105681450,67107842
91105681450,67107986
91105681450,67108064
91105681450,67108078
91105681450,67108122
91105681450,67108141
91105681450,67108149
91105681450,67108229
91105681450,67108315
91105681450,67108347
91105681450,67108376
91105681450,67108432
91105681450,67108435
91105681450,67108436
91105681450,67108440
91105681450,67108443
91105681450,67108444
91105681450,67108445
91105681450,67108446
91105681450,67108447
91105681450,67108448
91105681450,67108450
91105681450,67108451
91105681450,67108453
91105681450,67108455
91105681450,67108456
91105681450,67108457
91105681450,67108459
91105681450,67108460
91105681450,67108462
91105681450,67108463
91105681450,67108468
91105681450,67108472
91105681450,67108473
91105681450,67108474
91105681450,67108475
91105681450,67108486
91105681450,67108493
91105681450,67108497
91105681450,67108499
91105681450,67108562
91105681450,67108604
91105681450,67108610
91105681450,67108611
91105681450,67108613
91105681450,67108629
91105681450,67108634
91105681450,67108644
91105681450,67108648
91105681450,67108687
91105681450,67108730
91105681450,67108747
91105681450,67108763
91105681450,67108764
91105681450,67108786
100126045950,67099615
100126045950,67099627
100126045950,67099628
100126045950,67099632
100126045950,67099638
100126045950,67099639
100126045950,67099640
100126045950,67099645
100126045950,67099647
100126045950,67099649
100126045950,67099655
100126045950,67099657
100126045950,67099658
100126045950,67099670
100126045950,67099674
100126045950,67099721
100126045950,67099758
100126045950,67099776
100126045950,67099778
100126045950,67099780
100126045950,67099784
100126045950,67099814
100126045950,67099833
100126045950,67099839
100126045950,67099872
100126045950,67099874
100126045950,67099876
100126045950,67099878
100126045950,67099881
100126045950,67099882
100126045950,67099897
100126045950,67099920
100126045950,67099929
100126045950,67099946
100126045950,67099947
100126045950,67106201
100126045950,67106864
100126045950,67106865
100126045950,67106962
100126045950,67106972
100126045950,67106986
100126045950,67107008
100126045950,67107014
100126045950,67107048
100126045950,67107364
100126045950,67107398
100126045950,67107446
100126045950,67107459
100126045950,67107484
100126045950,67107485
100126045950,67107520
100126045950,67107872
100126045950,67107902
100126045950,67107909
100126045950,67107925
100126045950,67108038
100126045950,67108058
100126045950,67108291
100126045950,67108393
100126045950,67108420
100126045950,67108454
100126045950,67108458
100126045950,67108469
100126045950,67108470
100126045950,67108471
100126045950,67108476
100126045950,67108480
100126045950,67108481
100126045950,67108482
100126045950,67108487
100126045950,67108489
100126045950,67108490
100126045950,67108491
100126045950,67108498
100126045950,67108500
100126045950,67108501
100126045950,67108513
100126045950,67108516
100126045950,67108526
100126045950,67108527
100126045950,67108601
100126045950,67108609
100126045950,67108619
100126045950,67108621
100126045950,67108627
100126045950,67108656
100126045950,67108675
100126045950,67108681
100126045950,67108682
100126045950,67108689
100126045950,67108717
100126045950,67108718
100126045950,67108724
100126045950,67108731
100126045950,67108734
100126045950,67108739
100126045950,67108753
100126045950,67108772
109146410450,67099690
109146410450,67099700
109146410450,67099768
109146410450,67099772
109146410450,67099774
109146410450,67099789
109146410450,67099793
109146410450,67099798
109146410450,67099812
109146410450,67099815
109146410450,67099817
109146410450,67099845
109146410450,67099891
109146410450,67099893
109146410450,67099910
109146410450,67099933
109146410450,67099945
109146410450,67102198
109146410450,67102199
109146410450,67102200
109146410450,67102201
109146410450,67102207
109146410450,67102208
109146410450,67102229
109146410450,67102230
109146410450,67102231
109146410450,67102236
109146410450,67102237
109146410450,67102245
109146410450,67102246
109146410450,67102253
109146410450,67102263
109146410450,67102265
109146410450,67102266
109146410450,67102288
109146410450,67102293
109146410450,67102295
109146410450,67102307
109146410450,67102310
109146410450,67102315
109146410450,67102318
109146410450,67102320
109146410450,67104388
109146410450,67105801
109146410450,67105804
109146410450,67105805
109146410450,67105807
109146410450,67105808
109146410450,67105809
109146410450,67105810
109146410450,67105811
109146410450,67105813
109146410450,67105814
109146410450,67105816
109146410450,67105817
109146410450,67105819
109146410450,67105843
109146410450,67106060
109146410450,67106313
109146410450,67106401
109146410450,67106453
109146410450,67106454
109146410450,67106456
109146410450,67106458
109146410450,67106459
109146410450,67106460
109146410450,67106461
109146410450,67106462
109146410450,67106463
109146410450,67106464
109146410450,67106465
109146410450,67106466
109146410450,67106467
109146410450,67106468
109146410450,67106469
109146410450,67106470
109146410450,67106471
109146410450,67106472
109146410450,67106473
109146410450,67106474
109146410450,67106475
109146410450,67106749
109146410450,67106803
109146410450,67106859
109146410450,67106867
109146410450,67107129
109146410450,67107136
109146410450,67107644
109146410450,67107926
109146410450,67107937
109146410450,67108079
109146410450,67108108
109146410450,67108154
109146410450,67108170
109146410450,67108322
109146410450,67108394
109146410450,67108400
109146410450,67108419
109146410450,67108430
109146410450,67108461
109146410450,67108495
109146410450,67108533
109146410450,67108542
109146410450,67108595
109146410450,67108606
109146410450,67108612
109146410450,67108614
109146410450,67108615
109146410450,67108632
109146410450,67108636
109146410450,67108642
109146410450,67108646
109146410450,67108658
109146410450,67108660
109146410450,67108735
109146410450,67108776
109146410450,67108790
109146410450,67108793
118166774950,131256
118166774950,67099549
118166774950,67099581
118166774950,67099589
118166774950,67099641
118166774950,67099644
118166774950,67099646
118166774950,67099651
118166774950,67099652
118166774950,67099653
118166774950,67099656
118166774950,67099710
118166774950,67099714
118166774950,67099718
118166774950,67099723
118166774950,67099727
118166774950,67099728
118166774950,67099729
118166774950,67099732
118166774950,67099740
118166774950,67099747
118166774950,67099752
118166774950,67099755
118166774950,67099757
118166774950,67099766
118166774950,67099773
118166774950,67099783
118166774950,67099787
118166774950,67099788
118166774950,67099807
118166774950,67099831
118166774950,67099885
118166774950,67099887
118166774950,67099906
118166774950,67099918
118166774950,67099923
118166774950,67099941
118166774950,67100346
118166774950,67101067
118166774950,67101107
118166774950,67101209
118166774950,67101221
118166774950,67101317
118166774950,67101363
118166774950,67101418
118166774950,67101463
118166774950,67101577
118166774950,67101759
118166774950,67101940
118166774950,67102267
118166774950,67102277
118166774950,67102725
118166774950,67103258
118166774950,67103532
118166774950,67103587
118166774950,67103588
118166774950,67103833
118166774950,67103931
118166774950,67104017
118166774950,67104237
118166774950,67104511
118166774950,67104539
118166774950,67104754
118166774950,67105399
118166774950,67105650
118166774950,67106190
118166774950,67106332
118166774950,67107034
118166774950,67107294
118166774950,67107571
118166774950,67107583
118166774950,67107674
118166774950,67107775
118166774950,67107984
118166774950,67107993
118166774950,67108003
118166774950,67108009
118166774950,67108025
118166774950,67108037
118166774950,67108055
118166774950,67108072
118166774950,67108086
118166774950,67108094
118166774950,67108104
118166774950,67108310
118166774950,67108314
118166774950,67108370
118166774950,67108411
118166774950,67108426
118166774950,67108484
118166774950,67108494
118166774950,67108553
118166774950,67108557
118166774950,67108560
118166774950,67108561
118166774950,67108564
118166774950,67108566
118166774950,67108570
118166774950,67108571
118166774950,67108574
118166774950,67108576
118166774950,67108583
118166774950,67108589
118166774950,67108594
118166774950,67108599
118166774950,67108608
118166774950,67108616
118166774950,67108620
118166774950,67108624
118166774950,67108625
118166774950,67108650
118166774950,67108657
118166774950,67108728
118166774950,67108749
118166774950,67108760
118166774950,67108769
118166774950,67108782
118166774950,67108791
127187139450,67099636
127187139450,67099642
127187139450,67099648
127187139450,67099676
127187139450,67099679
127187139450,67099684
127187139450,67099685
127187139450,67099686
127187139450,67099696
127187139450,67099704
127187139450,67099717
127187139450,67099737
127187139450,67099749
127187139450,67099750
127187139450,67099756
127187139450,67099763
127187139450,67099771
127187139450,67099775
127187139450,67099782
127187139450,67099790
127187139450,67099797
127187139450,67099803
127187139450,67099813
127187139450,67099818
127187139450,67099820
127187139450,67099825
127187139450,67099827
127187139450,67099828
127187139450,67099834
127187139450,67099836
127187139450,67099892
127187139450,67099896
127187139450,67099900
127187139450,67099901
127187139450,67099903
127187139450,67099908
127187139450,67099913
127187139450,67099914
127187139450,67099915
127187139450,67099916
127187139450,67099922
127187139450,67099927
127187139450,67099938
127187139450,67099942
127187139450,67102647
127187139450,67103662
127187139450,67105535
127187139450,67106719
127187139450,67107328
127187139450,67107438
127187139450,67107534
127187139450,67107715
127187139450,67107757
127187139450,67107810
127187139450,67107852
127187139450,67107862
127187139450,67107918
127187139450,67107928
127187139450,67108018
127187139450,67108044
127187139450,67108067
127187139450,67108076
127187139450,67108082
127187139450,67108090
127187139450,67108105
127187139450,67108111
127187139450,67108118
127187139450,67108146
127187139450,67108150
127187139450,67108167
127187139450,67108181
127187139450,67108194
127187139450,67108206
127187139450,67108219
127187139450,67108318
127187139450,67108339
127187139450,67108345
127187139450,67108364
127187139450,67108373
127187139450,67108423
127187139450,67108478
127187139450,67108485
127187139450,67108496
127187139450,67108512
127187139450,67108521
127187139450,67108523
127187139450,67108529
127187139450,67108547
127187139450,67108577
127187139450,67108579
127187139450,67108593
127187139450,67108598
127187139450,67108602
127187139450,67108618
127187139450,67108626
127187139450,67108635
127187139450,67108637
127187139450,67108645
127187139450,67108653
127187139450,67108663
127187139450,67108664
127187139450,67108665
127187139450,67108670
127187139450,67108676
127187139450,67108678
127187139450,67108680
127187139450,67108688
127187139450,67108712
127187139450,67108727
127187139450,67108743
127187139450,67108746
127187139450,67108751
127187139450,67108756
127187139450,67108757
127187139450,67108758
127187139450,67108759
127187139450,67108762
127187139450,67108765
127187139450,67108789
136207503950,67102062
136207503950,67102346
136207503950,67102361
136207503950,67102662
136207503950,67102671
136207503950,67102728
136207503950,67102825
136207503950,67102837
136207503950,67102945
136207503950,67103004
136207503950,67103066
136207503950,67103161
136207503950,67103260
136207503950,67103281
136207503950,67103282
136207503950,67103284
136207503950,67103298
136207503950,67103307
136207503950,67103309
136207503950,67103342
136207503950,67103353
136207503950,67103356
136207503950,67103362
136207503950,67103365
136207503950,67103397
136207503950,67103403
136207503950,67103408
136207503950,67103414
136207503950,67103436
136207503950,67103451
136207503950,67103462
136207503950,67103472
136207503950,67103487
136207503950,67103506
136207503950,67103511
136207503950,67103512
136207503950,67103541
136207503950,67103555
136207503950,67103561
136207503950,67103562
136207503950,67103565
136207503950,67103566
136207503950,67103572
136207503950,67103580
136207503950,67103581
136207503950,67103583
136207503950,67103599
136207503950,67103621
136207503950,67103644
136207503950,67103645
136207503950,67103646
136207503950,67103647
136207503950,67103650
136207503950,67103651
136207503950,67103661
136207503950,67103665
136207503950,67103673
136207503950,67103688
136207503950,67103689
136207503950,67103696
136207503950,67103703
136207503950,67103705
136207503950,67103718
136207503950,67103721
136207503950,67103736
136207503950,67103766
136207503950,67103767
136207503950,67103770
136207503950,67103776
136207503950,67103797
136207503950,67103799
136207503950,67103803
136207503950,67103808
136207503950,67103820
136207503950,67103828
136207503950,67103835
136207503950,67103837
136207503950,67103844
136207503950,67103881
136207503950,67103890
136207503950,67103891
136207503950,67103893
136207503950,67103900
136207503950,67103902
136207503950,67103912
136207503950,67103916
136207503950,67103919
136207503950,67103923
136207503950,67103929
136207503950,67103934
136207503950,67103964
136207503950,67103965
136207503950,67103966
136207503950,67103974
136207503950,67103978
136207503950,67103985
136207503950,67103987
136207503950,67104021
136207503950,67104053
136207503950,67104055
136207503950,67104056
136207503950,67104121
136207503950,67104132
136207503950,67104139
136207503950,67104172
136207503950,67104193
136207503950,67104196
136207503950,67104226
136207503950,67104259
136207503950,67104264
136207503950,67104268
136207503950,67104270
136207503950,67104274
136207503950,67104281
136207503950,67104283
136207503950,67104307
136207503950,67104309
136207503950,67104310
136207503950,67104311
136207503950,67104317
136207503950,67104321
136207503950,67104326
136207503950,67104328
136207503950,67104329
136207503950,67104330
136207503950,67104333
136207503950,67104341
136207503950,67104343
145227868450,67099613
145227868450,67099669
145227868450,67099677
145227868450,67099693
145227868450,67099697
145227868450,67099724
145227868450,67099730
145227868450,67099738
145227868450,67099744
145227868450,67099748
145227868450,67099751
145227868450,67099791
145227868450,67099794
145227868450,67099796
145227868450,67099802
145227868450,67099806
145227868450,67099808
145227868450,67099809
145227868450,67099823
145227868450,67099829
145227868450,67099844
145227868450,67099875
145227868450,67099919
145227868450,67099937
145227868450,67099951
145227868450,67101044
145227868450,67101083
145227868450,67102475
145227868450,67102478
145227868450,67102495
145227868450,67102496
145227868450,67102508
145227868450,67102516
145227868450,67102520
145227868450,67102538
145227868450,67102548
145227868450,67102553
145227868450,67102557
145227868450,67102558
145227868450,67102577
145227868450,67102579
145227868450,67102847
145227868450,67105861
145227868450,67106503
145227868450,67106504
145227868450,67106506
145227868450,67106508
145227868450,67106509
145227868450,67106510
145227868450,67106511
145227868450,67106512
145227868450,67106513
145227868450,67106514
145227868450,67106515
145227868450,67106516
145227868450,67106517
145227868450,67106518
145227868450,67106523
145227868450,67106943
145227868450,67107253
145227868450,67107273
145227868450,67107283
145227868450,67107390
145227868450,67107598
145227868450,67107666
145227868450,67107744
145227868450,67107899
145227868450,67107900
145227868450,67107915
145227868450,67107929
145227868450,67107976
145227868450,67108007
145227868450,67108019
145227868450,67108034
145227868450,67108039
145227868450,67108052
145227868450,67108116
145227868450,67108117
145227868450,67108124
145227868450,67108129
145227868450,67108169
145227868450,67108236
145227868450,67108341
145227868450,67108350
145227868450,67108352
145227868450,67108406
145227868450,67108492
145227868450,67108528
145227868450,67108537
145227868450,67108540
145227868450,67108548
145227868450,67108567
145227868450,67108568
145227868450,67108573
145227868450,67108586
145227868450,67108590
145227868450,67108622
145227868450,67108623
145227868450,67108630
145227868450,67108638
145227868450,67108639
145227868450,67108649
145227868450,67108669
145227868450,67108672
145227868450,67108685
145227868450,67108690
145227868450,67108715
145227868450,67108740
145227868450,67108752
145227868450,67108761
145227868450,67108780
145227868450,67108792
145227868450,67108794
154248232950,67099682
154248232950,67099731
154248232950,67099733
154248232950,67099735
154248232950,67099745
154248232950,67099760
154248232950,67099764
154248232950,67099767
154248232950,67099799
154248232950,67099800
154248232950,67099816
154248232950,67099819
154248232950,67099821
154248232950,67099822
154248232950,67099826
154248232950,67107920
154248232950,67107922
154248232950,67107923
154248232950,67107990
154248232950,67108024
154248232950,67108040
154248232950,67108041
154248232950,67108043
154248232950,67108045
154248232950,67108053
154248232950,67108057
154248232950,67108061
154248232950,67108070
154248232950,67108071
154248232950,67108073
154248232950,67108074
154248232950,67108085
154248232950,67108088
154248232950,67108095
154248232950,67108096
154248232950,67108098
154248232950,67108099
154248232950,67108102
154248232950,67108103
154248232950,67108107
154248232950,67108123
154248232950,67108131
154248232950,67108134
154248232950,67108135
154248232950,67108136
154248232950,67108137
154248232950,67108138
154248232950,67108139
154248232950,67108140
154248232950,67108142
154248232950,67108143
154248232950,67108144
154248232950,67108145
154248232950,67108147
154248232950,67108148
154248232950,67108151
154248232950,67108152
154248232950,67108153
154248232950,67108155
154248232950,67108156
154248232950,67108157
154248232950,67108158
154248232950,67108160
154248232950,67108161
154248232950,67108162
154248232950,67108163
154248232950,67108164
154248232950,67108168
154248232950,67108171
154248232950,67108172
154248232950,67108174
154248232950,67108175
154248232950,67108176
154248232950,67108177
154248232950,67108178
154248232950,67108179
154248232950,67108180
154248232950,67108182
154248232950,67108183
154248232950,67108184
154248232950,67108185
154248232950,67108186
154248232950,67108187
154248232950,67108188
154248232950,67108189
154248232950,67108190
154248232950,67108191
154248232950,67108192
154248232950,67108193
154248232950,67108195
154248232950,67108196
154248232950,67108197
154248232950,67108198
154248232950,67108199
154248232950,67108200
154248232950,67108201
154248232950,67108202
154248232950,67108204
154248232950,67108207
154248232950,67108524
154248232950,67108525
154248232950,67108588
154248232950,67108591
154248232950,67108592
154248232950,67108600
154248232950,67108603
154248232950,67108617
154248232950,67108640
154248232950,67108641
154248232950,67108643
154248232950,67108651
154248232950,67108652
154248232950,67108655
154248232950,67108659
154248232950,67108661
154248232950,67108667
154248232950,67108668
154248232950,67108671
154248232950,67108673
163268597450,131253
163268597450,67101355
163268597450,67101360
163268597450,67101361
163268597450,67101420
163268597450,67101422
163268597450,67101425
163268597450,67101430
163268597450,67101431
163268597450,67101436
163268597450,67101443
163268597450,67101457
163268597450,67101458
163268597450,67101459
163268597450,67101460
163268597450,67101473
163268597450,67101474
163268597450,67101488
163268597450,67101497
163268597450,67101519
163268597450,67101520
163268597450,67101524
163268597450,67101527
163268597450,67101528
163268597450,67101529
163268597450,67101536
163268597450,67101576
163268597450,67101596
163268597450,67101597
163268597450,67101607
163268597450,67101623
163268597450,67101627
163268597450,67101641
163268597450,67101654
163268597450,67101667
163268597450,67101669
163268597450,67101698
163268597450,67101699
163268597450,67101706
163268597450,67101713
163268597450,67101719
163268597450,67101739
163268597450,67101740
163268597450,67101745
163268597450,67101746
163268597450,67101753
163268597450,67101757
163268597450,67101771
163268597450,67101777
163268597450,67101807
163268597450,67101850
163268597450,67101897
163268597450,67101899
163268597450,67101902
163268597450,67101903
163268597450,67101916
163268597450,67101918
163268597450,67101919
163268597450,67101931
163268597450,67101932
163268597450,67101934
163268597450,67101937
163268597450,67101941
163268597450,67102060
163268597450,67102063
163268597450,67102086
163268597450,67102149
163268597450,67102153
163268597450,67102175
163268597450,67102212
163268597450,67102271
163268597450,67102280
163268597450,67102281
163268597450,67102282
163268597450,67102287
163268597450,67102300
163268597450,67102303
163268597450,67102324
163268597450,67102332
163268597450,67102348
163268597450,67102383
163268597450,67102391
163268597450,67102395
163268597450,67102396
163268597450,67102415
163268597450,67102420
163268597450,67102434
163268597450,67102435
163268597450,67102451
163268597450,67102456
163268597450,67102653
163268597450,67102673
163268597450,67102743
163268597450,67102848
163268597450,67102849
163268597450,67102874
163268597450,67102888
163268597450,67102904
163268597450,67103064
163268597450,67104564
163268597450,67104574
163268597450,67104578
163268597450,67104595
163268597450,67104612
163268597450,67104613
163268597450,67104617
163268597450,67104618
163268597450,67104624
163268597450,67104683
163268597450,67104758
163268597450,67104764
163268597450,67104776
163268597450,67104814
163268597450,67104835
163268597450,67104836
163268597450,67104845
163268597450,67104846
163268597450,67104870
163268597450,67104906
163268597450,67104911
163268597450,67104947
163268597450,67104952
163268597450,67104980
163268597450,67104981
163268597450,67105509
172288961950,131247
172288961950,67101709
172288961950,67101843
172288961950,67101851
172288961950,67103081
172288961950,67103972
172288961950,67103979
172288961950,67103981
172288961950,67103982
172288961950,67103983
172288961950,67103986
172288961950,67103989
172288961950,67103991
172288961950,67103993
172288961950,67103996
172288961950,67103997
172288961950,67104001
172288961950,67104003
172288961950,67104008
172288961950,67104009
172288961950,67104010
172288961950,67104011
172288961950,67104012
172288961950,67104013
172288961950,67104015
172288961950,67104020
172288961950,67104022
172288961950,67104024
172288961950,67104025
172288961950,67104050
172288961950,67104051
172288961950,67104059
172288961950,67104062
172288961950,67104064
172288961950,67104065
172288961950,67104067
172288961950,67104069
172288961950,67104070
172288961950,67104072
172288961950,67104073
172288961950,67104074
172288961950,67104075
172288961950,67104076
172288961950,67104077
172288961950,67104080
172288961950,67104090
172288961950,67104091
172288961950,67104092
172288961950,67104094
172288961950,67104096
172288961950,67104098
172288961950,67104099
172288961950,67104100
172288961950,67104101
172288961950,67104102
172288961950,67104104
172288961950,67104105
172288961950,67104110
172288961950,67104111
172288961950,67104118
172288961950,67104119
172288961950,67104123
172288961950,67104126
172288961950,67104127
172288961950,67104131
172288961950,67104133
172288961950,67104135
172288961950,67104136
172288961950,67104137
172288961950,67104138
172288961950,67104144
172288961950,67104397
172288961950,67106123
172288961950,67106125
172288961950,67106129
172288961950,67106130
172288961950,67106131
172288961950,67106140
172288961950,67106141
172288961950,67106142
172288961950,67106143
172288961950,67106146
172288961950,67106147
172288961950,67106148
172288961950,67106150
172288961950,67106152
172288961950,67106501
172288961950,67106665
172288961950,67106680
172288961950,67106786
172288961950,67106788
172288961950,67106789
172288961950,67106790
172288961950,67106793
172288961950,67106794
172288961950,67106795
172288961950,67106796
172288961950,67106804
172288961950,67106805
172288961950,67106806
172288961950,67106807
172288961950,67106808
172288961950,67106809
172288961950,67106810
172288961950,67106811
172288961950,67106812
172288961950,67106813
172288961950,67106814
172288961950,67106815
172288961950,67106816
172288961950,67106817
172288961950,67106818
172288961950,67106819
172288961950,67106869
172288961950,67107418
172288961950,67107432
172288961950,67107433
172288961950,67108209
172288961950,67108677
181309326450,131257
181309326450,67099635
181309326450,67099672
181309326450,67099673
181309326450,67099688
181309326450,67099698
181309326450,67099702
181309326450,67099705
181309326450,67099708
181309326450,67099709
181309326450,67099712
181309326450,67099715
181309326450,67099725
181309326450,67099726
181309326450,67099734
181309326450,67099742
181309326450,67099743
181309326450,67099753
181309326450,67099761
181309326450,67099835
181309326450,67099838
181309326450,67099841
181309326450,67099847
181309326450,67099869
181309326450,67099873
181309326450,67099877
181309326450,67099879
181309326450,67099895
181309326450,67099899
181309326450,67099902
181309326450,67099911
181309326450,67099917
181309326450,67099926
181309326450,67099936
181309326450,67099983
181309326450,67104856
181309326450,67105256
181309326450,67105330
181309326450,67105396
181309326450,67105633
181309326450,67105685
181309326450,67105925
181309326450,67106113
181309326450,67106664
181309326450,67106672
181309326450,67106745
181309326450,67107006
181309326450,67107357
181309326450,67107522
181309326450,67107572
181309326450,67107634
181309326450,67107702
181309326450,67107704
181309326450,67107705
181309326450,67107838
181309326450,67107924
181309326450,67107933
181309326450,67108000
181309326450,67108002
181309326450,67108031
181309326450,67108075
181309326450,67108166
181309326450,67108217
181309326450,67108285
181309326450,67108313
181309326450,67108330
181309326450,67108351
181309326450,67108367
181309326450,67108369
181309326450,67108377
181309326450,67108399
181309326450,67108515
181309326450,67108519
181309326450,67108530
181309326450,67108545
181309326450,67108551
181309326450,67108552
181309326450,67108555
181309326450,67108558
181309326450,67108565
181309326450,67108569
181309326450,67108580
181309326450,67108684
181309326450,67108720
181309326450,67108722
181309326450,67108725
181309326450,67108726
181309326450,67108729
181309326450,67108736
181309326450,67108738
181309326450,67108742
181309326450,67108744
181309326450,67108745
181309326450,67108766
181309326450,67108773
181309326450,67108779
181309326450,67108784
181309326450,67108787
190329690950,131248
190329690950,67101189
190329690950,67101190
190329690950,67101213
190329690950,67101217
190329690950,67101251
190329690950,67101264
190329690950,67101289
190329690950,67101294
190329690950,67101302
190329690950,67101308
190329690950,67101319
190329690950,67101321
190329690950,67101324
190329690950,67101331
190329690950,67101344
190329690950,67101345
190329690950,67101365
190329690950,67101413
190329690950,67101438
190329690950,67101439
190329690950,67101441
190329690950,67101447
190329690950,67101451
190329690950,67101452
190329690950,67101461
190329690950,67101471
190329690950,67101479
190329690950,67101480
190329690950,67101487
190329690950,67101504
190329690950,67101537
190329690950,67101539
190329690950,67101540
190329690950,67101545
190329690950,67101551
190329690950,67101552
190329690950,67101636
190329690950,67101644
190329690950,67101647
190329690950,67101648
190329690950,67101655
190329690950,67101657
190329690950,67101658
190329690950,67101660
190329690950,67101662
190329690950,67101666
190329690950,67101676
190329690950,67101705
190329690950,67101714
190329690950,67101724
190329690950,67101734
190329690950,67101738
190329690950,67101767
190329690950,67101768
190329690950,67101789
190329690950,67101802
190329690950,67101806
190329690950,67101905
190329690950,67101928
190329690950,67101960
190329690950,67101968
190329690950,67101969
190329690950,67101974
190329690950,67101977
190329690950,67101978
190329690950,67101981
190329690950,67101984
190329690950,67102057
190329690950,67102085
190329690950,67102107
190329690950,67102131
190329690950,67102139
190329690950,67102140
190329690950,67102151
190329690950,67102158
190329690950,67102160
190329690950,67102202
190329690950,67102247
190329690950,67102257
190329690950,67102291
190329690950,67102292
190329690950,67102301
190329690950,67102304
190329690950,67102328
190329690950,67102336
190329690950,67102350
190329690950,67102355
190329690950,67102374
190329690950,67102387
190329690950,67102397
190329690950,67102401
190329690950,67102403
190329690950,67102411
190329690950,67102428
190329690950,67102449
190329690950,67102873
190329690950,67102891
190329690950,67103045
190329690950,67103068
190329690950,67103225
190329690950,67103480
190329690950,67103605
190329690950,67103611
190329690950,67103664
190329690950,67103888
190329690950,67104236
190329690950,67104271
190329690950,67104272
190329690950,67104308
190329690950,67104312
190329690950,67104327
190329690950,67104338
190329690950,67104342
190329690950,67104358
190329690950,67104360
190329690950,67104403
190329690950,67105171
190329690950,67105172
190329690950,67105943
190329690950,67105963
190329690950,67106019
190329690950,67106047
190329690950,67106055
190329690950,67106089
199350055450,67099962
199350055450,67101048
199350055450,67101051
199350055450,67101052
199350055450,67101076
199350055450,67101080
199350055450,67101145
199350055450,67101159
199350055450,67101160
199350055450,67101175
199350055450,67101195
199350055450,67101208
199350055450,67101222
199350055450,67101225
199350055450,67101356
199350055450,67101368
199350055450,67101371
199350055450,67101372
199350055450,67101374
199350055450,67101375
199350055450,67101377
199350055450,67101379
199350055450,67101386
199350055450,67101392
199350055450,67101415
199350055450,67101416
199350055450,67101417
199350055450,67101426
199350055450,67101448
199350055450,67101467
199350055450,67101476
199350055450,67101477
199350055450,67101482
199350055450,67101484
199350055450,67101485
199350055450,67101496
199350055450,67101499
199350055450,67101501
199350055450,67101521
199350055450,67101523
199350055450,67101535
199350055450,67101547
199350055450,67101548
199350055450,67101554
199350055450,67101562
199350055450,67101568
199350055450,67101574
199350055450,67101578
199350055450,67101583
199350055450,67101584
199350055450,67101598
199350055450,67101599
199350055450,67101600
199350055450,67101609
199350055450,67101615
199350055450,67101616
199350055450,67101619
199350055450,67101621
199350055450,67101626
199350055450,67101633
199350055450,67101645
199350055450,67101651
199350055450,67101652
199350055450,67101653
199350055450,67101659
199350055450,67101663
199350055450,67101664
199350055450,67101670
199350055450,67101671
199350055450,67101672
199350055450,67101690
199350055450,67101691
199350055450,67101696
199350055450,67101708
199350055450,67101722
199350055450,67101727
199350055450,67101736
199350055450,67101743
199350055450,67101744
199350055450,67101756
199350055450,67101760
199350055450,67101762
199350055450,67101763
199350055450,67101764
199350055450,67101765
199350055450,67101776
199350055450,67101781
199350055450,67101783
199350055450,67101787
199350055450,67101792
199350055450,67101797
199350055450,67101809
199350055450,67101814
199350055450,67101826
199350055450,67101827
199350055450,67101833
199350055450,67101835
199350055450,67101837
199350055450,67101839
199350055450,67101847
199350055450,67101848
199350055450,67101855
199350055450,67101868
199350055450,67101871
199350055450,67101877
199350055450,67101879
208370419950,67099689
208370419950,67099692
208370419950,67099694
208370419950,67099695
208370419950,67099720
208370419950,67099842
208370419950,67099905
208370419950,67099924
208370419950,67101649
208370419950,67101867
208370419950,67102048
208370419950,67102439
208370419950,67106128
208370419950,67106955
208370419950,67107910
208370419950,67107940
208370419950,67107974
208370419950,67108112
208370419950,67108224
208370419950,67108231
208370419950,67108334
208370419950,67108346
208370419950,67108359
208370419950,67108382
208370419950,67108397
208370419950,67108531
208370419950,67108532
208370419950,67108535
208370419950,67108536
208370419950,67108556
208370419950,67108719
208370419950,67108748
208370419950,67108754
217390784450,67101784
217390784450,67101785
217390784450,67101786
217390784450,67102363
217390784450,67102463
217390784450,67102464
217390784450,67102466
217390784450,67102468
217390784450,67102469
217390784450,67102470
217390784450,67102471
217390784450,67102472
217390784450,67102473
217390784450,67102474
217390784450,67102476
217390784450,67102477
217390784450,67102481
217390784450,67102491
217390784450,67102567
217390784450,67102573
217390784450,67102707
217390784450,67102715
217390784450,67102716
217390784450,67102726
217390784450,67102733
217390784450,67102737
217390784450,67102738
217390784450,67102739
217390784450,67102746
217390784450,67102750
217390784450,67102751
217390784450,67102755
217390784450,67102756
217390784450,67102761
217390784450,67102762
217390784450,67102767
217390784450,67102771
217390784450,67102773
217390784450,67102777
217390784450,67102778
217390784450,67102779
217390784450,67102780
217390784450,67102784
217390784450,67102785
217390784450,67102787
217390784450,67102788
217390784450,67102803
217390784450,67102804
217390784450,67102831
217390784450,67102851
217390784450,67102981
217390784450,67103016
217390784450,67103185
217390784450,67103305
217390784450,67103308
217390784450,67103310
217390784450,67103312
217390784450,67103320
217390784450,67103322
217390784450,67103325
217390784450,67103328
217390784450,67103337
217390784450,67103347
217390784450,67103354
217390784450,67103357
217390784450,67103358
217390784450,67103359
217390784450,67103360
217390784450,67103361
217390784450,67103364
217390784450,67103368
217390784450,67103369
217390784450,67103370
217390784450,67103371
217390784450,67103373
217390784450,67103390
217390784450,67103392
217390784450,67103394
217390784450,67103395
217390784450,67103484
217390784450,67103524
217390784450,67103544
217390784450,67103999
217390784450,67104000
217390784450,67104006
217390784450,67104018
217390784450,67104026
217390784450,67104027
217390784450,67104125
217390784450,67104390
217390784450,67104599
217390784450,67104605
217390784450,67104611
217390784450,67104696
217390784450,67104697
217390784450,67104698
217390784450,67104700
217390784450,67104701
217390784450,67104707
217390784450,67104708
217390784450,67104709
217390784450,67104710
217390784450,67104711
217390784450,67104712
217390784450,67104946
217390784450,67104953
217390784450,67104954
217390784450,67104956
217390784450,67105333
217390784450,67105340
217390784450,67105341
217390784450,67105342
217390784450,67105343
217390784450,67105344
217390784450,67105347
217390784450,67105348
217390784450,67105408
217390784450,67105409
217390784450,67105412
217390784450,67105414
217390784450,67105415
217390784450,67105417
217390784450,67105421
217390784450,67105425
217390784450,67105426
217390784450,67105427
226411148950,67099671
226411148950,67099722
226411148950,67099741
226411148950,67099754
226411148950,67099759
226411148950,67099880
226411148950,67099898
226411148950,67099925
226411148950,67099934
226411148950,67099969
226411148950,67100347
226411148950,67104966
226411148950,67105611
226411148950,67106797
226411148950,67106824
226411148950,67107085
226411148950,67107095
226411148950,67107451
226411148950,67107576
226411148950,67107618
226411148950,67107930
226411148950,67107969
226411148950,67107991
226411148950,67107998
226411148950,67108056
226411148950,67108234
226411148950,67108301
226411148950,67108340
226411148950,67108358
226411148950,67108386
226411148950,67108404
226411148950,67108514
226411148950,67108584
226411148950,67108585
226411148950,67108597
226411148950,67108723
226411148950,67108733
226411148950,67108741
226411148950,67108755
226411148950,67108768
235431513450,131251
235431513450,67101329
235431513450,67101402
235431513450,67101403
235431513450,67101588
235431513450,67102279
235431513450,67102483
235431513450,67102637
235431513450,67102638
235431513450,67102640
235431513450,67102641
235431513450,67102642
235431513450,67102650
235431513450,67102665
235431513450,67102666
235431513450,67102679
235431513450,67102703
235431513450,67102704
235431513450,67102705
235431513450,67102765
235431513450,67102821
235431513450,67102854
235431513450,67102883
235431513450,67102996
235431513450,67103032
235431513450,67103059
235431513450,67103105
235431513450,67103111
235431513450,67103189
235431513450,67103211
235431513450,67103212
235431513450,67103250
235431513450,67103259
235431513450,67103279
235431513450,67103291
235431513450,67103304
235431513450,67103335
235431513450,67103379
235431513450,67103389
235431513450,67103448
235431513450,67103452
235431513450,67103482
235431513450,67103509
235431513450,67103517
235431513450,67103530
235431513450,67103534
235431513450,67103545
235431513450,67103634
235431513450,67103655
235431513450,67103675
235431513450,67103679
235431513450,67103683
235431513450,67103685
235431513450,67103691
235431513450,67103693
235431513450,67103695
235431513450,67103707
235431513450,67103708
235431513450,67103712
235431513450,67103727
235431513450,67103728
235431513450,67103729
235431513450,67103735
235431513450,67103774
235431513450,67103775
235431513450,67103785
235431513450,67103787
235431513450,67103788
235431513450,67103794
235431513450,67103795
235431513450,67103798
235431513450,67103800
235431513450,67103801
235431513450,67103802
235431513450,67103805
235431513450,67103806
235431513450,67103807
235431513450,67103810
235431513450,67103811
235431513450,67103812
235431513450,67103823
235431513450,67103832
235431513450,67103834
235431513450,67103836
235431513450,67103839
235431513450,67103845
235431513450,67103847
235431513450,67103849
235431513450,67103850
235431513450,67103853
235431513450,67103855
235431513450,67103856
235431513450,67103857
235431513450,67103861
235431513450,67103863
235431513450,67103864
235431513450,67103874
235431513450,67103878
235431513450,67103884
235431513450,67103894
235431513450,67103898
235431513450,67103903
235431513450,67103904
235431513450,67103906
235431513450,67103908
235431513450,67103913
235431513450,67103914
235431513450,67103921
235431513450,67103930
235431513450,67103932
235431513450,67103941
235431513450,67103944
235431513450,67103950
235431513450,67103955
235431513450,67103957
235431513450,67103958
235431513450,67103960
235431513450,67103961
235431513450,67103967
235431513450,67103973
244451877950,67099970
244451877950,67101063
244451877950,67101086
244451877950,67101113
244451877950,67101115
244451877950,67101132
244451877950,67101154
244451877950,67101171
244451877950,67101172
244451877950,67101177
244451877950,67101188
244451877950,67101201
244451877950,67101269
244451877950,67101310
244451877950,67101373
244451877950,67101381
244451877950,67101396
244451877950,67101408
244451877950,67101409
244451877950,67101569
244451877950,67101571
244451877950,67101586
244451877950,67101605
244451877950,67101606
244451877950,67101682
244451877950,67101687
244451877950,67101702
244451877950,67101703
244451877950,67101718
244451877950,67101725
244451877950,67101766
244451877950,67101772
244451877950,67101774
244451877950,67101778
244451877950,67101780
244451877950,67101782
244451877950,67101793
244451877950,67101794
244451877950,67101801
244451877950,67101804
244451877950,67101808
244451877950,67101869
244451877950,67101882
244451877950,67101884
244451877950,67101892
244451877950,67101895
244451877950,67101923
244451877950,67101925
244451877950,67101927
244451877950,67101952
244451877950,67101956
244451877950,67101971
244451877950,67101986
244451877950,67101987
244451877950,67101988
244451877950,67101989
244451877950,67101990
244451877950,67102002
244451877950,67102007
244451877950,67102012
244451877950,67102014
244451877950,67102015
244451877950,67102016
244451877950,67102025
244451877950,67102026
244451877950,67102027
244451877950,67102033
244451877950,67102035
244451877950,67102036
244451877950,67102041
244451877950,67102045
244451877950,67102051
244451877950,67102053
244451877950,67102055
244451877950,67102056
244451877950,67102065
244451877950,67102066
244451877950,67102067
244451877950,67102071
244451877950,67102073
244451877950,67102074
244451877950,67102077
244451877950,67102080
244451877950,67102084
244451877950,67102089
244451877950,67102091
244451877950,67102098
244451877950,67102105
244451877950,67102109
244451877950,67102110
244451877950,67102113
244451877950,67102115
244451877950,67102117
244451877950,67102121
244451877950,67102122
244451877950,67102124
244451877950,67102125
244451877950,67102127
244451877950,67102128
244451877950,67102132
244451877950,67102133
244451877950,67102135
244451877950,67102136
244451877950,67102143
244451877950,67102148
244451877950,67102154
244451877950,67102157
244451877950,67102159
244451877950,67102163
244451877950,67102171
244451877950,67102174
244451877950,67102176
244451877950,67102178
244451877950,67102180
244451877950,67102181
244451877950,67102182
244451877950,67102183
244451877950,67102184
244451877950,67102185
244451877950,67102186
253472242450,67099999
253472242450,67106391
253472242450,67106900
253472242450,67106909
253472242450,67106914
253472242450,67106937
253472242450,67106938
253472242450,67106959
253472242450,67106961
253472242450,67106968
253472242450,67106970
253472242450,67106971
253472242450,67106973
253472242450,67106981
253472242450,67106988
253472242450,67106996
253472242450,67106999
253472242450,67107002
253472242450,67107009
253472242450,67107010
253472242450,67107011
253472242450,67107012
253472242450,67107016
253472242450,67107025
253472242450,67107031
253472242450,67107033
253472242450,67107035
253472242450,67107038
253472242450,67107040
253472242450,67107041
253472242450,67107045
253472242450,67107055
253472242450,67107061
253472242450,67107066
253472242450,67107067
253472242450,67107074
253472242450,67107075
253472242450,67107078
253472242450,67107079
253472242450,67107083
253472242450,67107086
253472242450,67107088
253472242450,67107091
253472242450,67107097
253472242450,67107106
253472242450,67107107
253472242450,67107109
253472242450,67107110
253472242450,67107112
253472242450,67107116
253472242450,67107119
253472242450,67107128
253472242450,67107250
253472242450,67107265
253472242450,67107266
253472242450,67107270
253472242450,67107271
253472242450,67107272
253472242450,67107285
253472242450,67107298
253472242450,67107301
253472242450,67107313
253472242450,67107314
253472242450,67107316
253472242450,67107317
253472242450,67107319
253472242450,67107320
253472242450,67107323
253472242450,67107324
253472242450,67107331
253472242450,67107332
253472242450,67107333
253472242450,67107334
253472242450,67107336
253472242450,67107345
253472242450,67107347
253472242450,67107349
253472242450,67107352
253472242450,67107369
253472242450,67107379
253472242450,67107391
253472242450,67107393
253472242450,67107395
253472242450,67107413
253472242450,67107419
253472242450,67107434
253472242450,67107444
253472242450,67107447
253472242450,67107454
253472242450,67107457
253472242450,67107460
253472242450,67107466
253472242450,67107467
253472242450,67107468
253472242450,67107474
253472242450,67107476
253472242450,67107496
253472242450,67107498
253472242450,67107574
253472242450,67107586
253472242450,67107587
253472242450,67107588
253472242450,67107596
253472242450,67107608
253472242450,67107611
253472242450,67107672
253472242450,67107673
253472242450,67107714
253472242450,67107719
253472242450,67107735
253472242450,67107762
253472242450,67107822
253472242450,67107827
253472242450,67107856
253472242450,67107994
253472242450,67108015
253472242450,67108333
253472242450,67108378
262492606950,67100324
262492606950,67104141
262492606950,67104182
262492606950,67104286
262492606950,67104287
262492606950,67104368
262492606950,67104373
262492606950,67104374
262492606950,67104809
262492606950,67104848
262492606950,67104879
262492606950,67104882
262492606950,67104884
262492606950,67104903
262492606950,67104915
262492606950,67104927
262492606950,67104928
262492606950,67104933
262492606950,67104934
262492606950,67104935
262492606950,67104936
262492606950,67104937
262492606950,67104938
262492606950,67104940
262492606950,67104943
262492606950,67104950
262492606950,67104957
262492606950,67104960
262492606950,67104961
262492606950,67104967
262492606950,67104969
262492606950,67104970
262492606950,67104974
262492606950,67104975
262492606950,67104977
262492606950,67104984
262492606950,67104985
262492606950,67104986
262492606950,67104987
262492606950,67104988
262492606950,67104989
262492606950,67104990
262492606950,67105001
262492606950,67105004
262492606950,67105007
262492606950,67105009
262492606950,67105010
262492606950,67105011
262492606950,67105015
262492606950,67105016
262492606950,67105024
262492606950,67105025
262492606950,67105026
262492606950,67105027
262492606950,67105028
262492606950,67105029
262492606950,67105031
262492606950,67105032
