1096522560,67100099
1096522560,67100300
1096522560,67100516
1096522560,67100703
1096522560,67100904
1096522560,67100905
1096522560,67100906
1096522560,67100907
1096522560,67100908
1096522560,67100909
1096522560,67100910
1096522560,67100911
1096522560,67100912
1096522560,67100913
1096522560,67100914
1096522560,67100915
1096522560,67100917
1096522560,67100918
1096522560,67100919
1096522560,67100920
1096522560,67100921
1096522560,67100922
1096522560,67100923
1096522560,67100927
1096522560,67100928
1096522560,67100929
1096522560,67100930
1096522560,67100931
1096522560,67100932
1096522560,67100933
1096522560,67100934
1096522560,67100935
1096522560,67100936
1096522560,67100965
1096522560,67100966
1096522560,67100967
1096522560,67100968
1096522560,67100969
1096522560,67100970
1096522560,67100971
1096522560,67100972
1096522560,67100973
1096522560,67100974
1096522560,67100975
1096522560,67100976
1096522560,67100977
1096522560,67100978
1096522560,67100979
1096522560,67100980
1096522560,67100981
1096522560,67100982
1096522560,67100983
1096522560,67101283
1096522560,67108594
12061748160,131246
12061748160,131261
12061748160,67100916
12061748160,67100924
12061748160,67100925
12061748160,67100926
12061748160,67100937
12061748160,67100938
12061748160,67100939
12061748160,67100940
12061748160,67100941
12061748160,67100942
12061748160,67100943
12061748160,67100944
12061748160,67100945
12061748160,67100946
12061748160,67100947
12061748160,67100948
12061748160,67100949
12061748160,67100950
12061748160,67100951
12061748160,67100952
12061748160,67100953
12061748160,67100954
12061748160,67100955
12061748160,67100956
12061748160,67100957
12061748160,67100958
12061748160,67100984
12061748160,67100985
12061748160,67100986
12061748160,67100987
12061748160,67100988
12061748160,67100989
12061748160,67100990
12061748160,67100991
12061748160,67100992
12061748160,67100993
12061748160,67100994
12061748160,67100995
12061748160,67100996
12061748160,67100997
12061748160,67100998
12061748160,67100999
12061748160,67101000
12061748160,67101001
12061748160,67101002
12061748160,67101003
12061748160,67101004
12061748160,67101005
12061748160,67101006
12061748160,67101007
12061748160,67101008
12061748160,67101009
12061748160,67101010
12061748160,67101011
12061748160,67101012
12061748160,67101013
12061748160,67101014
12061748160,67101015
12061748160,67101016
12061748160,67101017
12061748160,67101018
12061748160,67101019
12061748160,67101020
12061748160,67101021
12061748160,67101022
12061748160,67101023
12061748160,67101024
12061748160,67101025
12061748160,67101026
12061748160,67101027
12061748160,67101028
12061748160,67101029
12061748160,67101030
12061748160,67101031
12061748160,67101032
12061748160,67101033
12061748160,67101034
12061748160,67101035
12061748160,67101036
12061748160,67101037
12061748160,67101038
12061748160,67101039
12061748160,67101040
12061748160,67101041
12061748160,67101042
12061748160,67101043
12061748160,67101044
12061748160,67101045
12061748160,67101046
12061748160,67101047
12061748160,67101048
12061748160,67101049
12061748160,67101050
12061748160,67101051
12061748160,67101052
12061748160,67101053
12061748160,67101054
12061748160,67101055
12061748160,67101056
12061748160,67101057
12061748160,67101058
12061748160,67101059
12061748160,67101060
12061748160,67101061
12061748160,67101062
12061748160,67101063
12061748160,67101064
12061748160,67101065
12061748160,67101066
12061748160,67101067
12061748160,67101068
12061748160,67101069
12061748160,67101070
12061748160,67101071
12061748160,67101072
12061748160,67101073
12061748160,67103112
12061748160,67103113
23026973760,67100534
23026973760,67100962
23026973760,67100963
23026973760,67100964
23026973760,67101074
23026973760,67101075
23026973760,67101076
23026973760,67101077
23026973760,67101078
23026973760,67101079
23026973760,67101080
23026973760,67101081
23026973760,67101082
23026973760,67101083
23026973760,67101084
23026973760,67101085
23026973760,67101086
23026973760,67101087
23026973760,67101088
23026973760,67101089
23026973760,67101090
23026973760,67101091
23026973760,67101092
23026973760,67101093
23026973760,67101094
23026973760,67101095
23026973760,67101096
23026973760,67101097
23026973760,67101098
23026973760,67101099
23026973760,67101100
23026973760,67104977
23026973760,67104978
23026973760,67104979
23026973760,67104980
23026973760,67104981
33992199360,67100114
33992199360,67100315
33992199360,67100547
33992199360,67100718
33992199360,67106798
33992199360,67106799
33992199360,67106800
33992199360,67106801
33992199360,67106802
33992199360,67108609
44957424960,67100223
44957424960,67100224
44957424960,67100424
44957424960,67100425
44957424960,67100580
44957424960,67100827
44957424960,67100828
44957424960,67108401
44957424960,67108402
44957424960,67108403
44957424960,67108404
44957424960,67108405
44957424960,67108718
44957424960,67108719
55922650560,67100100
55922650560,67100103
55922650560,67100104
55922650560,67100105
55922650560,67100106
55922650560,67100107
55922650560,67100108
55922650560,67100109
55922650560,67100110
55922650560,67100111
55922650560,67100115
55922650560,67100116
55922650560,67100117
55922650560,67100118
55922650560,67100119
55922650560,67100121
55922650560,67100122
55922650560,67100123
55922650560,67100124
55922650560,67100125
55922650560,67100126
55922650560,67100127
55922650560,67100128
55922650560,67100129
55922650560,67100130
55922650560,67100131
55922650560,67100132
55922650560,67100133
55922650560,67100134
55922650560,67100135
55922650560,67100136
55922650560,67100139
55922650560,67100160
55922650560,67100161
55922650560,67100162
55922650560,67100163
55922650560,67100164
55922650560,67100165
55922650560,67100166
55922650560,67100167
55922650560,67100168
55922650560,67100169
55922650560,67100170
55922650560,67100171
55922650560,67100172
55922650560,67100173
55922650560,67100174
55922650560,67100175
55922650560,67100176
55922650560,67100177
55922650560,67100178
55922650560,67100179
55922650560,67100180
55922650560,67100181
55922650560,67100182
55922650560,67100183
55922650560,67100184
55922650560,67100185
55922650560,67100186
55922650560,67100188
55922650560,67100189
55922650560,67100193
55922650560,67100194
55922650560,67100195
55922650560,67100196
55922650560,67100202
55922650560,67100209
55922650560,67102798
55922650560,67102830
55922650560,67102831
55922650560,67102835
55922650560,67102857
55922650560,67102879
55922650560,67102917
55922650560,67102922
55922650560,67102937
55922650560,67102960
55922650560,67102962
55922650560,67102980
66887876160,131244
66887876160,131257
66887876160,67100140
66887876160,67100141
66887876160,67100142
66887876160,67100143
66887876160,67100144
66887876160,67100145
66887876160,67100146
66887876160,67100147
66887876160,67100148
66887876160,67100149
66887876160,67100150
66887876160,67100151
66887876160,67100152
66887876160,67100153
66887876160,67100154
66887876160,67100155
66887876160,67100156
66887876160,67100157
66887876160,67100158
66887876160,67100159
66887876160,67100225
66887876160,67100226
66887876160,67100227
66887876160,67100228
66887876160,67100229
66887876160,67100230
66887876160,67100231
66887876160,67100233
66887876160,67100234
66887876160,67100235
66887876160,67100236
66887876160,67100237
66887876160,67100238
66887876160,67100239
66887876160,67100240
66887876160,67100241
66887876160,67100242
66887876160,67100243
66887876160,67100244
66887876160,67100245
66887876160,67100247
66887876160,67100248
66887876160,67100251
66887876160,67100253
66887876160,67100255
66887876160,67100257
66887876160,67100261
66887876160,67100264
66887876160,67100265
66887876160,67100267
66887876160,67100268
66887876160,67100270
66887876160,67100273
66887876160,67100274
66887876160,67100276
66887876160,67100277
66887876160,67100280
66887876160,67100281
66887876160,67100282
66887876160,67100283
66887876160,67100284
66887876160,67100285
66887876160,67100286
66887876160,67100290
66887876160,67100301
66887876160,67100304
66887876160,67100305
66887876160,67100307
66887876160,67100308
66887876160,67100309
66887876160,67100732
66887876160,67101756
66887876160,67101897
66887876160,67102152
66887876160,67102177
66887876160,67102241
66887876160,67102307
66887876160,67102432
66887876160,67102580
66887876160,67102655
66887876160,67102739
66887876160,67102759
66887876160,67102869
66887876160,67102901
66887876160,67102998
66887876160,67103039
66887876160,67103045
66887876160,67103057
66887876160,67103141
66887876160,67103170
66887876160,67103639
66887876160,67103660
66887876160,67103678
66887876160,67103758
66887876160,67103781
66887876160,67103856
66887876160,67103908
66887876160,67103938
66887876160,67103968
66887876160,67104005
66887876160,67104019
66887876160,67104026
66887876160,67104038
66887876160,67104074
66887876160,67104083
66887876160,67104094
66887876160,67104571
66887876160,67104624
66887876160,67104730
66887876160,67104764
66887876160,67104805
66887876160,67105439
66887876160,67105460
66887876160,67105604
66887876160,67105618
66887876160,67106172
66887876160,67106267
66887876160,67106809
66887876160,67108595
66887876160,67108596
66887876160,67108598
66887876160,67108599
66887876160,67108602
66887876160,67108603
77853101760,131245
77853101760,131260
77853101760,67100246
77853101760,67100249
77853101760,67100250
77853101760,67100252
77853101760,67100254
77853101760,67100256
77853101760,67100258
77853101760,67100259
77853101760,67100260
77853101760,67100262
77853101760,67100263
77853101760,67100266
77853101760,67100269
77853101760,67100316
77853101760,67100317
77853101760,67100318
77853101760,67100319
77853101760,67100320
77853101760,67100321
77853101760,67100322
77853101760,67100323
77853101760,67100324
77853101760,67100325
77853101760,67100326
77853101760,67100327
77853101760,67100328
77853101760,67100329
77853101760,67100330
77853101760,67100331
77853101760,67100332
77853101760,67100333
77853101760,67100334
77853101760,67100335
77853101760,67100336
77853101760,67100361
77853101760,67100362
77853101760,67100363
77853101760,67100364
77853101760,67100365
77853101760,67100366
77853101760,67100367
77853101760,67100368
77853101760,67100369
77853101760,67100370
77853101760,67100371
77853101760,67100372
77853101760,67100373
77853101760,67100374
77853101760,67100375
77853101760,67100376
77853101760,67100377
77853101760,67100378
77853101760,67100379
77853101760,67100380
77853101760,67100381
77853101760,67100383
77853101760,67100384
77853101760,67100387
77853101760,67100392
77853101760,67100400
77853101760,67100410
77853101760,67103386
77853101760,67107036
77853101760,67107188
77853101760,67107311
77853101760,67108067
77853101760,67108074
77853101760,67108078
77853101760,67108094
77853101760,67108104
77853101760,67108121
77853101760,67108131
77853101760,67108135
77853101760,67108166
77853101760,67108230
77853101760,67108256
77853101760,67108293
77853101760,67108610
77853101760,67108611
77853101760,67108612
77853101760,67108613
77853101760,67108614
77853101760,67108615
77853101760,67108617
77853101760,67108618
77853101760,67108619
77853101760,67108620
77853101760,67108621
77853101760,67108622
77853101760,67108623
77853101760,67108624
77853101760,67108625
77853101760,67108626
77853101760,67108628
77853101760,67108629
77853101760,67108630
77853101760,67108655
77853101760,67108656
77853101760,67108657
77853101760,67108658
77853101760,67108659
77853101760,67108660
77853101760,67108661
77853101760,67108662
77853101760,67108663
77853101760,67108664
77853101760,67108665
77853101760,67108666
77853101760,67108667
77853101760,67108668
77853101760,67108669
77853101760,67108670
77853101760,67108671
77853101760,67108672
77853101760,67108673
77853101760,67108674
77853101760,67108676
77853101760,67108680
77853101760,67108681
77853101760,67108682
77853101760,67108687
77853101760,67108694
88818327360,131253
88818327360,67100514
88818327360,67103858
88818327360,67103859
88818327360,67103860
88818327360,67103861
88818327360,67103862
88818327360,67103863
88818327360,67103869
88818327360,67103871
88818327360,67103876
88818327360,67103878
88818327360,67103879
88818327360,67103882
88818327360,67103884
88818327360,67103887
88818327360,67103888
88818327360,67103891
88818327360,67103895
88818327360,67103897
88818327360,67103899
88818327360,67103904
88818327360,67103909
88818327360,67103914
88818327360,67103915
88818327360,67103919
88818327360,67103924
88818327360,67103925
88818327360,67103929
88818327360,67103931
88818327360,67103937
88818327360,67103947
88818327360,67103953
88818327360,67103961
88818327360,67103962
88818327360,67103970
88818327360,67103971
88818327360,67103984
88818327360,67103985
88818327360,67103986
88818327360,67103993
88818327360,67103999
88818327360,67104001
88818327360,67104003
88818327360,67104007
88818327360,67104008
88818327360,67104009
88818327360,67104010
88818327360,67104040
88818327360,67104048
88818327360,67104053
88818327360,67104054
88818327360,67104070
88818327360,67104078
88818327360,67104080
88818327360,67104082
88818327360,67104089
88818327360,67104095
88818327360,67104099
88818327360,67104562
88818327360,67104563
88818327360,67104564
88818327360,67104565
88818327360,67104566
88818327360,67104567
88818327360,67104568
88818327360,67104569
88818327360,67104570
88818327360,67104572
88818327360,67104573
88818327360,67104574
88818327360,67104575
88818327360,67104576
88818327360,67104577
88818327360,67104578
88818327360,67104579
88818327360,67104580
88818327360,67104581
88818327360,67104582
88818327360,67104583
88818327360,67104584
88818327360,67104585
88818327360,67104586
88818327360,67104587
88818327360,67104588
88818327360,67104589
88818327360,67104590
88818327360,67104591
88818327360,67104592
88818327360,67104593
88818327360,67104594
88818327360,67104595
88818327360,67104596
88818327360,67104597
88818327360,67104598
88818327360,67104599
88818327360,67104600
88818327360,67104601
88818327360,67104602
88818327360,67104603
88818327360,67104604
88818327360,67104605
88818327360,67104606
88818327360,67104607
88818327360,67104608
88818327360,67104609
88818327360,67104610
88818327360,67104611
88818327360,67104612
88818327360,67104613
88818327360,67104614
88818327360,67104615
88818327360,67104616
88818327360,67104617
88818327360,67104618
88818327360,67104619
88818327360,67104620
88818327360,67104621
88818327360,67104622
88818327360,67104623
88818327360,67104625
88818327360,67104626
88818327360,67104627
88818327360,67104628
88818327360,67104629
88818327360,67104630
88818327360,67104631
99783552960,67100306
99783552960,67100310
99783552960,67106914
99783552960,67108600
99783552960,67108601
99783552960,67108604
