1096522560,67100099
1096522560,67100300
1096522560,67100516
1096522560,67100703
1096522560,67100904
1096522560,67100905
1096522560,67100906
1096522560,67100907
1096522560,67100908
1096522560,67100909
1096522560,67100910
1096522560,67100911
1096522560,67100912
1096522560,67100913
1096522560,67100914
1096522560,67100915
1096522560,67100917
1096522560,67100918
1096522560,67100919
1096522560,67100920
1096522560,67100921
1096522560,67100922
1096522560,67100923
1096522560,67100927
1096522560,67100928
1096522560,67100929
1096522560,67100930
1096522560,67100931
1096522560,67100932
1096522560,67100933
1096522560,67100934
1096522560,67100935
1096522560,67100936
1096522560,67100965
1096522560,67100966
1096522560,67100967
1096522560,67100968
1096522560,67100969
1096522560,67100970
1096522560,67100971
1096522560,67100972
1096522560,67100973
1096522560,67100974
1096522560,67100975
1096522560,67100976
1096522560,67100977
1096522560,67100978
1096522560,67100979
1096522560,67100980
1096522560,67100981
1096522560,67100982
1096522560,67100983
1096522560,67101283
1096522560,67108594
12061748160,131246
12061748160,131261
12061748160,67100916
12061748160,67100924
12061748160,67100925
12061748160,67100926
12061748160,67100937
12061748160,67100938
12061748160,67100939
12061748160,67100940
12061748160,67100941
12061748160,67100942
12061748160,67100943
12061748160,67100944
12061748160,67100945
12061748160,67100946
12061748160,67100947
12061748160,67100948
12061748160,67100949
12061748160,67100950
12061748160,67100951
12061748160,67100952
12061748160,67100953
12061748160,67100954
12061748160,67100955
12061748160,67100956
12061748160,67100957
12061748160,67100958
12061748160,67100984
12061748160,67100985
12061748160,67100986
12061748160,67100987
12061748160,67100988
12061748160,67100989
12061748160,67100990
12061748160,67100991
12061748160,67100992
12061748160,67100993
12061748160,67100994
12061748160,67100995
12061748160,67100996
12061748160,67100997
12061748160,67100998
12061748160,67100999
12061748160,67101000
12061748160,67101001
12061748160,67101002
12061748160,67101003
12061748160,67101004
12061748160,67101005
12061748160,67101006
12061748160,67101007
12061748160,67101008
12061748160,67101009
12061748160,67101010
12061748160,67101011
12061748160,67101012
12061748160,67101013
12061748160,67101014
12061748160,67101015
12061748160,67101016
12061748160,67101017
12061748160,67101018
12061748160,67101019
12061748160,67101020
12061748160,67101021
12061748160,67101022
12061748160,67101023
12061748160,67101024
12061748160,67101025
12061748160,67101026
12061748160,67101027
12061748160,67101028
12061748160,67101029
12061748160,67101030
12061748160,67101031
12061748160,67101032
12061748160,67101033
12061748160,67101034
12061748160,67101035
12061748160,67101036
12061748160,67101037
12061748160,67101038
12061748160,67101039
12061748160,67101040
12061748160,67101041
12061748160,67101042
12061748160,67101043
12061748160,67101044
12061748160,67101045
12061748160,67101046
12061748160,67101047
12061748160,67101048
12061748160,67101049
12061748160,67101050
12061748160,67101051
12061748160,67101052
12061748160,67101053
12061748160,67101054
12061748160,67101055
12061748160,67101056
12061748160,67101057
12061748160,67101058
12061748160,67101059
12061748160,67101060
12061748160,67101061
12061748160,67101062
12061748160,67101063
12061748160,67101064
12061748160,67101065
12061748160,67101066
12061748160,67101067
12061748160,67101068
12061748160,67101069
12061748160,67101070
12061748160,67101071
12061748160,67101072
12061748160,67101073
12061748160,67103112
12061748160,67103113
23026973760,67100534
23026973760,67100962
23026973760,67100963
23026973760,67100964
23026973760,67101074
23026973760,67101075
23026973760,67101076
23026973760,67101077
23026973760,67101078
23026973760,67101079
23026973760,67101080
23026973760,67101081
23026973760,67101082
23026973760,67101083
23026973760,67101084
23026973760,67101085
23026973760,67101086
23026973760,67101087
23026973760,67101088
23026973760,67101089
23026973760,67101090
23026973760,67101091
23026973760,67101092
23026973760,67101093
23026973760,67101094
23026973760,67101095
23026973760,67101096
23026973760,67101097
23026973760,67101098
23026973760,67101099
23026973760,67101100
23026973760,67104977
23026973760,67104978
23026973760,67104979
23026973760,67104980
23026973760,67104981
33992199360,67100114
33992199360,67100315
33992199360,67100547
33992199360,67100718
33992199360,67106798
33992199360,67106799
33992199360,67106800
33992199360,67106801
33992199360,67106802
33992199360,67108609
44957424960,67100223
44957424960,67100224
44957424960,67100424
44957424960,67100425
44957424960,67100580
44957424960,67100827
44957424960,67100828
44957424960,67108401
44957424960,67108402
44957424960,67108403
44957424960,67108404
44957424960,67108405
44957424960,67108718
44957424960,67108719
55922650560,67100100
55922650560,67100103
55922650560,67100104
55922650560,67100105
55922650560,67100106
55922650560,67100107
55922650560,67100108
55922650560,67100109
55922650560,67100110
55922650560,67100111
55922650560,67100115
55922650560,67100116
55922650560,67100117
55922650560,67100118
55922650560,67100119
55922650560,67100121
55922650560,67100122
55922650560,67100123
55922650560,67100124
55922650560,67100125
55922650560,67100126
55922650560,67100127
55922650560,67100128
55922650560,67100129
55922650560,67100130
55922650560,67100131
55922650560,67100132
55922650560,67100133
55922650560,67100134
55922650560,67100135
55922650560,67100136
55922650560,67100139
55922650560,67100160
55922650560,67100161
55922650560,67100162
55922650560,67100163
55922650560,67100164
55922650560,67100165
55922650560,67100166
55922650560,67100167
55922650560,67100168
55922650560,67100169
55922650560,67100170
55922650560,67100171
55922650560,67100172
55922650560,67100173
55922650560,67100174
55922650560,67100175
55922650560,67100176
55922650560,67100177
55922650560,67100178
55922650560,67100179
55922650560,67100180
55922650560,67100181
55922650560,67100182
55922650560,67100183
55922650560,67100184
55922650560,67100185
55922650560,67100186
55922650560,67100188
55922650560,67100189
55922650560,67100193
55922650560,67100194
55922650560,67100195
55922650560,67100196
55922650560,67100202
55922650560,67100209
55922650560,67102798
55922650560,67102830
55922650560,67102831
55922650560,67102835
55922650560,67102857
55922650560,67102879
55922650560,67102917
55922650560,67102922
55922650560,67102937
55922650560,67102960
55922650560,67102962
55922650560,67102980
66887876160,131244
66887876160,131257
66887876160,67100140
66887876160,67100141
66887876160,67100142
66887876160,67100143
66887876160,67100144
66887876160,67100145
66887876160,67100146
66887876160,67100147
66887876160,67100148
66887876160,67100149
66887876160,67100150
66887876160,67100151
66887876160,67100152
66887876160,67100153
66887876160,67100154
66887876160,67100155
66887876160,67100156
66887876160,67100157
66887876160,67100158
66887876160,67100159
66887876160,67100225
66887876160,67100226
66887876160,67100227
66887876160,67100228
66887876160,67100229
66887876160,67100230
66887876160,67100231
66887876160,67100233
66887876160,67100234
66887876160,67100235
66887876160,67100236
66887876160,67100237
66887876160,67100238
66887876160,67100239
66887876160,67100240
66887876160,67100241
66887876160,67100242
66887876160,67100243
66887876160,67100244
66887876160,67100245
66887876160,67100247
66887876160,67100248
66887876160,67100251
66887876160,67100253
66887876160,67100255
66887876160,67100257
66887876160,67100261
66887876160,67100264
66887876160,67100265
66887876160,67100267
66887876160,67100268
66887876160,67100270
66887876160,67100273
66887876160,67100274
66887876160,67100276
66887876160,67100277
66887876160,67100280
66887876160,67100281
66887876160,67100282
66887876160,67100283
66887876160,67100284
66887876160,67100285
66887876160,67100286
66887876160,67100290
66887876160,67100301
66887876160,67100304
66887876160,67100305
66887876160,67100307
66887876160,67100308
66887876160,67100309
66887876160,67100732
66887876160,67101756
66887876160,67101897
66887876160,67102152
66887876160,67102177
66887876160,67102241
66887876160,67102307
66887876160,67102432
66887876160,67102580
66887876160,67102655
66887876160,67102739
66887876160,67102759
66887876160,67102869
66887876160,67102901
66887876160,67102998
66887876160,67103039
66887876160,67103045
66887876160,67103057
66887876160,67103141
66887876160,67103170
66887876160,67103639
66887876160,67103660
66887876160,67103678
66887876160,67103758
66887876160,67103781
66887876160,67103856
66887876160,67103908
66887876160,67103938
66887876160,67103968
66887876160,67104005
66887876160,67104019
66887876160,67104026
66887876160,67104038
66887876160,67104074
66887876160,67104083
66887876160,67104094
66887876160,67104571
66887876160,67104624
66887876160,67104730
66887876160,67104764
66887876160,67104805
66887876160,67105439
66887876160,67105460
66887876160,67105604
66887876160,67105618
66887876160,67106172
66887876160,67106267
66887876160,67106809
66887876160,67108595
66887876160,67108596
66887876160,67108598
66887876160,67108599
66887876160,67108602
66887876160,67108603
77853101760,131245
77853101760,131260
77853101760,67100246
77853101760,67100249
77853101760,67100250
77853101760,67100252
77853101760,67100254
77853101760,67100256
77853101760,67100258
77853101760,67100259
77853101760,67100260
77853101760,67100262
77853101760,67100263
77853101760,67100266
77853101760,67100269
77853101760,67100316
77853101760,67100317
77853101760,67100318
77853101760,67100319
77853101760,67100320
77853101760,67100321
77853101760,67100322
77853101760,67100323
77853101760,67100324
77853101760,67100325
77853101760,67100326
77853101760,67100327
77853101760,67100328
77853101760,67100329
77853101760,67100330
77853101760,67100331
77853101760,67100332
77853101760,67100333
77853101760,67100334
77853101760,67100335
77853101760,67100336
77853101760,67100361
77853101760,67100362
77853101760,67100363
77853101760,67100364
77853101760,67100365
77853101760,67100366
77853101760,67100367
77853101760,67100368
77853101760,67100369
77853101760,67100370
77853101760,67100371
77853101760,67100372
77853101760,67100373
77853101760,67100374
77853101760,67100375
77853101760,67100376
77853101760,67100377
77853101760,67100378
77853101760,67100379
77853101760,67100380
77853101760,67100381
77853101760,67100383
77853101760,67100384
77853101760,67100387
77853101760,67100392
77853101760,67100400
77853101760,67100410
77853101760,67103386
77853101760,67107036
77853101760,67107188
77853101760,67107311
77853101760,67108067
77853101760,67108074
77853101760,67108078
77853101760,67108094
77853101760,67108104
77853101760,67108121
77853101760,67108131
77853101760,67108135
77853101760,67108166
77853101760,67108230
77853101760,67108256
77853101760,67108293
77853101760,67108610
77853101760,67108611
77853101760,67108612
77853101760,67108613
77853101760,67108614
77853101760,67108615
77853101760,67108617
77853101760,67108618
77853101760,67108619
77853101760,67108620
77853101760,67108621
77853101760,67108622
77853101760,67108623
77853101760,67108624
77853101760,67108625
77853101760,67108626
77853101760,67108628
77853101760,67108629
77853101760,67108630
77853101760,67108655
77853101760,67108656
77853101760,67108657
77853101760,67108658
77853101760,67108659
77853101760,67108660
77853101760,67108661
77853101760,67108662
77853101760,67108663
77853101760,67108664
77853101760,67108665
77853101760,67108666
77853101760,67108667
77853101760,67108668
77853101760,67108669
77853101760,67108670
77853101760,67108671
77853101760,67108672
77853101760,67108673
77853101760,67108674
77853101760,67108676
77853101760,67108680
77853101760,67108681
77853101760,67108682
77853101760,67108687
77853101760,67108694
88818327360,131253
88818327360,67100514
88818327360,67103858
88818327360,67103859
88818327360,67103860
88818327360,67103861
88818327360,67103862
88818327360,67103863
88818327360,67103869
88818327360,67103871
88818327360,67103876
88818327360,67103878
88818327360,67103879
88818327360,67103882
88818327360,67103884
88818327360,67103887
88818327360,67103888
88818327360,67103891
88818327360,67103895
88818327360,67103897
88818327360,67103899
88818327360,67103904
88818327360,67103909
88818327360,67103914
88818327360,67103915
88818327360,67103919
88818327360,67103924
88818327360,67103925
88818327360,67103929
88818327360,67103931
88818327360,67103937
88818327360,67103947
88818327360,67103953
88818327360,67103961
88818327360,67103962
88818327360,67103970
88818327360,67103971
88818327360,67103984
88818327360,67103985
88818327360,67103986
88818327360,67103993
88818327360,67103999
88818327360,67104001
88818327360,67104003
88818327360,67104007
88818327360,67104008
88818327360,67104009
88818327360,67104010
88818327360,67104040
88818327360,67104048
88818327360,67104053
88818327360,67104054
88818327360,67104070
88818327360,67104078
88818327360,67104080
88818327360,67104082
88818327360,67104089
88818327360,67104095
88818327360,67104099
88818327360,67104562
88818327360,67104563
88818327360,67104564
88818327360,67104565
88818327360,67104566
88818327360,67104567
88818327360,67104568
88818327360,67104569
88818327360,67104570
88818327360,67104572
88818327360,67104573
88818327360,67104574
88818327360,67104575
88818327360,67104576
88818327360,67104577
88818327360,67104578
88818327360,67104579
88818327360,67104580
88818327360,67104581
88818327360,67104582
88818327360,67104583
88818327360,67104584
88818327360,67104585
88818327360,67104586
88818327360,67104587
88818327360,67104588
88818327360,67104589
88818327360,67104590
88818327360,67104591
88818327360,67104592
88818327360,67104593
88818327360,67104594
88818327360,67104595
88818327360,67104596
88818327360,67104597
88818327360,67104598
88818327360,67104599
88818327360,67104600
88818327360,67104601
88818327360,67104602
88818327360,67104603
88818327360,67104604
88818327360,67104605
88818327360,67104606
88818327360,67104607
88818327360,67104608
88818327360,67104609
88818327360,67104610
88818327360,67104611
88818327360,67104612
88818327360,67104613
88818327360,67104614
88818327360,67104615
88818327360,67104616
88818327360,67104617
88818327360,67104618
88818327360,67104619
88818327360,67104620
88818327360,67104621
88818327360,67104622
88818327360,67104623
88818327360,67104625
88818327360,67104626
88818327360,67104627
88818327360,67104628
88818327360,67104629
88818327360,67104630
88818327360,67104631
99783552960,131251
99783552960,131252
99783552960,67100306
99783552960,67100310
99783552960,67101533
99783552960,67101627
99783552960,67101944
99783552960,67102059
99783552960,67102116
99783552960,67102157
99783552960,67102429
99783552960,67102445
99783552960,67102469
99783552960,67102479
99783552960,67102493
99783552960,67102568
99783552960,67102594
99783552960,67102743
99783552960,67102754
99783552960,67102757
99783552960,67102799
99783552960,67102808
99783552960,67102843
99783552960,67102864
99783552960,67102915
99783552960,67102923
99783552960,67102931
99783552960,67102935
99783552960,67102938
99783552960,67102950
99783552960,67102954
99783552960,67102978
99783552960,67103013
99783552960,67103020
99783552960,67103021
99783552960,67103048
99783552960,67103054
99783552960,67103102
99783552960,67103115
99783552960,67103120
99783552960,67103121
99783552960,67103161
99783552960,67103201
99783552960,67103661
99783552960,67103671
99783552960,67103677
99783552960,67103744
99783552960,67103792
99783552960,67103802
99783552960,67103807
99783552960,67103808
99783552960,67103812
99783552960,67103827
99783552960,67103831
99783552960,67103839
99783552960,67103842
99783552960,67103844
99783552960,67103847
99783552960,67103850
99783552960,67103854
99783552960,67103865
99783552960,67103866
99783552960,67103873
99783552960,67103875
99783552960,67103886
99783552960,67103964
99783552960,67103980
99783552960,67103983
99783552960,67103997
99783552960,67104021
99783552960,67104043
99783552960,67104059
99783552960,67104063
99783552960,67104076
99783552960,67104077
99783552960,67104102
99783552960,67104111
99783552960,67104117
99783552960,67104137
99783552960,67104139
99783552960,67104653
99783552960,67104690
99783552960,67104702
99783552960,67104715
99783552960,67104718
99783552960,67104719
99783552960,67104720
99783552960,67104722
99783552960,67104723
99783552960,67104724
99783552960,67104729
99783552960,67104732
99783552960,67104736
99783552960,67104737
99783552960,67104739
99783552960,67104740
99783552960,67104741
99783552960,67104744
99783552960,67104746
99783552960,67104747
99783552960,67104752
99783552960,67104753
99783552960,67104756
99783552960,67104759
99783552960,67104761
99783552960,67104765
99783552960,67104771
99783552960,67104774
99783552960,67104777
99783552960,67104778
99783552960,67104779
99783552960,67104780
99783552960,67104781
99783552960,67104788
99783552960,67104790
99783552960,67104791
99783552960,67106914
99783552960,67107355
99783552960,67108145
99783552960,67108600
99783552960,67108601
99783552960,67108604
99783552960,67108605
110748778560,67100311
110748778560,67100312
110748778560,67100339
110748778560,67100382
110748778560,67100385
110748778560,67100386
110748778560,67100388
110748778560,67100389
110748778560,67100391
110748778560,67100393
110748778560,67100398
110748778560,67100401
110748778560,67100404
110748778560,67100405
110748778560,67100725
110748778560,67103012
110748778560,67103303
110748778560,67103314
110748778560,67103349
110748778560,67104149
110748778560,67104175
110748778560,67104208
110748778560,67104217
110748778560,67104257
110748778560,67104286
110748778560,67104986
110748778560,67105631
110748778560,67105658
110748778560,67105702
110748778560,67105707
110748778560,67105709
110748778560,67105783
110748778560,67106253
110748778560,67106287
110748778560,67106468
110748778560,67106502
110748778560,67106519
110748778560,67106553
110748778560,67106562
110748778560,67106589
110748778560,67106674
110748778560,67106690
110748778560,67106804
110748778560,67106813
110748778560,67106814
110748778560,67106815
110748778560,67106826
110748778560,67106835
110748778560,67106838
110748778560,67106843
110748778560,67106857
110748778560,67106861
110748778560,67106897
110748778560,67106910
110748778560,67106915
110748778560,67106932
110748778560,67106933
110748778560,67106934
110748778560,67106939
110748778560,67106940
110748778560,67106946
110748778560,67106969
110748778560,67106981
110748778560,67107024
110748778560,67107203
110748778560,67107206
110748778560,67107221
110748778560,67107224
110748778560,67107246
110748778560,67107248
110748778560,67107249
110748778560,67107250
110748778560,67107261
110748778560,67107289
110748778560,67107290
110748778560,67107316
110748778560,67107337
110748778560,67107342
110748778560,67107352
110748778560,67107359
110748778560,67107434
110748778560,67107477
110748778560,67107495
110748778560,67107592
110748778560,67108069
110748778560,67108070
110748778560,67108073
110748778560,67108076
110748778560,67108079
110748778560,67108080
110748778560,67108084
110748778560,67108085
110748778560,67108096
110748778560,67108097
110748778560,67108099
110748778560,67108108
110748778560,67108112
110748778560,67108117
110748778560,67108122
110748778560,67108130
110748778560,67108138
110748778560,67108155
110748778560,67108157
110748778560,67108198
110748778560,67108210
110748778560,67108218
110748778560,67108225
110748778560,67108323
110748778560,67108606
110748778560,67108627
110748778560,67108633
110748778560,67108675
110748778560,67108677
110748778560,67108678
110748778560,67108679
110748778560,67108683
110748778560,67108685
110748778560,67108688
110748778560,67108692
110748778560,67108695
110748778560,67108698
110748778560,67108699
121714004160,67100271
121714004160,67100272
121714004160,67100275
121714004160,67100279
121714004160,67100287
121714004160,67100289
121714004160,67100292
121714004160,67100298
121714004160,67100299
121714004160,67100502
121714004160,67100712
121714004160,67103669
121714004160,67103670
121714004160,67103686
121714004160,67103687
121714004160,67103688
121714004160,67103689
121714004160,67103690
121714004160,67103691
121714004160,67103693
121714004160,67103694
121714004160,67103695
121714004160,67103696
121714004160,67103697
121714004160,67103698
121714004160,67103700
121714004160,67103701
121714004160,67103703
121714004160,67103704
121714004160,67103705
121714004160,67103706
121714004160,67103707
121714004160,67103708
121714004160,67103709
121714004160,67103710
121714004160,67103711
121714004160,67103712
121714004160,67103713
121714004160,67103714
121714004160,67103715
121714004160,67103716
121714004160,67103717
121714004160,67103722
121714004160,67103723
121714004160,67103724
121714004160,67103725
121714004160,67103726
121714004160,67103727
121714004160,67103728
121714004160,67103729
121714004160,67103730
121714004160,67103731
121714004160,67103732
121714004160,67103733
121714004160,67103734
121714004160,67103735
121714004160,67103736
121714004160,67103737
121714004160,67103738
121714004160,67103739
121714004160,67103740
121714004160,67103741
121714004160,67103742
121714004160,67103746
121714004160,67103747
121714004160,67103748
121714004160,67103749
121714004160,67103750
121714004160,67103751
121714004160,67103752
121714004160,67103753
121714004160,67103754
121714004160,67103755
121714004160,67103756
121714004160,67103757
121714004160,67103759
121714004160,67103760
121714004160,67103761
121714004160,67103762
121714004160,67103763
121714004160,67103764
121714004160,67103765
121714004160,67103766
121714004160,67103767
121714004160,67103768
121714004160,67103769
121714004160,67103770
121714004160,67103771
121714004160,67103774
121714004160,67103775
121714004160,67103776
121714004160,67103777
121714004160,67103778
121714004160,67103779
121714004160,67103780
121714004160,67103782
121714004160,67103783
121714004160,67103784
121714004160,67103785
121714004160,67103786
121714004160,67103787
121714004160,67103788
121714004160,67103789
121714004160,67103790
121714004160,67103794
121714004160,67103795
121714004160,67103796
121714004160,67103797
121714004160,67103798
121714004160,67103799
121714004160,67103800
121714004160,67103801
121714004160,67103803
121714004160,67103804
121714004160,67103805
121714004160,67103806
121714004160,67103809
121714004160,67103810
121714004160,67103811
121714004160,67103813
121714004160,67103814
121714004160,67103817
121714004160,67103818
121714004160,67103819
121714004160,67103820
121714004160,67103821
132679229760,131249
132679229760,131250
132679229760,131254
132679229760,67100278
132679229760,67100293
132679229760,67100505
132679229760,67101193
132679229760,67101396
132679229760,67101518
132679229760,67101757
132679229760,67101775
132679229760,67102084
132679229760,67102178
132679229760,67102249
132679229760,67102278
132679229760,67102306
132679229760,67102309
132679229760,67102311
132679229760,67102330
132679229760,67102392
132679229760,67102393
132679229760,67102396
132679229760,67102440
132679229760,67102446
132679229760,67102468
132679229760,67102470
132679229760,67102476
132679229760,67102482
132679229760,67102483
132679229760,67102491
132679229760,67102508
132679229760,67102539
132679229760,67102554
132679229760,67102556
132679229760,67102573
132679229760,67102577
132679229760,67102601
132679229760,67102656
132679229760,67102658
132679229760,67102693
132679229760,67102694
132679229760,67102727
132679229760,67102740
132679229760,67102741
132679229760,67102760
132679229760,67102761
132679229760,67102763
132679229760,67102764
132679229760,67102779
132679229760,67102787
132679229760,67102791
132679229760,67102807
132679229760,67102810
132679229760,67102815
132679229760,67102817
132679229760,67102861
132679229760,67102863
132679229760,67102875
132679229760,67102900
132679229760,67102926
132679229760,67102929
132679229760,67102932
132679229760,67102953
132679229760,67102965
132679229760,67102982
132679229760,67102986
132679229760,67102994
132679229760,67103004
132679229760,67103010
132679229760,67103022
132679229760,67103032
132679229760,67103042
132679229760,67103047
132679229760,67103053
132679229760,67103074
132679229760,67103083
132679229760,67103085
132679229760,67103087
132679229760,67103090
132679229760,67103106
132679229760,67103124
132679229760,67103139
132679229760,67103163
132679229760,67103167
132679229760,67103624
132679229760,67103658
132679229760,67103681
132679229760,67103719
132679229760,67103720
132679229760,67103835
132679229760,67103836
132679229760,67103910
132679229760,67103926
132679229760,67103957
132679229760,67103965
132679229760,67103976
132679229760,67103996
132679229760,67104006
132679229760,67104034
132679229760,67104061
132679229760,67104651
132679229760,67104680
132679229760,67104681
132679229760,67104716
132679229760,67104717
132679229760,67104766
132679229760,67105434
132679229760,67105451
132679229760,67105454
132679229760,67105455
132679229760,67105494
132679229760,67105501
132679229760,67105522
132679229760,67105526
132679229760,67105557
132679229760,67105608
132679229760,67106116
132679229760,67106142
132679229760,67106319
132679229760,67106320
132679229760,67107262
143644455360,131255
143644455360,131258
143644455360,67100294
143644455360,67100337
143644455360,67100390
143644455360,67100394
143644455360,67100396
143644455360,67100402
143644455360,67103168
143644455360,67103271
143644455360,67103276
143644455360,67103290
143644455360,67103302
143644455360,67103830
143644455360,67104150
143644455360,67104233
143644455360,67104303
143644455360,67104310
143644455360,67104374
143644455360,67104640
143644455360,67104989
143644455360,67105030
143644455360,67105084
143644455360,67105100
143644455360,67105145
143644455360,67105413
143644455360,67105596
143644455360,67105644
143644455360,67105650
143644455360,67105674
143644455360,67105692
143644455360,67105754
143644455360,67105769
143644455360,67105776
143644455360,67105778
143644455360,67105791
143644455360,67105792
143644455360,67105794
143644455360,67105803
143644455360,67106115
143644455360,67106152
143644455360,67106157
143644455360,67106277
143644455360,67106291
143644455360,67106304
143644455360,67106305
143644455360,67106318
143644455360,67106350
143644455360,67106360
143644455360,67106372
143644455360,67106376
143644455360,67106379
143644455360,67106383
143644455360,67106387
143644455360,67106390
143644455360,67106405
143644455360,67106428
143644455360,67106432
143644455360,67106435
143644455360,67106444
143644455360,67106463
143644455360,67106473
143644455360,67106480
143644455360,67106482
143644455360,67106483
143644455360,67106491
143644455360,67106496
143644455360,67106505
143644455360,67106509
143644455360,67106511
143644455360,67106528
143644455360,67106543
143644455360,67106551
143644455360,67106688
143644455360,67106805
143644455360,67106827
143644455360,67106829
143644455360,67106831
143644455360,67106832
143644455360,67106837
143644455360,67106839
143644455360,67106841
143644455360,67106847
143644455360,67106856
143644455360,67106862
143644455360,67106866
143644455360,67106893
143644455360,67106931
143644455360,67106937
143644455360,67106945
143644455360,67106952
143644455360,67106994
143644455360,67106995
143644455360,67107041
143644455360,67107189
143644455360,67107195
143644455360,67107210
143644455360,67107260
143644455360,67107314
143644455360,67107390
143644455360,67107426
143644455360,67107464
143644455360,67107480
143644455360,67108064
143644455360,67108081
143644455360,67108082
143644455360,67108087
143644455360,67108089
143644455360,67108091
143644455360,67108110
143644455360,67108141
143644455360,67108164
143644455360,67108200
143644455360,67108219
143644455360,67108631
143644455360,67108684
143644455360,67108686
143644455360,67108689
143644455360,67108690
143644455360,67108691
143644455360,67108697
143644455360,67108702
154609680960,67100507
154609680960,67101585
154609680960,67101586
154609680960,67101587
154609680960,67101588
154609680960,67101589
154609680960,67101590
154609680960,67101591
165574906560,67101169
165574906560,67101199
165574906560,67101447
165574906560,67101491
165574906560,67101504
165574906560,67101506
165574906560,67101663
165574906560,67101703
165574906560,67101716
165574906560,67101720
165574906560,67101764
165574906560,67101785
165574906560,67101790
165574906560,67101791
165574906560,67101861
165574906560,67101885
165574906560,67101890
165574906560,67101898
165574906560,67101907
165574906560,67101932
165574906560,67101948
165574906560,67101961
165574906560,67101975
165574906560,67101989
165574906560,67101994
165574906560,67102008
165574906560,67102016
165574906560,67102019
165574906560,67102022
165574906560,67102044
165574906560,67102046
165574906560,67102053
165574906560,67102058
165574906560,67102061
165574906560,67102068
165574906560,67102076
165574906560,67102079
165574906560,67102122
165574906560,67102125
165574906560,67102132
165574906560,67102141
165574906560,67102144
165574906560,67102148
165574906560,67102149
165574906560,67102168
165574906560,67102174
165574906560,67102188
165574906560,67102243
165574906560,67102294
165574906560,67102305
165574906560,67102329
165574906560,67102375
165574906560,67102382
165574906560,67102384
165574906560,67102456
165574906560,67102457
165574906560,67102497
165574906560,67102502
165574906560,67102504
165574906560,67102509
165574906560,67102534
165574906560,67102549
165574906560,67102550
165574906560,67102562
165574906560,67102582
165574906560,67102585
165574906560,67102599
165574906560,67102628
165574906560,67102648
165574906560,67102667
165574906560,67102679
165574906560,67102681
165574906560,67102702
165574906560,67102777
165574906560,67102809
165574906560,67102818
165574906560,67102826
165574906560,67102867
165574906560,67102961
165574906560,67103855
165574906560,67104140
