1096522560,67100099
1096522560,67100300
1096522560,67100516
1096522560,67100703
1096522560,67100904
1096522560,67100905
1096522560,67100906
1096522560,67100907
1096522560,67100908
1096522560,67100909
1096522560,67100910
1096522560,67100911
1096522560,67100912
1096522560,67100913
1096522560,67100914
1096522560,67100915
1096522560,67100917
1096522560,67100918
1096522560,67100919
1096522560,67100920
1096522560,67100921
1096522560,67100922
1096522560,67100923
1096522560,67100927
1096522560,67100928
1096522560,67100929
1096522560,67100930
1096522560,67100931
1096522560,67100932
1096522560,67100933
1096522560,67100934
1096522560,67100935
1096522560,67100936
1096522560,67100965
1096522560,67100966
1096522560,67100967
1096522560,67100968
1096522560,67100969
1096522560,67100970
1096522560,67100971
1096522560,67100972
1096522560,67100973
1096522560,67100974
1096522560,67100975
1096522560,67100976
1096522560,67100977
1096522560,67100978
1096522560,67100979
1096522560,67100980
1096522560,67100981
1096522560,67100982
1096522560,67100983
1096522560,67101283
1096522560,67108594
12061748160,131246
12061748160,131261
12061748160,67100916
12061748160,67100924
12061748160,67100925
12061748160,67100926
12061748160,67100937
12061748160,67100938
12061748160,67100939
12061748160,67100940
12061748160,67100941
12061748160,67100942
12061748160,67100943
12061748160,67100944
12061748160,67100945
12061748160,67100946
12061748160,67100947
12061748160,67100948
12061748160,67100949
12061748160,67100950
12061748160,67100951
12061748160,67100952
12061748160,67100953
12061748160,67100954
12061748160,67100955
12061748160,67100956
12061748160,67100957
12061748160,67100958
12061748160,67100984
12061748160,67100985
12061748160,67100986
12061748160,67100987
12061748160,67100988
12061748160,67100989
12061748160,67100990
12061748160,67100991
12061748160,67100992
12061748160,67100993
12061748160,67100994
12061748160,67100995
12061748160,67100996
12061748160,67100997
12061748160,67100998
12061748160,67100999
12061748160,67101000
12061748160,67101001
12061748160,67101002
12061748160,67101003
12061748160,67101004
12061748160,67101005
12061748160,67101006
12061748160,67101007
12061748160,67101008
12061748160,67101009
12061748160,67101010
12061748160,67101011
12061748160,67101012
12061748160,67101013
12061748160,67101014
12061748160,67101015
12061748160,67101016
12061748160,67101017
12061748160,67101018
12061748160,67101019
12061748160,67101020
12061748160,67101021
12061748160,67101022
12061748160,67101023
12061748160,67101024
12061748160,67101025
12061748160,67101026
12061748160,67101027
12061748160,67101028
12061748160,67101029
12061748160,67101030
12061748160,67101031
12061748160,67101032
12061748160,67101033
12061748160,67101034
12061748160,67101035
12061748160,67101036
12061748160,67101037
12061748160,67101038
12061748160,67101039
12061748160,67101040
12061748160,67101041
12061748160,67101042
12061748160,67101043
12061748160,67101044
12061748160,67101045
12061748160,67101046
12061748160,67101047
12061748160,67101048
12061748160,67101049
12061748160,67101050
12061748160,67101051
12061748160,67101052
12061748160,67101053
12061748160,67101054
12061748160,67101055
12061748160,67101056
12061748160,67101057
12061748160,67101058
12061748160,67101059
12061748160,67101060
12061748160,67101061
12061748160,67101062
12061748160,67101063
12061748160,67101064
12061748160,67101065
12061748160,67101066
12061748160,67101067
12061748160,67101068
12061748160,67101069
12061748160,67101070
12061748160,67101071
12061748160,67101072
12061748160,67101073
12061748160,67103112
12061748160,67103113
23026973760,67100534
23026973760,67100962
23026973760,67100963
23026973760,67100964
23026973760,67101074
23026973760,67101075
23026973760,67101076
23026973760,67101077
23026973760,67101078
23026973760,67101079
23026973760,67101080
23026973760,67101081
23026973760,67101082
23026973760,67101083
23026973760,67101084
23026973760,67101085
23026973760,67101086
23026973760,67101087
23026973760,67101088
23026973760,67101089
23026973760,67101090
23026973760,67101091
23026973760,67101092
23026973760,67101093
23026973760,67101094
23026973760,67101095
23026973760,67101096
23026973760,67101097
23026973760,67101098
23026973760,67101099
23026973760,67101100
23026973760,67104977
23026973760,67104978
23026973760,67104979
23026973760,67104980
23026973760,67104981
33992199360,67100114
33992199360,67100315
33992199360,67100547
33992199360,67100718
33992199360,67106798
33992199360,67106799
33992199360,67106800
33992199360,67106801
33992199360,67106802
33992199360,67108609
44957424960,67100223
44957424960,67100224
44957424960,67100424
44957424960,67100425
44957424960,67100580
44957424960,67100827
44957424960,67100828
44957424960,67108401
44957424960,67108402
44957424960,67108403
44957424960,67108404
44957424960,67108405
44957424960,67108718
44957424960,67108719
55922650560,67100100
55922650560,67100103
55922650560,67100104
55922650560,67100105
55922650560,67100106
55922650560,67100107
55922650560,67100108
55922650560,67100109
55922650560,67100110
55922650560,67100111
55922650560,67100115
55922650560,67100116
55922650560,67100117
55922650560,67100118
55922650560,67100119
55922650560,67100121
55922650560,67100122
55922650560,67100123
55922650560,67100124
55922650560,67100125
55922650560,67100126
55922650560,67100127
55922650560,67100128
55922650560,67100129
55922650560,67100130
55922650560,67100131
55922650560,67100132
55922650560,67100133
55922650560,67100134
55922650560,67100135
55922650560,67100136
55922650560,67100139
55922650560,67100160
55922650560,67100161
55922650560,67100162
55922650560,67100163
55922650560,67100164
55922650560,67100165
55922650560,67100166
55922650560,67100167
55922650560,67100168
55922650560,67100169
55922650560,67100170
55922650560,67100171
55922650560,67100172
55922650560,67100173
55922650560,67100174
55922650560,67100175
55922650560,67100176
55922650560,67100177
55922650560,67100178
55922650560,67100179
55922650560,67100180
55922650560,67100181
55922650560,67100182
55922650560,67100183
55922650560,67100184
55922650560,67100185
55922650560,67100186
55922650560,67100188
55922650560,67100189
55922650560,67100193
55922650560,67100194
55922650560,67100195
55922650560,67100196
55922650560,67100202
55922650560,67100209
55922650560,67102798
55922650560,67102830
55922650560,67102831
55922650560,67102835
55922650560,67102857
55922650560,67102879
55922650560,67102917
55922650560,67102922
55922650560,67102937
55922650560,67102960
55922650560,67102962
55922650560,67102980
66887876160,131244
66887876160,131257
66887876160,67100140
66887876160,67100141
66887876160,67100142
66887876160,67100143
66887876160,67100144
66887876160,67100145
66887876160,67100146
66887876160,67100147
66887876160,67100148
66887876160,67100149
66887876160,67100150
66887876160,67100151
66887876160,67100152
66887876160,67100153
66887876160,67100154
66887876160,67100155
66887876160,67100156
66887876160,67100157
66887876160,67100158
66887876160,67100159
66887876160,67100225
66887876160,67100226
66887876160,67100227
66887876160,67100228
66887876160,67100229
66887876160,67100230
66887876160,67100231
66887876160,67100233
66887876160,67100234
66887876160,67100235
66887876160,67100236
66887876160,67100237
66887876160,67100238
66887876160,67100239
66887876160,67100240
66887876160,67100241
66887876160,67100242
66887876160,67100243
66887876160,67100244
66887876160,67100245
66887876160,67100247
66887876160,67100248
66887876160,67100251
66887876160,67100253
66887876160,67100255
66887876160,67100257
66887876160,67100261
66887876160,67100264
66887876160,67100265
66887876160,67100267
66887876160,67100268
66887876160,67100270
66887876160,67100273
66887876160,67100274
66887876160,67100276
66887876160,67100277
66887876160,67100280
66887876160,67100281
66887876160,67100282
66887876160,67100283
66887876160,67100284
66887876160,67100285
66887876160,67100286
66887876160,67100290
66887876160,67100301
66887876160,67100304
66887876160,67100305
66887876160,67100307
66887876160,67100308
66887876160,67100309
66887876160,67100732
66887876160,67101756
66887876160,67101897
66887876160,67102152
66887876160,67102177
66887876160,67102241
66887876160,67102307
66887876160,67102432
66887876160,67102580
66887876160,67102655
66887876160,67102739
66887876160,67102759
66887876160,67102869
66887876160,67102901
66887876160,67102998
66887876160,67103039
66887876160,67103045
66887876160,67103057
66887876160,67103141
66887876160,67103170
66887876160,67103639
66887876160,67103660
66887876160,67103678
66887876160,67103758
66887876160,67103781
66887876160,67103856
66887876160,67103908
66887876160,67103938
66887876160,67103968
66887876160,67104005
66887876160,67104019
66887876160,67104026
66887876160,67104038
66887876160,67104074
66887876160,67104083
66887876160,67104094
66887876160,67104571
66887876160,67104624
66887876160,67104730
66887876160,67104764
66887876160,67104805
66887876160,67105439
66887876160,67105460
66887876160,67105604
66887876160,67105618
66887876160,67106172
66887876160,67106267
66887876160,67106809
66887876160,67108595
66887876160,67108596
66887876160,67108598
66887876160,67108599
66887876160,67108602
66887876160,67108603
77853101760,131245
77853101760,131260
77853101760,67100246
77853101760,67100249
77853101760,67100250
77853101760,67100252
77853101760,67100254
77853101760,67100256
77853101760,67100258
77853101760,67100259
77853101760,67100260
77853101760,67100262
77853101760,67100263
77853101760,67100266
77853101760,67100269
77853101760,67100316
77853101760,67100317
77853101760,67100318
77853101760,67100319
77853101760,67100320
77853101760,67100321
77853101760,67100322
77853101760,67100323
77853101760,67100324
77853101760,67100325
77853101760,67100326
77853101760,67100327
77853101760,67100328
77853101760,67100329
77853101760,67100330
77853101760,67100331
77853101760,67100332
77853101760,67100333
77853101760,67100334
77853101760,67100335
77853101760,67100336
77853101760,67100361
77853101760,67100362
77853101760,67100363
77853101760,67100364
77853101760,67100365
77853101760,67100366
77853101760,67100367
77853101760,67100368
77853101760,67100369
77853101760,67100370
77853101760,67100371
77853101760,67100372
77853101760,67100373
77853101760,67100374
77853101760,67100375
77853101760,67100376
77853101760,67100377
77853101760,67100378
77853101760,67100379
77853101760,67100380
77853101760,67100381
77853101760,67100383
77853101760,67100384
77853101760,67100387
77853101760,67100392
77853101760,67100400
77853101760,67100410
77853101760,67103386
77853101760,67107036
77853101760,67107188
77853101760,67107311
77853101760,67108067
77853101760,67108074
77853101760,67108078
77853101760,67108094
77853101760,67108104
77853101760,67108121
77853101760,67108131
77853101760,67108135
77853101760,67108166
77853101760,67108230
77853101760,67108256
77853101760,67108293
77853101760,67108610
77853101760,67108611
77853101760,67108612
77853101760,67108613
77853101760,67108614
77853101760,67108615
77853101760,67108617
77853101760,67108618
77853101760,67108619
77853101760,67108620
77853101760,67108621
77853101760,67108622
77853101760,67108623
77853101760,67108624
77853101760,67108625
77853101760,67108626
77853101760,67108628
77853101760,67108629
77853101760,67108630
77853101760,67108655
77853101760,67108656
77853101760,67108657
77853101760,67108658
77853101760,67108659
77853101760,67108660
77853101760,67108661
77853101760,67108662
77853101760,67108663
77853101760,67108664
77853101760,67108665
77853101760,67108666
77853101760,67108667
77853101760,67108668
77853101760,67108669
77853101760,67108670
77853101760,67108671
77853101760,67108672
77853101760,67108673
77853101760,67108674
77853101760,67108676
77853101760,67108680
77853101760,67108681
77853101760,67108682
77853101760,67108687
77853101760,67108694
88818327360,131253
88818327360,67100514
88818327360,67103858
88818327360,67103859
88818327360,67103860
88818327360,67103861
88818327360,67103862
88818327360,67103863
88818327360,67103869
88818327360,67103871
88818327360,67103876
88818327360,67103878
88818327360,67103879
88818327360,67103882
88818327360,67103884
88818327360,67103887
88818327360,67103888
88818327360,67103891
88818327360,67103895
88818327360,67103897
88818327360,67103899
88818327360,67103904
88818327360,67103909
88818327360,67103914
88818327360,67103915
88818327360,67103919
88818327360,67103924
88818327360,67103925
88818327360,67103929
88818327360,67103931
88818327360,67103937
88818327360,67103947
88818327360,67103953
88818327360,67103961
88818327360,67103962
88818327360,67103970
88818327360,67103971
88818327360,67103984
88818327360,67103985
88818327360,67103986
88818327360,67103993
88818327360,67103999
88818327360,67104001
88818327360,67104003
88818327360,67104007
88818327360,67104008
88818327360,67104009
88818327360,67104010
88818327360,67104040
88818327360,67104048
88818327360,67104053
88818327360,67104054
88818327360,67104070
88818327360,67104078
88818327360,67104080
88818327360,67104082
88818327360,67104089
88818327360,67104095
88818327360,67104099
88818327360,67104562
88818327360,67104563
88818327360,67104564
88818327360,67104565
88818327360,67104566
88818327360,67104567
88818327360,67104568
88818327360,67104569
88818327360,67104570
88818327360,67104572
88818327360,67104573
88818327360,67104574
88818327360,67104575
88818327360,67104576
88818327360,67104577
88818327360,67104578
88818327360,67104579
88818327360,67104580
88818327360,67104581
88818327360,67104582
88818327360,67104583
88818327360,67104584
88818327360,67104585
88818327360,67104586
88818327360,67104587
88818327360,67104588
88818327360,67104589
88818327360,67104590
88818327360,67104591
88818327360,67104592
88818327360,67104593
88818327360,67104594
88818327360,67104595
88818327360,67104596
88818327360,67104597
88818327360,67104598
88818327360,67104599
88818327360,67104600
88818327360,67104601
88818327360,67104602
88818327360,67104603
88818327360,67104604
88818327360,67104605
88818327360,67104606
88818327360,67104607
88818327360,67104608
88818327360,67104609
88818327360,67104610
88818327360,67104611
88818327360,67104612
88818327360,67104613
88818327360,67104614
88818327360,67104615
88818327360,67104616
88818327360,67104617
88818327360,67104618
88818327360,67104619
88818327360,67104620
88818327360,67104621
88818327360,67104622
88818327360,67104623
88818327360,67104625
88818327360,67104626
88818327360,67104627
88818327360,67104628
88818327360,67104629
88818327360,67104630
88818327360,67104631
99783552960,131251
99783552960,131252
99783552960,67100306
99783552960,67100310
99783552960,67101533
99783552960,67101627
99783552960,67101944
99783552960,67102059
99783552960,67102116
99783552960,67102157
99783552960,67102429
99783552960,67102445
99783552960,67102469
99783552960,67102479
99783552960,67102493
99783552960,67102568
99783552960,67102594
99783552960,67102743
99783552960,67102754
99783552960,67102757
99783552960,67102799
99783552960,67102808
99783552960,67102843
99783552960,67102864
99783552960,67102915
99783552960,67102923
99783552960,67102931
99783552960,67102935
99783552960,67102938
99783552960,67102950
99783552960,67102954
99783552960,67102978
99783552960,67103013
99783552960,67103020
99783552960,67103021
99783552960,67103048
99783552960,67103054
99783552960,67103102
99783552960,67103115
99783552960,67103120
99783552960,67103121
99783552960,67103161
99783552960,67103201
99783552960,67103661
99783552960,67103671
99783552960,67103677
99783552960,67103744
99783552960,67103792
99783552960,67103802
99783552960,67103807
99783552960,67103808
99783552960,67103812
99783552960,67103827
99783552960,67103831
99783552960,67103839
99783552960,67103842
99783552960,67103844
99783552960,67103847
99783552960,67103850
99783552960,67103854
99783552960,67103865
99783552960,67103866
99783552960,67103873
99783552960,67103875
99783552960,67103886
99783552960,67103964
99783552960,67103980
99783552960,67103983
99783552960,67103997
99783552960,67104021
99783552960,67104043
99783552960,67104059
99783552960,67104063
99783552960,67104076
99783552960,67104077
99783552960,67104102
99783552960,67104111
99783552960,67104117
99783552960,67104137
99783552960,67104139
99783552960,67104653
99783552960,67104690
99783552960,67104702
99783552960,67104715
99783552960,67104718
99783552960,67104719
99783552960,67104720
99783552960,67104722
99783552960,67104723
99783552960,67104724
99783552960,67104729
99783552960,67104732
99783552960,67104736
99783552960,67104737
99783552960,67104739
99783552960,67104740
99783552960,67104741
99783552960,67104744
99783552960,67104746
99783552960,67104747
99783552960,67104752
99783552960,67104753
99783552960,67104756
99783552960,67104759
99783552960,67104761
99783552960,67104765
99783552960,67104771
99783552960,67104774
99783552960,67104777
99783552960,67104778
99783552960,67104779
99783552960,67104780
99783552960,67104781
99783552960,67104788
99783552960,67104790
99783552960,67104791
99783552960,67106914
99783552960,67107355
99783552960,67108145
99783552960,67108600
99783552960,67108601
99783552960,67108604
99783552960,67108605
110748778560,67100311
110748778560,67100312
110748778560,67100339
110748778560,67100382
110748778560,67100385
110748778560,67100386
110748778560,67100388
110748778560,67100389
110748778560,67100391
110748778560,67100393
110748778560,67100398
110748778560,67100401
110748778560,67100404
110748778560,67100405
110748778560,67100725
110748778560,67103012
110748778560,67103303
110748778560,67103314
110748778560,67103349
110748778560,67104149
110748778560,67104175
110748778560,67104208
110748778560,67104217
110748778560,67104257
110748778560,67104286
110748778560,67104986
110748778560,67105631
110748778560,67105658
110748778560,67105702
110748778560,67105707
110748778560,67105709
110748778560,67105783
110748778560,67106253
110748778560,67106287
110748778560,67106468
110748778560,67106502
110748778560,67106519
110748778560,67106553
110748778560,67106562
110748778560,67106589
110748778560,67106674
110748778560,67106690
110748778560,67106804
110748778560,67106813
110748778560,67106814
110748778560,67106815
110748778560,67106826
110748778560,67106835
110748778560,67106838
110748778560,67106843
110748778560,67106857
110748778560,67106861
110748778560,67106897
110748778560,67106910
110748778560,67106915
110748778560,67106932
110748778560,67106933
110748778560,67106934
110748778560,67106939
110748778560,67106940
110748778560,67106946
110748778560,67106969
110748778560,67106981
110748778560,67107024
110748778560,67107203
110748778560,67107206
110748778560,67107221
110748778560,67107224
110748778560,67107246
110748778560,67107248
110748778560,67107249
110748778560,67107250
110748778560,67107261
110748778560,67107289
110748778560,67107290
110748778560,67107316
110748778560,67107337
110748778560,67107342
110748778560,67107352
110748778560,67107359
110748778560,67107434
110748778560,67107477
110748778560,67107495
110748778560,67107592
110748778560,67108069
110748778560,67108070
110748778560,67108073
110748778560,67108076
110748778560,67108079
110748778560,67108080
110748778560,67108084
110748778560,67108085
110748778560,67108096
110748778560,67108097
110748778560,67108099
110748778560,67108108
110748778560,67108112
110748778560,67108117
110748778560,67108122
110748778560,67108130
110748778560,67108138
110748778560,67108155
110748778560,67108157
110748778560,67108198
110748778560,67108210
110748778560,67108218
110748778560,67108225
110748778560,67108323
110748778560,67108606
110748778560,67108627
110748778560,67108633
110748778560,67108675
110748778560,67108677
110748778560,67108678
110748778560,67108679
110748778560,67108683
110748778560,67108685
110748778560,67108688
110748778560,67108692
110748778560,67108695
110748778560,67108698
110748778560,67108699
121714004160,67100271
121714004160,67100272
121714004160,67100275
121714004160,67100279
121714004160,67100287
121714004160,67100289
121714004160,67100292
121714004160,67100298
121714004160,67100299
121714004160,67100502
121714004160,67100712
121714004160,67103669
121714004160,67103670
121714004160,67103686
121714004160,67103687
121714004160,67103688
121714004160,67103689
121714004160,67103690
121714004160,67103691
121714004160,67103693
121714004160,67103694
121714004160,67103695
121714004160,67103696
121714004160,67103697
121714004160,67103698
121714004160,67103700
121714004160,67103701
121714004160,67103703
121714004160,67103704
121714004160,67103705
121714004160,67103706
121714004160,67103707
121714004160,67103708
121714004160,67103709
121714004160,67103710
121714004160,67103711
121714004160,67103712
121714004160,67103713
121714004160,67103714
121714004160,67103715
121714004160,67103716
121714004160,67103717
121714004160,67103722
121714004160,67103723
121714004160,67103724
121714004160,67103725
121714004160,67103726
121714004160,67103727
121714004160,67103728
121714004160,67103729
121714004160,67103730
121714004160,67103731
121714004160,67103732
121714004160,67103733
121714004160,67103734
121714004160,67103735
121714004160,67103736
121714004160,67103737
121714004160,67103738
121714004160,67103739
121714004160,67103740
121714004160,67103741
121714004160,67103742
121714004160,67103746
121714004160,67103747
121714004160,67103748
121714004160,67103749
121714004160,67103750
121714004160,67103751
121714004160,67103752
121714004160,67103753
121714004160,67103754
121714004160,67103755
121714004160,67103756
121714004160,67103757
121714004160,67103759
121714004160,67103760
121714004160,67103761
121714004160,67103762
121714004160,67103763
121714004160,67103764
121714004160,67103765
121714004160,67103766
121714004160,67103767
121714004160,67103768
121714004160,67103769
121714004160,67103770
121714004160,67103771
121714004160,67103774
121714004160,67103775
121714004160,67103776
121714004160,67103777
121714004160,67103778
121714004160,67103779
121714004160,67103780
121714004160,67103782
121714004160,67103783
121714004160,67103784
121714004160,67103785
121714004160,67103786
121714004160,67103787
121714004160,67103788
121714004160,67103789
121714004160,67103790
121714004160,67103794
121714004160,67103795
121714004160,67103796
121714004160,67103797
121714004160,67103798
121714004160,67103799
121714004160,67103800
121714004160,67103801
121714004160,67103803
121714004160,67103804
121714004160,67103805
121714004160,67103806
121714004160,67103809
121714004160,67103810
121714004160,67103811
121714004160,67103813
121714004160,67103814
121714004160,67103817
121714004160,67103818
121714004160,67103819
121714004160,67103820
121714004160,67103821
132679229760,131249
132679229760,131250
132679229760,131254
132679229760,67100278
132679229760,67100293
132679229760,67100505
132679229760,67101193
132679229760,67101396
132679229760,67101518
132679229760,67101757
132679229760,67101775
132679229760,67102084
132679229760,67102178
132679229760,67102249
132679229760,67102278
132679229760,67102306
132679229760,67102309
132679229760,67102311
132679229760,67102330
132679229760,67102392
132679229760,67102393
132679229760,67102396
132679229760,67102440
132679229760,67102446
132679229760,67102468
132679229760,67102470
132679229760,67102476
132679229760,67102482
132679229760,67102483
132679229760,67102491
132679229760,67102508
132679229760,67102539
132679229760,67102554
132679229760,67102556
132679229760,67102573
132679229760,67102577
132679229760,67102601
132679229760,67102656
132679229760,67102658
132679229760,67102693
132679229760,67102694
132679229760,67102727
132679229760,67102740
132679229760,67102741
132679229760,67102760
132679229760,67102761
132679229760,67102763
132679229760,67102764
132679229760,67102779
132679229760,67102787
132679229760,67102791
132679229760,67102807
132679229760,67102810
132679229760,67102815
132679229760,67102817
132679229760,67102861
132679229760,67102863
132679229760,67102875
132679229760,67102900
132679229760,67102926
132679229760,67102929
132679229760,67102932
132679229760,67102953
132679229760,67102965
132679229760,67102982
132679229760,67102986
132679229760,67102994
132679229760,67103004
132679229760,67103010
132679229760,67103022
132679229760,67103032
132679229760,67103042
132679229760,67103047
132679229760,67103053
132679229760,67103074
132679229760,67103083
132679229760,67103085
132679229760,67103087
132679229760,67103090
132679229760,67103106
132679229760,67103124
132679229760,67103139
132679229760,67103163
132679229760,67103167
132679229760,67103624
132679229760,67103658
132679229760,67103681
132679229760,67103719
132679229760,67103720
132679229760,67103835
132679229760,67103836
132679229760,67103910
132679229760,67103926
132679229760,67103957
132679229760,67103965
132679229760,67103976
132679229760,67103996
132679229760,67104006
132679229760,67104034
132679229760,67104061
132679229760,67104651
132679229760,67104680
132679229760,67104681
132679229760,67104716
132679229760,67104717
132679229760,67104766
132679229760,67105434
132679229760,67105451
132679229760,67105454
132679229760,67105455
132679229760,67105494
132679229760,67105501
132679229760,67105522
132679229760,67105526
132679229760,67105557
132679229760,67105608
132679229760,67106116
132679229760,67106142
132679229760,67106319
132679229760,67106320
132679229760,67107262
143644455360,131255
143644455360,131258
143644455360,67100294
143644455360,67100337
143644455360,67100390
143644455360,67100394
143644455360,67100396
143644455360,67100402
143644455360,67103168
143644455360,67103271
143644455360,67103276
143644455360,67103290
143644455360,67103302
143644455360,67103830
143644455360,67104150
143644455360,67104233
143644455360,67104303
143644455360,67104310
143644455360,67104374
143644455360,67104640
143644455360,67104989
143644455360,67105030
143644455360,67105084
143644455360,67105100
143644455360,67105145
143644455360,67105413
143644455360,67105596
143644455360,67105644
143644455360,67105650
143644455360,67105674
143644455360,67105692
143644455360,67105754
143644455360,67105769
143644455360,67105776
143644455360,67105778
143644455360,67105791
143644455360,67105792
143644455360,67105794
143644455360,67105803
143644455360,67106115
143644455360,67106152
143644455360,67106157
143644455360,67106277
143644455360,67106291
143644455360,67106304
143644455360,67106305
143644455360,67106318
143644455360,67106350
143644455360,67106360
143644455360,67106372
143644455360,67106376
143644455360,67106379
143644455360,67106383
143644455360,67106387
143644455360,67106390
143644455360,67106405
143644455360,67106428
143644455360,67106432
143644455360,67106435
143644455360,67106444
143644455360,67106463
143644455360,67106473
143644455360,67106480
143644455360,67106482
143644455360,67106483
143644455360,67106491
143644455360,67106496
143644455360,67106505
143644455360,67106509
143644455360,67106511
143644455360,67106528
143644455360,67106543
143644455360,67106551
143644455360,67106688
143644455360,67106805
143644455360,67106827
143644455360,67106829
143644455360,67106831
143644455360,67106832
143644455360,67106837
143644455360,67106839
143644455360,67106841
143644455360,67106847
143644455360,67106856
143644455360,67106862
143644455360,67106866
143644455360,67106893
143644455360,67106931
143644455360,67106937
143644455360,67106945
143644455360,67106952
143644455360,67106994
143644455360,67106995
143644455360,67107041
143644455360,67107189
143644455360,67107195
143644455360,67107210
143644455360,67107260
143644455360,67107314
143644455360,67107390
143644455360,67107426
143644455360,67107464
143644455360,67107480
143644455360,67108064
143644455360,67108081
143644455360,67108082
143644455360,67108087
143644455360,67108089
143644455360,67108091
143644455360,67108110
143644455360,67108141
143644455360,67108164
143644455360,67108200
143644455360,67108219
143644455360,67108631
143644455360,67108684
143644455360,67108686
143644455360,67108689
143644455360,67108690
143644455360,67108691
143644455360,67108697
143644455360,67108702
154609680960,67100507
154609680960,67101585
154609680960,67101586
154609680960,67101587
154609680960,67101588
154609680960,67101589
154609680960,67101590
154609680960,67101591
165574906560,131247
165574906560,131248
165574906560,67100522
165574906560,67101169
165574906560,67101199
165574906560,67101447
165574906560,67101464
165574906560,67101491
165574906560,67101504
165574906560,67101506
165574906560,67101663
165574906560,67101703
165574906560,67101716
165574906560,67101720
165574906560,67101729
165574906560,67101740
165574906560,67101764
165574906560,67101785
165574906560,67101790
165574906560,67101791
165574906560,67101822
165574906560,67101861
165574906560,67101885
165574906560,67101890
165574906560,67101898
165574906560,67101907
165574906560,67101925
165574906560,67101932
165574906560,67101948
165574906560,67101961
165574906560,67101975
165574906560,67101989
165574906560,67101994
165574906560,67102006
165574906560,67102008
165574906560,67102016
165574906560,67102017
165574906560,67102019
165574906560,67102022
165574906560,67102044
165574906560,67102046
165574906560,67102053
165574906560,67102058
165574906560,67102061
165574906560,67102067
165574906560,67102068
165574906560,67102076
165574906560,67102079
165574906560,67102086
165574906560,67102112
165574906560,67102122
165574906560,67102125
165574906560,67102132
165574906560,67102141
165574906560,67102144
165574906560,67102148
165574906560,67102149
165574906560,67102168
165574906560,67102174
165574906560,67102188
165574906560,67102193
165574906560,67102243
165574906560,67102245
165574906560,67102294
165574906560,67102305
165574906560,67102316
165574906560,67102329
165574906560,67102375
165574906560,67102382
165574906560,67102384
165574906560,67102433
165574906560,67102456
165574906560,67102457
165574906560,67102497
165574906560,67102502
165574906560,67102504
165574906560,67102509
165574906560,67102514
165574906560,67102534
165574906560,67102549
165574906560,67102550
165574906560,67102562
165574906560,67102582
165574906560,67102585
165574906560,67102599
165574906560,67102609
165574906560,67102628
165574906560,67102648
165574906560,67102667
165574906560,67102678
165574906560,67102679
165574906560,67102681
165574906560,67102702
165574906560,67102777
165574906560,67102797
165574906560,67102805
165574906560,67102809
165574906560,67102818
165574906560,67102826
165574906560,67102867
165574906560,67102961
165574906560,67103031
165574906560,67103037
165574906560,67103855
165574906560,67103864
165574906560,67103877
165574906560,67104140
165574906560,67104153
165574906560,67104654
165574906560,67105123
165574906560,67105411
165574906560,67105425
165574906560,67105532
165574906560,67105876
165574906560,67107202
165574906560,67107459
165574906560,67108062
165574906560,67108065
176540132160,131256
176540132160,67100403
176540132160,67102914
176540132160,67102964
176540132160,67103017
176540132160,67103028
176540132160,67103217
176540132160,67103223
176540132160,67103250
176540132160,67103256
176540132160,67103257
176540132160,67103274
176540132160,67103282
176540132160,67103286
176540132160,67103301
176540132160,67103319
176540132160,67103325
176540132160,67103348
176540132160,67103942
176540132160,67103956
176540132160,67104036
176540132160,67104052
176540132160,67104071
176540132160,67104072
176540132160,67104097
176540132160,67104106
176540132160,67104112
176540132160,67104120
176540132160,67104122
176540132160,67104126
176540132160,67104136
176540132160,67104141
176540132160,67104148
176540132160,67104155
176540132160,67104159
176540132160,67104169
176540132160,67104173
176540132160,67104196
176540132160,67104206
176540132160,67104211
176540132160,67104219
176540132160,67104259
176540132160,67104641
176540132160,67104865
176540132160,67104891
176540132160,67105003
176540132160,67105043
176540132160,67105063
176540132160,67105115
176540132160,67105593
176540132160,67105597
176540132160,67105637
176540132160,67105653
176540132160,67105657
176540132160,67105664
176540132160,67105685
176540132160,67105710
176540132160,67105839
176540132160,67105843
176540132160,67106200
176540132160,67106214
176540132160,67106223
176540132160,67106244
176540132160,67106259
176540132160,67106284
176540132160,67106332
176540132160,67106408
176540132160,67106414
176540132160,67106415
176540132160,67106425
176540132160,67106429
176540132160,67106459
176540132160,67106465
176540132160,67106472
176540132160,67106486
176540132160,67106515
176540132160,67106563
176540132160,67106572
176540132160,67106585
176540132160,67106596
176540132160,67106604
176540132160,67106665
176540132160,67106677
176540132160,67106819
176540132160,67106836
176540132160,67106860
176540132160,67106889
176540132160,67106941
176540132160,67106951
176540132160,67106961
176540132160,67106970
176540132160,67106972
176540132160,67107020
176540132160,67107034
176540132160,67107035
176540132160,67107049
176540132160,67107078
176540132160,67107081
176540132160,67107086
176540132160,67107103
176540132160,67107192
176540132160,67107213
176540132160,67107393
176540132160,67107428
176540132160,67107450
176540132160,67107503
176540132160,67107508
176540132160,67107548
176540132160,67107551
176540132160,67107590
176540132160,67107594
176540132160,67108160
176540132160,67108229
176540132160,67108235
176540132160,67108250
176540132160,67108266
176540132160,67108311
187505357760,67100707
187505357760,67100708
187505357760,67101106
187505357760,67101109
187505357760,67101110
187505357760,67101112
187505357760,67101113
187505357760,67101114
187505357760,67101115
187505357760,67101116
187505357760,67101117
187505357760,67101118
187505357760,67101119
187505357760,67101122
187505357760,67101124
187505357760,67101125
187505357760,67101126
187505357760,67101127
187505357760,67101128
187505357760,67101129
187505357760,67101130
187505357760,67101132
187505357760,67101134
187505357760,67101135
187505357760,67101136
187505357760,67101137
187505357760,67101138
187505357760,67101139
187505357760,67101140
187505357760,67101141
187505357760,67101143
187505357760,67101144
187505357760,67101145
187505357760,67101146
187505357760,67101148
187505357760,67101149
187505357760,67101152
187505357760,67101153
187505357760,67101154
187505357760,67101157
187505357760,67101158
187505357760,67101159
187505357760,67101160
187505357760,67101161
187505357760,67101162
187505357760,67101163
187505357760,67101164
187505357760,67101166
187505357760,67101167
187505357760,67101171
187505357760,67101172
187505357760,67101173
187505357760,67101176
187505357760,67101181
187505357760,67101182
187505357760,67101183
187505357760,67101184
187505357760,67101185
187505357760,67101186
187505357760,67101187
187505357760,67101191
187505357760,67101192
187505357760,67101194
187505357760,67101196
187505357760,67101200
187505357760,67101201
187505357760,67101203
187505357760,67101204
187505357760,67101205
187505357760,67101206
187505357760,67101207
187505357760,67101208
187505357760,67101209
187505357760,67101210
187505357760,67101292
187505357760,67101302
187505357760,67101305
187505357760,67101308
187505357760,67101322
187505357760,67101328
187505357760,67101335
187505357760,67101336
187505357760,67101339
187505357760,67101350
187505357760,67101370
187505357760,67101451
187505357760,67101463
187505357760,67101468
187505357760,67101594
187505357760,67101598
187505357760,67101602
187505357760,67101603
187505357760,67101609
187505357760,67101623
187505357760,67101628
187505357760,67101652
187505357760,67101673
187505357760,67101678
187505357760,67101695
187505357760,67101705
187505357760,67101726
187505357760,67101727
187505357760,67101733
187505357760,67101767
187505357760,67101768
187505357760,67101795
187505357760,67101809
187505357760,67101831
187505357760,67101864
187505357760,67101868
187505357760,67101877
187505357760,67101967
187505357760,67102104
187505357760,67102189
187505357760,67102334
187505357760,67102344
187505357760,67102461
187505357760,67105391
187505357760,67105392
187505357760,67106109
187505357760,67106110
187505357760,67106663
198470583360,67100338
198470583360,67100504
198470583360,67100720
198470583360,67101156
198470583360,67101543
198470583360,67101549
198470583360,67101613
198470583360,67101614
198470583360,67101620
198470583360,67101638
198470583360,67101676
198470583360,67101685
198470583360,67101701
198470583360,67101731
198470583360,67101742
198470583360,67101773
198470583360,67101780
198470583360,67101787
198470583360,67101816
198470583360,67101869
198470583360,67101947
198470583360,67101990
198470583360,67102057
198470583360,67102064
198470583360,67102081
198470583360,67102094
198470583360,67102153
198470583360,67102155
198470583360,67102158
198470583360,67102160
198470583360,67102169
198470583360,67102170
198470583360,67102179
198470583360,67102180
198470583360,67102181
198470583360,67102185
198470583360,67102191
198470583360,67102199
198470583360,67102236
198470583360,67102253
198470583360,67102277
198470583360,67102285
198470583360,67102293
198470583360,67102295
198470583360,67102299
198470583360,67102300
198470583360,67102301
198470583360,67102302
198470583360,67102310
198470583360,67102317
198470583360,67102321
198470583360,67102354
198470583360,67102380
198470583360,67102387
198470583360,67102511
198470583360,67102682
198470583360,67102705
198470583360,67102781
198470583360,67103626
198470583360,67103692
198470583360,67104679
198470583360,67105399
198470583360,67105415
198470583360,67105418
198470583360,67105470
198470583360,67105489
198470583360,67105495
198470583360,67106112
198470583360,67106117
198470583360,67106121
198470583360,67106127
198470583360,67106132
198470583360,67106134
198470583360,67106149
198470583360,67106161
198470583360,67106163
198470583360,67106177
198470583360,67106181
198470583360,67106195
198470583360,67106245
198470583360,67106247
198470583360,67106248
198470583360,67106664
198470583360,67106666
198470583360,67106667
198470583360,67106670
198470583360,67106672
198470583360,67106676
198470583360,67106678
198470583360,67106680
198470583360,67106681
198470583360,67106683
198470583360,67106686
198470583360,67106865
198470583360,67107175
198470583360,67107176
198470583360,67107177
198470583360,67107178
198470583360,67107179
198470583360,67107180
198470583360,67107182
198470583360,67107183
198470583360,67107184
198470583360,67107187
198470583360,67107199
198470583360,67108063
198470583360,67108066
198470583360,67108071
198470583360,67108077
198470583360,67108083
198470583360,67108109
198470583360,67108616
198470583360,67108632
209435808960,67102423
209435808960,67103683
209435808960,67104046
209435808960,67104093
209435808960,67104127
209435808960,67104131
209435808960,67104186
209435808960,67104632
209435808960,67104649
209435808960,67104705
209435808960,67104786
209435808960,67104821
209435808960,67104830
209435808960,67104846
209435808960,67104890
209435808960,67104895
209435808960,67105868
209435808960,67105869
209435808960,67106526
209435808960,67106988
209435808960,67106989
209435808960,67107218
209435808960,67107275
209435808960,67107276
209435808960,67107286
209435808960,67107288
209435808960,67107324
209435808960,67107325
209435808960,67107340
209435808960,67107343
209435808960,67107348
209435808960,67107350
209435808960,67107357
209435808960,67107361
209435808960,67107362
209435808960,67107363
209435808960,67107374
209435808960,67107386
209435808960,67107387
209435808960,67107394
209435808960,67107395
209435808960,67107399
209435808960,67107400
209435808960,67107401
209435808960,67107403
209435808960,67107406
209435808960,67107408
209435808960,67107418
209435808960,67107421
209435808960,67107424
209435808960,67107425
209435808960,67107427
209435808960,67107429
209435808960,67107430
209435808960,67107431
209435808960,67107433
209435808960,67107435
209435808960,67107436
209435808960,67108072
209435808960,67108075
209435808960,67108086
209435808960,67108088
209435808960,67108090
209435808960,67108092
209435808960,67108093
209435808960,67108095
209435808960,67108098
209435808960,67108100
209435808960,67108102
209435808960,67108103
209435808960,67108105
209435808960,67108107
209435808960,67108111
209435808960,67108113
209435808960,67108119
209435808960,67108120
209435808960,67108123
209435808960,67108124
209435808960,67108126
209435808960,67108127
209435808960,67108128
209435808960,67108133
209435808960,67108134
209435808960,67108136
209435808960,67108137
209435808960,67108139
209435808960,67108142
209435808960,67108143
209435808960,67108144
209435808960,67108146
209435808960,67108148
209435808960,67108150
209435808960,67108151
209435808960,67108152
209435808960,67108156
209435808960,67108158
209435808960,67108161
209435808960,67108163
209435808960,67108165
209435808960,67108167
209435808960,67108168
209435808960,67108171
209435808960,67108172
209435808960,67108174
209435808960,67108175
209435808960,67108176
209435808960,67108178
209435808960,67108184
209435808960,67108185
209435808960,67108186
209435808960,67108187
209435808960,67108188
209435808960,67108189
209435808960,67108190
209435808960,67108192
209435808960,67108193
209435808960,67108194
209435808960,67108195
209435808960,67108203
220401034560,67100503
220401034560,67101165
220401034560,67101170
220401034560,67101179
220401034560,67101190
220401034560,67101195
220401034560,67101197
220401034560,67101202
220401034560,67101284
220401034560,67101285
220401034560,67101286
220401034560,67101287
220401034560,67101288
220401034560,67101289
220401034560,67101290
220401034560,67101291
220401034560,67101293
220401034560,67101294
220401034560,67101295
220401034560,67101296
220401034560,67101297
220401034560,67101298
220401034560,67101299
220401034560,67101300
220401034560,67101301
220401034560,67101303
220401034560,67101304
220401034560,67101306
220401034560,67101307
220401034560,67101309
220401034560,67101310
220401034560,67101311
220401034560,67101312
220401034560,67101313
220401034560,67101314
220401034560,67101315
220401034560,67101316
220401034560,67101317
220401034560,67101318
220401034560,67101319
220401034560,67101320
220401034560,67101321
220401034560,67101323
220401034560,67101324
220401034560,67101325
220401034560,67101326
220401034560,67101327
220401034560,67101329
220401034560,67101330
220401034560,67101331
220401034560,67101332
220401034560,67101333
220401034560,67101337
220401034560,67101338
220401034560,67101340
220401034560,67101341
220401034560,67101342
220401034560,67101343
220401034560,67101344
220401034560,67101345
220401034560,67101346
220401034560,67101347
220401034560,67101348
220401034560,67101349
220401034560,67101351
220401034560,67101352
220401034560,67101353
220401034560,67101354
220401034560,67101355
220401034560,67101356
220401034560,67101357
220401034560,67101358
220401034560,67101359
220401034560,67101360
220401034560,67101361
220401034560,67101362
220401034560,67101363
220401034560,67101364
220401034560,67101365
220401034560,67101366
220401034560,67101367
220401034560,67101368
220401034560,67101369
220401034560,67101371
231366260160,67100520
231366260160,67101882
231366260160,67102020
231366260160,67102066
231366260160,67102107
231366260160,67102135
231366260160,67102430
231366260160,67102449
231366260160,67102459
231366260160,67102463
231366260160,67102465
231366260160,67102467
231366260160,67102517
231366260160,67102526
231366260160,67102528
231366260160,67102569
231366260160,67102595
231366260160,67102598
231366260160,67102620
231366260160,67102634
231366260160,67102691
231366260160,67102714
231366260160,67102716
231366260160,67102718
231366260160,67102723
231366260160,67102736
231366260160,67102744
231366260160,67102785
231366260160,67102788
231366260160,67102816
231366260160,67102855
231366260160,67102868
231366260160,67102885
231366260160,67102911
231366260160,67102912
231366260160,67102944
231366260160,67102957
231366260160,67103002
231366260160,67103014
231366260160,67103030
231366260160,67103033
231366260160,67103038
231366260160,67103051
231366260160,67103058
231366260160,67103062
231366260160,67103067
231366260160,67103069
231366260160,67103089
231366260160,67103091
231366260160,67103094
231366260160,67103096
231366260160,67103109
231366260160,67103131
231366260160,67103152
231366260160,67103623
231366260160,67103629
231366260160,67103630
231366260160,67103631
231366260160,67103632
231366260160,67103634
231366260160,67103636
231366260160,67103650
231366260160,67103666
231366260160,67103668
231366260160,67103672
231366260160,67103673
231366260160,67103674
231366260160,67103702
231366260160,67103718
231366260160,67103721
231366260160,67103743
231366260160,67103745
231366260160,67103772
231366260160,67103816
231366260160,67103825
231366260160,67103832
231366260160,67103840
231366260160,67103848
231366260160,67103849
231366260160,67103851
231366260160,67103857
231366260160,67103872
231366260160,67103874
231366260160,67103885
231366260160,67103889
231366260160,67103893
231366260160,67103894
231366260160,67103896
231366260160,67103902
231366260160,67103922
231366260160,67103928
231366260160,67103930
231366260160,67103932
231366260160,67103936
231366260160,67103944
231366260160,67103948
231366260160,67103950
231366260160,67103955
231366260160,67103960
231366260160,67103963
231366260160,67103969
231366260160,67103972
231366260160,67103973
231366260160,67103978
231366260160,67103981
231366260160,67103982
231366260160,67103987
231366260160,67103988
231366260160,67104002
231366260160,67104015
231366260160,67104025
231366260160,67104062
231366260160,67104086
231366260160,67104091
231366260160,67107226
242331485760,67100340
242331485760,67100397
242331485760,67100399
242331485760,67102167
242331485760,67102398
242331485760,67102697
242331485760,67102850
242331485760,67102894
242331485760,67103023
242331485760,67103086
242331485760,67103095
242331485760,67103116
242331485760,67103137
242331485760,67103157
242331485760,67103158
242331485760,67103160
242331485760,67103169
242331485760,67103193
242331485760,67103210
242331485760,67103233
242331485760,67103252
242331485760,67103254
242331485760,67103273
242331485760,67103296
242331485760,67103318
242331485760,67103395
242331485760,67103410
242331485760,67103439
242331485760,67103945
242331485760,67103998
242331485760,67104033
242331485760,67104039
242331485760,67104044
242331485760,67104128
242331485760,67104129
242331485760,67104144
242331485760,67104160
242331485760,67104166
242331485760,67104192
242331485760,67104209
242331485760,67104223
242331485760,67104227
242331485760,67104249
242331485760,67104295
242331485760,67104345
242331485760,67104382
242331485760,67104409
242331485760,67105006
242331485760,67105013
242331485760,67105031
242331485760,67105035
242331485760,67105047
242331485760,67105069
242331485760,67105088
242331485760,67105143
242331485760,67105174
242331485760,67105184
242331485760,67105479
242331485760,67105567
242331485760,67105572
242331485760,67105619
242331485760,67105656
242331485760,67105665
242331485760,67105677
242331485760,67105681
242331485760,67105687
242331485760,67105689
242331485760,67105759
242331485760,67105785
242331485760,67105833
242331485760,67106183
242331485760,67106199
242331485760,67106203
242331485760,67106212
242331485760,67106257
242331485760,67106264
242331485760,67106266
242331485760,67106272
242331485760,67106283
242331485760,67106310
242331485760,67106314
242331485760,67106328
242331485760,67106331
242331485760,67106340
242331485760,67106369
242331485760,67106375
242331485760,67106411
242331485760,67106420
242331485760,67106427
242331485760,67106507
242331485760,67106587
242331485760,67106685
242331485760,67106808
242331485760,67106828
242331485760,67106867
242331485760,67107029
242331485760,67107045
242331485760,67107073
242331485760,67107196
242331485760,67107222
242331485760,67107304
242331485760,67107309
242331485760,67107351
242331485760,67107371
242331485760,67107412
242331485760,67107501
242331485760,67107539
242331485760,67108227
242331485760,67108244
242331485760,67108247
242331485760,67108254
242331485760,67108259
242331485760,67108287
242331485760,67108298
242331485760,67108634
253296711360,67101607
253296711360,67101612
253296711360,67101629
253296711360,67101635
253296711360,67101645
253296711360,67101656
253296711360,67101658
253296711360,67101659
253296711360,67101679
253296711360,67101680
253296711360,67101684
253296711360,67101687
253296711360,67101694
253296711360,67101715
253296711360,67101728
253296711360,67101735
253296711360,67101736
253296711360,67101738
253296711360,67101743
253296711360,67101744
253296711360,67101745
253296711360,67101747
253296711360,67101748
253296711360,67101749
253296711360,67101750
253296711360,67101751
253296711360,67101752
253296711360,67101753
253296711360,67101758
253296711360,67101759
253296711360,67101760
253296711360,67101761
253296711360,67101762
253296711360,67101763
253296711360,67101765
253296711360,67101766
253296711360,67101770
253296711360,67101771
253296711360,67101776
253296711360,67101781
253296711360,67101783
253296711360,67101784
253296711360,67101788
253296711360,67101789
253296711360,67101792
253296711360,67101793
253296711360,67101794
253296711360,67101796
253296711360,67101797
253296711360,67101798
253296711360,67101799
253296711360,67101800
253296711360,67101801
253296711360,67101802
253296711360,67101803
253296711360,67101804
253296711360,67101805
253296711360,67101806
253296711360,67101807
253296711360,67101808
253296711360,67101810
253296711360,67101814
253296711360,67101815
253296711360,67101817
253296711360,67101818
253296711360,67101820
253296711360,67101821
253296711360,67101823
253296711360,67101824
253296711360,67101826
253296711360,67101827
253296711360,67101829
253296711360,67101830
253296711360,67101832
253296711360,67101833
253296711360,67101834
253296711360,67101835
253296711360,67101836
253296711360,67101837
253296711360,67101838
253296711360,67101839
253296711360,67101840
253296711360,67101841
253296711360,67101842
253296711360,67101843
253296711360,67101844
253296711360,67101845
253296711360,67101846
253296711360,67101847
253296711360,67101848
253296711360,67101849
253296711360,67101850
253296711360,67101851
253296711360,67101852
253296711360,67101853
253296711360,67101854
253296711360,67101855
253296711360,67101856
253296711360,67101857
253296711360,67101858
253296711360,67101859
253296711360,67101860
253296711360,67101862
253296711360,67101863
253296711360,67101865
253296711360,67101866
253296711360,67101867
253296711360,67101870
253296711360,67101871
253296711360,67101872
253296711360,67101874
253296711360,67101875
253296711360,67101876
253296711360,67101878
253296711360,67101879
253296711360,67101880
253296711360,67101881
253296711360,67101883
253296711360,67101884
253296711360,67101886
253296711360,67101887
253296711360,67101888
253296711360,67101889
253296711360,67101891
253296711360,67101892
253296711360,67101893
253296711360,67101894
264261936960,67101691
264261936960,67101693
264261936960,67101700
264261936960,67101909
264261936960,67101940
264261936960,67101971
264261936960,67102106
264261936960,67102114
264261936960,67102127
264261936960,67102128
264261936960,67102142
264261936960,67102147
264261936960,67102183
264261936960,67102200
264261936960,67102288
264261936960,67102298
264261936960,67102314
264261936960,67102360
264261936960,67102369
264261936960,67102389
264261936960,67102394
264261936960,67102419
264261936960,67102421
264261936960,67102454
264261936960,67102478
264261936960,67102487
264261936960,67102501
264261936960,67102513
264261936960,67102520
264261936960,67102538
264261936960,67102553
264261936960,67102567
264261936960,67102570
264261936960,67102571
264261936960,67102574
264261936960,67102579
264261936960,67102588
264261936960,67102593
264261936960,67102603
264261936960,67102606
264261936960,67102608
264261936960,67102623
264261936960,67102633
264261936960,67102643
264261936960,67102645
264261936960,67102657
264261936960,67102663
264261936960,67102672
264261936960,67102724
264261936960,67102732
264261936960,67102745
264261936960,67102746
264261936960,67102753
264261936960,67102768
264261936960,67102841
264261936960,67102845
264261936960,67102846
264261936960,67102851
264261936960,67102853
264261936960,67102865
264261936960,67102872
264261936960,67102881
264261936960,67102886
264261936960,67102887
264261936960,67102891
264261936960,67102892
264261936960,67102893
264261936960,67102905
264261936960,67102907
264261936960,67102930
264261936960,67102933
264261936960,67102939
264261936960,67102949
264261936960,67102956
264261936960,67102972
264261936960,67102973
264261936960,67102974
264261936960,67102977
264261936960,67102987
264261936960,67102992
264261936960,67102995
264261936960,67102997
264261936960,67103011
264261936960,67103015
264261936960,67103027
264261936960,67103043
264261936960,67103044
264261936960,67103050
264261936960,67103070
264261936960,67103071
264261936960,67103072
264261936960,67103092
264261936960,67103105
264261936960,67103107
264261936960,67103114
264261936960,67103122
264261936960,67103123
264261936960,67103126
264261936960,67103130
264261936960,67103132
264261936960,67103135
264261936960,67103142
264261936960,67103145
264261936960,67103150
264261936960,67103178
264261936960,67103187
264261936960,67103635
264261936960,67103645
264261936960,67103647
264261936960,67103822
264261936960,67103828
264261936960,67103837
264261936960,67105543
264261936960,67106192
275227162560,67100288
275227162560,67100291
275227162560,67103082
275227162560,67103227
275227162560,67103242
275227162560,67103307
275227162560,67103328
275227162560,67103345
275227162560,67103346
275227162560,67103352
275227162560,67103370
275227162560,67103415
275227162560,67103518
275227162560,67103916
275227162560,67104103
275227162560,67104104
275227162560,67104105
275227162560,67104110
275227162560,67104125
275227162560,67104182
275227162560,67104185
275227162560,67104197
275227162560,67104253
275227162560,67104289
275227162560,67104339
275227162560,67104867
275227162560,67104875
275227162560,67105000
275227162560,67105010
275227162560,67105040
275227162560,67105053
275227162560,67105459
275227162560,67105672
275227162560,67105699
275227162560,67105741
275227162560,67105765
275227162560,67105768
275227162560,67105870
275227162560,67105882
275227162560,67106206
275227162560,67106323
275227162560,67106351
275227162560,67106362
275227162560,67106378
275227162560,67106393
275227162560,67106451
275227162560,67106458
275227162560,67106488
275227162560,67106547
275227162560,67106671
275227162560,67106687
275227162560,67106691
275227162560,67106824
275227162560,67106825
275227162560,67106848
275227162560,67106863
275227162560,67106868
275227162560,67106872
275227162560,67106873
275227162560,67106879
275227162560,67106881
275227162560,67106883
275227162560,67106887
275227162560,67106892
275227162560,67106896
275227162560,67106901
275227162560,67106902
275227162560,67106922
275227162560,67106925
275227162560,67106954
275227162560,67106996
275227162560,67107019
275227162560,67107023
275227162560,67107040
275227162560,67107082
275227162560,67107109
275227162560,67107185
275227162560,67107186
275227162560,67107207
275227162560,67107208
275227162560,67107209
275227162560,67107216
275227162560,67107219
275227162560,67107220
275227162560,67107223
275227162560,67107277
275227162560,67107281
275227162560,67107282
275227162560,67107283
275227162560,67107287
275227162560,67107293
275227162560,67107312
275227162560,67107330
275227162560,67107333
275227162560,67107334
275227162560,67107336
275227162560,67107375
275227162560,67107482
275227162560,67107485
275227162560,67107487
275227162560,67107506
275227162560,67107525
275227162560,67107534
275227162560,67107571
275227162560,67107576
275227162560,67108106
275227162560,67108140
275227162560,67108177
275227162560,67108215
275227162560,67108224
275227162560,67108267
275227162560,67108276
275227162560,67108304
275227162560,67108309
275227162560,67108693
275227162560,67108696
286192388160,67100341
286192388160,67100342
286192388160,67100343
286192388160,67100344
286192388160,67100345
286192388160,67100346
286192388160,67100347
286192388160,67100348
286192388160,67100350
286192388160,67100355
286192388160,67100395
286192388160,67100406
286192388160,67100407
286192388160,67100408
286192388160,67100409
286192388160,67100440
286192388160,67100448
286192388160,67100510
286192388160,67100704
286192388160,67101175
286192388160,67101439
286192388160,67101459
286192388160,67106316
286192388160,67106317
286192388160,67107233
286192388160,67107234
286192388160,67107235
286192388160,67107236
286192388160,67107237
286192388160,67107238
286192388160,67107239
286192388160,67107240
286192388160,67107241
286192388160,67107242
286192388160,67107269
286192388160,67107270
286192388160,67107271
286192388160,67107272
286192388160,67107273
286192388160,67107296
286192388160,67107297
286192388160,67107298
286192388160,67107299
286192388160,67107300
286192388160,67107301
286192388160,67107302
286192388160,67107303
286192388160,67107366
286192388160,67107367
286192388160,67107368
286192388160,67107369
286192388160,67107378
286192388160,67107379
286192388160,67107380
286192388160,67107381
286192388160,67107382
286192388160,67107383
286192388160,67107445
286192388160,67107565
286192388160,67107637
286192388160,67107638
286192388160,67107654
286192388160,67107951
286192388160,67107952
286192388160,67108101
286192388160,67108114
286192388160,67108153
286192388160,67108159
286192388160,67108202
286192388160,67108286
286192388160,67108300
286192388160,67108301
286192388160,67108306
286192388160,67108314
286192388160,67108316
286192388160,67108318
286192388160,67108319
286192388160,67108321
286192388160,67108325
286192388160,67108326
286192388160,67108327
286192388160,67108328
286192388160,67108329
286192388160,67108330
286192388160,67108331
286192388160,67108332
286192388160,67108333
286192388160,67108334
286192388160,67108335
286192388160,67108336
286192388160,67108337
286192388160,67108338
286192388160,67108339
286192388160,67108340
286192388160,67108341
286192388160,67108342
286192388160,67108459
286192388160,67108461
286192388160,67108509
286192388160,67108521
286192388160,67108522
286192388160,67108635
286192388160,67108636
286192388160,67108637
286192388160,67108638
286192388160,67108639
286192388160,67108640
286192388160,67108641
286192388160,67108643
286192388160,67108644
286192388160,67108650
286192388160,67108700
286192388160,67108701
286192388160,67108703
286192388160,67108704
286192388160,67108734
286192388160,67108735
286192388160,67108742
286192388160,67108759
286192388160,67108763
297157613760,67101528
297157613760,67101537
297157613760,67101717
297157613760,67101724
297157613760,67101991
297157613760,67102023
297157613760,67102024
297157613760,67102038
297157613760,67102082
297157613760,67102156
297157613760,67102171
297157613760,67102244
297157613760,67102251
297157613760,67102283
297157613760,67102304
297157613760,67102397
297157613760,67102409
297157613760,67102416
297157613760,67102434
297157613760,67102444
297157613760,67102472
297157613760,67102474
297157613760,67102485
297157613760,67102527
297157613760,67102529
297157613760,67102566
297157613760,67102575
297157613760,67102613
297157613760,67102614
297157613760,67102660
297157613760,67102664
297157613760,67102680
297157613760,67102683
297157613760,67102725
297157613760,67102726
297157613760,67102728
297157613760,67102772
297157613760,67102778
297157613760,67102811
297157613760,67102813
297157613760,67102825
297157613760,67102829
297157613760,67102847
297157613760,67102856
297157613760,67102898
297157613760,67102927
297157613760,67102948
297157613760,67102979
297157613760,67102991
297157613760,67103007
297157613760,67103025
297157613760,67103029
297157613760,67103040
297157613760,67103081
297157613760,67103098
297157613760,67103127
297157613760,67103143
297157613760,67103175
297157613760,67103179
297157613760,67103211
297157613760,67103219
297157613760,67103675
297157613760,67103853
297157613760,67103868
297157613760,67103913
297157613760,67103921
297157613760,67103935
297157613760,67103966
297157613760,67103974
297157613760,67103975
297157613760,67103989
297157613760,67104634
297157613760,67104658
297157613760,67104664
297157613760,67104668
297157613760,67104688
297157613760,67104772
297157613760,67104773
297157613760,67104783
297157613760,67104787
297157613760,67104886
297157613760,67105397
297157613760,67105419
297157613760,67105438
297157613760,67105442
297157613760,67105445
297157613760,67105521
297157613760,67105533
297157613760,67105592
297157613760,67105757
297157613760,67105764
297157613760,67106193
297157613760,67106413
297157613760,67107317
297157613760,67107318
