1379256614,67104543
1379256614,67104544
1379256614,67104545
1379256614,67104546
1379256614,67104547
1379256614,67104548
1379256614,67104549
1379256614,67104550
1379256614,67104551
1379256614,67104552
1379256614,67104553
1379256614,67104554
1379256614,67104555
1379256614,67104556
1379256614,67104557
1379256614,67104558
1379256614,67104562
1379256614,67104563
1379256614,67104565
1379256614,67104566
1379256614,67104567
1379256614,67104568
1379256614,67104570
1379256614,67104571
1379256614,67104572
1379256614,67104575
1379256614,67104576
1379256614,67104577
1379256614,67104578
1379256614,67104580
1379256614,67104582
1379256614,67104583
1379256614,67104584
1379256614,67104587
1379256614,67104589
1379256614,67104590
1379256614,67104591
1379256614,67104594
1379256614,67104595
1379256614,67104596
1379256614,67104597
1379256614,67104598
1379256614,67104600
1379256614,67104601
1379256614,67104603
1379256614,67104604
1379256614,67104606
1379256614,67104609
1379256614,67104610
1379256614,67104612
1379256614,67104613
1379256614,67104614
1379256614,67104616
1379256614,67104619
1379256614,67104620
1379256614,67104622
1379256614,67104624
1379256614,67104625
1379256614,67104626
1379256614,67104627
1379256614,67104628
1379256614,67104629
1379256614,67104630
1379256614,67104631
1379256614,67104632
1379256614,67104633
1379256614,67104636
1379256614,67104637
1379256614,67104639
1379256614,67104640
1379256614,67104641
1379256614,67104642
1379256614,67104643
1379256614,67104644
1379256614,67104646
1379256614,67104647
1379256614,67104649
1379256614,67104650
1379256614,67104651
1379256614,67104654
1379256614,67104655
1379256614,67104656
1379256614,67104657
1379256614,67104658
1379256614,67104659
1379256614,67104660
1379256614,67104661
1379256614,67104662
1379256614,67104663
1379256614,67104664
1379256614,67104665
1379256614,67104666
1379256614,67104669
1379256614,67104902
15171822754,67104311
15171822754,67104638
15171822754,67104671
15171822754,67107185
15171822754,67107186
15171822754,67107187
15171822754,67107188
15171822754,67107189
28964388894,67104030
28964388894,67104031
28964388894,67104032
28964388894,67104033
28964388894,67104034
28964388894,67104035
28964388894,67104036
28964388894,67104037
28964388894,67104038
28964388894,67104039
28964388894,67104040
28964388894,67104041
28964388894,67104042
28964388894,67104043
28964388894,67104044
28964388894,67104045
28964388894,67104046
28964388894,67104047
28964388894,67104048
28964388894,67104049
28964388894,67104050
28964388894,67104051
28964388894,67104052
28964388894,67104053
28964388894,67104054
28964388894,67104055
28964388894,67104056
28964388894,67104057
28964388894,67104058
28964388894,67104059
28964388894,67104060
28964388894,67104061
28964388894,67104062
28964388894,67104063
28964388894,67104064
28964388894,67104065
28964388894,67104066
28964388894,67104067
28964388894,67104068
28964388894,67104069
28964388894,67104070
28964388894,67104071
28964388894,67104072
28964388894,67104073
28964388894,67104074
28964388894,67104075
28964388894,67104076
28964388894,67104077
28964388894,67104078
28964388894,67104080
28964388894,67104081
28964388894,67104082
28964388894,67104083
28964388894,67104084
28964388894,67104085
28964388894,67104086
28964388894,67104087
28964388894,67104088
28964388894,67104090
28964388894,67104091
28964388894,67104092
28964388894,67104093
28964388894,67104094
28964388894,67104095
28964388894,67104096
28964388894,67104097
28964388894,67104098
28964388894,67104099
28964388894,67104100
28964388894,67104101
28964388894,67104102
28964388894,67104103
28964388894,67104104
28964388894,67104105
28964388894,67104106
28964388894,67104107
28964388894,67104108
28964388894,67104109
28964388894,67104110
28964388894,67104111
28964388894,67104112
28964388894,67104113
28964388894,67104114
28964388894,67104115
28964388894,67104116
28964388894,67104117
28964388894,67104118
28964388894,67104119
28964388894,67104120
28964388894,67104121
28964388894,67104122
28964388894,67104123
28964388894,67104124
28964388894,67104125
28964388894,67104126
28964388894,67104127
28964388894,67104128
28964388894,67104129
28964388894,67104130
28964388894,67104131
28964388894,67104132
28964388894,67104133
28964388894,67104134
28964388894,67104135
28964388894,67104136
28964388894,67104137
28964388894,67104138
28964388894,67104139
28964388894,67104140
28964388894,67104141
28964388894,67104142
28964388894,67104143
28964388894,67104144
28964388894,67104145
28964388894,67104147
28964388894,67104148
28964388894,67104149
28964388894,67104150
28964388894,67104151
28964388894,67104152
28964388894,67104153
28964388894,67104154
28964388894,67104155
28964388894,67106714
28964388894,67106720
42756955034,131252
42756955034,131257
42756955034,67104079
42756955034,67104089
42756955034,67104159
42756955034,67104160
42756955034,67104161
42756955034,67104162
42756955034,67104163
42756955034,67104165
42756955034,67104167
42756955034,67107061
42756955034,67107062
42756955034,67107070
42756955034,67107192
42756955034,67107195
42756955034,67107197
42756955034,67107205
42756955034,67107216
42756955034,67107222
42756955034,67107225
42756955034,67107234
42756955034,67107242
42756955034,67107255
42756955034,67107260
42756955034,67107263
42756955034,67107274
42756955034,67107276
42756955034,67107291
42756955034,67107295
42756955034,67107298
42756955034,67107309
42756955034,67107310
42756955034,67107314
42756955034,67107319
42756955034,67107335
42756955034,67107342
42756955034,67107365
42756955034,67107369
42756955034,67107401
42756955034,67107414
42756955034,67107417
42756955034,67107422
42756955034,67107434
42756955034,67107441
42756955034,67107445
42756955034,67107450
42756955034,67107457
42756955034,67107464
42756955034,67107465
42756955034,67107481
42756955034,67107511
42756955034,67107535
42756955034,67107542
42756955034,67107556
42756955034,67107564
42756955034,67107579
42756955034,67107593
42756955034,67107597
42756955034,67107602
42756955034,67107606
42756955034,67107619
42756955034,67107620
42756955034,67107622
42756955034,67107626
42756955034,67107630
42756955034,67107635
42756955034,67107639
42756955034,67107646
42756955034,67107647
42756955034,67107648
42756955034,67107652
42756955034,67107653
42756955034,67107656
42756955034,67107658
42756955034,67107666
42756955034,67107667
42756955034,67107669
42756955034,67107684
42756955034,67107688
42756955034,67107691
42756955034,67107694
42756955034,67107697
42756955034,67107699
42756955034,67107700
42756955034,67107702
42756955034,67107709
42756955034,67107710
42756955034,67107715
42756955034,67107740
42756955034,67107743
42756955034,67107757
42756955034,67107764
42756955034,67107792
42756955034,67107802
42756955034,67107821
42756955034,67107844
42756955034,67107845
42756955034,67107860
42756955034,67107866
42756955034,67107869
42756955034,67107893
42756955034,67107894
42756955034,67107915
42756955034,67107920
42756955034,67107930
42756955034,67107945
42756955034,67107949
42756955034,67107986
42756955034,67107996
42756955034,67108001
42756955034,67108011
42756955034,67108034
42756955034,67108054
42756955034,67108075
42756955034,67108126
42756955034,67108145
42756955034,67108148
42756955034,67108158
42756955034,67108225
42756955034,67108300
42756955034,67108668
42756955034,67108669
42756955034,67108670
42756955034,67108671
42756955034,67108672
42756955034,67108674
42756955034,67108676
56549521174,67104302
56549521174,67105630
56549521174,67105639
56549521174,67105655
56549521174,67105656
56549521174,67105669
56549521174,67105671
56549521174,67105677
56549521174,67105683
56549521174,67105684
56549521174,67105689
56549521174,67105693
56549521174,67105700
56549521174,67105701
56549521174,67105703
56549521174,67105707
56549521174,67105708
56549521174,67105711
56549521174,67105712
56549521174,67105714
56549521174,67105719
56549521174,67105726
56549521174,67105728
56549521174,67105730
56549521174,67105733
56549521174,67105735
56549521174,67105740
56549521174,67105743
56549521174,67105745
56549521174,67105747
56549521174,67105750
56549521174,67105751
56549521174,67105754
56549521174,67105755
56549521174,67105759
56549521174,67105760
56549521174,67105762
56549521174,67105764
56549521174,67105765
56549521174,67105766
56549521174,67105767
56549521174,67105774
56549521174,67105775
56549521174,67105778
56549521174,67105779
56549521174,67105783
56549521174,67105785
56549521174,67105787
56549521174,67105789
56549521174,67105790
56549521174,67105792
56549521174,67105793
56549521174,67105794
56549521174,67105797
56549521174,67105801
56549521174,67105803
56549521174,67105804
56549521174,67105806
56549521174,67105807
56549521174,67105808
56549521174,67105810
56549521174,67105811
56549521174,67105813
56549521174,67105814
56549521174,67105815
56549521174,67105816
56549521174,67105817
56549521174,67105818
56549521174,67105823
56549521174,67105827
56549521174,67105828
56549521174,67105830
56549521174,67105835
56549521174,67105836
56549521174,67105837
56549521174,67105838
56549521174,67105840
56549521174,67105841
56549521174,67105843
56549521174,67105844
56549521174,67105846
56549521174,67105847
56549521174,67105848
56549521174,67105850
56549521174,67105851
56549521174,67105852
56549521174,67105853
56549521174,67105854
56549521174,67105856
56549521174,67105857
56549521174,67105858
56549521174,67105859
56549521174,67105860
56549521174,67105863
56549521174,67105866
56549521174,67105867
56549521174,67105868
56549521174,67105870
56549521174,67105871
56549521174,67105872
56549521174,67105874
56549521174,67105875
56549521174,67105876
56549521174,67105877
56549521174,67105878
56549521174,67105879
56549521174,67105883
56549521174,67105884
56549521174,67105885
56549521174,67105886
56549521174,67105889
56549521174,67105890
56549521174,67105892
56549521174,67105893
56549521174,67105894
56549521174,67105895
56549521174,67105899
56549521174,67105900
56549521174,67105901
56549521174,67105902
56549521174,67105904
56549521174,67105906
56549521174,67105907
56549521174,67105908
56549521174,67105909
56549521174,67105910
56549521174,67105912
56549521174,67105913
70342087314,131251
70342087314,131258
70342087314,131259
70342087314,131260
70342087314,67104164
70342087314,67104166
70342087314,67104168
70342087314,67104169
70342087314,67104170
70342087314,67104171
70342087314,67104172
70342087314,67104213
70342087314,67104421
70342087314,67107705
70342087314,67107719
70342087314,67107729
70342087314,67107734
70342087314,67107737
70342087314,67107753
70342087314,67107758
70342087314,67107761
70342087314,67107762
70342087314,67107766
70342087314,67107768
70342087314,67107769
70342087314,67107772
70342087314,67107775
70342087314,67107776
70342087314,67107777
70342087314,67107778
70342087314,67107779
70342087314,67107786
70342087314,67107790
70342087314,67107791
70342087314,67107793
70342087314,67107794
70342087314,67107797
70342087314,67107807
70342087314,67107813
70342087314,67107815
70342087314,67107816
70342087314,67107819
70342087314,67107824
70342087314,67107827
70342087314,67107833
70342087314,67107846
70342087314,67107871
70342087314,67107877
70342087314,67107895
70342087314,67107912
70342087314,67107940
70342087314,67107941
70342087314,67107942
70342087314,67107989
70342087314,67107990
70342087314,67107992
70342087314,67108007
70342087314,67108020
70342087314,67108021
70342087314,67108030
70342087314,67108035
70342087314,67108040
70342087314,67108041
70342087314,67108048
70342087314,67108050
70342087314,67108063
70342087314,67108073
70342087314,67108079
70342087314,67108083
70342087314,67108090
70342087314,67108110
70342087314,67108111
70342087314,67108132
70342087314,67108149
70342087314,67108152
70342087314,67108153
70342087314,67108165
70342087314,67108198
70342087314,67108201
70342087314,67108205
70342087314,67108213
70342087314,67108219
70342087314,67108229
70342087314,67108233
70342087314,67108236
70342087314,67108238
70342087314,67108254
70342087314,67108255
70342087314,67108256
70342087314,67108259
70342087314,67108269
70342087314,67108287
70342087314,67108312
70342087314,67108315
70342087314,67108319
70342087314,67108320
70342087314,67108327
70342087314,67108328
70342087314,67108331
70342087314,67108333
70342087314,67108342
70342087314,67108353
70342087314,67108355
70342087314,67108356
70342087314,67108358
70342087314,67108363
70342087314,67108365
70342087314,67108367
70342087314,67108370
70342087314,67108372
70342087314,67108374
70342087314,67108380
70342087314,67108409
70342087314,67108417
70342087314,67108419
70342087314,67108426
70342087314,67108431
70342087314,67108450
70342087314,67108457
70342087314,67108533
70342087314,67108673
70342087314,67108675
70342087314,67108677
70342087314,67108678
70342087314,67108679
70342087314,67108680
70342087314,67108681
70342087314,67108722
84134653454,131254
84134653454,67104952
84134653454,67104968
84134653454,67104979
84134653454,67105067
84134653454,67105090
84134653454,67105117
84134653454,67105119
84134653454,67105132
84134653454,67105144
84134653454,67105157
84134653454,67105173
84134653454,67105224
84134653454,67105250
84134653454,67105253
84134653454,67105267
84134653454,67105277
84134653454,67105313
84134653454,67105340
84134653454,67105356
84134653454,67105362
84134653454,67105403
84134653454,67105418
84134653454,67105420
84134653454,67105440
84134653454,67105442
84134653454,67105456
84134653454,67105457
84134653454,67105468
84134653454,67105469
84134653454,67105495
84134653454,67105505
84134653454,67105520
84134653454,67105524
84134653454,67105533
84134653454,67105580
84134653454,67105591
84134653454,67105599
84134653454,67105603
84134653454,67105604
84134653454,67105607
84134653454,67105611
84134653454,67105612
84134653454,67105614
84134653454,67105615
84134653454,67105616
84134653454,67105617
84134653454,67105618
84134653454,67105620
84134653454,67105622
84134653454,67105624
84134653454,67105629
84134653454,67105637
84134653454,67105642
84134653454,67105661
84134653454,67105662
84134653454,67105670
84134653454,67105672
84134653454,67105691
84134653454,67105696
84134653454,67105724
84134653454,67105731
84134653454,67105734
84134653454,67105739
84134653454,67105742
84134653454,67105744
84134653454,67105746
84134653454,67105749
84134653454,67105761
84134653454,67105768
84134653454,67105791
84134653454,67105795
84134653454,67105829
84134653454,67105831
84134653454,67105842
84134653454,67105869
84134653454,67105898
84134653454,67105924
84134653454,67105925
84134653454,67105938
84134653454,67105942
84134653454,67105945
84134653454,67105951
84134653454,67105954
84134653454,67105959
84134653454,67105961
84134653454,67105962
84134653454,67105963
84134653454,67105965
84134653454,67105968
84134653454,67105969
84134653454,67105977
84134653454,67105978
84134653454,67105985
84134653454,67105989
84134653454,67105991
84134653454,67105993
84134653454,67105995
84134653454,67105997
84134653454,67105998
84134653454,67106001
84134653454,67106002
84134653454,67106005
84134653454,67106006
84134653454,67106015
84134653454,67106017
84134653454,67106018
84134653454,67106020
84134653454,67106021
84134653454,67106022
84134653454,67106023
84134653454,67106027
84134653454,67106030
84134653454,67106031
84134653454,67106033
84134653454,67106034
84134653454,67106038
84134653454,67106039
84134653454,67106040
84134653454,67106044
84134653454,67106045
84134653454,67106051
84134653454,67106052
84134653454,67106056
84134653454,67106783
84134653454,67106881
84134653454,67108665
97927219594,67104288
97927219594,67104997
97927219594,67105023
97927219594,67105025
97927219594,67105030
97927219594,67105034
97927219594,67105035
97927219594,67105036
97927219594,67105039
97927219594,67105045
97927219594,67105049
97927219594,67105052
97927219594,67105053
97927219594,67105061
97927219594,67105062
97927219594,67105063
97927219594,67105064
97927219594,67105065
97927219594,67105066
97927219594,67105069
97927219594,67105070
97927219594,67105075
97927219594,67105078
97927219594,67105079
97927219594,67105080
