902036450,67100679
902036450,67100680
902036450,67100681
902036450,67100682
902036450,67100683
902036450,67100684
902036450,67100685
902036450,67100686
902036450,67100687
902036450,67100688
902036450,67100689
902036450,67100690
902036450,67100691
902036450,67100693
902036450,67100694
902036450,67100695
902036450,67100696
902036450,67100697
902036450,67100699
902036450,67100700
902036450,67100701
902036450,67100704
902036450,67100705
902036450,67100708
902036450,67100710
902036450,67100711
902036450,67100713
902036450,67100714
902036450,67100716
902036450,67100717
902036450,67100720
902036450,67100723
902036450,67100726
902036450,67100728
902036450,67100735
902036450,67100736
902036450,67100738
902036450,67100747
902036450,67100767
902036450,67100773
902036450,67100782
902036450,67100828
902036450,67100829
902036450,67100831
902036450,67100841
902036450,67100853
902036450,67100855
902036450,67100856
902036450,67100861
902036450,67100868
902036450,67100870
902036450,67100871
902036450,67100872
902036450,67100874
902036450,67100890
902036450,67100894
902036450,67100898
902036450,67100899
902036450,67100900
902036450,67100901
902036450,67100903
902036450,67100908
902036450,67100910
902036450,67100912
902036450,67100918
902036450,67100921
902036450,67100934
902036450,67100935
902036450,67100937
902036450,67100938
902036450,67100941
902036450,67100944
902036450,67100945
902036450,67100946
902036450,67100947
902036450,67100948
902036450,67100949
902036450,67100950
902036450,67100951
902036450,67100953
902036450,67100954
902036450,67100955
902036450,67100958
902036450,67100959
902036450,67100964
902036450,67100965
902036450,67100966
902036450,67100967
902036450,67100969
902036450,67100970
902036450,67100971
902036450,67100972
902036450,67100973
902036450,67100974
902036450,67100975
902036450,67100976
902036450,67100977
902036450,67100978
902036450,67100987
902036450,67100990
902036450,67100991
902036450,67100992
902036450,67100993
902036450,67100994
902036450,67100998
902036450,67101000
902036450,67101002
902036450,67101003
902036450,67101006
902036450,67101012
902036450,67101016
902036450,67101018
902036450,67101020
902036450,67101021
902036450,67101022
902036450,67101023
902036450,67101024
902036450,67101025
902036450,67101027
902036450,67101028
902036450,67101029
902036450,67101030
902036450,67101031
902036450,67101037
902036450,67101039
902036450,67101040
902036450,67101041
902036450,67101200
9922400950,131245
9922400950,131246
9922400950,67100692
9922400950,67100698
9922400950,67100702
9922400950,67100706
9922400950,67100707
9922400950,67100709
9922400950,67100712
9922400950,67100715
9922400950,67100718
9922400950,67100719
9922400950,67100721
9922400950,67100722
9922400950,67100727
9922400950,67100731
9922400950,67100733
9922400950,67100734
9922400950,67100737
9922400950,67100742
9922400950,67100743
9922400950,67100745
9922400950,67100746
9922400950,67100748
9922400950,67100765
9922400950,67100766
9922400950,67100771
9922400950,67100785
9922400950,67100786
9922400950,67100787
9922400950,67100794
9922400950,67100795
9922400950,67100796
9922400950,67100799
9922400950,67100800
9922400950,67100804
9922400950,67100805
9922400950,67100808
9922400950,67100809
9922400950,67100810
9922400950,67100813
9922400950,67100815
9922400950,67100818
9922400950,67100820
9922400950,67100821
9922400950,67100822
9922400950,67100824
9922400950,67100825
9922400950,67100826
9922400950,67100834
9922400950,67100840
9922400950,67100846
9922400950,67100847
9922400950,67100848
9922400950,67100862
9922400950,67100864
9922400950,67100865
9922400950,67100866
9922400950,67100867
9922400950,67100869
9922400950,67100873
9922400950,67100875
9922400950,67100877
9922400950,67100878
9922400950,67100879
9922400950,67100880
9922400950,67100881
9922400950,67100882
9922400950,67100883
9922400950,67100885
9922400950,67100886
9922400950,67100887
9922400950,67100888
9922400950,67100891
9922400950,67100892
9922400950,67100893
9922400950,67100895
9922400950,67100897
9922400950,67100902
9922400950,67100905
9922400950,67100907
9922400950,67100909
9922400950,67100911
9922400950,67100913
9922400950,67100916
9922400950,67100917
9922400950,67100919
9922400950,67100920
9922400950,67100924
9922400950,67100925
9922400950,67100926
9922400950,67100927
9922400950,67100928
9922400950,67100929
9922400950,67100932
9922400950,67100936
9922400950,67100939
9922400950,67100940
9922400950,67100942
9922400950,67100943
9922400950,67100957
9922400950,67100963
9922400950,67100968
9922400950,67100980
9922400950,67100981
9922400950,67100983
9922400950,67100986
9922400950,67100988
9922400950,67100996
9922400950,67100999
9922400950,67101004
9922400950,67101005
9922400950,67101007
9922400950,67101008
9922400950,67101009
9922400950,67101010
9922400950,67101011
9922400950,67101013
9922400950,67101014
9922400950,67101017
9922400950,67101019
9922400950,67101026
9922400950,67101034
9922400950,67101035
9922400950,67101036
9922400950,67101038
9922400950,67102757
9922400950,67102758
18942765450,67099227
18942765450,67099590
18942765450,67099992
18942765450,67100317
18942765450,67100703
18942765450,67100724
18942765450,67100725
18942765450,67100729
18942765450,67100730
18942765450,67100732
18942765450,67100739
18942765450,67100740
18942765450,67100741
18942765450,67100744
18942765450,67100749
18942765450,67100750
18942765450,67100751
18942765450,67100752
18942765450,67100753
18942765450,67100754
18942765450,67100755
18942765450,67100756
18942765450,67100757
18942765450,67100758
18942765450,67100759
18942765450,67100760
18942765450,67100761
18942765450,67100762
18942765450,67100763
18942765450,67100764
18942765450,67100768
18942765450,67100769
18942765450,67100770
18942765450,67100772
18942765450,67100774
18942765450,67100775
18942765450,67100776
18942765450,67100777
18942765450,67100778
18942765450,67100779
18942765450,67100780
18942765450,67100781
18942765450,67100783
18942765450,67100784
18942765450,67100788
18942765450,67100789
18942765450,67100790
18942765450,67100791
18942765450,67100792
18942765450,67100793
18942765450,67100797
18942765450,67100798
18942765450,67100801
18942765450,67100802
18942765450,67100803
18942765450,67100806
18942765450,67100807
18942765450,67100811
18942765450,67100812
18942765450,67100814
18942765450,67100816
18942765450,67100817
18942765450,67100819
18942765450,67100823
18942765450,67100827
18942765450,67100830
18942765450,67100832
18942765450,67100833
18942765450,67100835
18942765450,67100836
18942765450,67100837
18942765450,67100838
18942765450,67100839
18942765450,67100842
18942765450,67100843
18942765450,67100844
18942765450,67100845
18942765450,67100849
18942765450,67100850
18942765450,67100851
18942765450,67100852
18942765450,67100854
18942765450,67100857
18942765450,67100858
18942765450,67100859
18942765450,67100860
18942765450,67100863
18942765450,67100876
18942765450,67100884
18942765450,67100889
18942765450,67100896
18942765450,67100904
18942765450,67100906
18942765450,67100914
18942765450,67100915
18942765450,67100922
18942765450,67100923
18942765450,67100930
18942765450,67100931
18942765450,67100933
18942765450,67100952
18942765450,67100956
18942765450,67100960
18942765450,67100961
18942765450,67100962
18942765450,67100979
18942765450,67100982
18942765450,67100984
18942765450,67100985
18942765450,67100989
18942765450,67100995
18942765450,67100997
18942765450,67101001
18942765450,67101015
18942765450,67101032
18942765450,67101033
18942765450,67104296
18942765450,67104297
18942765450,67108433
27963129950,67099233
27963129950,67099596
27963129950,67100016
27963129950,67100323
27963129950,67105796
27963129950,67105797
27963129950,67105798
27963129950,67105799
27963129950,67105800
27963129950,67108439
36983494450,67099262
36983494450,67099625
36983494450,67100046
36983494450,67100352
36983494450,67107241
36983494450,67107242
36983494450,67107243
36983494450,67107244
36983494450,67107245
36983494450,67108467
46003858950,67099504
46003858950,67099505
46003858950,67099867
46003858950,67099868
46003858950,67100082
46003858950,67100594
46003858950,67100595
46003858950,67108273
46003858950,67108274
46003858950,67108275
46003858950,67108276
46003858950,67108709
46003858950,67108710
46003858950,67108711
55024223450,67099228
55024223450,67099229
55024223450,67099230
55024223450,67099231
55024223450,67099234
55024223450,67099235
55024223450,67099236
55024223450,67099237
55024223450,67099238
55024223450,67099239
55024223450,67099240
55024223450,67099241
55024223450,67099242
55024223450,67099243
55024223450,67099244
55024223450,67099245
55024223450,67099246
55024223450,67099247
55024223450,67099248
55024223450,67099252
55024223450,67099254
55024223450,67099256
55024223450,67099257
55024223450,67099263
55024223450,67099264
55024223450,67099265
55024223450,67099266
55024223450,67099267
55024223450,67099268
55024223450,67099275
55024223450,67099277
55024223450,67099285
55024223450,67099288
55024223450,67099289
55024223450,67099292
55024223450,67099293
55024223450,67099294
55024223450,67099299
55024223450,67099306
55024223450,67099307
55024223450,67099308
55024223450,67099310
55024223450,67099312
55024223450,67099314
55024223450,67099316
55024223450,67099317
55024223450,67099318
55024223450,67099319
55024223450,67099322
55024223450,67099325
55024223450,67099326
55024223450,67099328
55024223450,67099330
55024223450,67099331
55024223450,67099334
55024223450,67099335
55024223450,67099336
55024223450,67099339
55024223450,67099343
55024223450,67099344
55024223450,67099345
55024223450,67099346
55024223450,67099347
55024223450,67099348
55024223450,67099349
55024223450,67099351
55024223450,67099352
55024223450,67099353
55024223450,67099355
55024223450,67099356
55024223450,67099357
55024223450,67099358
55024223450,67099359
55024223450,67099360
55024223450,67099361
55024223450,67099362
55024223450,67099363
55024223450,67099364
55024223450,67099365
55024223450,67099366
55024223450,67099368
55024223450,67099369
55024223450,67099371
55024223450,67099372
55024223450,67099373
55024223450,67099374
55024223450,67099375
55024223450,67099376
55024223450,67099377
55024223450,67099380
55024223450,67099381
55024223450,67099382
55024223450,67099383
55024223450,67099384
55024223450,67099385
55024223450,67099386
55024223450,67099387
55024223450,67099388
55024223450,67099389
55024223450,67099390
55024223450,67099391
55024223450,67099392
55024223450,67099393
55024223450,67099394
55024223450,67099395
55024223450,67099396
55024223450,67099397
55024223450,67099398
55024223450,67099399
55024223450,67099400
55024223450,67099401
55024223450,67099402
55024223450,67099403
55024223450,67099404
55024223450,67099408
55024223450,67099437
55024223450,67099455
55024223450,67099475
55024223450,67099517
55024223450,67099551
55024223450,67099557
55024223450,67099558
55024223450,67099572
55024223450,67099573
55024223450,67099575
55024223450,67099576
55024223450,67099585
55024223450,67101395
64044587950,131242
64044587950,131243
64044587950,67099249
64044587950,67099251
64044587950,67099253
64044587950,67099255
64044587950,67099269
64044587950,67099270
64044587950,67099272
64044587950,67099273
64044587950,67099274
64044587950,67099276
64044587950,67099278
64044587950,67099279
64044587950,67099280
64044587950,67099281
64044587950,67099282
64044587950,67099283
64044587950,67099284
64044587950,67099286
64044587950,67099287
64044587950,67099290
64044587950,67099291
64044587950,67099295
64044587950,67099296
64044587950,67099311
64044587950,67099313
64044587950,67099333
64044587950,67099341
64044587950,67099342
64044587950,67099370
64044587950,67099405
64044587950,67099407
64044587950,67099410
64044587950,67099418
64044587950,67099419
64044587950,67099420
64044587950,67099425
64044587950,67099426
64044587950,67099427
64044587950,67099428
64044587950,67099430
64044587950,67099432
64044587950,67099433
64044587950,67099434
64044587950,67099435
64044587950,67099436
64044587950,67099439
64044587950,67099440
64044587950,67099442
64044587950,67099443
64044587950,67099444
64044587950,67099447
64044587950,67099449
64044587950,67099452
64044587950,67099454
64044587950,67099456
64044587950,67099457
64044587950,67099458
64044587950,67099459
64044587950,67099461
64044587950,67099463
64044587950,67099464
64044587950,67099469
64044587950,67099473
64044587950,67099479
64044587950,67099482
64044587950,67099507
64044587950,67099509
64044587950,67099510
64044587950,67099512
64044587950,67099518
64044587950,67099522
64044587950,67099525
64044587950,67099528
64044587950,67099531
64044587950,67099532
64044587950,67099533
64044587950,67099535
64044587950,67099536
64044587950,67099537
64044587950,67099538
64044587950,67099539
64044587950,67099542
64044587950,67099543
64044587950,67099548
64044587950,67099552
64044587950,67099553
64044587950,67099554
64044587950,67099555
64044587950,67099560
64044587950,67099564
64044587950,67099565
64044587950,67099582
64044587950,67099586
64044587950,67099587
64044587950,67099591
64044587950,67099660
64044587950,67099666
64044587950,67104531
64044587950,67104533
64044587950,67104536
64044587950,67104542
64044587950,67104544
64044587950,67104545
64044587950,67104546
64044587950,67104550
64044587950,67104551
64044587950,67104553
64044587950,67104558
64044587950,67104562
64044587950,67104572
64044587950,67104573
64044587950,67104586
64044587950,67104588
64044587950,67104592
64044587950,67104593
64044587950,67104594
64044587950,67104597
64044587950,67104602
64044587950,67104609
64044587950,67107895
64044587950,67108434
64044587950,67108502
64044587950,67108504
64044587950,67108509
73064952450,131244
73064952450,131260
73064952450,131261
73064952450,67099250
73064952450,67099271
73064952450,67099302
73064952450,67099315
73064952450,67099320
73064952450,67099321
73064952450,67099323
73064952450,67099324
73064952450,67099327
73064952450,67099340
73064952450,67099350
73064952450,67099406
73064952450,67099409
73064952450,67099411
73064952450,67099412
73064952450,67099413
73064952450,67099414
73064952450,67099416
73064952450,67099417
73064952450,67099421
73064952450,67099422
73064952450,67099423
73064952450,67099429
73064952450,67099431
73064952450,67099438
73064952450,67099441
73064952450,67099445
73064952450,67099446
73064952450,67099448
73064952450,67099450
73064952450,67099451
73064952450,67099453
73064952450,67099460
73064952450,67099466
73064952450,67099468
73064952450,67099470
73064952450,67099472
73064952450,67099474
73064952450,67099476
73064952450,67099477
73064952450,67099478
73064952450,67099480
73064952450,67099481
73064952450,67099483
73064952450,67099484
73064952450,67099511
73064952450,67099513
73064952450,67099514
73064952450,67099515
73064952450,67099516
73064952450,67099519
73064952450,67099521
73064952450,67099523
73064952450,67099526
73064952450,67099527
73064952450,67099529
73064952450,67099530
73064952450,67099540
73064952450,67099546
73064952450,67099547
73064952450,67099550
73064952450,67099559
73064952450,67099561
73064952450,67099562
73064952450,67099563
73064952450,67099566
73064952450,67099567
73064952450,67099569
73064952450,67099570
73064952450,67099571
73064952450,67099574
73064952450,67099577
73064952450,67099578
73064952450,67099584
73064952450,67099588
73064952450,67099599
73064952450,67099609
73064952450,67103559
73064952450,67103567
73064952450,67103594
73064952450,67103624
73064952450,67103628
73064952450,67103629
73064952450,67103669
73064952450,67103671
73064952450,67103687
73064952450,67108441
73064952450,67108442
73064952450,67108452
