732856447,67104566
732856447,67104567
732856447,67104568
732856447,67104569
732856447,67104570
732856447,67104787
8061420917,131252
8061420917,67104068
8061420917,67104197
8061420917,67104303
8061420917,67104455
8061420917,67104584
8061420917,67104633
8061420917,67104641
8061420917,67104671
8061420917,67105934
8061420917,67105935
8061420917,67105936
8061420917,67108706
15389985387,67104105
15389985387,67104234
15389985387,67104310
15389985387,67104492
15389985387,67107079
15389985387,67107080
15389985387,67107081
15389985387,67107082
15389985387,67107083
15389985387,67108742
15389985387,67108743
22718549857,67104142
22718549857,67104271
22718549857,67104315
22718549857,67104529
22718549857,67108225
22718549857,67108226
22718549857,67108227
22718549857,67108228
22718549857,67108229
22718549857,67108779
30047114327,67104028
30047114327,67104029
30047114327,67104031
30047114327,67104032
30047114327,67104033
30047114327,67104034
30047114327,67104035
30047114327,67104037
30047114327,67104038
30047114327,67104039
30047114327,67104042
30047114327,67104044
30047114327,67104046
30047114327,67104047
30047114327,67104048
30047114327,67104050
30047114327,67104051
30047114327,67104052
30047114327,67104053
30047114327,67104056
30047114327,67104060
30047114327,67104061
30047114327,67104062
30047114327,67104063
30047114327,67104071
30047114327,67104073
30047114327,67104076
30047114327,67104077
30047114327,67104080
30047114327,67104082
30047114327,67104083
30047114327,67104084
30047114327,67104085
30047114327,67104114
30047114327,67104118
30047114327,67104120
30047114327,67104131
30047114327,67104133
30047114327,67104134
30047114327,67104135
30047114327,67104136
30047114327,67104137
30047114327,67104143
30047114327,67104144
30047114327,67104145
30047114327,67104146
30047114327,67104147
30047114327,67104148
30047114327,67104149
30047114327,67104150
30047114327,67104151
30047114327,67104152
30047114327,67104153
30047114327,67104154
30047114327,67104155
