732856447,67104566
732856447,67104567
732856447,67104568
732856447,67104569
732856447,67104570
732856447,67104787
8061420917,131252
8061420917,67104068
8061420917,67104197
8061420917,67104303
8061420917,67104455
8061420917,67104584
8061420917,67104633
8061420917,67104641
8061420917,67104671
8061420917,67105934
8061420917,67105935
8061420917,67105936
8061420917,67108706
15389985387,67104105
15389985387,67104234
15389985387,67104310
15389985387,67104492
15389985387,67107079
15389985387,67107080
15389985387,67107081
15389985387,67107082
15389985387,67107083
15389985387,67108742
15389985387,67108743
22718549857,67104142
22718549857,67104271
22718549857,67104315
22718549857,67104529
22718549857,67108225
22718549857,67108226
22718549857,67108227
22718549857,67108228
22718549857,67108229
22718549857,67108779
30047114327,67104028
30047114327,67104029
30047114327,67104030
30047114327,67104031
30047114327,67104032
30047114327,67104033
30047114327,67104034
30047114327,67104035
30047114327,67104036
30047114327,67104037
30047114327,67104038
30047114327,67104039
30047114327,67104040
30047114327,67104041
30047114327,67104042
30047114327,67104043
30047114327,67104044
30047114327,67104045
30047114327,67104046
30047114327,67104047
30047114327,67104048
30047114327,67104049
30047114327,67104050
30047114327,67104051
30047114327,67104052
30047114327,67104053
30047114327,67104054
30047114327,67104055
30047114327,67104056
30047114327,67104057
30047114327,67104058
30047114327,67104059
30047114327,67104060
30047114327,67104061
30047114327,67104062
30047114327,67104063
30047114327,67104064
30047114327,67104069
30047114327,67104070
30047114327,67104071
30047114327,67104072
30047114327,67104073
30047114327,67104074
30047114327,67104075
30047114327,67104076
30047114327,67104077
30047114327,67104078
30047114327,67104079
30047114327,67104080
30047114327,67104081
30047114327,67104082
30047114327,67104083
30047114327,67104084
30047114327,67104085
30047114327,67104086
30047114327,67104087
30047114327,67104088
30047114327,67104089
30047114327,67104090
30047114327,67104091
30047114327,67104092
30047114327,67104093
30047114327,67104094
30047114327,67104095
30047114327,67104096
30047114327,67104097
30047114327,67104098
30047114327,67104099
30047114327,67104100
30047114327,67104106
30047114327,67104107
30047114327,67104108
30047114327,67104109
30047114327,67104110
30047114327,67104111
30047114327,67104112
30047114327,67104113
30047114327,67104114
30047114327,67104115
30047114327,67104116
30047114327,67104117
30047114327,67104118
30047114327,67104119
30047114327,67104120
30047114327,67104121
30047114327,67104122
30047114327,67104123
30047114327,67104124
30047114327,67104125
30047114327,67104126
30047114327,67104127
30047114327,67104128
30047114327,67104129
30047114327,67104130
30047114327,67104131
30047114327,67104132
30047114327,67104133
30047114327,67104134
30047114327,67104135
30047114327,67104136
30047114327,67104137
30047114327,67104143
30047114327,67104144
30047114327,67104145
30047114327,67104146
30047114327,67104147
30047114327,67104148
30047114327,67104149
30047114327,67104150
30047114327,67104151
30047114327,67104152
30047114327,67104153
30047114327,67104154
30047114327,67104155
30047114327,67104286
30047114327,67105947
37375678797,131251
37375678797,131254
37375678797,131259
37375678797,131260
37375678797,67104256
37375678797,67104709
37375678797,67104948
37375678797,67104968
37375678797,67105292
37375678797,67105385
37375678797,67105690
37375678797,67106189
37375678797,67106392
37375678797,67106409
37375678797,67106606
37375678797,67106675
37375678797,67107085
37375678797,67107185
37375678797,67107399
37375678797,67107608
37375678797,67107659
37375678797,67107771
37375678797,67107866
37375678797,67107946
37375678797,67108089
37375678797,67108230
37375678797,67108256
37375678797,67108380
37375678797,67108418
37375678797,67108473
37375678797,67108581
37375678797,67108594
37375678797,67108765
37375678797,67108786
