732856447,67104566
732856447,67104567
732856447,67104568
732856447,67104569
732856447,67104570
732856447,67104787
8061420917,131252
8061420917,67104068
8061420917,67104197
8061420917,67104303
8061420917,67104455
8061420917,67104584
8061420917,67104633
8061420917,67104641
8061420917,67104671
8061420917,67105934
8061420917,67105935
8061420917,67105936
8061420917,67108706
15389985387,67104105
15389985387,67104234
15389985387,67104310
15389985387,67104492
15389985387,67107079
15389985387,67107080
15389985387,67107081
15389985387,67107082
15389985387,67107083
15389985387,67108742
15389985387,67108743
22718549857,67104142
22718549857,67104271
22718549857,67104315
22718549857,67104529
22718549857,67108225
22718549857,67108226
22718549857,67108227
22718549857,67108228
22718549857,67108229
22718549857,67108779
30047114327,67104028
30047114327,67104029
30047114327,67104030
30047114327,67104031
30047114327,67104032
30047114327,67104033
30047114327,67104034
30047114327,67104035
30047114327,67104036
30047114327,67104037
30047114327,67104038
30047114327,67104039
30047114327,67104040
30047114327,67104041
30047114327,67104042
30047114327,67104043
30047114327,67104044
30047114327,67104045
30047114327,67104046
30047114327,67104047
30047114327,67104048
30047114327,67104049
30047114327,67104050
30047114327,67104051
30047114327,67104052
30047114327,67104053
30047114327,67104054
30047114327,67104055
30047114327,67104056
30047114327,67104057
30047114327,67104058
30047114327,67104059
30047114327,67104060
30047114327,67104061
30047114327,67104062
30047114327,67104063
30047114327,67104064
30047114327,67104069
30047114327,67104070
30047114327,67104071
30047114327,67104072
30047114327,67104073
30047114327,67104074
30047114327,67104075
30047114327,67104076
30047114327,67104077
30047114327,67104078
30047114327,67104079
30047114327,67104080
30047114327,67104081
30047114327,67104082
30047114327,67104083
30047114327,67104084
30047114327,67104085
30047114327,67104086
30047114327,67104087
30047114327,67104088
30047114327,67104089
30047114327,67104090
30047114327,67104091
30047114327,67104092
30047114327,67104093
30047114327,67104094
30047114327,67104095
30047114327,67104096
30047114327,67104097
30047114327,67104098
30047114327,67104099
30047114327,67104100
30047114327,67104106
30047114327,67104107
30047114327,67104108
30047114327,67104109
30047114327,67104110
30047114327,67104111
30047114327,67104112
30047114327,67104113
30047114327,67104114
30047114327,67104115
30047114327,67104116
30047114327,67104117
30047114327,67104118
30047114327,67104119
30047114327,67104120
30047114327,67104121
30047114327,67104122
30047114327,67104123
30047114327,67104124
30047114327,67104125
30047114327,67104126
30047114327,67104127
30047114327,67104128
30047114327,67104129
30047114327,67104130
30047114327,67104131
30047114327,67104132
30047114327,67104133
30047114327,67104134
30047114327,67104135
30047114327,67104136
30047114327,67104137
30047114327,67104143
30047114327,67104144
30047114327,67104145
30047114327,67104146
30047114327,67104147
30047114327,67104148
30047114327,67104149
30047114327,67104150
30047114327,67104151
30047114327,67104152
30047114327,67104153
30047114327,67104154
30047114327,67104155
30047114327,67104286
30047114327,67105947
37375678797,131251
37375678797,131254
37375678797,131259
37375678797,131260
37375678797,67104158
37375678797,67104166
37375678797,67104168
37375678797,67104184
37375678797,67104222
37375678797,67104235
37375678797,67104252
37375678797,67104256
37375678797,67104259
37375678797,67104272
37375678797,67104709
37375678797,67104750
37375678797,67104794
37375678797,67104797
37375678797,67104809
37375678797,67104925
37375678797,67104948
37375678797,67104963
37375678797,67104968
37375678797,67104982
37375678797,67105019
37375678797,67105039
37375678797,67105050
37375678797,67105072
37375678797,67105084
37375678797,67105111
37375678797,67105135
37375678797,67105138
37375678797,67105148
37375678797,67105255
37375678797,67105292
37375678797,67105360
37375678797,67105361
37375678797,67105385
37375678797,67105405
37375678797,67105565
37375678797,67105598
37375678797,67105690
37375678797,67105701
37375678797,67105722
37375678797,67105732
37375678797,67105952
37375678797,67105992
37375678797,67106052
37375678797,67106189
37375678797,67106231
37375678797,67106269
37375678797,67106271
37375678797,67106317
37375678797,67106374
37375678797,67106392
37375678797,67106409
37375678797,67106417
37375678797,67106438
37375678797,67106497
37375678797,67106606
37375678797,67106613
37375678797,67106675
37375678797,67106723
37375678797,67106729
37375678797,67106734
37375678797,67106847
37375678797,67106855
37375678797,67106868
37375678797,67106943
37375678797,67107085
37375678797,67107109
37375678797,67107113
37375678797,67107123
37375678797,67107129
37375678797,67107136
37375678797,67107185
37375678797,67107200
37375678797,67107211
37375678797,67107297
37375678797,67107339
37375678797,67107383
37375678797,67107399
37375678797,67107440
37375678797,67107454
37375678797,67107467
37375678797,67107560
37375678797,67107603
37375678797,67107608
37375678797,67107644
37375678797,67107659
37375678797,67107672
37375678797,67107771
37375678797,67107777
37375678797,67107784
37375678797,67107787
37375678797,67107863
37375678797,67107866
37375678797,67107876
37375678797,67107896
37375678797,67107946
37375678797,67107983
37375678797,67108089
37375678797,67108108
37375678797,67108230
37375678797,67108256
37375678797,67108261
37375678797,67108380
37375678797,67108418
37375678797,67108421
37375678797,67108429
37375678797,67108457
37375678797,67108472
37375678797,67108473
37375678797,67108550
37375678797,67108567
37375678797,67108581
37375678797,67108594
37375678797,67108600
37375678797,67108667
37375678797,67108673
37375678797,67108675
37375678797,67108676
37375678797,67108731
37375678797,67108761
37375678797,67108765
37375678797,67108768
37375678797,67108786
44704243267,131257
44704243267,67104157
44704243267,67104159
44704243267,67104160
44704243267,67104161
44704243267,67104163
44704243267,67104164
44704243267,67104165
44704243267,67104167
44704243267,67104169
44704243267,67104170
44704243267,67104171
44704243267,67104173
44704243267,67104174
44704243267,67104175
44704243267,67104176
44704243267,67104177
44704243267,67104178
44704243267,67104179
44704243267,67104180
44704243267,67104181
44704243267,67104182
44704243267,67104183
44704243267,67104185
44704243267,67104186
44704243267,67104187
44704243267,67104188
44704243267,67104189
44704243267,67104191
44704243267,67104193
44704243267,67104198
44704243267,67104204
44704243267,67104206
44704243267,67104212
44704243267,67104219
44704243267,67104220
44704243267,67104226
44704243267,67104240
44704243267,67104241
44704243267,67104242
44704243267,67104244
44704243267,67104247
44704243267,67104248
44704243267,67104249
44704243267,67104250
44704243267,67104253
44704243267,67104257
44704243267,67104260
44704243267,67104263
44704243267,67104266
44704243267,67104273
44704243267,67104276
44704243267,67104916
44704243267,67105007
44704243267,67105064
44704243267,67105342
44704243267,67105382
44704243267,67105413
44704243267,67105418
44704243267,67105424
44704243267,67105447
44704243267,67105465
44704243267,67105469
44704243267,67105489
44704243267,67105525
44704243267,67105545
44704243267,67105579
44704243267,67105613
44704243267,67105624
44704243267,67105653
44704243267,67105660
44704243267,67105661
44704243267,67105679
44704243267,67105682
44704243267,67105689
44704243267,67105692
44704243267,67108666
44704243267,67108668
44704243267,67108669
44704243267,67108670
44704243267,67108672
44704243267,67108674
44704243267,67108677
44704243267,67108678
44704243267,67108679
44704243267,67108680
44704243267,67108681
44704243267,67108682
44704243267,67108683
44704243267,67108684
44704243267,67108685
44704243267,67108686
44704243267,67108687
44704243267,67108688
44704243267,67108689
44704243267,67108690
44704243267,67108691
44704243267,67108692
44704243267,67108693
44704243267,67108694
44704243267,67108695
44704243267,67108696
44704243267,67108697
44704243267,67108698
44704243267,67108701
44704243267,67108710
44704243267,67108712
44704243267,67108713
44704243267,67108715
44704243267,67108721
44704243267,67108728
44704243267,67108744
44704243267,67108749
44704243267,67108750
44704243267,67108752
44704243267,67108757
44704243267,67108758
44704243267,67108759
44704243267,67108762
44704243267,67108772
44704243267,67108780
44704243267,67108782
44704243267,67108785
52032807737,131253
52032807737,67104162
52032807737,67104294
52032807737,67104677
52032807737,67104679
52032807737,67104733
52032807737,67104763
52032807737,67104777
52032807737,67104778
52032807737,67104779
52032807737,67104780
52032807737,67104792
52032807737,67104793
52032807737,67104799
52032807737,67104805
52032807737,67104806
52032807737,67104810
52032807737,67104812
52032807737,67104819
52032807737,67104821
52032807737,67104822
52032807737,67104823
52032807737,67104824
52032807737,67104825
52032807737,67104826
52032807737,67104829
52032807737,67104834
52032807737,67104835
52032807737,67104836
52032807737,67104837
52032807737,67104838
52032807737,67104839
52032807737,67104841
52032807737,67104844
52032807737,67104845
52032807737,67104846
52032807737,67104847
52032807737,67104849
52032807737,67104850
52032807737,67104852
52032807737,67104853
52032807737,67104855
52032807737,67104859
52032807737,67104860
52032807737,67104864
52032807737,67104865
52032807737,67104870
52032807737,67104872
52032807737,67104874
52032807737,67104876
52032807737,67104877
52032807737,67104878
52032807737,67104879
52032807737,67104882
52032807737,67104883
52032807737,67104884
52032807737,67104886
52032807737,67104888
52032807737,67104889
52032807737,67104892
52032807737,67104893
52032807737,67104896
52032807737,67104898
52032807737,67104899
52032807737,67104900
52032807737,67104903
52032807737,67104904
52032807737,67104905
52032807737,67104906
52032807737,67104908
52032807737,67104909
52032807737,67104911
52032807737,67104912
52032807737,67104913
52032807737,67104918
52032807737,67104920
52032807737,67104923
52032807737,67104924
52032807737,67104927
52032807737,67104928
52032807737,67104929
52032807737,67104930
52032807737,67104931
52032807737,67104932
52032807737,67104933
52032807737,67104934
52032807737,67104937
52032807737,67104938
52032807737,67104939
52032807737,67104940
52032807737,67104941
52032807737,67104942
52032807737,67104943
52032807737,67104944
52032807737,67104945
52032807737,67104946
52032807737,67104947
52032807737,67104949
52032807737,67104950
52032807737,67104951
52032807737,67104952
52032807737,67104953
52032807737,67104954
52032807737,67104955
52032807737,67104956
52032807737,67104957
52032807737,67104958
52032807737,67104960
52032807737,67104961
52032807737,67104964
52032807737,67104965
52032807737,67104966
52032807737,67104969
52032807737,67104970
52032807737,67104971
52032807737,67104972
52032807737,67104973
52032807737,67104975
52032807737,67108561
52032807737,67108579
52032807737,67108591
52032807737,67108611
52032807737,67108619
52032807737,67108622
52032807737,67108630
52032807737,67108634
52032807737,67108661
52032807737,67108671
59361372207,131256
59361372207,67104201
59361372207,67104208
59361372207,67104211
59361372207,67104214
59361372207,67104215
59361372207,67104216
59361372207,67104217
59361372207,67104218
59361372207,67104221
59361372207,67104223
59361372207,67104224
59361372207,67104225
59361372207,67104227
59361372207,67104228
59361372207,67104229
59361372207,67104305
59361372207,67104415
59361372207,67106526
59361372207,67106571
59361372207,67106654
59361372207,67106717
59361372207,67106722
59361372207,67106742
59361372207,67106761
59361372207,67106764
59361372207,67106772
59361372207,67106774
59361372207,67106790
59361372207,67106792
59361372207,67106796
59361372207,67106797
59361372207,67106798
59361372207,67106799
59361372207,67106800
59361372207,67106805
59361372207,67106807
59361372207,67106816
59361372207,67106820
59361372207,67106856
59361372207,67106870
59361372207,67106871
59361372207,67106872
59361372207,67106875
59361372207,67106877
59361372207,67106880
59361372207,67106881
59361372207,67106882
59361372207,67106883
59361372207,67106885
59361372207,67106888
59361372207,67106890
59361372207,67106891
59361372207,67106893
59361372207,67106894
59361372207,67106897
59361372207,67106898
59361372207,67106899
59361372207,67106900
59361372207,67106904
59361372207,67106906
59361372207,67106907
59361372207,67106908
59361372207,67106913
59361372207,67106915
59361372207,67106916
59361372207,67106917
59361372207,67106918
59361372207,67106919
59361372207,67106921
59361372207,67106923
59361372207,67106924
59361372207,67106925
59361372207,67106927
59361372207,67106928
59361372207,67106929
59361372207,67106930
59361372207,67106931
59361372207,67106932
59361372207,67106935
59361372207,67106938
59361372207,67106939
59361372207,67106940
59361372207,67106941
59361372207,67106942
59361372207,67106944
59361372207,67106945
59361372207,67106949
59361372207,67106950
59361372207,67106951
59361372207,67106953
59361372207,67106954
59361372207,67106955
59361372207,67106956
59361372207,67106957
59361372207,67106959
59361372207,67106960
59361372207,67106961
59361372207,67106962
59361372207,67106963
59361372207,67106965
59361372207,67106966
59361372207,67106967
59361372207,67106969
59361372207,67106971
59361372207,67106976
59361372207,67108716
59361372207,67108718
59361372207,67108720
59361372207,67108722
59361372207,67108723
59361372207,67108724
59361372207,67108725
59361372207,67108726
59361372207,67108727
59361372207,67108729
59361372207,67108730
59361372207,67108732
59361372207,67108733
59361372207,67108734
59361372207,67108735
59361372207,67108736
59361372207,67108737
59361372207,67108738
66689936677,131255
66689936677,67104172
66689936677,67104190
66689936677,67104192
66689936677,67104199
66689936677,67104200
66689936677,67104202
66689936677,67104203
66689936677,67104205
66689936677,67104207
66689936677,67104209
66689936677,67104210
66689936677,67104213
66689936677,67104265
66689936677,67104274
66689936677,67104277
66689936677,67104279
66689936677,67104281
66689936677,67104282
66689936677,67104283
66689936677,67104311
66689936677,67104417
66689936677,67106388
66689936677,67106402
66689936677,67106422
66689936677,67106427
66689936677,67106428
66689936677,67106471
66689936677,67106488
66689936677,67106489
66689936677,67106504
66689936677,67106527
66689936677,67106537
66689936677,67106562
66689936677,67106564
66689936677,67106636
66689936677,67106646
66689936677,67106678
66689936677,67106684
66689936677,67106693
66689936677,67106705
66689936677,67106706
66689936677,67106712
66689936677,67106721
66689936677,67106727
66689936677,67106767
66689936677,67106781
66689936677,67106782
66689936677,67106787
66689936677,67106794
66689936677,67106795
66689936677,67106825
66689936677,67106827
66689936677,67106841
66689936677,67106842
66689936677,67106863
66689936677,67106866
66689936677,67106892
66689936677,67106895
66689936677,67106901
66689936677,67106903
66689936677,67106905
66689936677,67106909
66689936677,67106910
66689936677,67106922
66689936677,67106936
66689936677,67106937
66689936677,67106946
66689936677,67106947
66689936677,67106958
66689936677,67106972
66689936677,67106973
66689936677,67106974
66689936677,67106975
66689936677,67107084
66689936677,67107087
66689936677,67107090
66689936677,67107091
66689936677,67107094
66689936677,67107096
66689936677,67107102
66689936677,67107106
66689936677,67107111
66689936677,67107120
66689936677,67107125
66689936677,67107126
66689936677,67108699
66689936677,67108700
66689936677,67108702
66689936677,67108707
66689936677,67108708
66689936677,67108709
66689936677,67108711
66689936677,67108714
66689936677,67108717
66689936677,67108719
66689936677,67108774
66689936677,67108775
66689936677,67108783
66689936677,67108787
66689936677,67108788
66689936677,67108790
66689936677,67108791
66689936677,67108792
