1093269888,67100904
1093269888,67100905
1093269888,67100906
1093269888,67100907
1093269888,67100908
1093269888,67100909
1093269888,67100910
1093269888,67100911
1093269888,67100912
1093269888,67100913
1093269888,67100914
1093269888,67100915
1093269888,67100916
1093269888,67100917
1093269888,67100918
1093269888,67100919
1093269888,67100920
1093269888,67100921
1093269888,67100922
1093269888,67100923
1093269888,67100924
1093269888,67100925
1093269888,67100926
1093269888,67100927
1093269888,67100928
1093269888,67100929
1093269888,67100930
1093269888,67100931
1093269888,67100932
1093269888,67100933
1093269888,67100934
1093269888,67100935
1093269888,67100936
1093269888,67100937
1093269888,67100938
1093269888,67100939
1093269888,67100940
1093269888,67100941
1093269888,67100942
1093269888,67100943
1093269888,67101282
12025968768,67100945
12025968768,67100949
12025968768,67100951
12025968768,67100952
12025968768,67100953
12025968768,67100955
12025968768,67100956
12025968768,67100958
12025968768,67100959
12025968768,67100960
12025968768,67100961
12025968768,67100962
12025968768,67100963
12025968768,67100964
12025968768,67100966
12025968768,67100967
12025968768,67103095
12025968768,67103096
12025968768,67103097
12025968768,67103098
12025968768,67103099
22958667648,67100545
22958667648,67101040
22958667648,67101043
22958667648,67101046
22958667648,67101047
22958667648,67101054
22958667648,67101056
22958667648,67101057
22958667648,67101060
22958667648,67101067
22958667648,67101069
22958667648,67101070
22958667648,67101073
22958667648,67101074
22958667648,67101075
22958667648,67101076
22958667648,67101078
22958667648,67101079
22958667648,67101080
22958667648,67101081
22958667648,67101082
22958667648,67101084
22958667648,67101085
22958667648,67101086
22958667648,67101087
22958667648,67101088
22958667648,67101089
22958667648,67101090
22958667648,67101091
22958667648,67104894
22958667648,67104895
22958667648,67104896
22958667648,67104897
22958667648,67104898
33891366528,67100157
33891366528,67100358
33891366528,67100566
33891366528,67100761
33891366528,67106638
33891366528,67106639
33891366528,67106640
33891366528,67106641
33891366528,67106642
33891366528,67108652
44824065408,67100267
44824065408,67100268
44824065408,67100468
44824065408,67100469
44824065408,67100584
44824065408,67100871
44824065408,67100872
44824065408,67108267
44824065408,67108268
44824065408,67108269
44824065408,67108270
44824065408,67108271
44824065408,67108763
55756764288,67100100
55756764288,67100102
55756764288,67100103
55756764288,67100104
55756764288,67100105
55756764288,67100106
55756764288,67100107
55756764288,67100108
55756764288,67100109
55756764288,67100110
55756764288,67100111
55756764288,67100114
55756764288,67100115
55756764288,67100116
55756764288,67100117
55756764288,67100118
55756764288,67100119
55756764288,67100120
55756764288,67100121
55756764288,67100122
55756764288,67100123
55756764288,67100124
55756764288,67100125
55756764288,67100126
55756764288,67100127
55756764288,67100128
55756764288,67100129
55756764288,67100130
55756764288,67100131
55756764288,67100132
55756764288,67100133
55756764288,67100134
55756764288,67100135
55756764288,67100136
55756764288,67100137
55756764288,67100138
55756764288,67100139
55756764288,67100140
55756764288,67100141
55756764288,67100142
55756764288,67100143
55756764288,67100144
55756764288,67100146
55756764288,67100147
55756764288,67100149
55756764288,67103342
55756764288,67103346
55756764288,67103347
55756764288,67103349
55756764288,67103350
55756764288,67108597
66689463168,131244
66689463168,131246
66689463168,67100173
66689463168,67100174
66689463168,67100183
66689463168,67100186
66689463168,67100189
66689463168,67100193
66689463168,67100195
66689463168,67100197
66689463168,67100200
66689463168,67100201
66689463168,67100209
66689463168,67100210
66689463168,67100213
66689463168,67100216
66689463168,67100217
66689463168,67100219
66689463168,67100220
66689463168,67100221
66689463168,67100222
66689463168,67100223
66689463168,67100224
66689463168,67100225
66689463168,67100226
66689463168,67100227
66689463168,67100228
66689463168,67100229
66689463168,67100230
66689463168,67100231
66689463168,67100232
66689463168,67100233
66689463168,67100234
66689463168,67100235
66689463168,67100237
66689463168,67100240
66689463168,67100241
66689463168,67100242
66689463168,67100243
66689463168,67100244
66689463168,67100245
66689463168,67100247
66689463168,67100252
66689463168,67100257
66689463168,67100258
66689463168,67100259
66689463168,67100270
66689463168,67100271
66689463168,67100272
66689463168,67100277
66689463168,67100278
66689463168,67100279
66689463168,67100280
66689463168,67100281
66689463168,67100283
66689463168,67100284
66689463168,67100293
66689463168,67100301
66689463168,67100303
66689463168,67100304
66689463168,67100305
66689463168,67100306
66689463168,67100307
66689463168,67100308
66689463168,67100309
66689463168,67100310
66689463168,67100311
66689463168,67100312
66689463168,67100316
66689463168,67100317
66689463168,67101915
66689463168,67101916
66689463168,67102078
66689463168,67102163
66689463168,67102250
66689463168,67102273
66689463168,67102275
66689463168,67102281
66689463168,67102452
66689463168,67102644
66689463168,67102820
66689463168,67102987
66689463168,67103105
66689463168,67103125
66689463168,67103126
66689463168,67103147
66689463168,67103264
66689463168,67103320
66689463168,67103402
66689463168,67103477
66689463168,67103481
66689463168,67103562
66689463168,67103588
66689463168,67103600
66689463168,67103601
66689463168,67103651
66689463168,67103723
66689463168,67103740
66689463168,67103753
66689463168,67103755
66689463168,67103774
66689463168,67103795
66689463168,67103842
66689463168,67104021
66689463168,67104025
66689463168,67104040
66689463168,67104128
66689463168,67104132
66689463168,67104147
66689463168,67104212
66689463168,67104357
66689463168,67104506
66689463168,67104750
66689463168,67104762
66689463168,67105072
66689463168,67105076
66689463168,67105714
66689463168,67108595
66689463168,67108598
66689463168,67108599
66689463168,67108600
66689463168,67108601
66689463168,67108602
66689463168,67108604
66689463168,67108605
66689463168,67108606
66689463168,67108610
66689463168,67108611
77622162048,131257
77622162048,131261
77622162048,67100236
77622162048,67100238
77622162048,67100239
77622162048,67100246
77622162048,67100248
77622162048,67100249
77622162048,67100250
77622162048,67100251
77622162048,67100253
77622162048,67100254
77622162048,67100255
77622162048,67100256
77622162048,67100269
77622162048,67100274
77622162048,67100275
77622162048,67100276
77622162048,67100282
77622162048,67100285
77622162048,67100286
77622162048,67100291
77622162048,67100315
77622162048,67100318
77622162048,67100320
77622162048,67100321
77622162048,67100324
77622162048,67100325
77622162048,67100326
77622162048,67100327
77622162048,67100328
77622162048,67100329
77622162048,67100330
77622162048,67100331
77622162048,67100332
77622162048,67100333
77622162048,67100334
77622162048,67100335
77622162048,67100337
77622162048,67100338
77622162048,67100339
77622162048,67100340
77622162048,67100341
77622162048,67100342
77622162048,67100343
77622162048,67100344
77622162048,67100345
77622162048,67100346
77622162048,67100347
77622162048,67100349
77622162048,67100350
77622162048,67100351
77622162048,67100352
77622162048,67100353
77622162048,67100360
77622162048,67100361
77622162048,67100362
77622162048,67100363
77622162048,67100364
77622162048,67100365
77622162048,67103217
77622162048,67103611
77622162048,67104365
77622162048,67104593
77622162048,67104796
77622162048,67105353
77622162048,67105626
77622162048,67105706
77622162048,67105737
77622162048,67105746
77622162048,67105821
77622162048,67105918
77622162048,67106031
77622162048,67106099
77622162048,67106140
77622162048,67106152
77622162048,67106226
77622162048,67106313
77622162048,67106315
77622162048,67106330
77622162048,67106376
77622162048,67106426
77622162048,67106486
77622162048,67106530
77622162048,67106531
77622162048,67108603
77622162048,67108609
77622162048,67108612
77622162048,67108614
77622162048,67108615
77622162048,67108616
77622162048,67108618
77622162048,67108619
77622162048,67108620
77622162048,67108621
77622162048,67108622
77622162048,67108623
77622162048,67108624
77622162048,67108625
77622162048,67108626
77622162048,67108627
77622162048,67108628
77622162048,67108629
77622162048,67108631
77622162048,67108632
77622162048,67108633
77622162048,67108634
77622162048,67108635
77622162048,67108636
77622162048,67108637
77622162048,67108638
77622162048,67108639
77622162048,67108640
77622162048,67108641
77622162048,67108642
77622162048,67108643
77622162048,67108644
77622162048,67108645
77622162048,67108646
77622162048,67108647
77622162048,67108653
77622162048,67108654
77622162048,67108655
77622162048,67108656
77622162048,67108658
77622162048,67108659
88554860928,67100514
88554860928,67102490
88554860928,67102491
88554860928,67102492
88554860928,67102493
88554860928,67102502
88554860928,67102504
88554860928,67102505
88554860928,67102506
88554860928,67102507
88554860928,67102508
88554860928,67102509
88554860928,67102512
88554860928,67102513
88554860928,67102514
88554860928,67102515
88554860928,67102516
88554860928,67102517
88554860928,67102518
88554860928,67102519
88554860928,67102521
88554860928,67102522
88554860928,67102523
88554860928,67102524
88554860928,67102525
88554860928,67102527
88554860928,67102529
88554860928,67102530
88554860928,67102531
88554860928,67102532
88554860928,67102534
88554860928,67102535
88554860928,67102537
88554860928,67102538
88554860928,67102539
88554860928,67102540
88554860928,67102541
88554860928,67102542
88554860928,67102543
88554860928,67102544
88554860928,67102545
88554860928,67102546
88554860928,67102547
88554860928,67102548
88554860928,67102549
88554860928,67102550
88554860928,67102551
88554860928,67102552
88554860928,67102580
88554860928,67102582
88554860928,67102583
88554860928,67102584
88554860928,67102586
88554860928,67102587
88554860928,67102588
88554860928,67102589
88554860928,67102590
88554860928,67102592
88554860928,67102593
88554860928,67102594
88554860928,67102595
88554860928,67102596
88554860928,67102597
88554860928,67102598
88554860928,67102599
88554860928,67102600
88554860928,67102601
88554860928,67102602
88554860928,67102603
88554860928,67102604
88554860928,67102605
88554860928,67102606
88554860928,67102607
88554860928,67102608
88554860928,67102609
88554860928,67102610
88554860928,67102611
99487559808,131245
99487559808,131249
99487559808,131250
99487559808,131253
99487559808,67100319
99487559808,67100322
99487559808,67100323
99487559808,67100336
99487559808,67100359
99487559808,67100366
99487559808,67100374
99487559808,67100376
99487559808,67101199
99487559808,67101333
99487559808,67101431
99487559808,67101496
99487559808,67101563
99487559808,67101573
99487559808,67101575
99487559808,67101600
99487559808,67101652
99487559808,67101659
99487559808,67101668
99487559808,67101673
99487559808,67101683
99487559808,67101698
99487559808,67101713
99487559808,67101778
99487559808,67101779
99487559808,67102255
99487559808,67102481
99487559808,67103039
99487559808,67103083
99487559808,67103682
99487559808,67103687
99487559808,67103698
99487559808,67103708
99487559808,67103757
99487559808,67103773
99487559808,67103895
99487559808,67103914
99487559808,67103938
99487559808,67103964
99487559808,67104065
99487559808,67104095
99487559808,67104154
99487559808,67104180
99487559808,67104192
99487559808,67104230
99487559808,67104246
99487559808,67104316
99487559808,67104320
99487559808,67104329
99487559808,67104353
99487559808,67104398
99487559808,67104411
99487559808,67104461
99487559808,67104479
99487559808,67104504
99487559808,67104566
99487559808,67104605
99487559808,67104609
99487559808,67104611
99487559808,67104612
99487559808,67104628
99487559808,67104646
99487559808,67104668
99487559808,67104675
99487559808,67104681
99487559808,67104702
99487559808,67104706
99487559808,67104710
99487559808,67104733
99487559808,67104759
99487559808,67104760
99487559808,67104761
99487559808,67104782
99487559808,67104783
99487559808,67104801
99487559808,67104809
99487559808,67104811
99487559808,67104820
99487559808,67104940
99487559808,67104949
99487559808,67104950
99487559808,67104989
99487559808,67105002
99487559808,67105008
99487559808,67105016
99487559808,67105026
99487559808,67105048
99487559808,67105059
99487559808,67105095
99487559808,67105118
99487559808,67105153
99487559808,67105228
99487559808,67105232
99487559808,67105247
99487559808,67105259
99487559808,67105272
99487559808,67105278
99487559808,67105296
99487559808,67105298
99487559808,67105306
99487559808,67105329
99487559808,67105330
99487559808,67105335
99487559808,67105337
99487559808,67105358
99487559808,67105387
99487559808,67105460
99487559808,67105550
99487559808,67106087
99487559808,67106332
99487559808,67106464
99487559808,67106686
99487559808,67106846
99487559808,67107022
99487559808,67107055
99487559808,67108613
99487559808,67108617
99487559808,67108630
99487559808,67108660
99487559808,67108669
99487559808,67108670
110420258688,131252
110420258688,131254
110420258688,131255
110420258688,131256
110420258688,67100348
110420258688,67100367
110420258688,67100370
110420258688,67100372
110420258688,67100377
110420258688,67100387
110420258688,67103043
110420258688,67103265
110420258688,67103282
110420258688,67103792
110420258688,67103811
110420258688,67103857
110420258688,67103932
110420258688,67103985
110420258688,67104144
110420258688,67104215
110420258688,67104229
110420258688,67104300
110420258688,67104362
110420258688,67104395
110420258688,67104505
110420258688,67104536
110420258688,67104589
110420258688,67104672
110420258688,67104693
110420258688,67104716
110420258688,67104730
110420258688,67104753
110420258688,67104774
110420258688,67104790
110420258688,67104794
110420258688,67104807
110420258688,67104923
110420258688,67104934
110420258688,67104960
110420258688,67104976
110420258688,67104985
110420258688,67104986
110420258688,67104997
110420258688,67105006
110420258688,67105021
110420258688,67105027
110420258688,67105039
110420258688,67105062
110420258688,67105128
110420258688,67105215
110420258688,67105243
110420258688,67105252
110420258688,67105264
110420258688,67105328
110420258688,67105345
110420258688,67105359
110420258688,67105384
110420258688,67105393
110420258688,67105435
110420258688,67105448
110420258688,67105450
110420258688,67105480
110420258688,67105493
110420258688,67105494
110420258688,67105504
110420258688,67105551
110420258688,67105558
110420258688,67105562
110420258688,67105574
110420258688,67105575
110420258688,67105610
110420258688,67105616
110420258688,67105639
110420258688,67105651
110420258688,67105691
110420258688,67105728
110420258688,67105733
110420258688,67105753
110420258688,67105762
110420258688,67105772
110420258688,67105778
110420258688,67105781
110420258688,67105797
110420258688,67105803
110420258688,67105822
110420258688,67105838
110420258688,67105845
110420258688,67105853
110420258688,67105889
110420258688,67105892
110420258688,67105894
110420258688,67105899
110420258688,67105943
110420258688,67105954
110420258688,67105967
110420258688,67105977
110420258688,67105993
110420258688,67106018
110420258688,67106026
110420258688,67106027
110420258688,67106057
110420258688,67106086
110420258688,67106130
110420258688,67106135
110420258688,67106198
110420258688,67106238
110420258688,67106278
110420258688,67106380
110420258688,67106407
110420258688,67106448
110420258688,67106644
110420258688,67106685
110420258688,67107252
110420258688,67108657
110420258688,67108661
110420258688,67108662
110420258688,67108663
110420258688,67108664
110420258688,67108666
110420258688,67108668
110420258688,67108671
110420258688,67108681
121352957568,67100712
121352957568,67101892
121352957568,67101895
121352957568,67101896
121352957568,67101897
121352957568,67101898
121352957568,67101900
121352957568,67101901
121352957568,67101902
121352957568,67101903
121352957568,67101904
121352957568,67101905
121352957568,67101908
121352957568,67101909
121352957568,67101910
121352957568,67101911
121352957568,67101912
121352957568,67101913
121352957568,67101914
121352957568,67101917
121352957568,67101918
121352957568,67101919
121352957568,67101921
121352957568,67101922
121352957568,67101923
121352957568,67101924
121352957568,67101925
121352957568,67101927
121352957568,67101928
121352957568,67101929
121352957568,67101930
121352957568,67101931
121352957568,67101932
121352957568,67101933
121352957568,67101934
121352957568,67101935
121352957568,67101936
121352957568,67101937
121352957568,67101938
121352957568,67101939
121352957568,67101940
121352957568,67101941
121352957568,67101942
121352957568,67101943
121352957568,67101944
121352957568,67101945
121352957568,67101946
121352957568,67101947
121352957568,67101948
121352957568,67101949
121352957568,67101950
121352957568,67101951
121352957568,67101952
121352957568,67101953
121352957568,67101954
121352957568,67101955
121352957568,67101956
121352957568,67101957
121352957568,67101958
121352957568,67101959
121352957568,67101960
121352957568,67101961
121352957568,67101962
121352957568,67101963
121352957568,67101964
121352957568,67101965
121352957568,67101966
121352957568,67101967
121352957568,67101968
121352957568,67101969
121352957568,67101970
121352957568,67101971
121352957568,67101972
121352957568,67101973
121352957568,67101974
121352957568,67101975
121352957568,67101976
121352957568,67101977
121352957568,67101978
121352957568,67101979
121352957568,67101980
121352957568,67101981
121352957568,67101982
121352957568,67101983
121352957568,67101984
121352957568,67101985
121352957568,67101986
121352957568,67101987
121352957568,67101988
121352957568,67101989
121352957568,67101990
121352957568,67101991
121352957568,67101992
121352957568,67101993
121352957568,67101994
121352957568,67101995
121352957568,67101996
121352957568,67101997
121352957568,67101998
121352957568,67101999
121352957568,67102000
121352957568,67102001
121352957568,67102002
121352957568,67102003
121352957568,67102004
121352957568,67102005
121352957568,67102006
121352957568,67102007
121352957568,67102008
121352957568,67102009
121352957568,67102010
121352957568,67102011
121352957568,67102012
121352957568,67102013
121352957568,67102014
121352957568,67102015
121352957568,67102016
121352957568,67102017
121352957568,67102018
121352957568,67102019
121352957568,67102020
121352957568,67102021
121352957568,67102022
121352957568,67102023
121352957568,67102024
121352957568,67102025
121352957568,67102026
132285656448,67100375
132285656448,67100725
132285656448,67101109
132285656448,67101112
132285656448,67101539
132285656448,67101601
132285656448,67101613
132285656448,67101715
132285656448,67101718
132285656448,67101794
132285656448,67102077
132285656448,67102095
132285656448,67102182
132285656448,67102202
132285656448,67102220
132285656448,67102252
132285656448,67102257
132285656448,67102259
132285656448,67102268
132285656448,67102287
132285656448,67102328
132285656448,67102364
132285656448,67102624
132285656448,67102649
132285656448,67102682
132285656448,67102711
132285656448,67102770
132285656448,67102808
132285656448,67102826
132285656448,67102827
132285656448,67102828
132285656448,67102829
132285656448,67102830
132285656448,67102831
132285656448,67102926
132285656448,67102950
132285656448,67102957
132285656448,67102965
132285656448,67102981
132285656448,67102986
132285656448,67103004
132285656448,67103038
132285656448,67103041
132285656448,67103048
132285656448,67103113
132285656448,67103122
132285656448,67103123
132285656448,67103128
132285656448,67103182
132285656448,67103183
132285656448,67103192
132285656448,67103202
132285656448,67103235
132285656448,67103250
132285656448,67103259
132285656448,67103296
132285656448,67103298
132285656448,67103300
132285656448,67103310
132285656448,67103312
132285656448,67103385
132285656448,67103428
132285656448,67103475
132285656448,67103492
132285656448,67103493
132285656448,67103494
132285656448,67103534
132285656448,67103572
132285656448,67103578
132285656448,67103586
132285656448,67103608
132285656448,67103609
132285656448,67103627
132285656448,67103628
132285656448,67103649
132285656448,67103665
132285656448,67103670
132285656448,67103686
132285656448,67103690
132285656448,67103702
132285656448,67103707
132285656448,67103720
132285656448,67103721
132285656448,67103726
132285656448,67103738
132285656448,67103746
132285656448,67103764
132285656448,67103783
132285656448,67103801
132285656448,67103802
132285656448,67103824
132285656448,67103851
132285656448,67103871
132285656448,67103877
132285656448,67103879
132285656448,67103880
132285656448,67103926
132285656448,67103943
132285656448,67103992
132285656448,67104009
132285656448,67104014
132285656448,67104043
132285656448,67104055
132285656448,67104097
132285656448,67104105
132285656448,67104158
132285656448,67104170
132285656448,67104195
132285656448,67104217
132285656448,67104298
132285656448,67104343
132285656448,67104372
132285656448,67104437
132285656448,67104455
132285656448,67104458
132285656448,67104686
132285656448,67104721
132285656448,67105712
132285656448,67106259
132285656448,67106260
132285656448,67106325
143218355328,131251
143218355328,67100273
143218355328,67100294
143218355328,67100299
143218355328,67100379
143218355328,67100417
143218355328,67100486
143218355328,67102637
143218355328,67102916
143218355328,67102917
143218355328,67102923
143218355328,67102924
143218355328,67102927
143218355328,67102967
143218355328,67103149
143218355328,67103309
143218355328,67103429
143218355328,67103503
143218355328,67103513
143218355328,67103607
143218355328,67103659
143218355328,67103805
143218355328,67103823
143218355328,67103994
143218355328,67104157
143218355328,67104197
143218355328,67104211
143218355328,67104216
143218355328,67104235
143218355328,67104303
143218355328,67104363
143218355328,67104364
143218355328,67104391
143218355328,67104451
143218355328,67104474
143218355328,67104476
143218355328,67104494
143218355328,67104524
143218355328,67104598
143218355328,67104599
143218355328,67104633
143218355328,67104647
143218355328,67104674
143218355328,67104899
143218355328,67104915
143218355328,67104927
143218355328,67104938
143218355328,67104956
143218355328,67104965
143218355328,67104977
143218355328,67104981
143218355328,67104987
143218355328,67105007
143218355328,67105031
143218355328,67105061
143218355328,67105082
143218355328,67105090
143218355328,67105108
143218355328,67105115
143218355328,67105135
143218355328,67105141
143218355328,67105145
143218355328,67105154
143218355328,67105160
143218355328,67105216
143218355328,67105219
143218355328,67105225
143218355328,67105248
143218355328,67105249
143218355328,67105254
143218355328,67105267
143218355328,67105281
143218355328,67105317
143218355328,67105333
143218355328,67105338
143218355328,67105352
143218355328,67105427
143218355328,67105428
143218355328,67105438
143218355328,67105446
143218355328,67105449
143218355328,67105505
143218355328,67105506
143218355328,67105524
143218355328,67105533
143218355328,67105539
143218355328,67105540
143218355328,67105541
143218355328,67105560
143218355328,67105577
143218355328,67105601
143218355328,67105604
143218355328,67105631
143218355328,67105653
143218355328,67105657
143218355328,67105808
143218355328,67105824
143218355328,67105830
143218355328,67105903
143218355328,67105929
143218355328,67105992
143218355328,67106126
143218355328,67106210
143218355328,67106251
143218355328,67106526
143218355328,67106537
143218355328,67106647
143218355328,67106699
143218355328,67106739
143218355328,67106748
143218355328,67106809
143218355328,67107788
143218355328,67108535
143218355328,67108673
143218355328,67108712
143218355328,67108781
154151054208,67101196
154151054208,67101197
154151054208,67101198
154151054208,67101200
154151054208,67101201
154151054208,67101202
154151054208,67101203
154151054208,67101204
154151054208,67101205
154151054208,67101206
154151054208,67101207
154151054208,67101208
154151054208,67101209
154151054208,67101210
165083753088,131248
165083753088,67100383
165083753088,67100522
165083753088,67101428
165083753088,67101493
165083753088,67101512
165083753088,67101559
165083753088,67101603
165083753088,67101604
165083753088,67101605
165083753088,67101606
165083753088,67101607
165083753088,67101618
165083753088,67101656
165083753088,67101674
165083753088,67101677
165083753088,67101678
165083753088,67101690
165083753088,67101740
165083753088,67101748
165083753088,67101775
165083753088,67101780
165083753088,67101783
165083753088,67101785
165083753088,67101789
165083753088,67101798
165083753088,67101841
165083753088,67101851
165083753088,67101855
165083753088,67101863
165083753088,67101867
165083753088,67102031
165083753088,67102145
165083753088,67102152
165083753088,67102212
165083753088,67102214
165083753088,67102246
165083753088,67102265
165083753088,67102266
165083753088,67102274
165083753088,67102277
165083753088,67102278
165083753088,67102307
165083753088,67102429
165083753088,67102446
165083753088,67102448
165083753088,67102463
165083753088,67102466
165083753088,67102467
165083753088,67102469
165083753088,67102510
165083753088,67102658
165083753088,67102715
165083753088,67102734
165083753088,67102744
165083753088,67102764
165083753088,67102800
165083753088,67102839
165083753088,67102855
165083753088,67102888
165083753088,67102956
165083753088,67102961
165083753088,67102969
165083753088,67102997
165083753088,67103002
165083753088,67103003
165083753088,67103135
165083753088,67103215
165083753088,67103280
165083753088,67103284
165083753088,67103377
165083753088,67103410
165083753088,67103430
165083753088,67103472
165083753088,67103511
165083753088,67103512
165083753088,67103563
165083753088,67103630
165083753088,67103661
165083753088,67103703
165083753088,67103733
165083753088,67103763
165083753088,67103772
165083753088,67103785
165083753088,67103849
165083753088,67103853
165083753088,67103888
165083753088,67103911
165083753088,67103957
165083753088,67103979
165083753088,67104046
165083753088,67104094
165083753088,67104136
165083753088,67104196
165083753088,67104236
165083753088,67104244
165083753088,67104253
165083753088,67104359
165083753088,67104427
165083753088,67104430
165083753088,67104463
165083753088,67104511
165083753088,67104561
165083753088,67104911
165083753088,67104931
165083753088,67105166
165083753088,67105214
165083753088,67105220
165083753088,67105301
165083753088,67105307
165083753088,67105313
165083753088,67105336
165083753088,67105664
165083753088,67105680
165083753088,67105695
165083753088,67105740
165083753088,67106241
165083753088,67107179
165083753088,67108677
176016451968,67100715
176016451968,67102840
176016451968,67102847
176016451968,67102921
176016451968,67102954
176016451968,67103555
176016451968,67103622
176016451968,67103623
176016451968,67103631
176016451968,67103632
176016451968,67103634
176016451968,67103635
176016451968,67103652
176016451968,67103743
176016451968,67103925
176016451968,67103983
176016451968,67103993
176016451968,67103998
176016451968,67104045
176016451968,67104374
176016451968,67104388
176016451968,67104447
176016451968,67104457
176016451968,67104509
176016451968,67104512
176016451968,67104564
176016451968,67104572
176016451968,67104587
176016451968,67104588
176016451968,67104606
176016451968,67104635
176016451968,67104664
176016451968,67104699
176016451968,67104700
176016451968,67104731
176016451968,67104748
176016451968,67104755
176016451968,67104791
176016451968,67104939
176016451968,67104995
176016451968,67105003
176016451968,67105012
176016451968,67105040
176016451968,67105043
176016451968,67105066
176016451968,67105093
176016451968,67105100
176016451968,67105106
176016451968,67105202
176016451968,67105203
176016451968,67105209
176016451968,67105217
176016451968,67105244
176016451968,67105266
176016451968,67105269
176016451968,67105276
176016451968,67105289
176016451968,67105299
176016451968,67105309
176016451968,67105310
176016451968,67105315
176016451968,67105401
176016451968,67105405
176016451968,67105409
176016451968,67105412
176016451968,67105425
176016451968,67105457
176016451968,67105461
176016451968,67105473
176016451968,67105477
176016451968,67105486
176016451968,67105546
176016451968,67105553
176016451968,67105600
176016451968,67105615
176016451968,67105629
176016451968,67105642
176016451968,67105656
176016451968,67105659
176016451968,67105665
176016451968,67105672
176016451968,67105679
176016451968,67105687
176016451968,67105738
176016451968,67105743
176016451968,67105745
176016451968,67105751
176016451968,67105771
176016451968,67105826
176016451968,67105855
176016451968,67105867
176016451968,67105878
176016451968,67105907
176016451968,67105910
176016451968,67105915
176016451968,67105924
176016451968,67105982
176016451968,67106000
176016451968,67106005
176016451968,67106006
176016451968,67106019
176016451968,67106021
176016451968,67106023
176016451968,67106024
176016451968,67106032
176016451968,67106035
176016451968,67106039
176016451968,67106097
176016451968,67106102
176016451968,67106119
176016451968,67106161
176016451968,67106177
176016451968,67106476
176016451968,67106645
176016451968,67107403
186949150848,131260
186949150848,67100373
186949150848,67100380
186949150848,67100381
186949150848,67100382
186949150848,67100384
186949150848,67100385
186949150848,67100386
186949150848,67100388
186949150848,67100389
186949150848,67100390
186949150848,67100391
186949150848,67100392
186949150848,67100393
186949150848,67100394
186949150848,67100395
186949150848,67100396
186949150848,67100397
186949150848,67100398
186949150848,67100399
186949150848,67100400
186949150848,67100401
186949150848,67100402
186949150848,67100403
186949150848,67100404
186949150848,67100405
186949150848,67100406
186949150848,67100407
186949150848,67100408
186949150848,67100409
186949150848,67100410
186949150848,67100411
186949150848,67100412
186949150848,67100413
186949150848,67100414
186949150848,67100415
186949150848,67100416
186949150848,67100418
186949150848,67100421
186949150848,67100422
186949150848,67100424
186949150848,67100435
186949150848,67100437
186949150848,67100446
186949150848,67105782
186949150848,67106379
186949150848,67106461
186949150848,67107058
186949150848,67107109
186949150848,67107138
186949150848,67107139
186949150848,67107140
186949150848,67107141
186949150848,67107144
186949150848,67107145
186949150848,67107146
186949150848,67107147
186949150848,67107148
186949150848,67107149
186949150848,67107150
186949150848,67107151
186949150848,67107152
186949150848,67107153
186949150848,67107154
186949150848,67107155
186949150848,67107156
186949150848,67107157
186949150848,67107158
186949150848,67107159
186949150848,67107160
186949150848,67107162
186949150848,67107199
186949150848,67107295
186949150848,67107305
186949150848,67107375
186949150848,67107410
186949150848,67107465
186949150848,67107645
186949150848,67108096
186949150848,67108674
186949150848,67108675
186949150848,67108676
186949150848,67108678
186949150848,67108679
186949150848,67108680
186949150848,67108682
186949150848,67108683
186949150848,67108684
186949150848,67108685
186949150848,67108686
186949150848,67108687
186949150848,67108688
186949150848,67108689
186949150848,67108690
186949150848,67108691
186949150848,67108692
186949150848,67108693
186949150848,67108694
186949150848,67108695
186949150848,67108696
186949150848,67108697
186949150848,67108698
186949150848,67108699
186949150848,67108700
186949150848,67108701
186949150848,67108702
186949150848,67108703
186949150848,67108704
186949150848,67108705
186949150848,67108706
186949150848,67108707
186949150848,67108708
186949150848,67108710
186949150848,67108711
186949150848,67108715
186949150848,67108718
186949150848,67108721
186949150848,67108722
186949150848,67108726
186949150848,67108740
197881849728,131247
197881849728,67100295
197881849728,67100298
197881849728,67100719
197881849728,67101292
197881849728,67101313
197881849728,67101319
197881849728,67101336
197881849728,67101340
197881849728,67101343
197881849728,67101410
197881849728,67101446
197881849728,67101535
197881849728,67101553
197881849728,67101570
197881849728,67101594
197881849728,67101611
197881849728,67101628
197881849728,67101629
197881849728,67101643
197881849728,67101679
197881849728,67101684
197881849728,67101686
197881849728,67101687
197881849728,67101702
197881849728,67101720
197881849728,67101721
197881849728,67101742
197881849728,67101750
197881849728,67101751
197881849728,67101768
197881849728,67101769
197881849728,67101812
197881849728,67101814
197881849728,67101818
197881849728,67101822
197881849728,67101840
197881849728,67101850
197881849728,67101890
197881849728,67102053
197881849728,67102098
197881849728,67102128
197881849728,67102166
197881849728,67102323
197881849728,67102387
197881849728,67102417
197881849728,67102441
197881849728,67102645
197881849728,67102778
197881849728,67102787
197881849728,67102793
197881849728,67102811
197881849728,67102837
197881849728,67102838
197881849728,67103022
197881849728,67103071
197881849728,67103143
197881849728,67103172
197881849728,67103173
197881849728,67103216
197881849728,67103221
197881849728,67103222
197881849728,67103223
197881849728,67103240
197881849728,67103261
197881849728,67103285
197881849728,67103286
197881849728,67103356
197881849728,67103378
197881849728,67103438
197881849728,67103479
197881849728,67103488
197881849728,67103524
197881849728,67103573
197881849728,67103581
197881849728,67103617
197881849728,67103625
197881849728,67103672
197881849728,67103711
197881849728,67103797
197881849728,67103806
197881849728,67103841
197881849728,67103873
197881849728,67103903
197881849728,67103966
197881849728,67103984
197881849728,67104004
197881849728,67104056
197881849728,67104074
197881849728,67104078
197881849728,67104114
197881849728,67104188
197881849728,67104219
197881849728,67104326
197881849728,67104327
197881849728,67104330
197881849728,67104348
197881849728,67104371
197881849728,67104378
197881849728,67104407
197881849728,67104426
197881849728,67104428
197881849728,67104465
197881849728,67104477
197881849728,67104499
197881849728,67104520
197881849728,67104562
197881849728,67104579
197881849728,67104677
197881849728,67104690
197881849728,67104722
197881849728,67104913
197881849728,67105097
197881849728,67105169
197881849728,67105227
197881849728,67105303
197881849728,67105416
208814548608,67100287
208814548608,67100288
208814548608,67100290
208814548608,67100292
208814548608,67100731
208814548608,67101627
208814548608,67102775
208814548608,67102794
208814548608,67103307
208814548608,67103418
208814548608,67103463
208814548608,67103527
208814548608,67103533
208814548608,67103591
208814548608,67103610
208814548608,67103621
208814548608,67103629
208814548608,67103714
208814548608,67103741
208814548608,67103778
208814548608,67103874
208814548608,67103916
208814548608,67103920
208814548608,67103968
208814548608,67104016
208814548608,67104017
208814548608,67104038
208814548608,67104053
208814548608,67104054
208814548608,67104090
208814548608,67104172
208814548608,67104186
208814548608,67104223
208814548608,67104226
208814548608,67104250
208814548608,67104267
208814548608,67104277
208814548608,67104301
208814548608,67104337
208814548608,67104345
208814548608,67104351
208814548608,67104356
208814548608,67104375
208814548608,67104380
208814548608,67104408
208814548608,67104471
208814548608,67104482
208814548608,67104483
208814548608,67104487
208814548608,67104535
208814548608,67104537
208814548608,67104574
208814548608,67104617
208814548608,67104638
208814548608,67104656
208814548608,67104670
208814548608,67104678
208814548608,67104689
208814548608,67104712
208814548608,67104723
208814548608,67104724
208814548608,67104725
208814548608,67104763
208814548608,67104764
208814548608,67104767
208814548608,67104772
208814548608,67104804
208814548608,67104822
208814548608,67104948
208814548608,67104952
208814548608,67104953
208814548608,67104963
208814548608,67104970
208814548608,67104971
208814548608,67104975
208814548608,67104988
208814548608,67105004
208814548608,67105013
208814548608,67105050
208814548608,67105058
208814548608,67105063
208814548608,67105117
208814548608,67105132
208814548608,67105178
208814548608,67105280
208814548608,67105286
208814548608,67105304
208814548608,67105325
208814548608,67105341
208814548608,67105370
208814548608,67105390
208814548608,67105399
208814548608,67105426
208814548608,67105437
208814548608,67105481
208814548608,67105498
208814548608,67105536
208814548608,67105570
208814548608,67105606
208814548608,67105624
208814548608,67105663
208814548608,67105666
208814548608,67105725
208814548608,67105755
208814548608,67105994
208814548608,67106052
208814548608,67106109
208814548608,67106154
208814548608,67106427
208814548608,67106429
208814548608,67106690
208814548608,67106716
208814548608,67106741
208814548608,67106768
219747247488,131258
219747247488,67100289
219747247488,67100368
219747247488,67100369
219747247488,67100371
219747247488,67100378
219747247488,67100419
219747247488,67100420
219747247488,67100423
219747247488,67100425
219747247488,67100426
219747247488,67100427
219747247488,67100429
219747247488,67100430
219747247488,67100431
219747247488,67100432
219747247488,67100433
219747247488,67100472
219747247488,67100492
219747247488,67100493
219747247488,67104468
219747247488,67104473
219747247488,67104480
219747247488,67104484
219747247488,67104486
219747247488,67104491
219747247488,67104492
219747247488,67104493
219747247488,67105632
219747247488,67105633
219747247488,67105634
219747247488,67105635
219747247488,67108437
219747247488,67108547
219747247488,67108551
219747247488,67108556
219747247488,67108559
219747247488,67108560
219747247488,67108562
219747247488,67108665
219747247488,67108667
219747247488,67108672
219747247488,67108709
219747247488,67108713
219747247488,67108714
219747247488,67108716
219747247488,67108719
219747247488,67108720
219747247488,67108723
219747247488,67108724
219747247488,67108725
219747247488,67108727
219747247488,67108750
219747247488,67108752
219747247488,67108766
219747247488,67108785
219747247488,67108786
219747247488,67108787
230679946368,67100519
230679946368,67101338
230679946368,67101415
230679946368,67101486
230679946368,67101574
230679946368,67101577
230679946368,67101675
230679946368,67101737
230679946368,67101741
230679946368,67101776
230679946368,67101777
230679946368,67101781
230679946368,67101784
230679946368,67101787
230679946368,67101853
230679946368,67101866
230679946368,67101869
230679946368,67101894
230679946368,67102032
230679946368,67102066
230679946368,67102072
230679946368,67102074
230679946368,67102101
230679946368,67102196
230679946368,67102218
230679946368,67102223
230679946368,67102234
230679946368,67102247
230679946368,67102280
230679946368,67102322
230679946368,67102416
230679946368,67102419
230679946368,67102442
230679946368,67102622
230679946368,67102640
230679946368,67102647
230679946368,67102668
230679946368,67102674
230679946368,67102675
230679946368,67102680
230679946368,67102684
230679946368,67102737
230679946368,67102741
230679946368,67102743
230679946368,67102746
230679946368,67102748
230679946368,67102768
230679946368,67102777
230679946368,67102783
230679946368,67102786
230679946368,67102856
230679946368,67102866
230679946368,67102868
230679946368,67102887
230679946368,67102899
230679946368,67102902
230679946368,67102903
230679946368,67102909
230679946368,67102918
230679946368,67102935
230679946368,67102938
230679946368,67102958
230679946368,67102968
230679946368,67102971
230679946368,67103031
230679946368,67103055
230679946368,67103056
230679946368,67103066
230679946368,67103087
230679946368,67103103
230679946368,67103142
230679946368,67103144
230679946368,67103153
230679946368,67103159
230679946368,67103263
230679946368,67103277
230679946368,67103299
230679946368,67103329
230679946368,67103379
230679946368,67103390
230679946368,67103395
230679946368,67103435
230679946368,67103459
230679946368,67103461
230679946368,67103462
230679946368,67103485
230679946368,67103502
230679946368,67103515
230679946368,67103577
230679946368,67103579
230679946368,67103585
230679946368,67103700
230679946368,67103710
230679946368,67103780
230679946368,67103804
230679946368,67103828
230679946368,67103829
230679946368,67104001
230679946368,67104019
230679946368,67104122
230679946368,67104179
230679946368,67104193
230679946368,67104245
230679946368,67104247
230679946368,67104252
230679946368,67104285
230679946368,67104289
230679946368,67104322
230679946368,67104328
230679946368,67104342
230679946368,67104538
230679946368,67104585
230679946368,67104718
230679946368,67104771
230679946368,67104980
241612645248,67102470
241612645248,67102857
241612645248,67102858
241612645248,67102889
241612645248,67103150
241612645248,67103158
241612645248,67103199
241612645248,67103456
241612645248,67103508
241612645248,67103567
241612645248,67103616
241612645248,67103669
241612645248,67103731
241612645248,67103759
241612645248,67103812
241612645248,67103866
241612645248,67103876
241612645248,67103878
241612645248,67104000
241612645248,67104012
241612645248,67104037
241612645248,67104039
241612645248,67104081
241612645248,67104089
241612645248,67104162
241612645248,67104204
241612645248,67104210
241612645248,67104222
241612645248,67104265
241612645248,67104266
241612645248,67104272
241612645248,67104281
241612645248,67104282
241612645248,67104288
241612645248,67104306
241612645248,67104336
241612645248,67104366
241612645248,67104401
241612645248,67104403
241612645248,67104429
241612645248,67104591
241612645248,67104610
241612645248,67104632
241612645248,67104643
241612645248,67104691
241612645248,67104694
241612645248,67104734
241612645248,67104740
241612645248,67104758
241612645248,67104779
241612645248,67104781
241612645248,67104788
241612645248,67104789
241612645248,67104802
241612645248,67104907
241612645248,67104916
241612645248,67104926
241612645248,67104964
241612645248,67104969
241612645248,67104984
241612645248,67105009
241612645248,67105014
241612645248,67105030
241612645248,67105069
241612645248,67105149
241612645248,67105158
241612645248,67105198
241612645248,67105258
241612645248,67105334
241612645248,67105367
241612645248,67105381
241612645248,67105392
241612645248,67105413
241612645248,67105439
241612645248,67105447
241612645248,67105466
241612645248,67105513
241612645248,67105586
241612645248,67105609
241612645248,67105736
241612645248,67105908
241612645248,67105912
241612645248,67105925
241612645248,67106105
241612645248,67106143
241612645248,67106150
241612645248,67106181
241612645248,67106334
241612645248,67106452
241612645248,67106465
241612645248,67106478
241612645248,67106655
241612645248,67106665
241612645248,67106677
241612645248,67106688
241612645248,67106692
241612645248,67106731
241612645248,67106814
241612645248,67106848
241612645248,67106937
241612645248,67106960
241612645248,67106961
241612645248,67107023
241612645248,67107051
241612645248,67107069
241612645248,67107211
241612645248,67107323
241612645248,67107343
241612645248,67107433
241612645248,67107620
241612645248,67107636
241612645248,67107750
241612645248,67107837
252545344128,67100296
252545344128,67100297
252545344128,67100707
252545344128,67101371
252545344128,67101379
252545344128,67101400
252545344128,67101420
252545344128,67101552
252545344128,67101595
252545344128,67101602
252545344128,67101621
252545344128,67101622
252545344128,67101623
252545344128,67101625
252545344128,67101631
252545344128,67101649
252545344128,67101655
252545344128,67101658
252545344128,67101661
252545344128,67101663
252545344128,67101664
252545344128,67101669
252545344128,67101670
252545344128,67101672
252545344128,67101676
252545344128,67101685
252545344128,67101689
252545344128,67101719
252545344128,67101749
252545344128,67101754
252545344128,67101755
252545344128,67101765
252545344128,67101766
252545344128,67101807
252545344128,67101819
252545344128,67101821
252545344128,67101825
252545344128,67101833
252545344128,67101834
252545344128,67101864
252545344128,67101883
252545344128,67101893
252545344128,67101920
252545344128,67102315
252545344128,67102316
252545344128,67102367
252545344128,67102368
252545344128,67102373
252545344128,67102377
252545344128,67102380
252545344128,67102382
252545344128,67102383
252545344128,67102389
252545344128,67102641
252545344128,67102650
252545344128,67102660
252545344128,67102661
252545344128,67102678
252545344128,67102736
252545344128,67102740
252545344128,67102763
252545344128,67102769
252545344128,67102796
252545344128,67102832
252545344128,67102833
252545344128,67102861
252545344128,67102929
252545344128,67102934
252545344128,67103023
252545344128,67103024
252545344128,67103044
252545344128,67103060
252545344128,67103067
252545344128,67103086
252545344128,67103134
252545344128,67103155
252545344128,67103160
252545344128,67103187
252545344128,67103208
252545344128,67103214
252545344128,67103218
252545344128,67103219
252545344128,67103224
252545344128,67103244
252545344128,67103290
252545344128,67103319
252545344128,67103324
252545344128,67103340
252545344128,67103396
252545344128,67103405
252545344128,67103423
252545344128,67103489
252545344128,67103510
252545344128,67103574
252545344128,67103576
252545344128,67103584
252545344128,67103592
252545344128,67103671
252545344128,67103761
252545344128,67103779
252545344128,67103810
252545344128,67103822
252545344128,67103862
252545344128,67103868
252545344128,67103869
252545344128,67103872
252545344128,67103933
252545344128,67103976
252545344128,67103980
252545344128,67103995
252545344128,67104532
252545344128,67105191
252545344128,67105192
252545344128,67105193
252545344128,67105194
252545344128,67105195
252545344128,67105196
252545344128,67105197
263478043008,67101406
263478043008,67101474
263478043008,67101513
263478043008,67101515
263478043008,67101534
263478043008,67101551
263478043008,67101568
263478043008,67101569
263478043008,67101579
263478043008,67101580
263478043008,67101640
263478043008,67101667
263478043008,67101738
263478043008,67101753
263478043008,67101761
263478043008,67101772
263478043008,67101800
263478043008,67101848
263478043008,67101852
263478043008,67101861
263478043008,67101865
263478043008,67101880
263478043008,67102094
263478043008,67102154
263478043008,67102171
263478043008,67102183
263478043008,67102216
263478043008,67102219
263478043008,67102225
263478043008,67102228
263478043008,67102240
263478043008,67102242
263478043008,67102251
263478043008,67102254
263478043008,67102295
263478043008,67102311
263478043008,67102312
263478043008,67102313
263478043008,67102314
263478043008,67102336
263478043008,67102428
263478043008,67102451
263478043008,67102465
263478043008,67102471
263478043008,67102573
263478043008,67102618
263478043008,67102648
263478043008,67102722
263478043008,67102723
263478043008,67102726
263478043008,67102812
263478043008,67102859
263478043008,67102872
263478043008,67102879
263478043008,67102891
263478043008,67102893
263478043008,67102919
263478043008,67102945
263478043008,67102949
263478043008,67102972
263478043008,67102974
263478043008,67102977
263478043008,67103000
263478043008,67103009
263478043008,67103012
263478043008,67103020
263478043008,67103037
263478043008,67103063
263478043008,67103078
263478043008,67103089
263478043008,67103102
263478043008,67103130
263478043008,67103191
263478043008,67103200
263478043008,67103204
263478043008,67103205
263478043008,67103210
263478043008,67103225
263478043008,67103226
263478043008,67103229
263478043008,67103231
263478043008,67103233
263478043008,67103236
263478043008,67103237
263478043008,67103238
263478043008,67103255
263478043008,67103301
263478043008,67103302
263478043008,67103328
263478043008,67103338
263478043008,67103359
263478043008,67103381
263478043008,67103382
263478043008,67103387
263478043008,67103392
263478043008,67103478
263478043008,67103496
263478043008,67103499
263478043008,67103519
263478043008,67103526
263478043008,67103541
263478043008,67103568
263478043008,67103646
263478043008,67103663
263478043008,67103675
263478043008,67103688
263478043008,67103689
263478043008,67103781
263478043008,67103832
263478043008,67103839
263478043008,67103894
263478043008,67103902
263478043008,67103956
263478043008,67103965
263478043008,67104028
263478043008,67104123
263478043008,67104254
263478043008,67105074
263478043008,67105096
274410741888,67100728
274410741888,67102665
274410741888,67102939
274410741888,67102959
274410741888,67103064
274410741888,67103321
274410741888,67103557
274410741888,67103633
274410741888,67103742
274410741888,67103776
274410741888,67103782
274410741888,67103796
274410741888,67103875
274410741888,67103901
274410741888,67103922
274410741888,67103973
274410741888,67103997
274410741888,67104015
274410741888,67104027
274410741888,67104052
274410741888,67104079
274410741888,67104093
274410741888,67104111
274410741888,67104112
274410741888,67104113
274410741888,67104155
274410741888,67104156
274410741888,67104166
274410741888,67104168
274410741888,67104194
274410741888,67104198
274410741888,67104200
274410741888,67104207
274410741888,67104224
274410741888,67104263
274410741888,67104317
274410741888,67104321
274410741888,67104332
274410741888,67104349
274410741888,67104355
274410741888,67104389
274410741888,67104390
274410741888,67104440
274410741888,67104450
274410741888,67104529
274410741888,67104531
274410741888,67104542
274410741888,67104554
274410741888,67104569
274410741888,67104601
274410741888,67104607
274410741888,67104613
274410741888,67104615
274410741888,67104618
274410741888,67104620
274410741888,67104687
274410741888,67104727
274410741888,67104756
274410741888,67104795
274410741888,67104803
274410741888,67104815
274410741888,67104905
274410741888,67104908
274410741888,67104929
274410741888,67104943
274410741888,67104974
274410741888,67104982
274410741888,67104991
274410741888,67104999
274410741888,67105064
274410741888,67105081
274410741888,67105088
274410741888,67105098
274410741888,67105101
274410741888,67105104
274410741888,67105124
274410741888,67105126
274410741888,67105156
274410741888,67105157
274410741888,67105163
274410741888,67105223
274410741888,67105230
274410741888,67105236
274410741888,67105251
274410741888,67105277
274410741888,67105297
274410741888,67105340
274410741888,67105418
274410741888,67105424
274410741888,67105492
274410741888,67105497
274410741888,67105507
274410741888,67105532
274410741888,67105547
274410741888,67105619
274410741888,67105722
274410741888,67105734
274410741888,67105748
274410741888,67105843
274410741888,67105863
274410741888,67105876
274410741888,67105882
274410741888,67105911
274410741888,67105983
274410741888,67105985
274410741888,67105990
274410741888,67105997
274410741888,67106012
274410741888,67106158
274410741888,67106207
274410741888,67106244
274410741888,67106337
274410741888,67106457
285343440768,67101642
285343440768,67101700
285343440768,67101726
285343440768,67101730
285343440768,67101774
285343440768,67101796
285343440768,67101799
285343440768,67101806
285343440768,67101808
285343440768,67101813
285343440768,67101827
285343440768,67101832
285343440768,67101836
285343440768,67101871
285343440768,67101872
285343440768,67101884
285343440768,67101906
285343440768,67101926
285343440768,67102027
285343440768,67102028
285343440768,67102036
285343440768,67102037
285343440768,67102038
285343440768,67102039
285343440768,67102040
285343440768,67102041
285343440768,67102044
285343440768,67102045
285343440768,67102048
285343440768,67102050
285343440768,67102051
285343440768,67102055
285343440768,67102056
285343440768,67102057
285343440768,67102060
285343440768,67102061
285343440768,67102063
285343440768,67102065
285343440768,67102067
285343440768,67102069
285343440768,67102071
285343440768,67102073
285343440768,67102076
285343440768,67102080
285343440768,67102081
285343440768,67102083
285343440768,67102084
285343440768,67102085
285343440768,67102086
285343440768,67102087
285343440768,67102088
285343440768,67102089
285343440768,67102090
285343440768,67102092
285343440768,67102093
285343440768,67102096
285343440768,67102097
285343440768,67102099
285343440768,67102100
285343440768,67102102
285343440768,67102103
285343440768,67102104
285343440768,67102105
285343440768,67102110
285343440768,67102113
285343440768,67102114
285343440768,67102115
285343440768,67102116
285343440768,67102117
285343440768,67102118
285343440768,67102119
285343440768,67102120
285343440768,67102121
285343440768,67102123
285343440768,67102124
285343440768,67102125
285343440768,67102127
285343440768,67102131
285343440768,67102132
285343440768,67102134
285343440768,67102137
285343440768,67102139
285343440768,67102140
285343440768,67102141
285343440768,67102142
285343440768,67102144
285343440768,67102146
285343440768,67102147
285343440768,67102149
285343440768,67102150
285343440768,67102151
285343440768,67102153
285343440768,67102156
285343440768,67102157
285343440768,67102158
285343440768,67102161
285343440768,67102162
285343440768,67102164
285343440768,67102168
285343440768,67102169
285343440768,67102170
285343440768,67102172
285343440768,67102173
285343440768,67102174
285343440768,67102175
285343440768,67102176
285343440768,67102177
285343440768,67102178
285343440768,67102179
285343440768,67102180
285343440768,67102181
285343440768,67102184
285343440768,67102185
285343440768,67102186
285343440768,67102187
285343440768,67102189
285343440768,67102190
285343440768,67102191
285343440768,67102192
285343440768,67102193
285343440768,67102194
285343440768,67102195
285343440768,67102197
285343440768,67102198
285343440768,67102200
285343440768,67102201
296276139648,67101498
296276139648,67101564
296276139648,67101688
296276139648,67102215
296276139648,67102235
296276139648,67102245
296276139648,67102269
296276139648,67102430
296276139648,67102445
296276139648,67102566
296276139648,67102578
296276139648,67102616
296276139648,67102663
296276139648,67102664
296276139648,67102712
296276139648,67102724
296276139648,67102738
296276139648,67102758
296276139648,67102867
296276139648,67102877
296276139648,67102878
296276139648,67102905
296276139648,67102963
296276139648,67102999
296276139648,67103062
296276139648,67103081
296276139648,67103114
296276139648,67103227
296276139648,67103228
296276139648,67103230
296276139648,67103232
296276139648,67103234
296276139648,67103239
296276139648,67103249
296276139648,67103253
296276139648,67103256
296276139648,67103354
296276139648,67103364
296276139648,67103380
296276139648,67103383
296276139648,67103394
296276139648,67103408
296276139648,67103425
296276139648,67103447
296276139648,67103453
296276139648,67103474
296276139648,67103498
296276139648,67103505
296276139648,67103514
296276139648,67103518
296276139648,67103589
296276139648,67103602
296276139648,67103676
296276139648,67103691
296276139648,67103693
296276139648,67103694
296276139648,67103695
296276139648,67103696
296276139648,67103697
296276139648,67103699
296276139648,67103706
296276139648,67103729
296276139648,67103745
296276139648,67103756
296276139648,67103777
296276139648,67103790
296276139648,67103798
296276139648,67103807
296276139648,67103815
296276139648,67103840
296276139648,67103843
296276139648,67103846
296276139648,67103881
296276139648,67103882
296276139648,67103883
296276139648,67103889
296276139648,67103891
296276139648,67103896
296276139648,67103913
296276139648,67103915
296276139648,67103935
296276139648,67103936
296276139648,67103937
296276139648,67103946
296276139648,67103950
296276139648,67103951
296276139648,67103952
296276139648,67103953
296276139648,67103955
296276139648,67103958
296276139648,67103960
296276139648,67103961
296276139648,67103962
296276139648,67103969
296276139648,67103970
296276139648,67103974
296276139648,67103978
296276139648,67103981
296276139648,67103982
296276139648,67103986
296276139648,67103987
296276139648,67103988
296276139648,67103996
296276139648,67104003
296276139648,67104006
296276139648,67104007
296276139648,67104018
296276139648,67104020
296276139648,67104023
296276139648,67104024
296276139648,67104032
296276139648,67104034
296276139648,67105453
307208838528,67102376
307208838528,67102781
307208838528,67102789
307208838528,67102790
307208838528,67102900
307208838528,67102914
307208838528,67102955
307208838528,67103040
307208838528,67103291
307208838528,67103318
307208838528,67103322
307208838528,67103389
307208838528,67103420
307208838528,67103431
307208838528,67103465
307208838528,67103487
307208838528,67103786
307208838528,67103929
307208838528,67103971
307208838528,67104115
307208838528,67104177
307208838528,67104225
307208838528,67104241
307208838528,67104286
307208838528,67104324
307208838528,67104385
307208838528,67104393
307208838528,67104466
307208838528,67104519
307208838528,67104559
307208838528,67104578
307208838528,67104663
307208838528,67104671
307208838528,67104745
307208838528,67104769
307208838528,67104773
307208838528,67104793
307208838528,67104821
307208838528,67104912
307208838528,67104917
307208838528,67104918
307208838528,67104947
307208838528,67104951
307208838528,67104972
307208838528,67104992
307208838528,67104993
307208838528,67105005
307208838528,67105077
307208838528,67105092
307208838528,67105162
307208838528,67105170
307208838528,67105183
307208838528,67105186
307208838528,67105226
307208838528,67105233
307208838528,67105332
307208838528,67105339
307208838528,67105415
307208838528,67105443
307208838528,67105445
307208838528,67105508
307208838528,67105511
307208838528,67105523
307208838528,67105572
307208838528,67105592
307208838528,67105608
307208838528,67105618
307208838528,67105630
307208838528,67105673
307208838528,67105678
307208838528,67105705
307208838528,67105719
307208838528,67105727
307208838528,67105765
307208838528,67105804
307208838528,67105815
307208838528,67105820
307208838528,67105833
307208838528,67105835
307208838528,67105868
307208838528,67105881
307208838528,67105883
307208838528,67105938
307208838528,67105981
307208838528,67106029
307208838528,67106043
307208838528,67106050
307208838528,67106072
307208838528,67106095
307208838528,67106148
307208838528,67106200
307208838528,67106252
307208838528,67106253
307208838528,67106262
307208838528,67106308
307208838528,67106366
307208838528,67106370
307208838528,67106392
307208838528,67106459
307208838528,67106467
307208838528,67106472
307208838528,67106508
307208838528,67106512
307208838528,67106523
307208838528,67106527
307208838528,67106682
307208838528,67106698
307208838528,67106785
307208838528,67106820
307208838528,67107024
307208838528,67107102
307208838528,67107417
318141537408,67100710
318141537408,67100711
318141537408,67101153
318141537408,67101337
318141537408,67101362
318141537408,67101614
318141537408,67101657
318141537408,67101692
318141537408,67101701
318141537408,67101760
318141537408,67101828
318141537408,67101860
318141537408,67101875
318141537408,67102030
318141537408,67102236
318141537408,67102318
318141537408,67102319
318141537408,67102331
318141537408,67102333
318141537408,67102681
318141537408,67102756
318141537408,67102801
318141537408,67102862
318141537408,67102869
318141537408,67102928
318141537408,67103030
318141537408,67103138
318141537408,67103258
318141537408,67103260
318141537408,67103267
318141537408,67103357
318141537408,67103358
318141537408,67103362
318141537408,67103365
318141537408,67103409
318141537408,67103411
318141537408,67103419
318141537408,67103432
318141537408,67103450
318141537408,67103575
318141537408,67103717
318141537408,67103905
318141537408,67103999
318141537408,67104445
318141537408,67104652
318141537408,67104715
318141537408,67104798
318141537408,67104910
318141537408,67104961
318141537408,67105103
318141537408,67105111
318141537408,67105136
318141537408,67105172
318141537408,67105174
318141537408,67105207
318141537408,67105237
318141537408,67105285
318141537408,67105305
318141537408,67105360
318141537408,67105361
318141537408,67105362
318141537408,67105368
318141537408,67105395
318141537408,67105422
318141537408,67105442
318141537408,67105452
318141537408,67105598
318141537408,67105647
318141537408,67105648
318141537408,67105741
318141537408,67105759
318141537408,67105777
318141537408,67105787
318141537408,67105839
318141537408,67105850
318141537408,67105871
318141537408,67105927
318141537408,67105930
318141537408,67105953
318141537408,67105958
318141537408,67105965
318141537408,67106022
318141537408,67106025
318141537408,67106030
318141537408,67106049
318141537408,67106066
318141537408,67106067
318141537408,67106176
318141537408,67106227
