1093269888,67100904
1093269888,67100905
1093269888,67100906
1093269888,67100907
1093269888,67100908
1093269888,67100909
1093269888,67100910
1093269888,67100911
1093269888,67100912
1093269888,67100913
1093269888,67100914
1093269888,67100915
1093269888,67100916
1093269888,67100917
1093269888,67100918
1093269888,67100919
1093269888,67100920
1093269888,67100921
1093269888,67100922
1093269888,67100923
1093269888,67100924
1093269888,67100925
1093269888,67100926
1093269888,67100927
1093269888,67100928
1093269888,67100929
1093269888,67100930
1093269888,67100931
1093269888,67100932
1093269888,67100933
1093269888,67100934
1093269888,67100935
1093269888,67100936
1093269888,67100937
1093269888,67100938
1093269888,67100939
1093269888,67100940
1093269888,67100941
1093269888,67100942
1093269888,67100943
1093269888,67101282
12025968768,67100945
12025968768,67100949
12025968768,67100951
12025968768,67100952
12025968768,67100953
12025968768,67100955
12025968768,67100956
12025968768,67100958
12025968768,67100959
12025968768,67100960
12025968768,67100961
12025968768,67100962
12025968768,67100963
12025968768,67100964
12025968768,67100966
12025968768,67100967
12025968768,67103095
12025968768,67103096
12025968768,67103097
12025968768,67103098
12025968768,67103099
22958667648,67100545
22958667648,67101040
22958667648,67101043
22958667648,67101046
22958667648,67101047
22958667648,67101054
22958667648,67101056
22958667648,67101057
22958667648,67101060
22958667648,67101067
22958667648,67101069
22958667648,67101070
22958667648,67101073
22958667648,67101074
22958667648,67101075
22958667648,67101076
22958667648,67101078
22958667648,67101079
22958667648,67101080
22958667648,67101081
22958667648,67101082
22958667648,67101084
22958667648,67101085
22958667648,67101086
22958667648,67101087
22958667648,67101088
22958667648,67101089
22958667648,67101090
22958667648,67101091
22958667648,67104894
22958667648,67104895
22958667648,67104896
22958667648,67104897
22958667648,67104898
33891366528,67100157
33891366528,67100358
33891366528,67100566
33891366528,67100761
33891366528,67106638
33891366528,67106639
33891366528,67106640
33891366528,67106641
33891366528,67106642
33891366528,67108652
44824065408,67100267
44824065408,67100268
44824065408,67100468
44824065408,67100469
44824065408,67100584
44824065408,67100871
44824065408,67100872
44824065408,67108267
44824065408,67108268
44824065408,67108269
44824065408,67108270
44824065408,67108271
44824065408,67108763
55756764288,67100100
55756764288,67100102
55756764288,67100103
55756764288,67100104
55756764288,67100105
55756764288,67100106
55756764288,67100107
55756764288,67100108
55756764288,67100109
55756764288,67100110
55756764288,67100111
55756764288,67100114
55756764288,67100115
55756764288,67100116
55756764288,67100117
55756764288,67100118
55756764288,67100119
55756764288,67100120
55756764288,67100121
55756764288,67100122
55756764288,67100123
55756764288,67100124
55756764288,67100125
55756764288,67100126
55756764288,67100127
55756764288,67100128
55756764288,67100129
55756764288,67100130
55756764288,67100131
55756764288,67100132
55756764288,67100133
55756764288,67100134
55756764288,67100135
55756764288,67100136
55756764288,67100137
55756764288,67100138
55756764288,67100139
55756764288,67100140
55756764288,67100141
55756764288,67100142
55756764288,67100143
55756764288,67100144
55756764288,67100146
55756764288,67100147
55756764288,67100149
55756764288,67103342
55756764288,67103346
55756764288,67103347
55756764288,67103349
55756764288,67103350
55756764288,67108597
66689463168,67100173
66689463168,67100174
66689463168,67100183
66689463168,67100186
