1093269888,67100904
1093269888,67100905
1093269888,67100906
1093269888,67100907
1093269888,67100908
1093269888,67100909
1093269888,67100910
1093269888,67100911
1093269888,67100912
1093269888,67100913
1093269888,67100914
1093269888,67100915
1093269888,67100916
1093269888,67100917
1093269888,67100918
1093269888,67100919
1093269888,67100920
1093269888,67100921
1093269888,67100922
1093269888,67100923
1093269888,67100924
1093269888,67100925
1093269888,67100926
1093269888,67100927
1093269888,67100928
1093269888,67100929
1093269888,67100930
1093269888,67100931
1093269888,67100932
1093269888,67100933
1093269888,67100934
1093269888,67100935
1093269888,67100936
1093269888,67100937
1093269888,67100938
1093269888,67100939
1093269888,67100940
1093269888,67100941
1093269888,67100942
1093269888,67100943
1093269888,67101282
12025968768,67100945
12025968768,67100949
12025968768,67100951
12025968768,67100952
12025968768,67100953
12025968768,67100955
12025968768,67100956
12025968768,67100958
12025968768,67100959
12025968768,67100960
12025968768,67100961
12025968768,67100962
12025968768,67100963
12025968768,67100964
12025968768,67100966
12025968768,67100967
12025968768,67103095
12025968768,67103096
12025968768,67103097
12025968768,67103098
12025968768,67103099
22958667648,67100545
22958667648,67101040
22958667648,67101043
22958667648,67101046
22958667648,67101047
22958667648,67101054
22958667648,67101056
22958667648,67101057
22958667648,67101060
22958667648,67101067
22958667648,67101069
22958667648,67101070
22958667648,67101073
22958667648,67101074
22958667648,67101075
22958667648,67101076
22958667648,67101078
22958667648,67101079
22958667648,67101080
22958667648,67101081
22958667648,67101082
22958667648,67101084
22958667648,67101085
22958667648,67101086
22958667648,67101087
22958667648,67101088
22958667648,67101089
22958667648,67101090
22958667648,67101091
22958667648,67104894
22958667648,67104895
22958667648,67104896
22958667648,67104897
22958667648,67104898
33891366528,67100157
33891366528,67100358
33891366528,67100566
33891366528,67100761
33891366528,67106638
33891366528,67106639
33891366528,67106640
33891366528,67106641
33891366528,67106642
33891366528,67108652
44824065408,67100267
44824065408,67100268
44824065408,67100468
44824065408,67100469
44824065408,67100584
44824065408,67100871
44824065408,67100872
44824065408,67108267
44824065408,67108268
44824065408,67108269
44824065408,67108270
44824065408,67108271
44824065408,67108763
55756764288,67100100
55756764288,67100102
55756764288,67100103
55756764288,67100104
55756764288,67100105
55756764288,67100106
55756764288,67100107
55756764288,67100108
55756764288,67100109
55756764288,67100110
55756764288,67100111
55756764288,67100114
55756764288,67100115
55756764288,67100116
55756764288,67100117
55756764288,67100118
55756764288,67100119
55756764288,67100120
55756764288,67100121
55756764288,67100122
55756764288,67100123
55756764288,67100124
55756764288,67100125
55756764288,67100126
55756764288,67100127
55756764288,67100128
55756764288,67100129
55756764288,67100130
55756764288,67100131
55756764288,67100132
55756764288,67100133
55756764288,67100134
55756764288,67100135
55756764288,67100136
55756764288,67100137
55756764288,67100138
55756764288,67100139
55756764288,67100140
55756764288,67100141
55756764288,67100142
55756764288,67100143
55756764288,67100144
55756764288,67100146
55756764288,67100147
55756764288,67100149
55756764288,67103342
55756764288,67103346
55756764288,67103347
55756764288,67103349
55756764288,67103350
55756764288,67108597
66689463168,131244
66689463168,131246
66689463168,67100173
66689463168,67100174
66689463168,67100183
66689463168,67100186
66689463168,67100189
66689463168,67100193
66689463168,67100195
66689463168,67100197
66689463168,67100200
66689463168,67100201
66689463168,67100209
66689463168,67100210
66689463168,67100213
66689463168,67100216
66689463168,67100217
66689463168,67100219
66689463168,67100220
66689463168,67100221
66689463168,67100222
66689463168,67100223
66689463168,67100224
66689463168,67100225
66689463168,67100226
66689463168,67100227
66689463168,67100228
66689463168,67100229
66689463168,67100230
66689463168,67100231
66689463168,67100232
66689463168,67100233
66689463168,67100234
66689463168,67100235
66689463168,67100237
66689463168,67100240
66689463168,67100241
66689463168,67100242
66689463168,67100243
66689463168,67100244
66689463168,67100245
66689463168,67100247
66689463168,67100252
66689463168,67100257
66689463168,67100258
66689463168,67100259
66689463168,67100270
66689463168,67100271
66689463168,67100272
66689463168,67100277
66689463168,67100278
66689463168,67100279
66689463168,67100280
66689463168,67100281
66689463168,67100283
66689463168,67100284
66689463168,67100293
66689463168,67100301
66689463168,67100303
66689463168,67100304
66689463168,67100305
66689463168,67100306
66689463168,67100307
66689463168,67100308
66689463168,67100309
66689463168,67100310
66689463168,67100311
66689463168,67100312
66689463168,67100316
66689463168,67100317
66689463168,67101915
66689463168,67101916
66689463168,67102078
66689463168,67102163
66689463168,67102250
66689463168,67102273
66689463168,67102275
66689463168,67102281
66689463168,67102452
66689463168,67102644
66689463168,67102820
66689463168,67102987
66689463168,67103105
66689463168,67103125
66689463168,67103126
66689463168,67103147
66689463168,67103264
66689463168,67103320
66689463168,67103402
66689463168,67103477
66689463168,67103481
66689463168,67103562
66689463168,67103588
66689463168,67103600
66689463168,67103601
66689463168,67103651
66689463168,67103723
66689463168,67103740
66689463168,67103753
66689463168,67103755
66689463168,67103774
66689463168,67103795
66689463168,67103842
66689463168,67104021
66689463168,67104025
66689463168,67104040
66689463168,67104128
66689463168,67104132
66689463168,67104147
66689463168,67104212
66689463168,67104357
66689463168,67104506
66689463168,67104750
66689463168,67104762
66689463168,67105072
66689463168,67105076
66689463168,67105714
66689463168,67108595
66689463168,67108598
66689463168,67108599
66689463168,67108600
66689463168,67108601
66689463168,67108602
66689463168,67108604
66689463168,67108605
66689463168,67108606
66689463168,67108610
66689463168,67108611
77622162048,131257
77622162048,131261
77622162048,67100236
77622162048,67100238
77622162048,67100239
77622162048,67100246
77622162048,67100248
77622162048,67100249
77622162048,67100250
77622162048,67100251
77622162048,67100253
77622162048,67100254
77622162048,67100255
77622162048,67100256
77622162048,67100269
77622162048,67100274
77622162048,67100275
77622162048,67100276
77622162048,67100282
77622162048,67100285
77622162048,67100286
77622162048,67100291
77622162048,67100315
77622162048,67100318
77622162048,67100320
77622162048,67100321
77622162048,67100324
77622162048,67100325
77622162048,67100326
77622162048,67100327
77622162048,67100328
77622162048,67100329
77622162048,67100330
77622162048,67100331
77622162048,67100332
77622162048,67100333
77622162048,67100334
77622162048,67100335
77622162048,67100337
77622162048,67100338
77622162048,67100339
77622162048,67100340
77622162048,67100341
77622162048,67100342
77622162048,67100343
77622162048,67100344
77622162048,67100345
77622162048,67100346
77622162048,67100347
77622162048,67100349
77622162048,67100350
77622162048,67100351
77622162048,67100352
77622162048,67100353
77622162048,67100360
77622162048,67100361
77622162048,67100362
77622162048,67100363
77622162048,67100364
77622162048,67100365
77622162048,67103217
77622162048,67103611
77622162048,67104365
77622162048,67104593
77622162048,67104796
77622162048,67105353
77622162048,67105626
77622162048,67105706
77622162048,67105737
77622162048,67105746
77622162048,67105821
77622162048,67105918
77622162048,67106031
77622162048,67106099
77622162048,67106140
77622162048,67106152
77622162048,67106226
77622162048,67106313
77622162048,67106315
77622162048,67106330
77622162048,67106376
77622162048,67106426
77622162048,67106486
77622162048,67106530
77622162048,67106531
77622162048,67108603
77622162048,67108609
77622162048,67108612
77622162048,67108614
77622162048,67108615
77622162048,67108616
77622162048,67108618
77622162048,67108619
77622162048,67108620
77622162048,67108621
77622162048,67108622
77622162048,67108623
77622162048,67108624
77622162048,67108625
77622162048,67108626
77622162048,67108627
77622162048,67108628
77622162048,67108629
77622162048,67108631
77622162048,67108632
77622162048,67108633
77622162048,67108634
77622162048,67108635
77622162048,67108636
77622162048,67108637
77622162048,67108638
77622162048,67108639
77622162048,67108640
77622162048,67108641
77622162048,67108642
77622162048,67108643
77622162048,67108644
77622162048,67108645
77622162048,67108646
77622162048,67108647
77622162048,67108653
77622162048,67108654
77622162048,67108655
77622162048,67108656
77622162048,67108658
77622162048,67108659
88554860928,67100514
88554860928,67102490
88554860928,67102491
88554860928,67102492
88554860928,67102493
88554860928,67102502
88554860928,67102504
88554860928,67102505
88554860928,67102506
88554860928,67102507
88554860928,67102508
88554860928,67102509
88554860928,67102512
88554860928,67102513
88554860928,67102514
88554860928,67102515
88554860928,67102516
88554860928,67102517
88554860928,67102518
88554860928,67102519
88554860928,67102521
88554860928,67102522
88554860928,67102523
88554860928,67102524
88554860928,67102525
88554860928,67102527
88554860928,67102529
88554860928,67102530
88554860928,67102531
88554860928,67102532
88554860928,67102534
88554860928,67102535
88554860928,67102537
88554860928,67102538
88554860928,67102539
88554860928,67102540
88554860928,67102541
88554860928,67102542
88554860928,67102543
88554860928,67102544
88554860928,67102545
88554860928,67102546
88554860928,67102547
88554860928,67102548
88554860928,67102549
88554860928,67102550
88554860928,67102551
88554860928,67102552
88554860928,67102580
88554860928,67102582
88554860928,67102583
88554860928,67102584
88554860928,67102586
88554860928,67102587
88554860928,67102588
88554860928,67102589
88554860928,67102590
88554860928,67102592
88554860928,67102593
88554860928,67102594
88554860928,67102595
88554860928,67102596
88554860928,67102597
88554860928,67102598
88554860928,67102599
88554860928,67102600
88554860928,67102601
88554860928,67102602
88554860928,67102603
88554860928,67102604
88554860928,67102605
88554860928,67102606
88554860928,67102607
88554860928,67102608
88554860928,67102609
88554860928,67102610
88554860928,67102611
99487559808,131245
99487559808,131249
99487559808,131250
99487559808,131253
99487559808,67100319
99487559808,67100322
99487559808,67100323
99487559808,67100336
99487559808,67100359
99487559808,67100366
99487559808,67100374
99487559808,67100376
99487559808,67101199
99487559808,67101333
99487559808,67101431
99487559808,67101496
99487559808,67101563
99487559808,67101573
99487559808,67101575
99487559808,67101600
99487559808,67101652
99487559808,67101659
99487559808,67101668
99487559808,67101673
99487559808,67101683
99487559808,67101698
99487559808,67101713
99487559808,67101778
99487559808,67101779
99487559808,67102255
99487559808,67102481
99487559808,67103039
99487559808,67103083
99487559808,67103682
99487559808,67103687
99487559808,67103698
99487559808,67103708
99487559808,67103757
99487559808,67103773
99487559808,67103895
99487559808,67103914
99487559808,67103938
99487559808,67103964
99487559808,67104065
99487559808,67104095
99487559808,67104154
99487559808,67104180
99487559808,67104192
99487559808,67104230
99487559808,67104246
99487559808,67104316
99487559808,67104320
99487559808,67104329
99487559808,67104353
99487559808,67104398
99487559808,67104411
99487559808,67104461
99487559808,67104479
99487559808,67104504
99487559808,67104566
99487559808,67104605
99487559808,67104609
99487559808,67104611
99487559808,67104612
99487559808,67104628
99487559808,67104646
99487559808,67104668
99487559808,67104675
99487559808,67104681
99487559808,67104702
99487559808,67104706
99487559808,67104710
99487559808,67104733
99487559808,67104759
99487559808,67104760
99487559808,67104761
99487559808,67104782
99487559808,67104783
99487559808,67104801
99487559808,67104809
99487559808,67104811
99487559808,67104820
99487559808,67104940
99487559808,67104949
99487559808,67104950
99487559808,67104989
99487559808,67105002
99487559808,67105008
99487559808,67105016
99487559808,67105026
99487559808,67105048
99487559808,67105059
99487559808,67105095
99487559808,67105118
99487559808,67105153
99487559808,67105228
99487559808,67105232
99487559808,67105247
99487559808,67105259
99487559808,67105272
99487559808,67105278
99487559808,67105296
99487559808,67105298
99487559808,67105306
99487559808,67105329
99487559808,67105330
99487559808,67105335
99487559808,67105337
99487559808,67105358
99487559808,67105387
99487559808,67105460
99487559808,67105550
99487559808,67106087
99487559808,67106332
99487559808,67106464
99487559808,67106686
99487559808,67106846
99487559808,67107022
99487559808,67107055
99487559808,67108613
99487559808,67108617
99487559808,67108630
99487559808,67108660
99487559808,67108669
99487559808,67108670
110420258688,131252
110420258688,131254
110420258688,131255
110420258688,131256
110420258688,67100348
110420258688,67100367
110420258688,67100370
110420258688,67100372
110420258688,67100377
110420258688,67103043
110420258688,67103282
110420258688,67103792
110420258688,67103857
110420258688,67104300
110420258688,67104362
110420258688,67104395
110420258688,67104505
110420258688,67104536
110420258688,67104716
110420258688,67104774
110420258688,67104790
110420258688,67104807
110420258688,67104934
110420258688,67104960
110420258688,67104997
110420258688,67105006
110420258688,67105027
110420258688,67105039
110420258688,67105062
110420258688,67105215
110420258688,67105252
110420258688,67105384
110420258688,67105393
110420258688,67105448
110420258688,67105450
110420258688,67105480
110420258688,67105494
110420258688,67105504
110420258688,67105551
110420258688,67105558
110420258688,67105574
110420258688,67105575
110420258688,67105610
110420258688,67105651
110420258688,67105691
110420258688,67105728
110420258688,67105733
110420258688,67105753
110420258688,67105772
110420258688,67105778
110420258688,67105781
110420258688,67105803
110420258688,67105822
110420258688,67105838
110420258688,67105894
110420258688,67106018
110420258688,67106026
110420258688,67106027
110420258688,67106057
110420258688,67106135
110420258688,67106198
110420258688,67106238
110420258688,67108657
110420258688,67108661
110420258688,67108662
110420258688,67108663
110420258688,67108664
110420258688,67108666
110420258688,67108668
110420258688,67108671
