827860087,67100687
827860087,67100715
827860087,67100721
827860087,67100726
827860087,67100728
827860087,67100729
827860087,67100740
827860087,67100742
827860087,67100751
827860087,67100762
827860087,67100764
827860087,67100773
827860087,67100776
827860087,67100777
827860087,67100781
827860087,67100786
827860087,67100787
827860087,67100788
827860087,67100790
827860087,67100793
827860087,67100794
827860087,67100798
827860087,67100802
827860087,67100804
827860087,67100812
827860087,67100824
827860087,67100826
827860087,67100830
827860087,67100835
827860087,67100837
827860087,67100839
827860087,67100840
827860087,67100841
827860087,67100844
827860087,67100847
827860087,67100849
827860087,67100853
827860087,67100861
827860087,67100870
827860087,67100872
827860087,67100880
827860087,67100883
827860087,67100884
827860087,67100891
827860087,67100893
827860087,67100895
827860087,67100896
827860087,67100898
827860087,67100899
827860087,67100900
827860087,67100902
827860087,67100903
827860087,67100904
827860087,67100906
827860087,67100908
827860087,67100909
827860087,67100910
827860087,67100913
827860087,67100914
827860087,67100915
827860087,67100916
827860087,67100918
827860087,67100919
827860087,67100920
827860087,67100923
827860087,67100925
827860087,67100926
827860087,67100927
827860087,67100929
827860087,67100931
827860087,67100932
827860087,67100934
827860087,67100936
827860087,67100937
827860087,67100938
827860087,67100940
827860087,67100944
827860087,67100945
827860087,67100950
827860087,67100951
827860087,67100953
827860087,67100954
827860087,67100958
827860087,67100959
827860087,67100960
827860087,67100962
827860087,67100964
827860087,67100965
827860087,67100966
827860087,67100967
827860087,67100968
827860087,67100969
827860087,67100970
827860087,67100973
827860087,67100974
827860087,67100977
827860087,67100979
827860087,67100980
827860087,67100981
827860087,67100984
827860087,67100985
827860087,67100986
827860087,67100987
827860087,67100988
827860087,67100989
827860087,67100991
827860087,67100993
827860087,67100995
827860087,67100996
827860087,67100997
827860087,67101001
827860087,67101006
827860087,67101007
827860087,67101008
827860087,67101009
827860087,67101010
827860087,67101011
827860087,67101013
827860087,67101014
827860087,67101019
827860087,67101020
827860087,67101022
827860087,67101023
827860087,67101025
827860087,67101027
827860087,67101028
827860087,67101029
827860087,67101034
9106460957,131245
9106460957,131246
9106460957,67100680
9106460957,67100683
9106460957,67100684
9106460957,67100690
9106460957,67100691
9106460957,67100692
9106460957,67100694
9106460957,67100695
9106460957,67100696
9106460957,67100697
9106460957,67100698
9106460957,67100699
9106460957,67100700
9106460957,67100701
9106460957,67100702
9106460957,67100703
9106460957,67100704
9106460957,67100705
9106460957,67100706
9106460957,67100707
9106460957,67100708
9106460957,67100709
9106460957,67100710
9106460957,67100711
9106460957,67100712
9106460957,67100713
9106460957,67100714
9106460957,67100716
9106460957,67100718
9106460957,67100719
9106460957,67100722
9106460957,67100723
9106460957,67100725
9106460957,67100727
9106460957,67100730
9106460957,67100733
9106460957,67100734
9106460957,67100735
9106460957,67100736
9106460957,67100737
9106460957,67100738
9106460957,67100739
9106460957,67100741
9106460957,67100743
9106460957,67100744
9106460957,67100746
9106460957,67100747
9106460957,67100748
9106460957,67100749
9106460957,67100750
9106460957,67100753
9106460957,67100754
9106460957,67100755
9106460957,67100756
9106460957,67100757
9106460957,67100758
9106460957,67100759
9106460957,67100760
9106460957,67100761
9106460957,67100765
9106460957,67100766
9106460957,67100767
9106460957,67100768
9106460957,67100769
9106460957,67100770
9106460957,67100771
9106460957,67100772
9106460957,67100774
9106460957,67100775
9106460957,67100779
9106460957,67100780
9106460957,67100782
9106460957,67100783
9106460957,67100784
9106460957,67100796
9106460957,67100803
9106460957,67100806
9106460957,67100810
9106460957,67100813
9106460957,67100814
9106460957,67100815
9106460957,67100816
9106460957,67100817
9106460957,67100819
9106460957,67100822
9106460957,67100823
9106460957,67100827
9106460957,67100828
9106460957,67100829
9106460957,67100831
9106460957,67100832
9106460957,67100833
9106460957,67100834
9106460957,67100838
9106460957,67100842
9106460957,67100843
9106460957,67100848
9106460957,67100850
9106460957,67100852
9106460957,67100854
9106460957,67100855
9106460957,67100857
9106460957,67100858
9106460957,67100859
9106460957,67100860
9106460957,67100862
9106460957,67100863
9106460957,67100864
9106460957,67100865
9106460957,67100866
9106460957,67100871
9106460957,67100876
9106460957,67100878
9106460957,67100881
9106460957,67100882
9106460957,67100888
9106460957,67100901
9106460957,67100978
9106460957,67100998
9106460957,67100999
9106460957,67101015
9106460957,67101024
9106460957,67101033
9106460957,67101035
9106460957,67101037
9106460957,67102443
17385061827,67099362
17385061827,67099725
17385061827,67100024
17385061827,67100452
17385061827,67100679
17385061827,67100681
17385061827,67100682
17385061827,67100685
17385061827,67100686
17385061827,67100688
17385061827,67100689
17385061827,67100693
17385061827,67100717
17385061827,67100724
17385061827,67100732
17385061827,67100745
17385061827,67100752
17385061827,67100763
17385061827,67100778
17385061827,67100785
17385061827,67100789
17385061827,67100791
17385061827,67100792
17385061827,67100795
17385061827,67100797
17385061827,67100799
17385061827,67100800
17385061827,67100801
17385061827,67100805
17385061827,67100807
17385061827,67100808
17385061827,67100809
17385061827,67100811
17385061827,67100818
17385061827,67100820
17385061827,67100821
17385061827,67100825
17385061827,67100836
17385061827,67100845
17385061827,67100846
17385061827,67100851
17385061827,67100856
17385061827,67100867
17385061827,67100868
17385061827,67100869
17385061827,67100873
17385061827,67100874
17385061827,67100875
17385061827,67100877
17385061827,67100879
17385061827,67100885
17385061827,67100886
17385061827,67100887
17385061827,67100889
17385061827,67100890
17385061827,67100892
17385061827,67100894
17385061827,67100897
17385061827,67100905
17385061827,67100907
17385061827,67100911
17385061827,67100912
17385061827,67100917
17385061827,67100921
17385061827,67100922
17385061827,67100924
17385061827,67100928
17385061827,67100930
17385061827,67100933
17385061827,67100935
17385061827,67100939
17385061827,67100941
17385061827,67100942
17385061827,67100943
17385061827,67100946
17385061827,67100947
17385061827,67100948
17385061827,67100949
17385061827,67100952
17385061827,67100955
17385061827,67100956
17385061827,67100957
17385061827,67100961
17385061827,67100963
17385061827,67100971
17385061827,67100972
17385061827,67100975
17385061827,67100976
17385061827,67100982
17385061827,67100983
17385061827,67100990
17385061827,67100992
17385061827,67100994
17385061827,67101000
17385061827,67101002
17385061827,67101003
17385061827,67101004
17385061827,67101005
17385061827,67101012
17385061827,67101016
17385061827,67101017
17385061827,67101018
17385061827,67101021
17385061827,67101026
17385061827,67101030
17385061827,67101031
17385061827,67101032
17385061827,67101036
17385061827,67101038
17385061827,67101039
17385061827,67101040
17385061827,67101041
17385061827,67103718
17385061827,67108568
25663662697,67099424
25663662697,67099787
25663662697,67100044
25663662697,67100514
25663662697,67104984
25663662697,67104985
25663662697,67104986
25663662697,67104987
25663662697,67108629
33942263567,67099481
33942263567,67099844
33942263567,67100061
33942263567,67100571
33942263567,67106258
33942263567,67106259
33942263567,67106260
33942263567,67106261
33942263567,67106262
33942263567,67108686
42220864437,67099543
42220864437,67099906
42220864437,67100075
42220864437,67100633
42220864437,67107519
42220864437,67107520
42220864437,67107521
42220864437,67107522
42220864437,67107523
42220864437,67108749
50499465307,131244
50499465307,131261
50499465307,67099239
50499465307,67099241
50499465307,67099242
50499465307,67099244
50499465307,67099246
50499465307,67099251
50499465307,67099252
50499465307,67099257
50499465307,67099261
50499465307,67099263
50499465307,67099283
50499465307,67099294
50499465307,67099295
50499465307,67099296
50499465307,67099298
50499465307,67099305
50499465307,67099307
50499465307,67099309
50499465307,67099315
50499465307,67099317
50499465307,67099325
50499465307,67099337
50499465307,67099341
50499465307,67099342
50499465307,67099348
50499465307,67099355
50499465307,67099369
50499465307,67099370
50499465307,67099371
50499465307,67099385
50499465307,67099387
50499465307,67099388
50499465307,67099393
50499465307,67099395
50499465307,67099396
50499465307,67099401
50499465307,67099402
50499465307,67099403
50499465307,67099407
50499465307,67099416
50499465307,67099431
50499465307,67099434
50499465307,67099436
50499465307,67099439
50499465307,67099442
50499465307,67099451
50499465307,67099453
50499465307,67099454
50499465307,67099455
50499465307,67099456
50499465307,67099457
50499465307,67099459
50499465307,67099461
50499465307,67099463
50499465307,67099464
50499465307,67099466
50499465307,67099467
50499465307,67099468
50499465307,67099470
50499465307,67099471
50499465307,67099482
50499465307,67099486
50499465307,67099487
50499465307,67099488
50499465307,67099498
50499465307,67099499
50499465307,67099501
50499465307,67099504
50499465307,67099507
50499465307,67099508
50499465307,67099509
50499465307,67099512
50499465307,67099513
50499465307,67099517
50499465307,67099518
50499465307,67099519
50499465307,67099520
50499465307,67099521
50499465307,67099522
50499465307,67099524
50499465307,67099525
50499465307,67099527
50499465307,67099528
50499465307,67099529
50499465307,67099530
50499465307,67099531
50499465307,67099535
50499465307,67099537
50499465307,67099544
50499465307,67099545
50499465307,67099546
50499465307,67099547
50499465307,67099549
50499465307,67099552
50499465307,67099553
50499465307,67099554
50499465307,67099555
50499465307,67099556
50499465307,67099557
50499465307,67099558
50499465307,67099559
50499465307,67099560
50499465307,67099561
50499465307,67099562
50499465307,67099563
50499465307,67099564
50499465307,67099566
50499465307,67099568
50499465307,67099569
50499465307,67099570
50499465307,67099571
50499465307,67099572
50499465307,67099573
50499465307,67099574
50499465307,67099575
50499465307,67099576
50499465307,67099577
50499465307,67099579
50499465307,67099583
50499465307,67099585
50499465307,67099586
50499465307,67099836
50499465307,67106092
50499465307,67106263
50499465307,67108679
58778066177,131243
58778066177,67099227
58778066177,67099228
58778066177,67099231
58778066177,67099248
58778066177,67099249
58778066177,67099254
58778066177,67099262
58778066177,67099269
58778066177,67099273
58778066177,67099274
58778066177,67099276
58778066177,67099277
58778066177,67099281
58778066177,67099284
58778066177,67099285
58778066177,67099286
58778066177,67099288
58778066177,67099289
58778066177,67099292
58778066177,67099311
58778066177,67099313
58778066177,67099314
58778066177,67099316
58778066177,67099318
58778066177,67099319
58778066177,67099320
58778066177,67099321
58778066177,67099324
58778066177,67099331
58778066177,67099332
58778066177,67099339
58778066177,67099340
58778066177,67099345
58778066177,67099346
58778066177,67099347
58778066177,67099349
58778066177,67099350
58778066177,67099354
58778066177,67099356
58778066177,67099357
58778066177,67099358
58778066177,67099359
58778066177,67099360
58778066177,67099366
58778066177,67099367
58778066177,67099368
58778066177,67099375
58778066177,67099376
58778066177,67099377
58778066177,67099378
58778066177,67099379
58778066177,67099380
58778066177,67099382
58778066177,67099383
58778066177,67099384
58778066177,67099389
58778066177,67099390
58778066177,67099391
58778066177,67099392
58778066177,67099399
58778066177,67099400
58778066177,67099404
58778066177,67099405
58778066177,67099406
58778066177,67099408
58778066177,67099410
58778066177,67099411
58778066177,67099417
58778066177,67099425
58778066177,67099426
58778066177,67099427
58778066177,67099428
58778066177,67099429
58778066177,67099430
58778066177,67099432
58778066177,67099433
58778066177,67099435
58778066177,67099440
58778066177,67099441
58778066177,67099443
58778066177,67099444
58778066177,67099445
58778066177,67099446
58778066177,67099447
58778066177,67099448
58778066177,67099458
58778066177,67099460
58778066177,67099462
58778066177,67099465
58778066177,67099472
58778066177,67099473
58778066177,67099474
58778066177,67099483
58778066177,67099484
58778066177,67099485
58778066177,67099489
58778066177,67099490
58778066177,67099491
58778066177,67099492
58778066177,67099493
58778066177,67099494
58778066177,67099497
58778066177,67099502
58778066177,67099503
58778066177,67099505
58778066177,67099506
58778066177,67099510
58778066177,67099511
58778066177,67099514
58778066177,67099515
58778066177,67099516
58778066177,67099523
58778066177,67099526
58778066177,67099532
58778066177,67099533
58778066177,67099534
58778066177,67099536
58778066177,67099548
58778066177,67099550
58778066177,67099551
58778066177,67099565
58778066177,67099567
58778066177,67099582
58778066177,67099584
58778066177,67103271
67056667047,131242
67056667047,67099240
67056667047,67099243
67056667047,67099245
67056667047,67099247
67056667047,67099250
67056667047,67099253
67056667047,67099255
67056667047,67099256
67056667047,67099258
67056667047,67099259
67056667047,67099260
67056667047,67099264
67056667047,67099265
67056667047,67099266
67056667047,67099267
67056667047,67099268
67056667047,67099270
67056667047,67099271
67056667047,67099272
67056667047,67099275
67056667047,67099280
67056667047,67099282
67056667047,67099287
67056667047,67099290
67056667047,67099291
67056667047,67099293
67056667047,67099297
67056667047,67099299
67056667047,67099300
67056667047,67099301
67056667047,67099302
67056667047,67099303
67056667047,67099304
67056667047,67099306
67056667047,67099308
67056667047,67099310
67056667047,67099312
67056667047,67099322
67056667047,67099323
67056667047,67099326
67056667047,67099327
67056667047,67099328
67056667047,67099329
67056667047,67099330
67056667047,67099333
67056667047,67099334
67056667047,67099335
67056667047,67099336
67056667047,67099338
67056667047,67099343
67056667047,67099344
67056667047,67099351
67056667047,67099352
67056667047,67099353
67056667047,67099361
67056667047,67099363
67056667047,67099364
67056667047,67099365
67056667047,67099372
67056667047,67099373
67056667047,67099374
67056667047,67099381
67056667047,67099386
67056667047,67099394
67056667047,67099397
67056667047,67099398
67056667047,67099409
67056667047,67099412
67056667047,67099413
67056667047,67099414
67056667047,67099415
67056667047,67099418
67056667047,67099437
67056667047,67099438
67056667047,67099449
67056667047,67099450
67056667047,67099452
67056667047,67099469
67056667047,67099475
67056667047,67099495
67056667047,67099496
67056667047,67099500
67056667047,67104144
67056667047,67104851
67056667047,67104855
67056667047,67105020
75335267917,131256
75335267917,131258
75335267917,67099229
75335267917,67099230
75335267917,67099233
75335267917,67099234
75335267917,67099235
75335267917,67099237
75335267917,67099238
75335267917,67099278
75335267917,67099578
75335267917,67099581
75335267917,67099588
75335267917,67099609
75335267917,67099611
75335267917,67099627
75335267917,67099628
75335267917,67099644
75335267917,67099648
75335267917,67099653
75335267917,67099673
75335267917,67099678
75335267917,67099710
75335267917,67099718
75335267917,67099728
75335267917,67099737
75335267917,67099748
75335267917,67099749
75335267917,67099759
75335267917,67099775
75335267917,67099794
75335267917,67099801
75335267917,67099802
75335267917,67099807
75335267917,67099808
75335267917,67099809
75335267917,67099818
75335267917,67099820
75335267917,67099821
75335267917,67099822
75335267917,67099824
75335267917,67099825
75335267917,67099847
75335267917,67099854
75335267917,67099863
75335267917,67099864
75335267917,67099865
75335267917,67099866
75335267917,67099872
75335267917,67099874
75335267917,67099875
75335267917,67099882
75335267917,67099889
75335267917,67099899
75335267917,67099900
75335267917,67099910
75335267917,67099911
75335267917,67099924
75335267917,67099951
75335267917,67101970
75335267917,67102031
75335267917,67102080
75335267917,67102561
75335267917,67103871
75335267917,67103913
75335267917,67104033
75335267917,67105594
75335267917,67105737
75335267917,67105768
75335267917,67105799
75335267917,67105867
75335267917,67106436
75335267917,67106545
75335267917,67106727
75335267917,67106761
75335267917,67106922
75335267917,67107247
75335267917,67107723
75335267917,67108452
75335267917,67108470
75335267917,67108472
75335267917,67108486
75335267917,67108491
75335267917,67108503
75335267917,67108515
75335267917,67108529
75335267917,67108537
75335267917,67108540
75335267917,67108571
75335267917,67108579
75335267917,67108602
75335267917,67108617
75335267917,67108618
75335267917,67108644
75335267917,67108645
75335267917,67108650
75335267917,67108651
75335267917,67108661
75335267917,67108663
75335267917,67108664
75335267917,67108665
75335267917,67108667
75335267917,67108668
75335267917,67108674
75335267917,67108690
75335267917,67108693
75335267917,67108697
75335267917,67108700
75335267917,67108707
75335267917,67108708
75335267917,67108714
75335267917,67108716
75335267917,67108717
75335267917,67108718
75335267917,67108725
75335267917,67108732
75335267917,67108741
75335267917,67108742
75335267917,67108763
75335267917,67108767
75335267917,67108775
75335267917,67108776
83613868787,131253
83613868787,131260
83613868787,67099589
83613868787,67099602
83613868787,67099608
83613868787,67099620
83613868787,67099629
83613868787,67099657
83613868787,67099669
83613868787,67099691
83613868787,67099694
83613868787,67099697
83613868787,67099701
83613868787,67099708
83613868787,67099712
83613868787,67099713
83613868787,67099719
83613868787,67099720
83613868787,67099722
83613868787,67099751
83613868787,67099756
83613868787,67099762
83613868787,67099770
83613868787,67099777
83613868787,67099778
83613868787,67099798
83613868787,67099803
83613868787,67099805
83613868787,67099814
83613868787,67099815
83613868787,67099816
83613868787,67099823
83613868787,67099828
83613868787,67099833
83613868787,67099838
83613868787,67099849
83613868787,67099850
83613868787,67099858
83613868787,67099884
83613868787,67099907
83613868787,67099914
83613868787,67099922
83613868787,67099925
83613868787,67099926
83613868787,67099930
83613868787,67099945
83613868787,67099949
83613868787,67099950
83613868787,67101242
83613868787,67101361
83613868787,67101565
83613868787,67101743
83613868787,67103275
83613868787,67103813
83613868787,67105321
83613868787,67106421
83613868787,67106444
83613868787,67106601
83613868787,67106730
83613868787,67108376
83613868787,67108377
83613868787,67108380
83613868787,67108382
83613868787,67108383
83613868787,67108384
83613868787,67108385
83613868787,67108390
83613868787,67108391
83613868787,67108399
83613868787,67108400
83613868787,67108407
83613868787,67108409
83613868787,67108413
83613868787,67108414
83613868787,67108427
83613868787,67108445
83613868787,67108451
83613868787,67108462
83613868787,67108466
83613868787,67108499
83613868787,67108500
83613868787,67108510
83613868787,67108513
83613868787,67108516
83613868787,67108526
83613868787,67108534
83613868787,67108539
83613868787,67108556
83613868787,67108563
83613868787,67108564
83613868787,67108565
83613868787,67108573
83613868787,67108589
83613868787,67108599
83613868787,67108604
83613868787,67108613
83613868787,67108619
83613868787,67108620
83613868787,67108632
83613868787,67108647
83613868787,67108648
83613868787,67108654
83613868787,67108657
83613868787,67108681
83613868787,67108692
83613868787,67108701
83613868787,67108703
83613868787,67108724
83613868787,67108727
83613868787,67108729
83613868787,67108738
83613868787,67108764
83613868787,67108768
83613868787,67108769
83613868787,67108771
83613868787,67108772
83613868787,67108791
83613868787,67108792
83613868787,67108793
83613868787,67108794
91892469657,131251
91892469657,67099634
91892469657,67099659
91892469657,67099661
91892469657,67099670
91892469657,67099714
91892469657,67099716
91892469657,67099721
91892469657,67099723
91892469657,67099727
91892469657,67099734
91892469657,67099741
91892469657,67099747
91892469657,67099753
91892469657,67099755
91892469657,67099758
91892469657,67099767
91892469657,67099769
91892469657,67099771
91892469657,67099772
91892469657,67099774
91892469657,67099776
91892469657,67099779
91892469657,67099792
91892469657,67099795
91892469657,67099810
91892469657,67099813
91892469657,67099870
91892469657,67099928
91892469657,67099929
91892469657,67101095
91892469657,67103219
91892469657,67103375
91892469657,67103515
91892469657,67103550
91892469657,67103563
91892469657,67103617
91892469657,67103619
91892469657,67103640
91892469657,67103641
91892469657,67103657
91892469657,67103662
91892469657,67103687
91892469657,67103749
91892469657,67103784
91892469657,67103919
91892469657,67103967
91892469657,67104056
91892469657,67104060
91892469657,67104274
91892469657,67104366
91892469657,67104377
91892469657,67104413
91892469657,67104599
91892469657,67104642
91892469657,67104668
91892469657,67104700
91892469657,67104734
91892469657,67104740
91892469657,67104759
91892469657,67104761
91892469657,67104766
91892469657,67104782
91892469657,67104799
91892469657,67104801
91892469657,67104803
91892469657,67104807
91892469657,67104831
91892469657,67104837
91892469657,67104846
91892469657,67105019
91892469657,67105107
91892469657,67105159
91892469657,67105384
91892469657,67105574
91892469657,67105602
91892469657,67105697
91892469657,67105725
91892469657,67107589
91892469657,67107866
91892469657,67108464
91892469657,67108471
91892469657,67108476
91892469657,67108477
91892469657,67108502
91892469657,67108504
91892469657,67108518
91892469657,67108544
91892469657,67108553
91892469657,67108559
91892469657,67108561
91892469657,67108566
91892469657,67108570
91892469657,67108577
91892469657,67108580
91892469657,67108584
91892469657,67108594
91892469657,67108596
91892469657,67108597
91892469657,67108598
91892469657,67108600
91892469657,67108609
91892469657,67108612
91892469657,67108615
91892469657,67108621
91892469657,67108622
91892469657,67108635
91892469657,67108637
91892469657,67108638
91892469657,67108656
91892469657,67108658
91892469657,67108712
91892469657,67108750
91892469657,67108752
91892469657,67108754
91892469657,67108761
91892469657,67108766
91892469657,67108770
100171070527,67099603
100171070527,67099604
100171070527,67099605
100171070527,67099633
100171070527,67099636
100171070527,67099637
100171070527,67099640
100171070527,67099647
100171070527,67099650
100171070527,67099651
100171070527,67099652
100171070527,67099654
100171070527,67099656
100171070527,67099660
100171070527,67099663
100171070527,67099664
100171070527,67099666
100171070527,67099675
100171070527,67099676
100171070527,67099692
100171070527,67099693
100171070527,67099699
100171070527,67099703
100171070527,67099729
100171070527,67099730
100171070527,67099742
100171070527,67099773
100171070527,67099789
100171070527,67099797
100171070527,67099831
100171070527,67099869
100171070527,67099878
100171070527,67099887
100171070527,67099892
100171070527,67099908
100171070527,67099918
100171070527,67099927
100171070527,67099932
100171070527,67099935
100171070527,67099937
100171070527,67099938
100171070527,67101256
100171070527,67101261
100171070527,67101487
100171070527,67101617
100171070527,67101654
100171070527,67101667
100171070527,67101824
100171070527,67101842
100171070527,67101857
100171070527,67101858
100171070527,67101864
100171070527,67101927
100171070527,67101937
100171070527,67101993
100171070527,67102056
100171070527,67102073
100171070527,67102103
100171070527,67102155
100171070527,67102156
100171070527,67102162
100171070527,67102183
100171070527,67102239
100171070527,67102274
100171070527,67102316
100171070527,67102346
100171070527,67102406
100171070527,67102428
100171070527,67102453
100171070527,67103130
100171070527,67103263
100171070527,67104050
100171070527,67104120
100171070527,67107590
100171070527,67108087
100171070527,67108446
100171070527,67108469
100171070527,67108475
100171070527,67108478
100171070527,67108479
100171070527,67108483
100171070527,67108488
100171070527,67108490
100171070527,67108492
100171070527,67108493
100171070527,67108494
100171070527,67108495
100171070527,67108496
100171070527,67108506
100171070527,67108507
100171070527,67108508
100171070527,67108512
100171070527,67108517
100171070527,67108519
100171070527,67108520
100171070527,67108546
100171070527,67108557
100171070527,67108583
100171070527,67108585
100171070527,67108586
100171070527,67108590
100171070527,67108616
100171070527,67108639
100171070527,67108670
100171070527,67108687
100171070527,67108705
100171070527,67108715
100171070527,67108731
100171070527,67108735
100171070527,67108739
100171070527,67108751
100171070527,67108757
100171070527,67108774
100171070527,67108777
100171070527,67108778
100171070527,67108779
100171070527,67108780
100171070527,67108781
108449671397,67099610
108449671397,67099622
108449671397,67099662
108449671397,67099667
108449671397,67099668
108449671397,67099671
108449671397,67099674
108449671397,67099677
108449671397,67099679
108449671397,67099685
108449671397,67099740
108449671397,67099752
108449671397,67099754
108449671397,67099791
108449671397,67099796
108449671397,67099800
108449671397,67099811
108449671397,67099827
108449671397,67099829
108449671397,67099832
108449671397,67099835
108449671397,67099848
108449671397,67099853
108449671397,67099862
108449671397,67099868
108449671397,67099895
108449671397,67099923
108449671397,67099934
108449671397,67099944
108449671397,67101266
108449671397,67101615
108449671397,67101616
108449671397,67102250
108449671397,67102255
108449671397,67102298
108449671397,67102302
108449671397,67102370
108449671397,67102390
108449671397,67102401
108449671397,67102486
108449671397,67102504
108449671397,67102513
108449671397,67102565
108449671397,67102593
108449671397,67102600
108449671397,67102632
108449671397,67102633
108449671397,67102684
108449671397,67102705
108449671397,67102732
108449671397,67102736
108449671397,67102765
108449671397,67102773
108449671397,67102778
108449671397,67102779
108449671397,67102781
108449671397,67102892
108449671397,67102909
108449671397,67102912
108449671397,67103209
108449671397,67103546
108449671397,67103778
108449671397,67104028
108449671397,67104270
108449671397,67104298
108449671397,67104646
108449671397,67104693
108449671397,67105086
108449671397,67105174
108449671397,67105258
108449671397,67105265
108449671397,67105389
108449671397,67105438
108449671397,67105453
108449671397,67105455
108449671397,67105510
108449671397,67105689
108449671397,67105735
108449671397,67105765
108449671397,67105827
108449671397,67105828
108449671397,67105918
108449671397,67105974
108449671397,67105980
108449671397,67106150
108449671397,67106447
108449671397,67106648
108449671397,67107171
108449671397,67107202
108449671397,67107859
108449671397,67107919
108449671397,67108044
108449671397,67108088
108449671397,67108101
108449671397,67108150
108449671397,67108186
108449671397,67108248
108449671397,67108276
108449671397,67108453
108449671397,67108465
108449671397,67108505
108449671397,67108511
108449671397,67108514
108449671397,67108522
108449671397,67108548
108449671397,67108582
108449671397,67108588
108449671397,67108595
108449671397,67108634
108449671397,67108642
108449671397,67108669
108449671397,67108671
108449671397,67108675
108449671397,67108678
108449671397,67108696
108449671397,67108706
108449671397,67108711
108449671397,67108787
116728272267,67099279
116728272267,67099623
116728272267,67099624
116728272267,67099625
116728272267,67099626
116728272267,67099954
116728272267,67100332
116728272267,67101633
116728272267,67101634
116728272267,67101635
116728272267,67101637
116728272267,67101638
116728272267,67101640
116728272267,67101641
116728272267,67101644
116728272267,67101645
116728272267,67101646
116728272267,67101647
116728272267,67101648
116728272267,67101649
116728272267,67101650
116728272267,67101651
116728272267,67101652
116728272267,67101653
116728272267,67101655
116728272267,67101656
116728272267,67101657
116728272267,67101658
116728272267,67101659
116728272267,67101660
116728272267,67101661
116728272267,67101662
116728272267,67101663
116728272267,67101664
116728272267,67101665
116728272267,67101666
116728272267,67101668
116728272267,67101669
116728272267,67101670
116728272267,67101671
116728272267,67101672
116728272267,67101673
116728272267,67101674
116728272267,67101675
116728272267,67101676
116728272267,67101677
116728272267,67101678
116728272267,67101679
116728272267,67101680
116728272267,67101681
116728272267,67101682
116728272267,67101683
116728272267,67101684
116728272267,67101685
116728272267,67101686
116728272267,67101687
116728272267,67101688
116728272267,67101689
116728272267,67101690
116728272267,67101691
116728272267,67101692
116728272267,67101693
116728272267,67101694
116728272267,67101695
116728272267,67101696
116728272267,67101697
116728272267,67108467
116728272267,67108468
125006873137,131247
125006873137,131254
125006873137,67099617
125006873137,67099631
125006873137,67099645
125006873137,67099687
125006873137,67099695
125006873137,67099743
125006873137,67099766
125006873137,67099768
125006873137,67099812
125006873137,67099857
125006873137,67099861
125006873137,67099891
125006873137,67099909
125006873137,67099920
125006873137,67099921
125006873137,67099943
125006873137,67101120
125006873137,67101281
125006873137,67101284
125006873137,67101441
125006873137,67101469
125006873137,67101548
125006873137,67101790
125006873137,67101985
125006873137,67102079
125006873137,67102228
125006873137,67102665
125006873137,67102709
125006873137,67102935
125006873137,67102943
125006873137,67103078
125006873137,67103134
125006873137,67103216
125006873137,67103228
125006873137,67103229
125006873137,67103423
125006873137,67103529
125006873137,67103553
125006873137,67103666
125006873137,67103691
125006873137,67103694
125006873137,67103983
125006873137,67103997
125006873137,67104087
125006873137,67104221
125006873137,67104251
125006873137,67104262
125006873137,67104506
125006873137,67104531
125006873137,67104536
125006873137,67104584
125006873137,67104674
125006873137,67104739
125006873137,67104802
125006873137,67104829
125006873137,67105147
125006873137,67105229
125006873137,67105280
125006873137,67105310
125006873137,67105390
125006873137,67105456
125006873137,67105526
125006873137,67105603
125006873137,67106317
125006873137,67106665
125006873137,67106682
125006873137,67106797
125006873137,67106887
125006873137,67107015
125006873137,67107101
125006873137,67107226
125006873137,67107250
125006873137,67107343
125006873137,67107541
125006873137,67107630
125006873137,67107721
125006873137,67107746
125006873137,67107771
125006873137,67108060
125006873137,67108100
125006873137,67108227
125006873137,67108255
125006873137,67108337
125006873137,67108447
125006873137,67108454
125006873137,67108459
125006873137,67108460
125006873137,67108474
125006873137,67108480
125006873137,67108524
125006873137,67108605
125006873137,67108614
125006873137,67108633
125006873137,67108646
125006873137,67108688
125006873137,67108694
125006873137,67108698
125006873137,67108704
125006873137,67108713
125006873137,67108723
125006873137,67108733
125006873137,67108737
125006873137,67108755
125006873137,67108765
125006873137,67108786
