1379256614,134200757
1379256614,134200758
1379256614,134200759
1379256614,134200760
1379256614,134200761
1379256614,134201166
1379256614,134205161
42756955034,67231452
42756955034,67231453
42756955034,67231460
42756955034,134200199
42756955034,134200886
42756955034,134200891
42756955034,134200892
42756955034,134200894
42756955034,134200895
42756955034,134200896
42756955034,134200898
42756955034,134200899
42756955034,134200900
42756955034,134200901
42756955034,134200903
42756955034,134200904
42756955034,134200905
42756955034,134200908
42756955034,134200909
42756955034,134200911
42756955034,134200912
42756955034,134200913
42756955034,134200918
42756955034,134200921
42756955034,134200922
42756955034,134200923
42756955034,134200927
42756955034,134200929
42756955034,134200931
42756955034,134200933
42756955034,134200934
42756955034,134200935
42756955034,134200938
42756955034,134200939
42756955034,134200941
42756955034,134200945
42756955034,134200946
42756955034,134200947
42756955034,134200949
42756955034,134200950
42756955034,134200951
42756955034,134200952
42756955034,134200957
42756955034,134200958
42756955034,134200961
42756955034,134200962
42756955034,134200963
42756955034,134200965
42756955034,134200969
42756955034,134200970
42756955034,134200972
42756955034,134200973
42756955034,134200976
42756955034,134200977
42756955034,134200978
42756955034,134200979
42756955034,134200981
42756955034,134201167
42756955034,134201168
42756955034,134201169
42756955034,134201170
42756955034,134201172
42756955034,134201174
42756955034,134201175
42756955034,134201176
42756955034,134201178
42756955034,134201179
42756955034,134201181
42756955034,134201182
42756955034,134201183
42756955034,134201184
42756955034,134201185
42756955034,134201186
42756955034,134201187
42756955034,134201188
42756955034,134201189
42756955034,134201190
42756955034,134201191
42756955034,134201192
42756955034,134201193
42756955034,134201194
42756955034,134201195
42756955034,134201196
42756955034,134201197
42756955034,134201198
42756955034,134201199
42756955034,134201200
42756955034,134201202
42756955034,134201203
42756955034,134201204
42756955034,134201205
42756955034,134201206
42756955034,134201207
42756955034,134201208
42756955034,134201209
42756955034,134201210
42756955034,134201211
42756955034,134201212
42756955034,134201213
42756955034,134201214
42756955034,134201215
42756955034,134201216
42756955034,134201217
42756955034,134201218
42756955034,134201219
42756955034,134201220
42756955034,134201221
42756955034,134201222
42756955034,134201223
42756955034,134201224
42756955034,134201225
42756955034,134201226
42756955034,134201227
42756955034,134201228
42756955034,134201229
42756955034,134201230
42756955034,134201231
42756955034,134201232
42756955034,134201233
42756955034,134201234
42756955034,134201235
42756955034,134201237
42756955034,134201238
42756955034,134201240
42756955034,134201241
42756955034,134201242
42756955034,134201243
42756955034,134201244
42756955034,134201245
42756955034,134201246
42756955034,134201247
42756955034,134201248
42756955034,134201249
42756955034,134201250
42756955034,134201251
42756955034,134201252
42756955034,134201253
42756955034,134201254
42756955034,134201255
42756955034,134201256
42756955034,134201257
42756955034,134201258
42756955034,134201259
42756955034,134201260
42756955034,134201261
42756955034,134201262
42756955034,134201263
42756955034,134201264
42756955034,134201265
42756955034,134201267
42756955034,134201268
42756955034,134201269
42756955034,134201270
42756955034,134201271
42756955034,134201272
42756955034,134201273
42756955034,134201274
42756955034,134201275
42756955034,134201276
42756955034,134201277
42756955034,134201278
42756955034,134201279
42756955034,134201280
42756955034,134201281
42756955034,134201282
42756955034,134201283
42756955034,134201284
42756955034,134201285
42756955034,134201286
42756955034,134201287
42756955034,134201288
42756955034,134201289
42756955034,134201290
42756955034,134201291
42756955034,134201292
42756955034,134201293
42756955034,134201294
42756955034,134201295
42756955034,134201296
42756955034,134201297
42756955034,134201298
42756955034,134201299
42756955034,134201300
42756955034,134201301
42756955034,134201302
42756955034,134201303
42756955034,134201304
42756955034,134201305
42756955034,134201306
42756955034,134201307
42756955034,134201308
42756955034,134201309
42756955034,134201310
42756955034,134202022
42756955034,134202023
42756955034,134202024
42756955034,134202025
42756955034,134202026
42756955034,134202027
42756955034,134202028
42756955034,134202029
42756955034,134202030
42756955034,134202031
42756955034,134202033
42756955034,134202604
42756955034,134204840
42756955034,134204841
42756955034,134204842
42756955034,134204843
42756955034,134204844
42756955034,134204845
42756955034,134204846
42756955034,134204847
42756955034,134204848
42756955034,134204849
42756955034,134204850
42756955034,134204851
42756955034,134204852
42756955034,134204853
42756955034,134204854
42756955034,134204855
42756955034,134204856
42756955034,134204857
42756955034,134204858
42756955034,134204859
42756955034,134204860
42756955034,134204861
42756955034,134204862
42756955034,134204863
42756955034,134204864
42756955034,134204865
42756955034,134204866
42756955034,134204867
42756955034,134204868
42756955034,134204869
42756955034,134204870
42756955034,134204871
42756955034,134204872
42756955034,134204873
42756955034,134204874
42756955034,134204875
42756955034,134204876
42756955034,134204877
42756955034,134204878
42756955034,134204881
42756955034,134204886
42756955034,134204887
42756955034,134204888
42756955034,134204889
42756955034,134204890
42756955034,134204893
42756955034,134204895
42756955034,134204896
42756955034,134204897
42756955034,134204898
42756955034,134204899
42756955034,134204903
42756955034,134204904
42756955034,134204906
42756955034,134204907
42756955034,134204908
42756955034,134204912
42756955034,134204913
42756955034,134204916
42756955034,134204917
42756955034,134204918
42756955034,134204924
42756955034,134204925
42756955034,134204926
42756955034,134204927
42756955034,134204928
42756955034,134204929
42756955034,134204930
42756955034,134204932
42756955034,134204933
42756955034,134204934
42756955034,134204935
42756955034,134204936
42756955034,134204939
42756955034,134204940
42756955034,134204942
42756955034,134204943
42756955034,134204944
42756955034,134204945
42756955034,134204946
42756955034,134204947
42756955034,134204951
42756955034,134204952
42756955034,134204953
42756955034,134204955
42756955034,134204956
42756955034,134204957
42756955034,134204958
42756955034,134204960
42756955034,134204964
42756955034,134204965
42756955034,134204967
42756955034,134204968
42756955034,134204971
42756955034,134204972
42756955034,134204973
42756955034,134204974
42756955034,134205162
42756955034,134205163
42756955034,134205164
42756955034,134205165
42756955034,134205166
42756955034,134205167
42756955034,134205169
42756955034,134205170
42756955034,134205171
42756955034,134205173
42756955034,134205174
42756955034,134205176
42756955034,134205177
42756955034,134205178
42756955034,134205179
42756955034,134205180
42756955034,134205181
42756955034,134205182
42756955034,134205184
42756955034,134205185
42756955034,134205186
42756955034,134205187
42756955034,134205188
42756955034,134205189
42756955034,134205190
42756955034,134205191
42756955034,134205192
42756955034,134205193
42756955034,134205194
42756955034,134205195
42756955034,134205197
42756955034,134205198
42756955034,134205199
42756955034,134205200
42756955034,134205201
42756955034,134205202
42756955034,134205203
42756955034,134205204
42756955034,134205206
42756955034,134205207
42756955034,134205208
42756955034,134205209
42756955034,134205210
42756955034,134205211
42756955034,134205212
42756955034,134205213
42756955034,134205214
42756955034,134205215
42756955034,134205216
42756955034,134205217
42756955034,134205218
42756955034,134205219
42756955034,134205220
42756955034,134205221
42756955034,134205222
42756955034,134205223
42756955034,134205224
42756955034,134205225
42756955034,134205226
42756955034,134205227
42756955034,134205228
42756955034,134205229
42756955034,134205230
42756955034,134205232
42756955034,134205233
42756955034,134205235
42756955034,134205236
42756955034,134205237
42756955034,134205238
42756955034,134205239
42756955034,134205240
42756955034,134205241
42756955034,134205242
42756955034,134205243
42756955034,134205244
42756955034,134205245
42756955034,134205246
42756955034,134205248
42756955034,134205249
42756955034,134205250
42756955034,134205251
42756955034,134205252
42756955034,134205253
42756955034,134205254
42756955034,134205256
42756955034,134205257
42756955034,134205258
42756955034,134205259
42756955034,134205260
42756955034,134205261
42756955034,134205262
42756955034,134205263
42756955034,134205264
42756955034,134205265
42756955034,134205266
42756955034,134205267
42756955034,134205268
42756955034,134205269
42756955034,134205270
42756955034,134205271
42756955034,134205272
42756955034,134205273
42756955034,134205274
42756955034,134205275
42756955034,134205276
42756955034,134205277
42756955034,134205278
42756955034,134205279
42756955034,134205280
42756955034,134205281
42756955034,134205282
42756955034,134205283
42756955034,134205284
42756955034,134205285
42756955034,134205286
42756955034,134205287
42756955034,134205288
42756955034,134205289
42756955034,134205290
42756955034,134205291
42756955034,134205292
42756955034,134205293
42756955034,134205294
42756955034,134205295
42756955034,134205296
42756955034,134205297
42756955034,134205298
42756955034,134205299
42756955034,134205300
42756955034,134205301
42756955034,134205302
42756955034,134205303
42756955034,134205304
42756955034,134205305
42756955034,134206017
42756955034,134206018
42756955034,134206019
42756955034,134206020
42756955034,134206021
42756955034,134206022
42756955034,134206023
42756955034,134206024
42756955034,134206025
42756955034,134206026
42756955034,134206027
42756955034,134206028
42756955034,134208835
42756955034,134208836
42756955034,134208837
42756955034,134208838
42756955034,134208839
42756955034,134208841
42756955034,134208842
42756955034,134208843
42756955034,134208844
42756955034,134208845
42756955034,134208846
42756955034,134208847
42756955034,134208848
42756955034,134208849
42756955034,134208850
42756955034,134208851
42756955034,134208852
42756955034,134208853
42756955034,134208854
42756955034,134208855
42756955034,134208856
42756955034,134208857
42756955034,134208858
42756955034,134208859
42756955034,134208860
42756955034,134208861
42756955034,134208862
42756955034,134208863
42756955034,134208864
42756955034,134208865
42756955034,134208866
42756955034,134208867
42756955034,134208868
42756955034,134208869
42756955034,134208870
42756955034,134208871
42756955034,134208872
42756955034,134208874
42756955034,134208974
42756955034,134208976
42756955034,134208977
42756955034,134208978
42756955034,134208979
42756955034,134208981
42756955034,134208982
42756955034,134208983
42756955034,134208984
42756955034,134208985
42756955034,134208986
42756955034,134208987
42756955034,134208988
42756955034,134208989
42756955034,134208990
42756955034,134208991
42756955034,134208992
42756955034,134208993
42756955034,134208994
42756955034,134208995
42756955034,134208996
42756955034,134208997
42756955034,134208998
42756955034,134208999
42756955034,134209000
42756955034,134209001
84134653454,134199489
84134653454,134200226
84134653454,134203271
84134653454,134203272
84134653454,134203274
84134653454,134203275
84134653454,134203276
84134653454,134203277
84134653454,134203278
84134653454,134203279
84134653454,134203280
84134653454,134203282
84134653454,134203283
84134653454,134203285
84134653454,134203287
84134653454,134203288
84134653454,134203289
84134653454,134203290
84134653454,134203291
84134653454,134203293
84134653454,134203294
84134653454,134203295
84134653454,134203296
84134653454,134203298
84134653454,134203299
84134653454,134203302
84134653454,134203304
84134653454,134203305
84134653454,134203307
84134653454,134203308
84134653454,134203309
84134653454,134203310
84134653454,134203311
84134653454,134203312
84134653454,134203313
84134653454,134203314
84134653454,134203315
84134653454,134203317
84134653454,134203319
84134653454,134203320
84134653454,134203321
84134653454,134203322
84134653454,134203324
84134653454,134203325
84134653454,134203327
84134653454,134203328
84134653454,134203329
84134653454,134203331
84134653454,134203332
84134653454,134203334
84134653454,134203335
84134653454,134203338
84134653454,134203340
84134653454,134203341
84134653454,134203342
84134653454,134203343
84134653454,134203345
84134653454,134203346
84134653454,134203347
84134653454,134203348
84134653454,134203349
84134653454,134203350
84134653454,134203352
84134653454,134203353
84134653454,134203354
84134653454,134203356
84134653454,134203358
84134653454,134203359
84134653454,134203360
84134653454,134203361
84134653454,134203362
84134653454,134203364
84134653454,134203366
84134653454,134203367
84134653454,134203368
84134653454,134203370
84134653454,134203371
84134653454,134203372
84134653454,134203373
84134653454,134203375
84134653454,134203376
84134653454,134203377
84134653454,134203378
84134653454,134203379
84134653454,134203382
84134653454,134203384
84134653454,134203385
84134653454,134203386
84134653454,134203388
84134653454,134203389
84134653454,134203391
84134653454,134203393
84134653454,134203394
84134653454,134203395
84134653454,134203396
84134653454,134203397
84134653454,134203398
84134653454,134203399
84134653454,134203400
84134653454,134203401
84134653454,134203403
84134653454,134203404
84134653454,134203405
84134653454,134203406
84134653454,134203408
84134653454,134203409
84134653454,134203410
84134653454,134203413
84134653454,134203414
84134653454,134203415
84134653454,134203416
84134653454,134203417
84134653454,134203418
84134653454,134203420
84134653454,134203421
84134653454,134203422
84134653454,134203423
84134653454,134203424
84134653454,134203425
84134653454,134203427
84134653454,134203428
84134653454,134203429
84134653454,134203430
84134653454,134203431
84134653454,134203432
84134653454,134203434
84134653454,134203436
84134653454,134203438
84134653454,134203439
84134653454,134203440
84134653454,134203442
84134653454,134203443
84134653454,134203444
84134653454,134203445
84134653454,134203448
84134653454,134203449
84134653454,134203450
84134653454,134203451
84134653454,134203452
84134653454,134203453
84134653454,134203454
84134653454,134203456
84134653454,134203457
84134653454,134203458
84134653454,134203459
84134653454,134203462
84134653454,134203463
84134653454,134203464
84134653454,134203465
84134653454,134203466
84134653454,134203467
84134653454,134203468
84134653454,134203469
84134653454,134203470
84134653454,134203471
84134653454,134203473
84134653454,134203474
84134653454,134203475
84134653454,134203476
84134653454,134203477
84134653454,134203479
84134653454,134203480
84134653454,134203481
84134653454,134203482
84134653454,134203483
84134653454,134203485
84134653454,134203486
84134653454,134203487
84134653454,134203488
84134653454,134203489
84134653454,134203491
84134653454,134203492
84134653454,134203494
84134653454,134203495
84134653454,134203497
84134653454,134203498
84134653454,134203499
84134653454,134203500
84134653454,134203501
84134653454,134203502
84134653454,134203506
84134653454,134203508
84134653454,134203509
84134653454,134203510
84134653454,134203511
84134653454,134203512
84134653454,134203513
84134653454,134203514
84134653454,134203515
84134653454,134203516
84134653454,134203517
84134653454,134203518
84134653454,134203519
84134653454,134203520
84134653454,134203521
84134653454,134203522
84134653454,134203523
84134653454,134203524
84134653454,134203525
84134653454,134203526
84134653454,134203527
84134653454,134203528
84134653454,134203529
84134653454,134203530
84134653454,134203531
84134653454,134203532
84134653454,134203533
84134653454,134203534
84134653454,134203535
84134653454,134203536
84134653454,134203537
84134653454,134203538
84134653454,134203539
84134653454,134203540
84134653454,134203541
84134653454,134203542
84134653454,134203543
84134653454,134203544
84134653454,134203545
84134653454,134203546
84134653454,134203547
84134653454,134203548
84134653454,134203549
84134653454,134203550
84134653454,134203551
84134653454,134203552
84134653454,134203553
84134653454,134203554
84134653454,134203555
84134653454,134203556
84134653454,134203557
84134653454,134203558
84134653454,134203559
84134653454,134203560
84134653454,134203561
84134653454,134203562
84134653454,134203563
84134653454,134203564
84134653454,134203565
84134653454,134203566
84134653454,134203567
84134653454,134203568
84134653454,134203569
84134653454,134203570
84134653454,134203571
84134653454,134203572
84134653454,134203573
84134653454,134203574
84134653454,134203575
84134653454,134203576
84134653454,134203577
84134653454,134203578
84134653454,134203579
84134653454,134207266
84134653454,134207267
84134653454,134207268
84134653454,134207269
84134653454,134207270
84134653454,134207272
84134653454,134207273
84134653454,134207275
84134653454,134207276
84134653454,134207277
84134653454,134207280
84134653454,134207281
84134653454,134207282
84134653454,134207283
84134653454,134207284
84134653454,134207285
84134653454,134207286
84134653454,134207288
84134653454,134207289
84134653454,134207290
84134653454,134207291
84134653454,134207293
84134653454,134207294
84134653454,134207296
84134653454,134207297
84134653454,134207298
84134653454,134207299
84134653454,134207300
84134653454,134207302
84134653454,134207303
84134653454,134207304
84134653454,134207305
84134653454,134207306
84134653454,134207307
84134653454,134207308
84134653454,134207309
84134653454,134207310
84134653454,134207311
84134653454,134207312
84134653454,134207314
84134653454,134207315
84134653454,134207316
84134653454,134207317
84134653454,134207318
84134653454,134207319
84134653454,134207320
84134653454,134207322
84134653454,134207323
84134653454,134207324
84134653454,134207325
84134653454,134207326
84134653454,134207327
84134653454,134207329
84134653454,134207330
84134653454,134207332
84134653454,134207333
84134653454,134207335
84134653454,134207336
84134653454,134207337
84134653454,134207338
84134653454,134207340
84134653454,134207341
84134653454,134207342
84134653454,134207343
84134653454,134207344
84134653454,134207345
84134653454,134207347
84134653454,134207348
84134653454,134207349
84134653454,134207351
84134653454,134207352
84134653454,134207353
84134653454,134207354
84134653454,134207356
84134653454,134207357
84134653454,134207358
84134653454,134207359
84134653454,134207362
84134653454,134207364
84134653454,134207365
84134653454,134207366
84134653454,134207369
84134653454,134207370
84134653454,134207372
84134653454,134207373
84134653454,134207374
84134653454,134207375
84134653454,134207377
84134653454,134207378
84134653454,134207379
84134653454,134207381
84134653454,134207382
84134653454,134207383
84134653454,134207386
84134653454,134207387
84134653454,134207388
84134653454,134207389
84134653454,134207390
84134653454,134207392
84134653454,134207393
84134653454,134207394
84134653454,134207395
84134653454,134207396
84134653454,134207398
84134653454,134207399
84134653454,134207400
84134653454,134207401
84134653454,134207403
84134653454,134207404
84134653454,134207405
84134653454,134207408
84134653454,134207409
84134653454,134207410
84134653454,134207411
84134653454,134207412
84134653454,134207415
84134653454,134207416
84134653454,134207417
84134653454,134207418
84134653454,134207419
84134653454,134207420
84134653454,134207421
84134653454,134207422
84134653454,134207424
84134653454,134207425
84134653454,134207426
84134653454,134207427
84134653454,134207429
84134653454,134207430
84134653454,134207431
84134653454,134207432
84134653454,134207433
84134653454,134207434
84134653454,134207435
84134653454,134207437
84134653454,134207438
84134653454,134207439
84134653454,134207440
84134653454,134207443
84134653454,134207444
84134653454,134207447
84134653454,134207449
84134653454,134207451
84134653454,134207452
84134653454,134207453
84134653454,134207454
84134653454,134207456
84134653454,134207457
84134653454,134207458
84134653454,134207459
84134653454,134207460
84134653454,134207462
84134653454,134207463
84134653454,134207464
84134653454,134207465
84134653454,134207466
84134653454,134207467
84134653454,134207468
84134653454,134207469
84134653454,134207470
84134653454,134207471
84134653454,134207472
84134653454,134207474
84134653454,134207475
84134653454,134207476
84134653454,134207477
84134653454,134207478
84134653454,134207480
84134653454,134207481
84134653454,134207482
84134653454,134207483
84134653454,134207484
84134653454,134207486
84134653454,134207487
84134653454,134207489
84134653454,134207490
84134653454,134207492
84134653454,134207493
84134653454,134207494
84134653454,134207495
84134653454,134207496
84134653454,134207497
84134653454,134207499
84134653454,134207501
84134653454,134207502
84134653454,134207503
84134653454,134207504
84134653454,134207505
84134653454,134207506
84134653454,134207507
84134653454,134207508
84134653454,134207509
84134653454,134207510
84134653454,134207511
84134653454,134207512
84134653454,134207513
84134653454,134207514
84134653454,134207515
84134653454,134207516
84134653454,134207517
84134653454,134207518
84134653454,134207519
84134653454,134207520
84134653454,134207521
84134653454,134207522
84134653454,134207523
84134653454,134207524
84134653454,134207525
84134653454,134207526
84134653454,134207527
84134653454,134207528
84134653454,134207529
84134653454,134207530
84134653454,134207531
84134653454,134207532
84134653454,134207533
84134653454,134207534
84134653454,134207535
84134653454,134207536
84134653454,134207537
84134653454,134207538
84134653454,134207539
84134653454,134207540
84134653454,134207541
84134653454,134207542
84134653454,134207543
84134653454,134207544
84134653454,134207545
84134653454,134207546
84134653454,134207547
84134653454,134207548
84134653454,134207549
84134653454,134207550
84134653454,134207551
84134653454,134207552
84134653454,134207553
84134653454,134207554
84134653454,134207555
84134653454,134207556
84134653454,134207557
84134653454,134207558
84134653454,134207559
84134653454,134207560
84134653454,134207561
84134653454,134207562
84134653454,134207563
84134653454,134207564
84134653454,134207565
84134653454,134207566
84134653454,134207567
84134653454,134207568
84134653454,134207569
84134653454,134207570
84134653454,134207571
84134653454,134207572
84134653454,134207573
84134653454,134207574
84134653454,134208875
125512351874,134202109
125512351874,134202110
125512351874,134202111
125512351874,134202112
125512351874,134202113
125512351874,134202114
125512351874,134202115
125512351874,134202117
125512351874,134202118
125512351874,134202119
125512351874,134202120
125512351874,134202121
125512351874,134202122
125512351874,134202123
125512351874,134202124
125512351874,134202125
125512351874,134202126
125512351874,134202128
125512351874,134202131
125512351874,134202132
125512351874,134202133
125512351874,134202134
125512351874,134202135
125512351874,134202136
125512351874,134202137
125512351874,134202138
125512351874,134202139
125512351874,134202140
125512351874,134202141
125512351874,134202142
125512351874,134202143
125512351874,134202144
125512351874,134202145
125512351874,134202146
125512351874,134202147
125512351874,134202149
125512351874,134202150
125512351874,134202151
125512351874,134202152
125512351874,134202153
125512351874,134202154
125512351874,134202155
125512351874,134202156
125512351874,134202157
125512351874,134202158
125512351874,134202159
125512351874,134202160
125512351874,134202161
125512351874,134202162
125512351874,134202163
125512351874,134202164
125512351874,134202165
125512351874,134202166
125512351874,134202167
125512351874,134202168
125512351874,134202169
125512351874,134202170
125512351874,134202171
125512351874,134202172
125512351874,134202173
125512351874,134202174
125512351874,134202175
125512351874,134202176
125512351874,134202177
125512351874,134202178
125512351874,134202179
125512351874,134202180
125512351874,134202181
125512351874,134202182
125512351874,134202185
125512351874,134202186
125512351874,134202187
125512351874,134202189
125512351874,134202190
125512351874,134202191
125512351874,134202192
125512351874,134202194
125512351874,134202195
125512351874,134202196
125512351874,134202197
125512351874,134202198
125512351874,134202199
125512351874,134202201
125512351874,134202202
125512351874,134202203
125512351874,134202204
125512351874,134202206
125512351874,134202208
125512351874,134202209
125512351874,134202210
125512351874,134202211
125512351874,134202212
125512351874,134202213
125512351874,134202214
125512351874,134202215
125512351874,134202216
125512351874,134202217
125512351874,134202218
125512351874,134202219
125512351874,134202220
125512351874,134202221
125512351874,134202222
125512351874,134202223
125512351874,134202224
125512351874,134202226
125512351874,134202227
125512351874,134202228
125512351874,134202229
125512351874,134202230
125512351874,134202231
125512351874,134202232
125512351874,134202233
125512351874,134202235
125512351874,134202236
125512351874,134202237
125512351874,134202238
125512351874,134202239
125512351874,134202240
125512351874,134202241
125512351874,134202242
125512351874,134202243
125512351874,134202244
125512351874,134202245
125512351874,134202246
125512351874,134202247
125512351874,134202248
125512351874,134202249
125512351874,134202250
125512351874,134202251
125512351874,134202252
125512351874,134202253
125512351874,134202254
125512351874,134202256
125512351874,134202257
125512351874,134202258
125512351874,134202259
125512351874,134202260
125512351874,134202263
125512351874,134202264
125512351874,134202265
125512351874,134202266
125512351874,134202267
125512351874,134202268
125512351874,134202269
125512351874,134202270
125512351874,134202272
125512351874,134202273
125512351874,134202275
125512351874,134202277
125512351874,134202278
125512351874,134202279
125512351874,134202280
125512351874,134202281
125512351874,134202282
125512351874,134202283
125512351874,134202284
125512351874,134202285
125512351874,134202286
125512351874,134202287
125512351874,134202288
125512351874,134202289
125512351874,134202290
125512351874,134202291
125512351874,134202292
125512351874,134202293
125512351874,134202294
125512351874,134202295
125512351874,134202296
125512351874,134202297
125512351874,134202298
125512351874,134202299
125512351874,134202300
125512351874,134202301
125512351874,134202302
125512351874,134202303
125512351874,134202304
125512351874,134202305
125512351874,134202306
125512351874,134202307
125512351874,134202308
125512351874,134202309
125512351874,134202310
125512351874,134202311
125512351874,134202312
125512351874,134202314
125512351874,134202315
125512351874,134202316
125512351874,134202317
125512351874,134202318
125512351874,134202319
125512351874,134202320
125512351874,134202323
125512351874,134202324
125512351874,134202325
125512351874,134202326
125512351874,134202327
125512351874,134202328
125512351874,134202329
125512351874,134202330
125512351874,134202331
125512351874,134202333
125512351874,134202334
125512351874,134202336
125512351874,134202337
125512351874,134202338
125512351874,134202339
125512351874,134202340
125512351874,134202341
125512351874,134202342
125512351874,134202343
125512351874,134202344
125512351874,134202345
125512351874,134202346
125512351874,134202347
125512351874,134202348
125512351874,134202349
125512351874,134202350
125512351874,134202351
125512351874,134202352
125512351874,134202353
125512351874,134202354
125512351874,134202355
125512351874,134202357
125512351874,134202358
125512351874,134202360
125512351874,134202361
125512351874,134202362
125512351874,134202363
125512351874,134202364
125512351874,134202365
125512351874,134202366
125512351874,134202367
125512351874,134202368
125512351874,134202369
125512351874,134202370
125512351874,134202371
125512351874,134202372
125512351874,134202373
125512351874,134202374
125512351874,134202375
125512351874,134202376
125512351874,134202377
125512351874,134202378
125512351874,134202379
125512351874,134202380
125512351874,134202381
125512351874,134202382
125512351874,134202383
125512351874,134202384
125512351874,134202385
125512351874,134202386
125512351874,134202387
125512351874,134202388
125512351874,134202525
125512351874,134206104
125512351874,134206105
125512351874,134206106
125512351874,134206107
125512351874,134206108
125512351874,134206109
125512351874,134206110
125512351874,134206112
125512351874,134206113
125512351874,134206114
125512351874,134206115
125512351874,134206116
125512351874,134206117
125512351874,134206118
125512351874,134206119
125512351874,134206120
125512351874,134206121
125512351874,134206123
125512351874,134206126
125512351874,134206127
125512351874,134206129
125512351874,134206130
125512351874,134206131
125512351874,134206133
125512351874,134206134
125512351874,134206135
125512351874,134206136
125512351874,134206138
125512351874,134206139
125512351874,134206140
125512351874,134206141
125512351874,134206142
125512351874,134206144
125512351874,134206145
125512351874,134206147
125512351874,134206148
125512351874,134206149
125512351874,134206150
125512351874,134206151
125512351874,134206152
125512351874,134206153
125512351874,134206154
125512351874,134206155
125512351874,134206156
125512351874,134206157
125512351874,134206158
125512351874,134206159
125512351874,134206160
125512351874,134206161
125512351874,134206162
125512351874,134206163
125512351874,134206164
125512351874,134206165
125512351874,134206166
125512351874,134206167
125512351874,134206168
125512351874,134206169
125512351874,134206170
125512351874,134206171
125512351874,134206173
125512351874,134206174
125512351874,134206175
125512351874,134206176
125512351874,134206177
125512351874,134206179
125512351874,134206180
125512351874,134206181
125512351874,134206182
125512351874,134206184
125512351874,134206185
125512351874,134206186
125512351874,134206187
125512351874,134206188
125512351874,134206189
125512351874,134206190
125512351874,134206191
125512351874,134206193
125512351874,134206194
125512351874,134206195
125512351874,134206196
125512351874,134206197
125512351874,134206198
125512351874,134206199
125512351874,134206200
125512351874,134206201
125512351874,134206203
125512351874,134206204
125512351874,134206205
125512351874,134206206
125512351874,134206208
125512351874,134206209
125512351874,134206210
125512351874,134206211
125512351874,134206212
125512351874,134206213
125512351874,134206214
125512351874,134206215
125512351874,134206216
125512351874,134206217
125512351874,134206218
125512351874,134206219
125512351874,134206220
125512351874,134206221
125512351874,134206222
125512351874,134206223
125512351874,134206224
125512351874,134206225
125512351874,134206226
125512351874,134206228
125512351874,134206229
125512351874,134206230
125512351874,134206231
125512351874,134206232
125512351874,134206233
125512351874,134206234
125512351874,134206235
125512351874,134206236
125512351874,134206237
125512351874,134206238
125512351874,134206239
125512351874,134206240
125512351874,134206241
125512351874,134206242
125512351874,134206243
125512351874,134206244
125512351874,134206245
125512351874,134206246
125512351874,134206247
125512351874,134206248
125512351874,134206249
125512351874,134206251
125512351874,134206252
125512351874,134206253
125512351874,134206254
125512351874,134206255
125512351874,134206258
125512351874,134206259
125512351874,134206260
125512351874,134206261
125512351874,134206262
125512351874,134206263
125512351874,134206264
125512351874,134206265
125512351874,134206266
125512351874,134206267
125512351874,134206268
125512351874,134206270
125512351874,134206271
125512351874,134206272
125512351874,134206273
125512351874,134206274
125512351874,134206275
125512351874,134206276
125512351874,134206277
125512351874,134206278
125512351874,134206279
125512351874,134206280
125512351874,134206281
125512351874,134206282
125512351874,134206283
125512351874,134206284
125512351874,134206285
125512351874,134206286
125512351874,134206287
125512351874,134206288
125512351874,134206289
125512351874,134206290
125512351874,134206291
125512351874,134206292
125512351874,134206293
125512351874,134206294
125512351874,134206295
125512351874,134206296
125512351874,134206297
125512351874,134206299
125512351874,134206300
125512351874,134206301
125512351874,134206302
125512351874,134206303
125512351874,134206304
125512351874,134206305
125512351874,134206306
125512351874,134206307
125512351874,134206308
125512351874,134206309
125512351874,134206310
125512351874,134206311
125512351874,134206312
125512351874,134206313
125512351874,134206314
125512351874,134206315
125512351874,134206317
125512351874,134206318
125512351874,134206319
125512351874,134206320
125512351874,134206321
125512351874,134206322
125512351874,134206323
125512351874,134206324
125512351874,134206325
125512351874,134206326
125512351874,134206327
125512351874,134206328
125512351874,134206329
125512351874,134206330
125512351874,134206331
125512351874,134206332
125512351874,134206333
125512351874,134206334
125512351874,134206335
125512351874,134206336
125512351874,134206337
125512351874,134206338
125512351874,134206339
125512351874,134206340
125512351874,134206341
125512351874,134206342
125512351874,134206343
125512351874,134206344
125512351874,134206345
125512351874,134206346
125512351874,134206347
125512351874,134206348
125512351874,134206349
125512351874,134206350
125512351874,134206351
125512351874,134206352
125512351874,134206353
125512351874,134206354
125512351874,134206355
125512351874,134206356
125512351874,134206357
125512351874,134206358
125512351874,134206359
125512351874,134206360
125512351874,134206361
125512351874,134206362
125512351874,134206363
125512351874,134206364
125512351874,134206365
125512351874,134206366
125512351874,134206367
125512351874,134206368
125512351874,134206369
125512351874,134206370
125512351874,134206371
125512351874,134206372
125512351874,134206373
125512351874,134206374
125512351874,134206375
125512351874,134206377
125512351874,134206378
125512351874,134206379
125512351874,134206380
125512351874,134206381
125512351874,134206382
125512351874,134206383
166890050294,67231454
166890050294,67231455
166890050294,67231457
166890050294,67231461
166890050294,67231462
166890050294,67231463
166890050294,67231465
166890050294,67231468
166890050294,134200887
166890050294,134200888
166890050294,134200893
166890050294,134200897
166890050294,134200914
166890050294,134200924
166890050294,134200925
166890050294,134200930
166890050294,134200937
166890050294,134200940
166890050294,134200942
166890050294,134200944
166890050294,134200954
166890050294,134200960
166890050294,134200971
166890050294,134201171
166890050294,134201177
166890050294,134201201
166890050294,134201236
166890050294,134201316
166890050294,134201317
166890050294,134201319
166890050294,134201322
166890050294,134201324
166890050294,134201325
166890050294,134201326
166890050294,134201327
166890050294,134201330
166890050294,134201331
166890050294,134201332
166890050294,134201336
166890050294,134201337
166890050294,134201339
166890050294,134201340
166890050294,134201341
166890050294,134201348
166890050294,134201349
166890050294,134201350
166890050294,134201352
166890050294,134201353
166890050294,134201354
166890050294,134201355
166890050294,134201356
166890050294,134201358
166890050294,134201364
166890050294,134201365
166890050294,134201366
166890050294,134201367
166890050294,134201369
166890050294,134201370
166890050294,134201371
166890050294,134201372
166890050294,134201373
166890050294,134201374
166890050294,134201376
166890050294,134201378
166890050294,134201379
166890050294,134201386
166890050294,134201388
166890050294,134201391
166890050294,134201396
166890050294,134201398
166890050294,134201401
166890050294,134201402
166890050294,134201403
166890050294,134201404
166890050294,134201410
166890050294,134201411
166890050294,134201414
166890050294,134201415
166890050294,134201416
166890050294,134201417
166890050294,134201419
166890050294,134201421
166890050294,134201422
166890050294,134201426
166890050294,134201427
166890050294,134201429
166890050294,134201432
166890050294,134201433
166890050294,134201434
166890050294,134201435
166890050294,134201436
166890050294,134201437
166890050294,134201440
166890050294,134201441
166890050294,134201442
166890050294,134201443
166890050294,134201444
166890050294,134201445
166890050294,134201447
166890050294,134201448
166890050294,134201450
166890050294,134201451
166890050294,134201454
166890050294,134201459
166890050294,134201461
166890050294,134201462
166890050294,134201463
166890050294,134201467
166890050294,134201468
166890050294,134201470
166890050294,134201472
166890050294,134201473
166890050294,134201477
166890050294,134201478
166890050294,134201479
166890050294,134201480
166890050294,134201483
166890050294,134201485
166890050294,134201486
166890050294,134201492
166890050294,134201495
166890050294,134201498
166890050294,134201500
166890050294,134201501
166890050294,134201503
166890050294,134201504
166890050294,134201505
166890050294,134201506
166890050294,134201507
166890050294,134201508
166890050294,134201509
166890050294,134201510
166890050294,134201513
166890050294,134201517
166890050294,134201518
166890050294,134201520
166890050294,134201522
166890050294,134201524
166890050294,134201526
166890050294,134201530
166890050294,134201533
166890050294,134201535
166890050294,134201537
166890050294,134201538
166890050294,134201539
166890050294,134201541
166890050294,134201544
166890050294,134201545
166890050294,134201546
166890050294,134201547
166890050294,134201548
166890050294,134201549
166890050294,134201552
166890050294,134201555
166890050294,134201556
166890050294,134201558
166890050294,134201560
166890050294,134201561
166890050294,134201562
166890050294,134201564
166890050294,134201565
166890050294,134201566
166890050294,134201567
166890050294,134201569
166890050294,134201570
166890050294,134201571
166890050294,134201574
166890050294,134201576
166890050294,134201577
166890050294,134201580
166890050294,134201581
166890050294,134201585
166890050294,134201587
166890050294,134201589
166890050294,134201591
166890050294,134201593
166890050294,134201595
166890050294,134201597
166890050294,134201598
166890050294,134202032
166890050294,134202034
166890050294,134202037
166890050294,134202038
166890050294,134202039
166890050294,134202043
166890050294,134202045
166890050294,134202047
166890050294,134202049
166890050294,134202050
166890050294,134202051
166890050294,134202053
166890050294,134202055
166890050294,134202056
166890050294,134202057
166890050294,134202058
166890050294,134202060
166890050294,134202061
166890050294,134202063
166890050294,134202064
166890050294,134202065
166890050294,134202067
166890050294,134202070
166890050294,134202072
166890050294,134202073
166890050294,134202074
166890050294,134202076
166890050294,134202077
166890050294,134202078
166890050294,134202079
166890050294,134202080
166890050294,134202081
166890050294,134202083
166890050294,134202084
166890050294,134202085
166890050294,134202087
166890050294,134202088
166890050294,134202092
166890050294,134202093
166890050294,134202094
166890050294,134202095
166890050294,134202099
166890050294,134202100
166890050294,134202103
166890050294,134202104
166890050294,134202105
166890050294,134202107
166890050294,134202108
166890050294,134202116
166890050294,134202129
166890050294,134202130
166890050294,134202148
166890050294,134202183
166890050294,134202188
166890050294,134202200
166890050294,134202205
166890050294,134202207
166890050294,134202234
166890050294,134202255
166890050294,134202261
166890050294,134202262
166890050294,134202271
166890050294,134202274
166890050294,134202276
166890050294,134202322
166890050294,134202332
166890050294,134202335
166890050294,134202356
166890050294,134202359
166890050294,134202390
166890050294,134202391
166890050294,134202392
166890050294,134202393
166890050294,134202394
166890050294,134202395
166890050294,134202398
166890050294,134202399
166890050294,134202400
166890050294,134202401
166890050294,134202403
166890050294,134202404
166890050294,134202405
166890050294,134202406
166890050294,134202592
166890050294,134203192
166890050294,134204882
166890050294,134204883
166890050294,134204891
166890050294,134204909
166890050294,134204919
166890050294,134204920
166890050294,134204949
166890050294,134205172
166890050294,134205183
166890050294,134205196
166890050294,134205231
166890050294,134205311
166890050294,134205314
166890050294,134205317
166890050294,134205319
166890050294,134205320
166890050294,134205321
166890050294,134205322
166890050294,134205325
166890050294,134205327
166890050294,134205331
166890050294,134205332
166890050294,134205334
166890050294,134205336
166890050294,134205343
166890050294,134205344
166890050294,134205345
166890050294,134205347
166890050294,134205349
166890050294,134205350
166890050294,134205351
166890050294,134205353
166890050294,134205359
166890050294,134205361
166890050294,134205364
166890050294,134205365
166890050294,134205366
166890050294,134205367
166890050294,134205368
166890050294,134205370
166890050294,134205371
166890050294,134205373
166890050294,134205374
166890050294,134205381
166890050294,134205383
166890050294,134205386
166890050294,134205390
166890050294,134205391
166890050294,134205392
166890050294,134205395
166890050294,134205397
166890050294,134205398
166890050294,134205400
166890050294,134205405
166890050294,134205408
166890050294,134205409
166890050294,134205410
166890050294,134205411
166890050294,134205412
166890050294,134205413
166890050294,134205414
166890050294,134205415
166890050294,134205416
166890050294,134205417
166890050294,134205421
166890050294,134205422
166890050294,134205424
166890050294,134205427
166890050294,134205428
166890050294,134205429
166890050294,134205430
166890050294,134205431
166890050294,134205432
166890050294,134205435
166890050294,134205436
166890050294,134205437
166890050294,134205439
166890050294,134205440
166890050294,134205441
166890050294,134205442
166890050294,134205443
166890050294,134205445
166890050294,134205449
166890050294,134205454
166890050294,134205455
166890050294,134205456
166890050294,134205458
166890050294,134205462
166890050294,134205463
166890050294,134205465
166890050294,134205467
166890050294,134205468
166890050294,134205472
166890050294,134205474
166890050294,134205475
166890050294,134205477
166890050294,134205480
166890050294,134205481
166890050294,134205487
166890050294,134205490
166890050294,134205492
166890050294,134205493
166890050294,134205495
166890050294,134205496
166890050294,134205498
166890050294,134205499
166890050294,134205500
166890050294,134205501
166890050294,134205502
166890050294,134205503
166890050294,134205504
166890050294,134205508
166890050294,134205512
166890050294,134205513
166890050294,134205515
166890050294,134205517
166890050294,134205519
166890050294,134205521
166890050294,134205524
166890050294,134205528
166890050294,134205530
166890050294,134205531
166890050294,134205532
166890050294,134205533
166890050294,134205534
166890050294,134205536
166890050294,134205539
166890050294,134205540
166890050294,134205541
166890050294,134205543
166890050294,134205544
166890050294,134205546
166890050294,134205547
166890050294,134205550
166890050294,134205551
166890050294,134205552
166890050294,134205553
166890050294,134205555
166890050294,134205556
166890050294,134205557
166890050294,134205559
166890050294,134205560
166890050294,134205561
166890050294,134205564
166890050294,134205565
166890050294,134205569
166890050294,134205571
166890050294,134205575
166890050294,134205580
166890050294,134205582
166890050294,134205586
166890050294,134205588
166890050294,134205589
166890050294,134205591
166890050294,134205592
166890050294,134205593
166890050294,134206031
166890050294,134206033
166890050294,134206034
166890050294,134206037
166890050294,134206040
166890050294,134206042
166890050294,134206043
166890050294,134206045
166890050294,134206048
166890050294,134206050
166890050294,134206051
166890050294,134206052
166890050294,134206053
166890050294,134206055
166890050294,134206058
166890050294,134206059
166890050294,134206060
166890050294,134206062
166890050294,134206065
166890050294,134206066
166890050294,134206067
166890050294,134206069
166890050294,134206070
166890050294,134206072
166890050294,134206073
166890050294,134206074
166890050294,134206075
166890050294,134206077
166890050294,134206079
166890050294,134206080
166890050294,134206082
166890050294,134206083
166890050294,134206087
166890050294,134206088
166890050294,134206089
166890050294,134206090
166890050294,134206093
166890050294,134206094
166890050294,134206095
166890050294,134206098
166890050294,134206099
166890050294,134206100
166890050294,134206102
166890050294,134206103
166890050294,134206124
166890050294,134206125
166890050294,134206128
166890050294,134206132
166890050294,134206137
166890050294,134206143
166890050294,134206146
166890050294,134206172
166890050294,134206178
166890050294,134206183
166890050294,134206202
166890050294,134206207
166890050294,134206227
166890050294,134206256
166890050294,134206257
166890050294,134206269
166890050294,134206385
166890050294,134206386
166890050294,134206387
166890050294,134206388
166890050294,134206389
166890050294,134206390
166890050294,134206393
166890050294,134206394
166890050294,134206395
166890050294,134206396
166890050294,134206397
166890050294,134206398
166890050294,134206399
166890050294,134206400
166890050294,134207187
166890050294,134208876
166890050294,134208877
166890050294,134208878
166890050294,134208879
166890050294,134208880
166890050294,134208881
166890050294,134208882
166890050294,134208883
166890050294,134208884
166890050294,134208885
166890050294,134208886
166890050294,134208887
166890050294,134208888
166890050294,134208889
208267748714,134200907
208267748714,134200936
208267748714,134200943
208267748714,134200948
208267748714,134200955
208267748714,134200959
208267748714,134200964
208267748714,134200968
208267748714,134200975
208267748714,134200980
208267748714,134201266
208267748714,134201311
208267748714,134201312
208267748714,134201313
208267748714,134201314
208267748714,134201315
208267748714,134201318
208267748714,134201320
208267748714,134201321
208267748714,134201323
208267748714,134201328
208267748714,134201329
208267748714,134201333
208267748714,134201335
208267748714,134201338
208267748714,134201342
208267748714,134201343
208267748714,134201344
208267748714,134201345
208267748714,134201346
208267748714,134201351
208267748714,134201357
208267748714,134201359
208267748714,134201360
208267748714,134201361
208267748714,134201362
208267748714,134201363
208267748714,134201368
208267748714,134201375
208267748714,134201381
208267748714,134201382
208267748714,134201383
208267748714,134201385
208267748714,134201387
208267748714,134201389
208267748714,134201390
208267748714,134201392
208267748714,134201393
208267748714,134201394
208267748714,134201395
208267748714,134201397
208267748714,134201399
208267748714,134201406
208267748714,134201407
208267748714,134201409
208267748714,134201412
208267748714,134201418
208267748714,134201420
208267748714,134201423
208267748714,134201424
208267748714,134201425
208267748714,134201428
208267748714,134201430
208267748714,134201431
208267748714,134201438
208267748714,134201439
208267748714,134201446
208267748714,134201449
208267748714,134201453
208267748714,134201455
208267748714,134201456
208267748714,134201457
208267748714,134201458
208267748714,134201460
208267748714,134201464
208267748714,134201466
208267748714,134201469
208267748714,134201471
208267748714,134201474
208267748714,134201475
208267748714,134201476
208267748714,134201481
208267748714,134201482
208267748714,134201484
208267748714,134201488
208267748714,134201489
208267748714,134201490
208267748714,134201493
208267748714,134201494
208267748714,134201496
208267748714,134201497
208267748714,134201499
208267748714,134201502
208267748714,134201511
208267748714,134201512
208267748714,134201514
208267748714,134201515
208267748714,134201516
208267748714,134201519
208267748714,134201521
208267748714,134201523
208267748714,134201525
208267748714,134201528
208267748714,134201529
208267748714,134201531
208267748714,134201532
208267748714,134201536
208267748714,134201540
208267748714,134201542
208267748714,134201543
208267748714,134201550
208267748714,134201551
208267748714,134201554
208267748714,134201557
208267748714,134201559
208267748714,134201563
208267748714,134201568
208267748714,134201572
208267748714,134201573
208267748714,134201575
208267748714,134201578
208267748714,134201579
208267748714,134201583
208267748714,134201584
208267748714,134201586
208267748714,134201588
208267748714,134201594
208267748714,134201596
208267748714,134201599
208267748714,134201601
208267748714,134201602
208267748714,134201603
208267748714,134201604
208267748714,134201605
208267748714,134201606
208267748714,134201607
208267748714,134201608
208267748714,134201609
208267748714,134201610
208267748714,134201611
208267748714,134201612
208267748714,134201614
208267748714,134201615
208267748714,134201616
208267748714,134201617
208267748714,134201618
208267748714,134201619
208267748714,134201620
208267748714,134201621
208267748714,134201623
208267748714,134201624
208267748714,134201625
208267748714,134201626
208267748714,134201627
208267748714,134201628
208267748714,134201630
208267748714,134201631
208267748714,134201632
208267748714,134201633
208267748714,134201634
208267748714,134201635
208267748714,134201637
208267748714,134201638
208267748714,134201639
208267748714,134201640
208267748714,134201641
208267748714,134201642
208267748714,134201643
208267748714,134201644
208267748714,134201645
208267748714,134201646
208267748714,134201647
208267748714,134201648
208267748714,134201650
208267748714,134201651
208267748714,134201652
208267748714,134201653
208267748714,134201654
208267748714,134201655
208267748714,134201656
208267748714,134201657
208267748714,134201658
208267748714,134201659
208267748714,134201660
208267748714,134201662
208267748714,134201663
208267748714,134201664
208267748714,134201665
208267748714,134201666
208267748714,134201667
208267748714,134201668
208267748714,134201669
208267748714,134201670
208267748714,134201671
208267748714,134201672
208267748714,134201673
208267748714,134201674
208267748714,134201675
208267748714,134201676
208267748714,134201677
208267748714,134201678
208267748714,134201679
208267748714,134201681
208267748714,134201682
208267748714,134201683
208267748714,134201684
208267748714,134201687
208267748714,134201688
208267748714,134201689
208267748714,134201690
208267748714,134201691
208267748714,134201692
208267748714,134201693
208267748714,134201694
208267748714,134201696
208267748714,134201697
208267748714,134201698
208267748714,134201699
208267748714,134201700
208267748714,134201701
208267748714,134202035
208267748714,134202036
208267748714,134202040
208267748714,134202041
208267748714,134202042
208267748714,134202044
208267748714,134202046
208267748714,134202048
208267748714,134202052
208267748714,134202054
208267748714,134202059
208267748714,134202062
208267748714,134202066
208267748714,134202068
208267748714,134202069
208267748714,134202071
208267748714,134202075
208267748714,134202082
208267748714,134202086
208267748714,134202096
208267748714,134202097
208267748714,134202098
208267748714,134202101
208267748714,134202102
208267748714,134202106
208267748714,134202127
208267748714,134204892
208267748714,134204900
208267748714,134204902
208267748714,134204923
208267748714,134204931
208267748714,134204938
208267748714,134204941
208267748714,134204950
208267748714,134204954
208267748714,134204959
208267748714,134204961
208267748714,134204963
208267748714,134204970
208267748714,134204975
208267748714,134205168
208267748714,134205175
208267748714,134205234
208267748714,134205255
208267748714,134205306
208267748714,134205307
208267748714,134205308
208267748714,134205309
208267748714,134205310
208267748714,134205312
208267748714,134205313
208267748714,134205316
208267748714,134205318
208267748714,134205323
208267748714,134205324
208267748714,134205326
208267748714,134205328
208267748714,134205330
208267748714,134205333
208267748714,134205335
208267748714,134205337
208267748714,134205338
208267748714,134205339
208267748714,134205341
208267748714,134205346
208267748714,134205348
208267748714,134205352
208267748714,134205354
208267748714,134205355
208267748714,134205356
208267748714,134205357
208267748714,134205358
208267748714,134205360
208267748714,134205363
208267748714,134205369
208267748714,134205375
208267748714,134205376
208267748714,134205377
208267748714,134205378
208267748714,134205380
208267748714,134205382
208267748714,134205384
208267748714,134205385
208267748714,134205387
208267748714,134205388
208267748714,134205389
208267748714,134205393
208267748714,134205399
208267748714,134205401
208267748714,134205402
208267748714,134205404
208267748714,134205406
208267748714,134205407
208267748714,134205418
208267748714,134205419
208267748714,134205420
208267748714,134205423
208267748714,134205425
208267748714,134205426
208267748714,134205433
208267748714,134205434
208267748714,134205438
208267748714,134205444
208267748714,134205446
208267748714,134205448
208267748714,134205450
208267748714,134205451
208267748714,134205452
208267748714,134205453
208267748714,134205457
208267748714,134205459
208267748714,134205461
208267748714,134205464
208267748714,134205466
208267748714,134205469
208267748714,134205470
208267748714,134205471
208267748714,134205473
208267748714,134205476
208267748714,134205478
208267748714,134205479
208267748714,134205482
208267748714,134205483
208267748714,134205484
208267748714,134205485
208267748714,134205488
208267748714,134205489
208267748714,134205491
208267748714,134205494
208267748714,134205497
208267748714,134205505
208267748714,134205506
208267748714,134205507
208267748714,134205509
208267748714,134205510
208267748714,134205514
208267748714,134205516
208267748714,134205518
208267748714,134205520
208267748714,134205523
208267748714,134205526
208267748714,134205527
208267748714,134205535
208267748714,134205537
208267748714,134205538
208267748714,134205542
208267748714,134205545
208267748714,134205549
208267748714,134205554
208267748714,134205558
208267748714,134205562
208267748714,134205563
208267748714,134205566
208267748714,134205567
208267748714,134205570
208267748714,134205572
208267748714,134205573
208267748714,134205574
208267748714,134205578
208267748714,134205579
208267748714,134205581
208267748714,134205583
208267748714,134205584
208267748714,134205587
208267748714,134205590
208267748714,134205594
208267748714,134205595
208267748714,134205597
208267748714,134205598
208267748714,134205599
208267748714,134205600
208267748714,134205601
208267748714,134205602
208267748714,134205603
208267748714,134205604
208267748714,134205605
208267748714,134205606
208267748714,134205607
208267748714,134205609
208267748714,134205610
208267748714,134205611
208267748714,134205612
208267748714,134205613
208267748714,134205614
208267748714,134205615
208267748714,134205616
208267748714,134205618
208267748714,134205619
208267748714,134205620
208267748714,134205621
208267748714,134205622
208267748714,134205623
208267748714,134205625
208267748714,134205626
208267748714,134205627
208267748714,134205628
208267748714,134205629
208267748714,134205630
208267748714,134205632
208267748714,134205633
208267748714,134205634
208267748714,134205635
208267748714,134205636
208267748714,134205637
208267748714,134205638
208267748714,134205639
208267748714,134205640
208267748714,134205641
208267748714,134205642
208267748714,134205643
208267748714,134205645
208267748714,134205646
208267748714,134205647
208267748714,134205648
208267748714,134205649
208267748714,134205650
208267748714,134205651
208267748714,134205653
208267748714,134205655
208267748714,134205656
208267748714,134205657
208267748714,134205659
208267748714,134205660
208267748714,134205661
208267748714,134205663
208267748714,134205665
208267748714,134205666
208267748714,134205667
208267748714,134205668
208267748714,134205669
208267748714,134205670
208267748714,134205671
208267748714,134205673
208267748714,134205674
208267748714,134205676
208267748714,134205677
208267748714,134205678
208267748714,134205679
208267748714,134205681
208267748714,134205682
208267748714,134205683
208267748714,134205684
208267748714,134205685
208267748714,134205686
208267748714,134205687
208267748714,134205689
208267748714,134205690
208267748714,134205691
208267748714,134205692
208267748714,134205693
208267748714,134205694
208267748714,134205695
208267748714,134205696
208267748714,134206029
208267748714,134206030
208267748714,134206032
208267748714,134206035
208267748714,134206036
208267748714,134206038
208267748714,134206039
208267748714,134206041
208267748714,134206046
208267748714,134206047
208267748714,134206049
208267748714,134206054
208267748714,134206056
208267748714,134206057
208267748714,134206061
208267748714,134206063
208267748714,134206064
208267748714,134206068
208267748714,134206071
208267748714,134206076
208267748714,134206078
208267748714,134206081
208267748714,134206091
208267748714,134206092
208267748714,134206096
208267748714,134206097
208267748714,134206101
208267748714,134206111
208267748714,134206122
249645447134,134199561
249645447134,134200917
249645447134,134201400
249645447134,134201592
249645447134,134201706
249645447134,134201721
249645447134,134201723
249645447134,134201730
249645447134,134201731
249645447134,134201744
249645447134,134201751
249645447134,134201753
249645447134,134201759
249645447134,134201776
249645447134,134201782
249645447134,134201783
249645447134,134201801
249645447134,134201802
249645447134,134201910
249645447134,134201980
249645447134,134201985
249645447134,134201988
249645447134,134201993
249645447134,134202010
249645447134,134202015
249645447134,134202021
249645447134,134202410
249645447134,134202428
249645447134,134202450
249645447134,134203214
249645447134,134203252
249645447134,134203503
249645447134,134203588
249645447134,134203589
249645447134,134203595
249645447134,134203605
249645447134,134204671
249645447134,134204672
249645447134,134204673
249645447134,134204674
249645447134,134204675
249645447134,134204676
249645447134,134204677
249645447134,134204678
249645447134,134204679
249645447134,134204680
249645447134,134204681
249645447134,134204682
249645447134,134204683
249645447134,134204684
249645447134,134204685
249645447134,134204686
249645447134,134204687
249645447134,134204688
249645447134,134204689
249645447134,134204690
249645447134,134204691
249645447134,134204692
249645447134,134204693
249645447134,134204694
249645447134,134204695
249645447134,134204696
249645447134,134204697
249645447134,134204698
249645447134,134204699
249645447134,134204700
249645447134,134204701
249645447134,134204702
249645447134,134204703
249645447134,134204704
249645447134,134204705
249645447134,134204706
249645447134,134204707
249645447134,134204708
249645447134,134204709
249645447134,134204710
249645447134,134204711
249645447134,134204712
249645447134,134204713
249645447134,134204714
249645447134,134204715
249645447134,134204716
249645447134,134204717
249645447134,134204718
249645447134,134204719
249645447134,134204720
249645447134,134204721
249645447134,134204722
249645447134,134204723
249645447134,134204724
249645447134,134204725
249645447134,134204726
249645447134,134204727
249645447134,134204728
249645447134,134204729
249645447134,134204730
249645447134,134204731
249645447134,134204732
249645447134,134204733
249645447134,134204734
249645447134,134204735
249645447134,134204736
249645447134,134204737
249645447134,134204738
249645447134,134204739
249645447134,134204740
249645447134,134204741
249645447134,134204742
249645447134,134204743
249645447134,134204744
249645447134,134204745
249645447134,134204746
249645447134,134204747
249645447134,134204748
249645447134,134204749
249645447134,134204750
249645447134,134204751
249645447134,134204752
249645447134,134204753
249645447134,134204754
249645447134,134204755
249645447134,134204756
249645447134,134204757
249645447134,134204758
249645447134,134204759
249645447134,134204760
249645447134,134204761
249645447134,134204762
249645447134,134204763
249645447134,134204764
249645447134,134204765
249645447134,134204766
249645447134,134204767
249645447134,134204768
249645447134,134204769
249645447134,134204770
249645447134,134204771
249645447134,134204772
249645447134,134204773
249645447134,134204774
249645447134,134204775
249645447134,134204776
249645447134,134204777
249645447134,134204778
249645447134,134204779
249645447134,134204780
249645447134,134204781
249645447134,134204782
249645447134,134204783
249645447134,134204784
249645447134,134204785
249645447134,134204786
249645447134,134204787
249645447134,134204788
249645447134,134204789
249645447134,134204790
249645447134,134204791
249645447134,134204792
249645447134,134204793
249645447134,134204794
249645447134,134204795
249645447134,134204796
249645447134,134204797
249645447134,134204798
249645447134,134204799
249645447134,134204800
249645447134,134204801
249645447134,134204802
249645447134,134204803
249645447134,134204804
249645447134,134204805
249645447134,134204806
249645447134,134204807
249645447134,134204808
249645447134,134204809
249645447134,134204810
249645447134,134204811
249645447134,134204812
249645447134,134204813
249645447134,134204814
249645447134,134204815
249645447134,134204816
249645447134,134204817
249645447134,134204818
249645447134,134204819
249645447134,134204820
249645447134,134204821
249645447134,134204822
249645447134,134204823
249645447134,134204824
249645447134,134204825
249645447134,134204826
249645447134,134204827
249645447134,134204828
249645447134,134204829
249645447134,134204830
249645447134,134204831
249645447134,134204832
249645447134,134204833
249645447134,134204834
249645447134,134204835
249645447134,134204836
249645447134,134204837
249645447134,134204838
249645447134,134204839
249645447134,134204922
249645447134,134205394
249645447134,134205511
249645447134,134205568
249645447134,134205577
249645447134,134205664
249645447134,134205701
249645447134,134205716
249645447134,134205718
249645447134,134205725
249645447134,134205726
249645447134,134205739
249645447134,134205746
249645447134,134205747
249645447134,134205754
249645447134,134205771
249645447134,134205777
249645447134,134205778
249645447134,134205796
249645447134,134205797
249645447134,134205905
249645447134,134205979
249645447134,134205980
249645447134,134205983
249645447134,134205987
249645447134,134206005
249645447134,134206010
249645447134,134206016
249645447134,134206086
249645447134,134206405
249645447134,134206423
249645447134,134206445
249645447134,134207209
249645447134,134207247
249645447134,134207442
249645447134,134207575
249645447134,134207583
249645447134,134207589
249645447134,134207599
249645447134,134207605
249645447134,134208666
249645447134,134208667
249645447134,134208668
249645447134,134208669
249645447134,134208670
249645447134,134208671
249645447134,134208672
249645447134,134208673
249645447134,134208674
249645447134,134208675
249645447134,134208676
249645447134,134208677
249645447134,134208678
249645447134,134208679
249645447134,134208680
249645447134,134208681
249645447134,134208682
249645447134,134208683
249645447134,134208684
249645447134,134208685
249645447134,134208686
249645447134,134208687
249645447134,134208688
249645447134,134208689
249645447134,134208690
249645447134,134208691
249645447134,134208692
249645447134,134208693
249645447134,134208694
249645447134,134208695
249645447134,134208696
249645447134,134208697
249645447134,134208698
249645447134,134208699
249645447134,134208700
249645447134,134208701
249645447134,134208702
249645447134,134208703
249645447134,134208704
249645447134,134208705
249645447134,134208706
249645447134,134208707
249645447134,134208708
249645447134,134208709
249645447134,134208710
249645447134,134208711
249645447134,134208712
249645447134,134208713
249645447134,134208714
249645447134,134208715
249645447134,134208716
249645447134,134208717
249645447134,134208718
249645447134,134208719
249645447134,134208720
249645447134,134208721
249645447134,134208722
249645447134,134208723
249645447134,134208724
249645447134,134208725
249645447134,134208726
249645447134,134208727
249645447134,134208728
249645447134,134208729
249645447134,134208730
249645447134,134208731
249645447134,134208732
249645447134,134208733
249645447134,134208734
249645447134,134208735
249645447134,134208736
249645447134,134208737
249645447134,134208738
249645447134,134208739
249645447134,134208740
249645447134,134208741
249645447134,134208742
249645447134,134208743
249645447134,134208744
249645447134,134208745
249645447134,134208746
249645447134,134208747
249645447134,134208748
249645447134,134208749
249645447134,134208750
249645447134,134208751
249645447134,134208752
249645447134,134208753
249645447134,134208754
249645447134,134208755
249645447134,134208756
249645447134,134208757
249645447134,134208758
249645447134,134208759
249645447134,134208760
249645447134,134208761
249645447134,134208762
249645447134,134208763
249645447134,134208764
249645447134,134208765
249645447134,134208766
249645447134,134208767
249645447134,134208768
249645447134,134208769
249645447134,134208770
249645447134,134208771
249645447134,134208772
249645447134,134208773
249645447134,134208774
249645447134,134208775
249645447134,134208776
249645447134,134208777
249645447134,134208778
249645447134,134208779
249645447134,134208780
249645447134,134208781
249645447134,134208782
249645447134,134208783
249645447134,134208784
249645447134,134208785
249645447134,134208786
249645447134,134208787
249645447134,134208788
249645447134,134208789
249645447134,134208790
249645447134,134208791
249645447134,134208792
249645447134,134208793
249645447134,134208794
249645447134,134208795
249645447134,134208796
249645447134,134208797
249645447134,134208798
249645447134,134208799
249645447134,134208800
249645447134,134208801
249645447134,134208802
249645447134,134208803
249645447134,134208804
249645447134,134208805
249645447134,134208806
249645447134,134208807
249645447134,134208808
249645447134,134208809
249645447134,134208810
249645447134,134208811
249645447134,134208812
249645447134,134208813
249645447134,134208814
249645447134,134208815
249645447134,134208816
249645447134,134208817
249645447134,134208818
249645447134,134208819
249645447134,134208820
249645447134,134208821
249645447134,134208822
249645447134,134208823
249645447134,134208824
249645447134,134208825
249645447134,134208826
249645447134,134208827
249645447134,134208828
249645447134,134208829
249645447134,134208830
249645447134,134208831
249645447134,134208832
249645447134,134208833
249645447134,134208834
249645447134,134208840
249645447134,134208890
249645447134,134208891
249645447134,134208892
249645447134,134208893
249645447134,134208894
249645447134,134208895
249645447134,134208896
249645447134,134208897
249645447134,134208898
249645447134,134208899
249645447134,134208900
249645447134,134208901
249645447134,134208902
249645447134,134208903
249645447134,134208904
249645447134,134208905
249645447134,134208906
249645447134,134208907
249645447134,134208908
249645447134,134208909
249645447134,134208910
249645447134,134208911
249645447134,134208912
249645447134,134208913
249645447134,134208914
249645447134,134208915
249645447134,134208916
249645447134,134208917
249645447134,134208918
249645447134,134208919
249645447134,134208920
249645447134,134208921
249645447134,134208922
249645447134,134208923
249645447134,134208924
249645447134,134208925
249645447134,134208926
249645447134,134208927
249645447134,134208928
249645447134,134208929
249645447134,134208930
249645447134,134208931
249645447134,134208932
249645447134,134208933
249645447134,134208934
249645447134,134208935
249645447134,134208936
249645447134,134208937
249645447134,134208938
249645447134,134208939
249645447134,134208940
249645447134,134208941
249645447134,134208942
249645447134,134208943
249645447134,134208944
249645447134,134208945
249645447134,134208946
249645447134,134208947
249645447134,134208948
249645447134,134208949
249645447134,134208950
249645447134,134208951
249645447134,134208952
249645447134,134208953
249645447134,134208954
249645447134,134208955
249645447134,134208956
249645447134,134208957
249645447134,134208958
249645447134,134208959
249645447134,134208960
249645447134,134208961
249645447134,134208962
249645447134,134208963
249645447134,134208964
249645447134,134208965
249645447134,134208966
249645447134,134208967
249645447134,134208968
249645447134,134208969
249645447134,134208970
249645447134,134208971
249645447134,134208972
249645447134,134208973
249645447134,134208975
249645447134,134208980
291023145554,67231467
291023145554,134200902
291023145554,134200906
291023145554,134200915
291023145554,134200920
291023145554,134200932
291023145554,134200974
291023145554,134201173
291023145554,134201180
291023145554,134201239
291023145554,134204879
291023145554,134204885
291023145554,134204910
291023145554,134204915
291023145554,134204937
291023145554,134204948
291023145554,134204969
291023145554,134205205
291023145554,134205315
332400843974,67231458
332400843974,67231459
332400843974,67231466
332400843974,134200172
332400843974,134201487
332400843974,134201553
332400843974,134201613
332400843974,134201702
332400843974,134201711
332400843974,134201716
332400843974,134201724
332400843974,134201733
332400843974,134201755
332400843974,134201780
332400843974,134201800
332400843974,134201825
332400843974,134201831
332400843974,134201846
332400843974,134201868
332400843974,134201875
332400843974,134201896
332400843974,134201903
332400843974,134201911
332400843974,134201912
332400843974,134201922
332400843974,134201948
332400843974,134201974
332400843974,134201983
332400843974,134202004
332400843974,134202020
332400843974,134202225
332400843974,134202397
332400843974,134202416
332400843974,134202434
332400843974,134202467
332400843974,134202479
332400843974,134202483
332400843974,134202498
332400843974,134202539
332400843974,134202568
332400843974,134202577
332400843974,134202598
332400843974,134202616
332400843974,134202617
332400843974,134202619
332400843974,134202620
332400843974,134202647
332400843974,134202654
332400843974,134202663
332400843974,134202701
332400843974,134202706
332400843974,134202714
332400843974,134202733
332400843974,134202757
332400843974,134202762
332400843974,134202765
332400843974,134202797
332400843974,134202833
332400843974,134202835
332400843974,134202841
332400843974,134202843
332400843974,134202869
332400843974,134202874
332400843974,134202892
332400843974,134202907
332400843974,134202926
332400843974,134202940
332400843974,134202953
332400843974,134202978
332400843974,134202981
332400843974,134202982
332400843974,134202985
332400843974,134202999
332400843974,134203009
332400843974,134203030
332400843974,134203042
332400843974,134203047
332400843974,134203052
332400843974,134203057
332400843974,134203065
332400843974,134203066
332400843974,134203071
332400843974,134203088
332400843974,134203105
332400843974,134203121
332400843974,134203127
332400843974,134203129
332400843974,134203134
332400843974,134203149
332400843974,134203157
332400843974,134203170
332400843974,134203173
332400843974,134203174
332400843974,134203187
332400843974,134203233
332400843974,134203254
332400843974,134203446
332400843974,134203647
332400843974,134203648
332400843974,134203658
332400843974,134203703
332400843974,134203716
332400843974,134203733
332400843974,134203755
332400843974,134203764
332400843974,134203816
332400843974,134203892
332400843974,134203896
332400843974,134203941
332400843974,134203957
332400843974,134204002
332400843974,134204003
332400843974,134204008
332400843974,134204023
332400843974,134204073
332400843974,134204078
332400843974,134204106
332400843974,134204133
332400843974,134204137
332400843974,134204140
332400843974,134204192
332400843974,134204199
332400843974,134204203
332400843974,134204206
332400843974,134204225
332400843974,134204248
332400843974,134204251
332400843974,134204265
332400843974,134204299
332400843974,134204311
332400843974,134204326
332400843974,134204363
332400843974,134204366
332400843974,134204376
332400843974,134204387
332400843974,134204391
332400843974,134204399
332400843974,134204402
332400843974,134204406
332400843974,134204407
332400843974,134204412
332400843974,134204414
332400843974,134204419
332400843974,134204420
332400843974,134204424
332400843974,134204434
332400843974,134204435
332400843974,134204444
332400843974,134204454
332400843974,134204472
332400843974,134204473
332400843974,134204474
332400843974,134204475
332400843974,134204476
332400843974,134204479
332400843974,134204480
332400843974,134204481
332400843974,134204489
332400843974,134204494
332400843974,134204497
332400843974,134204503
332400843974,134204507
332400843974,134204511
332400843974,134204514
332400843974,134204523
332400843974,134204527
332400843974,134204531
332400843974,134204532
332400843974,134204541
332400843974,134204543
332400843974,134204546
332400843974,134204550
332400843974,134204553
332400843974,134204556
332400843974,134204557
332400843974,134204561
332400843974,134204562
332400843974,134204564
332400843974,134204568
332400843974,134204570
332400843974,134204574
332400843974,134204585
332400843974,134204586
332400843974,134204587
332400843974,134204598
332400843974,134204602
332400843974,134204605
332400843974,134204611
332400843974,134204616
332400843974,134204618
332400843974,134204622
332400843974,134204626
332400843974,134204628
332400843974,134204632
332400843974,134204641
332400843974,134204643
332400843974,134204649
332400843974,134204650
332400843974,134204655
332400843974,134204660
332400843974,134204662
332400843974,134204665
332400843974,134204668
332400843974,134205247
332400843974,134205608
332400843974,134205706
332400843974,134205711
332400843974,134205719
332400843974,134205728
332400843974,134205750
332400843974,134205775
332400843974,134205795
332400843974,134205820
332400843974,134205826
332400843974,134205841
332400843974,134205863
332400843974,134205869
332400843974,134205891
332400843974,134205898
332400843974,134205906
332400843974,134205907
332400843974,134205917
332400843974,134205943
332400843974,134205969
332400843974,134205978
332400843974,134205999
332400843974,134206015
332400843974,134206392
332400843974,134206411
332400843974,134206429
332400843974,134206462
332400843974,134206474
332400843974,134206478
332400843974,134206493
332400843974,134206534
332400843974,134206563
332400843974,134206572
332400843974,134206592
332400843974,134206611
332400843974,134206612
332400843974,134206614
332400843974,134206641
332400843974,134206649
332400843974,134206657
332400843974,134206658
332400843974,134206696
332400843974,134206701
332400843974,134206709
332400843974,134206728
332400843974,134206752
332400843974,134206757
332400843974,134206759
332400843974,134206792
332400843974,134206828
332400843974,134206830
332400843974,134206836
332400843974,134206838
332400843974,134206864
332400843974,134206869
332400843974,134206886
332400843974,134206902
332400843974,134206921
332400843974,134206935
332400843974,134206948
332400843974,134206973
332400843974,134206976
332400843974,134206977
332400843974,134206979
332400843974,134206994
332400843974,134207004
332400843974,134207025
332400843974,134207036
332400843974,134207041
332400843974,134207046
332400843974,134207052
332400843974,134207060
332400843974,134207061
332400843974,134207066
332400843974,134207083
332400843974,134207099
332400843974,134207116
332400843974,134207121
332400843974,134207124
332400843974,134207128
332400843974,134207144
332400843974,134207152
332400843974,134207165
332400843974,134207168
332400843974,134207169
332400843974,134207182
332400843974,134207228
332400843974,134207249
332400843974,134207441
332400843974,134207638
332400843974,134207642
332400843974,134207653
332400843974,134207698
332400843974,134207711
332400843974,134207728
332400843974,134207750
332400843974,134207759
332400843974,134207793
332400843974,134207891
332400843974,134207936
332400843974,134207948
332400843974,134207997
332400843974,134207998
332400843974,134208003
332400843974,134208007
332400843974,134208068
332400843974,134208073
332400843974,134208101
332400843974,134208132
332400843974,134208135
332400843974,134208187
332400843974,134208194
332400843974,134208198
332400843974,134208200
332400843974,134208209
332400843974,134208220
332400843974,134208241
332400843974,134208246
332400843974,134208278
332400843974,134208306
332400843974,134208358
332400843974,134208361
332400843974,134208370
332400843974,134208371
332400843974,134208381
332400843974,134208385
332400843974,134208386
332400843974,134208394
332400843974,134208397
332400843974,134208402
332400843974,134208404
332400843974,134208406
332400843974,134208407
332400843974,134208408
332400843974,134208410
332400843974,134208414
332400843974,134208429
332400843974,134208430
332400843974,134208443
332400843974,134208449
332400843974,134208465
332400843974,134208467
332400843974,134208468
332400843974,134208469
332400843974,134208470
332400843974,134208471
332400843974,134208474
332400843974,134208475
332400843974,134208476
332400843974,134208484
332400843974,134208486
332400843974,134208489
332400843974,134208491
332400843974,134208492
332400843974,134208498
332400843974,134208506
332400843974,134208509
332400843974,134208510
332400843974,134208518
332400843974,134208522
332400843974,134208526
332400843974,134208527
332400843974,134208528
332400843974,134208530
332400843974,134208536
332400843974,134208541
332400843974,134208544
332400843974,134208545
332400843974,134208548
332400843974,134208551
332400843974,134208557
332400843974,134208559
332400843974,134208563
332400843974,134208567
332400843974,134208574
332400843974,134208580
332400843974,134208581
332400843974,134208583
332400843974,134208597
332400843974,134208600
332400843974,134208603
332400843974,134208606
332400843974,134208609
332400843974,134208612
332400843974,134208614
332400843974,134208617
332400843974,134208623
332400843974,134208625
332400843974,134208627
332400843974,134208631
332400843974,134208635
332400843974,134208640
332400843974,134208644
332400843974,134208646
332400843974,134208657
332400843974,134208661
