902036450,134193495
902036450,134193496
902036450,134193497
902036450,134193498
902036450,134193499
902036450,134193500
902036450,134193501
902036450,134193502
902036450,134193503
902036450,134193504
902036450,134193505
902036450,134193506
902036450,134193507
902036450,134193508
902036450,134193509
902036450,134193510
902036450,134193511
902036450,134193512
902036450,134193513
902036450,134193514
902036450,134193515
902036450,134193516
902036450,134193517
902036450,134193518
902036450,134193520
902036450,134193521
902036450,134193522
902036450,134193523
902036450,134193524
902036450,134193525
902036450,134193526
902036450,134193527
902036450,134193528
902036450,134193529
902036450,134193530
902036450,134193531
902036450,134193532
902036450,134193533
902036450,134193534
902036450,134193535
902036450,134193536
902036450,134193537
902036450,134193538
902036450,134193539
902036450,134193540
902036450,134193541
902036450,134193542
902036450,134193543
902036450,134193544
902036450,134193545
902036450,134193546
902036450,134193547
902036450,134193548
902036450,134193549
902036450,134193550
902036450,134193551
902036450,134193552
902036450,134193553
902036450,134193554
902036450,134193555
902036450,134193556
902036450,134193557
902036450,134193558
902036450,134193559
902036450,134193560
902036450,134193561
902036450,134193562
902036450,134193563
902036450,134193564
902036450,134193568
902036450,134193577
902036450,134193579
902036450,134193580
902036450,134193582
902036450,134193589
902036450,134193598
902036450,134193604
902036450,134193608
902036450,134193609
902036450,134193610
902036450,134193612
902036450,134193613
902036450,134193614
902036450,134193615
902036450,134193616
902036450,134193617
902036450,134193618
902036450,134193620
902036450,134193622
902036450,134193623
902036450,134193624
902036450,134193625
902036450,134193629
902036450,134193630
902036450,134193631
902036450,134193632
902036450,134193633
902036450,134193635
902036450,134193640
902036450,134193643
902036450,134193645
902036450,134193646
902036450,134193647
902036450,134193649
902036450,134193650
902036450,134193651
902036450,134193653
902036450,134193658
902036450,134193662
902036450,134193664
902036450,134193665
902036450,134193666
902036450,134193668
902036450,134193669
902036450,134193671
902036450,134193672
902036450,134193674
902036450,134193676
902036450,134193678
902036450,134193679
902036450,134193680
902036450,134193681
902036450,134193682
902036450,134193684
902036450,134193685
902036450,134193687
902036450,134193690
902036450,134193692
902036450,134193694
902036450,134193695
902036450,134193697
902036450,134193698
902036450,134193699
902036450,134193700
902036450,134193701
902036450,134193702
902036450,134193703
902036450,134193706
902036450,134193707
902036450,134193708
902036450,134193711
902036450,134193712
902036450,134193720
902036450,134193723
902036450,134193724
902036450,134193725
902036450,134193726
902036450,134193729
902036450,134193730
902036450,134193731
902036450,134193733
902036450,134193737
902036450,134193738
902036450,134193739
902036450,134193741
902036450,134193742
902036450,134193743
902036450,134193747
902036450,134193748
902036450,134193752
902036450,134193755
902036450,134193756
902036450,134193757
902036450,134193759
902036450,134193760
902036450,134193761
902036450,134193762
902036450,134193763
902036450,134193765
902036450,134193766
902036450,134193767
902036450,134193768
902036450,134193769
902036450,134193770
902036450,134193772
902036450,134193773
902036450,134193774
902036450,134193775
902036450,134193777
902036450,134193780
902036450,134193781
902036450,134193782
902036450,134193783
902036450,134193788
902036450,134193791
902036450,134193792
902036450,134193793
902036450,134193794
902036450,134193796
902036450,134193798
902036450,134193801
902036450,134193802
902036450,134193804
902036450,134193805
902036450,134193806
902036450,134193808
902036450,134193809
902036450,134193810
902036450,134193814
902036450,134193817
902036450,134193819
902036450,134193820
902036450,134193821
902036450,134193822
902036450,134193823
902036450,134193824
902036450,134193825
902036450,134193826
902036450,134193828
902036450,134193829
902036450,134193830
902036450,134193831
902036450,134193833
902036450,134193836
902036450,134193841
902036450,134193843
902036450,134193844
902036450,134193845
902036450,134193846
902036450,134193847
902036450,134193856
902036450,134195602
902036450,134202993
27963129950,67231438
27963129950,134190325
27963129950,134193897
27963129950,134193933
27963129950,134194157
27963129950,134194701
27963129950,134195253
27963129950,134195435
27963129950,134195989
27963129950,134196037
27963129950,134196273
27963129950,134196365
27963129950,134197002
27963129950,134197215
27963129950,134201030
27963129950,134201324
27963129950,134201548
27963129950,134202092
27963129950,134202644
27963129950,134202826
27963129950,134203380
27963129950,134203428
27963129950,134203664
27963129950,134203756
27963129950,134204393
27963129950,134204606
27963129950,134208421
27963129950,134208577
27963129950,134208639
27963129950,134208641
27963129950,134208642
27963129950,134208643
27963129950,134208644
27963129950,134208645
27963129950,134208646
27963129950,134208647
27963129950,134208648
27963129950,134208649
27963129950,134208650
27963129950,134208651
27963129950,134208652
27963129950,134208653
27963129950,134208654
27963129950,134208655
27963129950,134208657
27963129950,134208658
27963129950,134208659
27963129950,134208660
27963129950,134208661
27963129950,134208664
27963129950,134208665
27963129950,134208666
27963129950,134208667
27963129950,134208669
27963129950,134208670
27963129950,134208671
27963129950,134208672
27963129950,134208673
27963129950,134208674
27963129950,134208675
27963129950,134208676
27963129950,134208677
27963129950,134208679
27963129950,134208680
27963129950,134208681
27963129950,134208682
27963129950,134208687
27963129950,134208688
27963129950,134208689
27963129950,134208691
27963129950,134208693
27963129950,134208694
27963129950,134208695
27963129950,134208696
27963129950,134208700
27963129950,134208701
27963129950,134208703
27963129950,134208705
27963129950,134208706
27963129950,134208708
27963129950,134208720
27963129950,134208740
27963129950,134208754
27963129950,134208761
27963129950,134208774
27963129950,134208775
27963129950,134208844
27963129950,134208869
27963129950,134208873
27963129950,134208886
27963129950,134208891
27963129950,134208892
27963129950,134208894
27963129950,134208896
27963129950,134208902
27963129950,134208927
27963129950,134208946
27963129950,134208954
27963129950,134208965
27963129950,134208967
27963129950,134208968
27963129950,134208977
27963129950,134208985
27963129950,134208987
27963129950,134208988
27963129950,134208990
27963129950,134208998
