1096522560,134191616
1096522560,134192634
1096522560,134193622
1096522560,134193623
1096522560,134193624
1096522560,134193625
1096522560,134193626
1096522560,134193627
1096522560,134193628
1096522560,134193629
1096522560,134193630
1096522560,134193631
1096522560,134193632
1096522560,134193633
1096522560,134193634
1096522560,134193635
1096522560,134193636
1096522560,134193637
1096522560,134193638
1096522560,134193639
1096522560,134193640
1096522560,134193641
1096522560,134193642
1096522560,134193644
1096522560,134193645
1096522560,134193646
1096522560,134193647
1096522560,134193648
1096522560,134193649
1096522560,134193650
1096522560,134193651
1096522560,134193652
1096522560,134193653
1096522560,134193654
1096522560,134193655
1096522560,134193656
1096522560,134193657
1096522560,134193658
1096522560,134193683
1096522560,134193684
1096522560,134193685
1096522560,134193686
1096522560,134193687
1096522560,134193688
1096522560,134193689
1096522560,134193690
1096522560,134193691
1096522560,134193692
1096522560,134193693
1096522560,134193694
1096522560,134193695
1096522560,134193696
1096522560,134193697
1096522560,134193698
1096522560,134193699
1096522560,134193700
1096522560,134193701
1096522560,134193702
1096522560,134193703
1096522560,134193704
1096522560,134193706
1096522560,134193708
1096522560,134193710
1096522560,134193711
1096522560,134193712
1096522560,134193713
1096522560,134193714
1096522560,134193715
1096522560,134193718
1096522560,134194115
1096522560,134201604
33992199360,67231438
33992199360,134192802
33992199360,134192803
33992199360,134193730
33992199360,134193731
33992199360,134193733
33992199360,134193738
33992199360,134193739
33992199360,134198388
33992199360,134198389
33992199360,134198410
33992199360,134198437
33992199360,134198465
33992199360,134198470
33992199360,134198475
33992199360,134198480
33992199360,134198533
33992199360,134198534
33992199360,134198874
33992199360,134198877
33992199360,134198915
33992199360,134198916
33992199360,134198917
33992199360,134198920
33992199360,134198921
33992199360,134198923
33992199360,134198924
33992199360,134198926
33992199360,134198927
33992199360,134198930
33992199360,134198931
33992199360,134198938
33992199360,134198939
33992199360,134198940
33992199360,134198941
33992199360,134198942
33992199360,134198943
33992199360,134198944
33992199360,134198945
33992199360,134198946
33992199360,134198947
33992199360,134198948
33992199360,134198949
33992199360,134198950
33992199360,134198951
33992199360,134198952
33992199360,134198953
33992199360,134198954
33992199360,134198955
33992199360,134198956
33992199360,134198957
33992199360,134198958
33992199360,134198959
33992199360,134198960
33992199360,134198961
33992199360,134198962
33992199360,134198963
33992199360,134198964
33992199360,134198965
33992199360,134198966
33992199360,134198967
33992199360,134198968
33992199360,134198969
33992199360,134198970
33992199360,134198971
33992199360,134198972
33992199360,134198973
33992199360,134198974
33992199360,134198975
33992199360,134198976
33992199360,134198977
33992199360,134198978
33992199360,134198979
33992199360,134198980
33992199360,134198981
33992199360,134198982
33992199360,134198983
33992199360,134198984
33992199360,134198985
33992199360,134198986
33992199360,134198987
33992199360,134198988
33992199360,134198989
33992199360,134198990
33992199360,134198991
33992199360,134198992
33992199360,134198993
33992199360,134198994
33992199360,134198995
33992199360,134198996
33992199360,134198997
33992199360,134198998
33992199360,134198999
33992199360,134199000
33992199360,134199001
33992199360,134199002
33992199360,134199003
33992199360,134199004
33992199360,134199005
33992199360,134199006
33992199360,134199007
33992199360,134199008
33992199360,134199009
33992199360,134199010
33992199360,134199011
33992199360,134199012
33992199360,134199013
33992199360,134199014
33992199360,134199015
33992199360,134199016
33992199360,134199017
33992199360,134199018
33992199360,134199019
33992199360,134199020
33992199360,134199021
33992199360,134199022
33992199360,134199023
33992199360,134199024
33992199360,134199025
33992199360,134199026
33992199360,134199027
33992199360,134199028
33992199360,134199029
33992199360,134199030
33992199360,134199031
33992199360,134205877
33992199360,134205878
33992199360,134205899
33992199360,134205926
33992199360,134205927
33992199360,134205955
33992199360,134205959
33992199360,134205965
33992199360,134206023
33992199360,134206363
33992199360,134206366
33992199360,134206368
33992199360,134206404
33992199360,134206405
33992199360,134206406
33992199360,134206409
33992199360,134206410
33992199360,134206412
33992199360,134206413
33992199360,134206415
33992199360,134206417
33992199360,134206419
33992199360,134206420
33992199360,134206421
33992199360,134206427
33992199360,134206428
33992199360,134206429
33992199360,134206430
33992199360,134206431
33992199360,134206432
33992199360,134206433
33992199360,134206434
33992199360,134206435
33992199360,134206436
33992199360,134206437
33992199360,134206438
33992199360,134206439
33992199360,134206440
33992199360,134206441
33992199360,134206442
33992199360,134206443
33992199360,134206444
33992199360,134206445
33992199360,134206446
33992199360,134206447
33992199360,134206448
33992199360,134206449
33992199360,134206450
33992199360,134206451
33992199360,134206452
33992199360,134206453
33992199360,134206454
33992199360,134206455
33992199360,134206456
33992199360,134206457
33992199360,134206458
33992199360,134206459
33992199360,134206460
33992199360,134206461
33992199360,134206462
33992199360,134206463
33992199360,134206464
33992199360,134206465
33992199360,134206466
33992199360,134206467
33992199360,134206468
33992199360,134206469
33992199360,134206470
33992199360,134206471
33992199360,134206472
33992199360,134206473
33992199360,134206474
33992199360,134206475
33992199360,134206476
33992199360,134206477
33992199360,134206478
33992199360,134206479
33992199360,134206480
33992199360,134206481
33992199360,134206482
33992199360,134206483
33992199360,134206484
33992199360,134206485
33992199360,134206486
33992199360,134206487
33992199360,134206488
33992199360,134206489
33992199360,134206490
33992199360,134206491
33992199360,134206492
33992199360,134206493
33992199360,134206494
33992199360,134206495
33992199360,134206496
33992199360,134206497
33992199360,134206498
33992199360,134206499
33992199360,134206500
33992199360,134206501
33992199360,134206502
33992199360,134206503
33992199360,134206504
33992199360,134206505
33992199360,134206506
33992199360,134206507
33992199360,134206508
33992199360,134206509
33992199360,134206510
33992199360,134206511
33992199360,134206512
33992199360,134206513
33992199360,134206514
33992199360,134206515
33992199360,134206516
33992199360,134206517
33992199360,134206518
33992199360,134206519
33992199360,134206520
33992199360,134206521
33992199360,134208806
33992199360,134208807
33992199360,134208808
33992199360,134208809
33992199360,134208810
