1,192
1,67100098
1,67100299
1,67100516
1,67100702
1,67100903
1,67100904
1,67100905
1,67100906
1,67100907
1,67100908
1,67100909
1,67100910
1,67100911
1,67100912
1,67100913
1,67100914
1,67100915
1,67100916
1,67100917
1,67100918
1,67100919
1,67100920
1,67100921
1,67100922
1,67100923
1,67100924
1,67100925
1,67100926
1,67100927
1,67100928
1,67100929
1,67100930
1,67100931
1,67100932
1,67100933
1,67100934
1,67100935
1,67100936
1,67100937
1,67100938
1,67100939
1,67100940
1,67100941
1,67100942
1,67100943
1,67101263
1,67101264
1,67101265
1,67101266
1,67101267
1,67101268
1,67101269
1,67101270
1,67101271
1,67101272
1,67101273
1,67101274
1,67101275
1,67101276
1,67101277
1,67101278
1,67101279
1,67101280
1,67101281
1,67108593
1,67109052
