1,67099296
1,67100546
1,67100547
1,67100548
1,67100549
1,67100550
1,67100551
1,67100552
1,67100553
1,67100554
1,67100555
1,67100556
1,67100557
1,67100558
1,67100559
1,67100560
1,67100561
1,67100562
1,67100563
1,67100564
1,67100565
1,67100566
1,67100567
1,67100568
1,67100569
1,67100570
1,67100571
1,67100572
1,67100573
1,67100574
1,67100575
1,67100576
1,67100577
1,67100578
1,67100579
1,67100580
1,67100581
1,67100582
1,67100583
1,67100584
1,67100585
1,67100586
1,67100587
1,67100588
1,67100589
1,67100590
1,67100591
1,67100592
1,67100593
1,67100594
1,67100595
1,67100596
1,67100597
1,67100598
1,67100599
1,67100600
1,67100601
1,67100602
1,67100603
1,67100604
1,67100605
1,67100606
1,67100607
1,67100608
1,67100610
1,67100611
1,67100612
1,67100613
1,67100614
1,67100615
1,67100616
1,67100617
1,67100618
1,67100619
1,67100620
1,67100621
1,67100622
1,67100623
1,67100624
1,67100625
1,67100626
1,67100627
1,67100628
1,67100629
1,67100630
1,67100631
1,67100632
1,67100633
1,67100634
1,67100635
1,67100636
1,67100637
1,67100638
1,67100639
1,67100640
1,67100641
1,67100642
1,67100643
1,67100644
1,67100645
1,67100646
1,67100647
1,67100649
1,67100650
1,67100651
1,67100652
1,67100653
1,67100654
1,67100655
1,67100656
1,67100657
1,67100658
1,67100659
1,67100660
1,67100661
1,67100662
1,67100663
1,67100664
1,67100665
1,67100666
1,67100667
1,67100668
1,67100669
1,67100670
1,67100671
1,67100672
1,67100673
1,67100790
1,67100791
1,67104785
1,67104786
1,67108667
1,67109050
