1379256614,67099320
1379256614,67099908
1379256614,67100548
1379256614,67100549
1379256614,67100550
1379256614,67100551
1379256614,67100552
1379256614,67100553
1379256614,67100554
1379256614,67100555
1379256614,67100556
1379256614,67100557
1379256614,67100558
1379256614,67100559
1379256614,67100560
1379256614,67100561
1379256614,67100562
1379256614,67100563
1379256614,67100564
1379256614,67100565
1379256614,67100566
1379256614,67100567
1379256614,67100568
1379256614,67100569
1379256614,67100570
1379256614,67100571
1379256614,67100572
1379256614,67100573
1379256614,67100575
1379256614,67100576
1379256614,67100577
1379256614,67100578
1379256614,67100579
1379256614,67100580
1379256614,67100581
1379256614,67100582
1379256614,67100583
1379256614,67100584
1379256614,67100585
1379256614,67100586
1379256614,67100587
1379256614,67100588
1379256614,67100589
1379256614,67100590
1379256614,67100591
1379256614,67100592
1379256614,67100594
1379256614,67100595
1379256614,67100596
1379256614,67100597
1379256614,67100598
1379256614,67100599
1379256614,67100600
1379256614,67100601
1379256614,67100602
1379256614,67100603
1379256614,67100604
1379256614,67100605
1379256614,67100606
1379256614,67100607
1379256614,67100608
1379256614,67100609
1379256614,67100610
1379256614,67100611
1379256614,67100612
1379256614,67100613
1379256614,67100614
1379256614,67100615
1379256614,67100616
1379256614,67100617
1379256614,67100618
1379256614,67100619
1379256614,67100620
1379256614,67100621
1379256614,67100622
1379256614,67100623
1379256614,67100624
1379256614,67100625
1379256614,67100626
1379256614,67100627
1379256614,67100628
1379256614,67100629
1379256614,67100630
1379256614,67100631
1379256614,67100632
1379256614,67100633
1379256614,67100634
1379256614,67100635
1379256614,67100636
1379256614,67100637
1379256614,67100638
1379256614,67100639
1379256614,67100640
1379256614,67100641
1379256614,67100642
1379256614,67100643
1379256614,67100644
1379256614,67100645
1379256614,67100646
1379256614,67100647
1379256614,67100648
1379256614,67100649
1379256614,67100650
1379256614,67100651
1379256614,67100652
1379256614,67100653
1379256614,67100654
1379256614,67100655
1379256614,67100656
1379256614,67100657
1379256614,67100658
1379256614,67100659
1379256614,67100660
1379256614,67100661
1379256614,67100662
1379256614,67100663
1379256614,67100665
1379256614,67100666
1379256614,67100667
1379256614,67100668
1379256614,67100669
1379256614,67100670
1379256614,67100672
1379256614,67100673
1379256614,67100674
1379256614,67100675
1379256614,67100958
1379256614,67104953
15171822754,131244
15171822754,67099268
15171822754,67099915
15171822754,67100574
15171822754,67100593
15171822754,67100664
15171822754,67100671
15171822754,67100676
15171822754,67100677
15171822754,67100678
15171822754,67100679
15171822754,67100680
15171822754,67100681
15171822754,67100682
15171822754,67100683
15171822754,67100690
15171822754,67100691
15171822754,67100714
15171822754,67100736
15171822754,67100772
15171822754,67100788
15171822754,67100801
15171822754,67100810
15171822754,67100818
15171822754,67102282
15171822754,67102352
15171822754,67102365
15171822754,67102371
15171822754,67102374
15171822754,67102396
15171822754,67102405
15171822754,67102408
15171822754,67102426
15171822754,67102427
15171822754,67102428
15171822754,67102433
15171822754,67102439
15171822754,67102442
15171822754,67102452
15171822754,67102459
15171822754,67102471
15171822754,67102479
15171822754,67102480
15171822754,67102484
15171822754,67102485
15171822754,67103804
15171822754,67103822
15171822754,67103833
15171822754,67103841
15171822754,67103891
15171822754,67103899
15171822754,67103912
15171822754,67103916
15171822754,67104092
15171822754,67104649
15171822754,67104668
15171822754,67104671
15171822754,67104672
15171822754,67104673
15171822754,67104674
15171822754,67104675
15171822754,67104676
15171822754,67104677
15171822754,67104678
15171822754,67104685
15171822754,67104686
15171822754,67104709
15171822754,67104731
15171822754,67104766
15171822754,67104783
15171822754,67104796
15171822754,67104804
15171822754,67104813
15171822754,67106277
15171822754,67106347
15171822754,67106360
15171822754,67106366
15171822754,67106369
15171822754,67106391
15171822754,67106400
15171822754,67106403
15171822754,67106420
15171822754,67106422
15171822754,67106423
15171822754,67106427
15171822754,67106428
15171822754,67106433
15171822754,67106437
15171822754,67106447
15171822754,67106454
15171822754,67106466
15171822754,67106474
15171822754,67106475
15171822754,67106479
15171822754,67106480
15171822754,67107799
15171822754,67107816
15171822754,67107827
15171822754,67107836
15171822754,67107886
15171822754,67107894
15171822754,67107900
15171822754,67107907
15171822754,67107911
15171822754,67107927
15171822754,67108663
15171822754,67108664
15171822754,67108665
15171822754,67108666
15171822754,67108669
15171822754,67108670
15171822754,67108671
15171822754,67108672
15171822754,67108673
15171822754,67108674
15171822754,67108770
15171822754,67108772
15171822754,67108774
15171822754,67108775
15171822754,67108776
15171822754,67108778
15171822754,67108779
15171822754,67108781
15171822754,67108782
15171822754,67108783
15171822754,67108790
15171822754,67108791
15171822754,67108792
28964388894,131245
28964388894,131252
28964388894,67099269
28964388894,67099962
28964388894,67099963
28964388894,67100912
28964388894,67100913
28964388894,67100914
28964388894,67100915
28964388894,67100916
28964388894,67100917
28964388894,67100918
28964388894,67100919
28964388894,67100920
28964388894,67100921
28964388894,67100922
28964388894,67100923
28964388894,67100924
28964388894,67100925
28964388894,67100926
28964388894,67100927
28964388894,67100928
28964388894,67100929
28964388894,67100930
28964388894,67100931
28964388894,67100932
28964388894,67100933
28964388894,67100934
28964388894,67100935
28964388894,67100936
28964388894,67100937
28964388894,67100938
28964388894,67100939
28964388894,67100940
28964388894,67100941
28964388894,67100942
28964388894,67100943
28964388894,67100944
28964388894,67100945
28964388894,67100946
28964388894,67100947
28964388894,67100948
28964388894,67100949
28964388894,67100950
28964388894,67100951
28964388894,67100952
28964388894,67100953
28964388894,67100954
28964388894,67100955
28964388894,67100956
28964388894,67100957
28964388894,67100959
28964388894,67100960
28964388894,67100961
28964388894,67100962
28964388894,67100963
28964388894,67100964
28964388894,67100965
28964388894,67100966
28964388894,67100967
28964388894,67100968
28964388894,67100969
28964388894,67100970
28964388894,67100971
28964388894,67100972
28964388894,67100973
28964388894,67100974
28964388894,67104905
28964388894,67104908
28964388894,67104909
28964388894,67104910
28964388894,67104911
28964388894,67104912
28964388894,67104913
28964388894,67104914
28964388894,67104915
28964388894,67104916
28964388894,67104917
28964388894,67104918
28964388894,67104919
28964388894,67104920
28964388894,67104921
28964388894,67104922
28964388894,67104923
28964388894,67104924
28964388894,67104925
28964388894,67104926
28964388894,67104927
28964388894,67104928
28964388894,67104929
28964388894,67104930
28964388894,67104931
28964388894,67104932
28964388894,67104933
28964388894,67104934
28964388894,67104935
28964388894,67104936
28964388894,67104937
28964388894,67104938
28964388894,67104939
28964388894,67104940
28964388894,67104941
28964388894,67104942
28964388894,67104943
28964388894,67104944
28964388894,67104945
28964388894,67104946
28964388894,67104947
28964388894,67104948
28964388894,67104949
28964388894,67104950
28964388894,67104951
28964388894,67104952
28964388894,67104954
28964388894,67104955
28964388894,67104956
28964388894,67104957
28964388894,67104958
28964388894,67104959
28964388894,67104960
28964388894,67104961
28964388894,67104962
28964388894,67104963
28964388894,67104964
28964388894,67104965
28964388894,67104966
28964388894,67104967
28964388894,67104968
42756955034,131255
42756955034,67099991
42756955034,67099992
42756955034,67100790
42756955034,67100793
42756955034,67100797
42756955034,67100812
42756955034,67100813
42756955034,67100816
42756955034,67100820
42756955034,67100821
42756955034,67100823
42756955034,67100825
42756955034,67100827
42756955034,67100829
42756955034,67100831
42756955034,67100832
42756955034,67100834
42756955034,67100840
42756955034,67100976
42756955034,67100978
42756955034,67100981
42756955034,67100984
42756955034,67100986
42756955034,67100987
42756955034,67100988
42756955034,67100992
42756955034,67100995
42756955034,67100996
42756955034,67100999
42756955034,67101000
42756955034,67102285
42756955034,67102286
42756955034,67102353
42756955034,67102354
42756955034,67102355
42756955034,67102356
42756955034,67102357
42756955034,67102358
42756955034,67102359
42756955034,67102360
42756955034,67102362
42756955034,67102363
42756955034,67102364
42756955034,67102366
42756955034,67102367
42756955034,67102368
42756955034,67102369
42756955034,67102370
42756955034,67102372
42756955034,67102375
42756955034,67102376
42756955034,67102377
42756955034,67102378
42756955034,67102379
42756955034,67102380
42756955034,67102381
42756955034,67104664
42756955034,67104665
42756955034,67104666
42756955034,67104667
42756955034,67104669
42756955034,67104788
42756955034,67104791
42756955034,67104805
42756955034,67104807
42756955034,67104808
42756955034,67104815
42756955034,67104817
42756955034,67104820
42756955034,67104822
42756955034,67104826
42756955034,67104827
42756955034,67104828
42756955034,67104829
42756955034,67104971
42756955034,67104973
42756955034,67104976
42756955034,67104977
42756955034,67104979
42756955034,67104980
42756955034,67104981
42756955034,67104982
42756955034,67104985
42756955034,67104987
42756955034,67104990
42756955034,67104991
42756955034,67104994
42756955034,67104995
42756955034,67106276
42756955034,67106280
42756955034,67106281
42756955034,67106348
42756955034,67106349
42756955034,67106350
42756955034,67106351
42756955034,67106352
42756955034,67106353
42756955034,67106354
42756955034,67106355
42756955034,67106356
42756955034,67106357
42756955034,67106358
42756955034,67106359
42756955034,67106361
42756955034,67106362
42756955034,67106363
42756955034,67106364
42756955034,67106365
42756955034,67106367
42756955034,67106368
42756955034,67106370
42756955034,67106371
42756955034,67106372
42756955034,67106373
42756955034,67106374
42756955034,67106375
42756955034,67106376
42756955034,67106390
42756955034,67108659
42756955034,67108660
42756955034,67108661
42756955034,67108786
42756955034,67108789
42756955034,67108793
56549521174,131247
56549521174,131248
56549521174,131253
56549521174,67100694
56549521174,67100697
56549521174,67100702
56549521174,67100706
56549521174,67100773
56549521174,67100782
56549521174,67100854
56549521174,67100998
56549521174,67101001
56549521174,67101013
56549521174,67101018
56549521174,67101019
56549521174,67101022
56549521174,67101023
56549521174,67101031
56549521174,67101035
56549521174,67102297
56549521174,67102298
56549521174,67102300
56549521174,67102306
56549521174,67102309
56549521174,67102323
56549521174,67102324
56549521174,67102334
56549521174,67102336
56549521174,67102345
56549521174,67102346
56549521174,67102347
56549521174,67102351
56549521174,67102361
56549521174,67102385
56549521174,67102391
56549521174,67102394
56549521174,67102395
56549521174,67102397
56549521174,67102398
56549521174,67102403
56549521174,67102404
56549521174,67102412
56549521174,67102415
56549521174,67102420
56549521174,67102421
56549521174,67102422
56549521174,67102434
56549521174,67102435
56549521174,67102437
56549521174,67102438
56549521174,67102440
56549521174,67102441
56549521174,67102475
56549521174,67102481
56549521174,67102483
56549521174,67102488
56549521174,67102490
56549521174,67102493
56549521174,67102496
56549521174,67102497
56549521174,67102498
56549521174,67102499
56549521174,67103714
56549521174,67104653
56549521174,67104689
56549521174,67104692
56549521174,67104697
56549521174,67104701
56549521174,67104768
56549521174,67104777
56549521174,67104986
56549521174,67104993
56549521174,67104996
56549521174,67105013
56549521174,67105014
56549521174,67105017
56549521174,67105019
56549521174,67105026
56549521174,67105029
56549521174,67106286
56549521174,67106293
56549521174,67106295
56549521174,67106300
56549521174,67106318
56549521174,67106329
56549521174,67106331
56549521174,67106340
56549521174,67106341
56549521174,67106342
56549521174,67106346
56549521174,67106379
56549521174,67106386
56549521174,67106389
56549521174,67106392
56549521174,67106393
56549521174,67106398
56549521174,67106399
56549521174,67106406
56549521174,67106410
56549521174,67106415
56549521174,67106416
56549521174,67106421
56549521174,67106429
56549521174,67106430
56549521174,67106432
56549521174,67106434
56549521174,67106435
56549521174,67106436
56549521174,67106465
56549521174,67106470
56549521174,67106476
56549521174,67106478
56549521174,67106482
56549521174,67106483
56549521174,67106485
56549521174,67106487
56549521174,67106488
56549521174,67106491
56549521174,67106492
56549521174,67106493
56549521174,67108653
56549521174,67108680
56549521174,67108784
56549521174,67108787
70342087314,67100684
70342087314,67100685
70342087314,67100689
70342087314,67100693
70342087314,67100710
70342087314,67100712
70342087314,67100715
70342087314,67100718
70342087314,67100719
70342087314,67100721
70342087314,67100727
70342087314,67100734
70342087314,67100745
70342087314,67100754
70342087314,67100755
70342087314,67100757
70342087314,67100762
70342087314,67100786
70342087314,67100789
70342087314,67100795
70342087314,67100798
70342087314,67100809
70342087314,67100822
70342087314,67100830
70342087314,67100839
70342087314,67100843
70342087314,67100847
70342087314,67100853
70342087314,67100857
70342087314,67100858
70342087314,67100861
70342087314,67100862
70342087314,67100864
70342087314,67100985
70342087314,67100994
70342087314,67101003
70342087314,67101005
70342087314,67101006
70342087314,67101007
70342087314,67101009
70342087314,67101010
70342087314,67101011
70342087314,67101024
70342087314,67101032
70342087314,67101034
70342087314,67101039
70342087314,67101042
70342087314,67101043
70342087314,67101045
70342087314,67101046
70342087314,67101049
70342087314,67101051
70342087314,67101052
70342087314,67101053
70342087314,67101054
70342087314,67101055
70342087314,67101056
70342087314,67101057
70342087314,67101059
70342087314,67101061
70342087314,67101439
70342087314,67104679
70342087314,67104680
70342087314,67104684
70342087314,67104688
70342087314,67104693
70342087314,67104704
70342087314,67104706
70342087314,67104710
70342087314,67104713
70342087314,67104714
70342087314,67104722
70342087314,67104729
70342087314,67104748
70342087314,67104751
70342087314,67104752
70342087314,67104756
70342087314,67104757
70342087314,67104781
70342087314,67104784
70342087314,67104790
70342087314,67104792
70342087314,67104793
70342087314,67104811
70342087314,67104825
70342087314,67104833
70342087314,67104838
70342087314,67104842
70342087314,67104848
70342087314,67104852
70342087314,67104853
70342087314,67104856
70342087314,67104857
70342087314,67104859
70342087314,67104989
70342087314,67104998
70342087314,67105000
70342087314,67105001
70342087314,67105002
70342087314,67105004
70342087314,67105005
70342087314,67105006
70342087314,67105018
70342087314,67105027
70342087314,67105028
70342087314,67105034
70342087314,67105037
70342087314,67105038
70342087314,67105040
70342087314,67105041
70342087314,67105044
70342087314,67105046
70342087314,67105047
70342087314,67105048
70342087314,67105049
70342087314,67105051
70342087314,67105052
70342087314,67105054
70342087314,67105056
70342087314,67108668
70342087314,67108676
70342087314,67108677
70342087314,67108678
70342087314,67108679
84134653454,67103122
84134653454,67103123
84134653454,67103124
84134653454,67103125
84134653454,67103126
84134653454,67103127
84134653454,67103128
84134653454,67103129
84134653454,67103130
84134653454,67103131
84134653454,67103132
84134653454,67103133
84134653454,67103134
84134653454,67103135
84134653454,67103136
84134653454,67103137
84134653454,67103138
84134653454,67103139
84134653454,67103140
84134653454,67103141
84134653454,67103142
84134653454,67103143
84134653454,67103144
84134653454,67103145
84134653454,67103146
84134653454,67103147
84134653454,67103148
84134653454,67103149
84134653454,67103150
84134653454,67103151
84134653454,67103152
84134653454,67103153
84134653454,67103154
84134653454,67103155
84134653454,67103156
84134653454,67103157
84134653454,67103158
84134653454,67103159
84134653454,67103160
84134653454,67103161
84134653454,67103162
84134653454,67103163
84134653454,67103164
84134653454,67103165
84134653454,67103166
84134653454,67103167
84134653454,67103168
84134653454,67103169
84134653454,67103170
84134653454,67103171
84134653454,67103172
84134653454,67103173
84134653454,67103174
84134653454,67103175
84134653454,67103176
84134653454,67103177
84134653454,67103178
84134653454,67103179
84134653454,67103180
84134653454,67103181
84134653454,67103182
84134653454,67103183
84134653454,67103184
84134653454,67103371
84134653454,67107117
84134653454,67107118
84134653454,67107119
84134653454,67107120
84134653454,67107121
84134653454,67107122
84134653454,67107123
84134653454,67107124
84134653454,67107125
84134653454,67107126
84134653454,67107127
84134653454,67107128
84134653454,67107129
84134653454,67107130
84134653454,67107131
84134653454,67107132
84134653454,67107133
84134653454,67107134
84134653454,67107135
84134653454,67107136
84134653454,67107137
84134653454,67107138
84134653454,67107139
84134653454,67107140
84134653454,67107141
84134653454,67107142
84134653454,67107143
84134653454,67107144
84134653454,67107145
84134653454,67107146
84134653454,67107147
84134653454,67107148
84134653454,67107149
84134653454,67107150
84134653454,67107151
84134653454,67107152
84134653454,67107153
84134653454,67107154
84134653454,67107155
84134653454,67107156
84134653454,67107157
84134653454,67107158
84134653454,67107159
84134653454,67107160
84134653454,67107161
84134653454,67107162
84134653454,67107163
84134653454,67107164
84134653454,67107165
84134653454,67107166
84134653454,67107167
84134653454,67107168
84134653454,67107169
84134653454,67107170
84134653454,67107171
84134653454,67107172
84134653454,67107173
84134653454,67107174
84134653454,67107175
84134653454,67107176
84134653454,67107177
84134653454,67107178
84134653454,67107179
84134653454,67108667
97927219594,131249
97927219594,131257
97927219594,131260
97927219594,67100692
97927219594,67100703
97927219594,67100713
97927219594,67100716
97927219594,67100728
97927219594,67100747
97927219594,67100770
97927219594,67100781
97927219594,67100796
97927219594,67100802
97927219594,67100804
97927219594,67100817
97927219594,67100842
97927219594,67100860
97927219594,67100874
97927219594,67100880
97927219594,67100885
97927219594,67100906
97927219594,67100909
97927219594,67100982
97927219594,67101036
97927219594,67101044
97927219594,67101048
97927219594,67101060
97927219594,67101063
97927219594,67101065
97927219594,67101066
97927219594,67101082
97927219594,67101085
97927219594,67101094
97927219594,67101114
97927219594,67101120
97927219594,67101125
97927219594,67101132
97927219594,67101153
97927219594,67101157
97927219594,67101158
97927219594,67101162
97927219594,67101171
97927219594,67101213
97927219594,67101243
97927219594,67103837
97927219594,67103875
97927219594,67103890
97927219594,67103906
97927219594,67103907
97927219594,67103914
97927219594,67103925
97927219594,67103935
97927219594,67103945
97927219594,67103950
97927219594,67103963
97927219594,67103971
97927219594,67104651
97927219594,67104652
97927219594,67104655
97927219594,67104657
97927219594,67104658
97927219594,67104661
97927219594,67104662
97927219594,67104663
97927219594,67104670
97927219594,67104700
97927219594,67104705
97927219594,67104708
97927219594,67104723
97927219594,67104742
97927219594,67104765
97927219594,67104767
97927219594,67104776
97927219594,67104780
97927219594,67104797
97927219594,67104799
97927219594,67104812
97927219594,67104823
97927219594,67104836
97927219594,67104855
97927219594,67104869
97927219594,67104875
97927219594,67104880
97927219594,67104893
97927219594,67104900
97927219594,67104904
97927219594,67105031
97927219594,67105043
97927219594,67105050
97927219594,67105055
97927219594,67105058
97927219594,67105060
97927219594,67105061
97927219594,67105077
97927219594,67105080
97927219594,67105089
97927219594,67105109
97927219594,67105114
97927219594,67105115
97927219594,67105120
97927219594,67105127
97927219594,67105147
97927219594,67105152
97927219594,67105153
97927219594,67105157
97927219594,67105237
97927219594,67107852
97927219594,67107870
97927219594,67107901
97927219594,67107902
97927219594,67107930
97927219594,67107940
97927219594,67107958
97927219594,67107965
97927219594,67108646
97927219594,67108647
97927219594,67108650
97927219594,67108652
97927219594,67108656
97927219594,67108658
97927219594,67108675
97927219594,67108681
97927219594,67108785
97927219594,67108788
111719785734,131250
111719785734,131251
111719785734,131258
111719785734,67100744
111719785734,67101084
111719785734,67101260
111719785734,67102520
111719785734,67103759
111719785734,67103840
111719785734,67103871
111719785734,67103874
111719785734,67103876
111719785734,67103886
111719785734,67103894
111719785734,67103897
111719785734,67103902
111719785734,67103905
111719785734,67103909
111719785734,67103910
111719785734,67103911
111719785734,67103923
111719785734,67103924
111719785734,67103926
111719785734,67103933
111719785734,67103937
111719785734,67103939
111719785734,67103941
111719785734,67103942
111719785734,67103943
111719785734,67103944
111719785734,67103946
111719785734,67103947
111719785734,67103948
111719785734,67103949
111719785734,67103951
111719785734,67103952
111719785734,67103964
111719785734,67103965
111719785734,67103966
111719785734,67103968
111719785734,67103969
111719785734,67103970
111719785734,67103973
111719785734,67103974
111719785734,67104093
111719785734,67104094
111719785734,67104095
111719785734,67104096
111719785734,67104097
111719785734,67104098
111719785734,67104099
111719785734,67104100
111719785734,67104101
111719785734,67104102
111719785734,67104103
111719785734,67104105
111719785734,67104106
111719785734,67104107
111719785734,67104108
111719785734,67104109
111719785734,67104110
111719785734,67104347
111719785734,67104739
111719785734,67105079
111719785734,67105255
111719785734,67106339
111719785734,67106515
111719785734,67107754
111719785734,67107831
111719785734,67107835
111719785734,67107855
111719785734,67107869
111719785734,67107881
111719785734,67107884
111719785734,67107888
111719785734,67107892
111719785734,67107897
111719785734,67107903
111719785734,67107904
111719785734,67107905
111719785734,67107906
111719785734,67107916
111719785734,67107918
111719785734,67107919
111719785734,67107921
111719785734,67107928
111719785734,67107931
111719785734,67107932
111719785734,67107934
111719785734,67107936
111719785734,67107937
111719785734,67107938
111719785734,67107939
111719785734,67107942
111719785734,67107944
111719785734,67107946
111719785734,67107947
111719785734,67107960
111719785734,67107961
111719785734,67107963
111719785734,67107964
111719785734,67107966
111719785734,67107967
111719785734,67107969
111719785734,67108087
111719785734,67108088
111719785734,67108089
111719785734,67108091
111719785734,67108092
111719785734,67108093
111719785734,67108094
111719785734,67108095
111719785734,67108096
111719785734,67108097
111719785734,67108098
111719785734,67108100
111719785734,67108101
111719785734,67108102
111719785734,67108103
111719785734,67108104
111719785734,67108105
125512351874,67100739
125512351874,67100759
125512351874,67100835
125512351874,67100855
125512351874,67100870
125512351874,67100892
125512351874,67100894
125512351874,67100903
125512351874,67100989
125512351874,67100990
125512351874,67101012
125512351874,67101058
125512351874,67101070
125512351874,67101071
125512351874,67101083
125512351874,67101086
125512351874,67101088
125512351874,67101124
125512351874,67101127
125512351874,67101130
125512351874,67101131
125512351874,67101152
125512351874,67101155
125512351874,67101159
125512351874,67101161
125512351874,67101163
125512351874,67101164
125512351874,67101166
125512351874,67101168
125512351874,67101173
125512351874,67101214
125512351874,67101215
125512351874,67101216
125512351874,67101217
125512351874,67101218
125512351874,67101244
125512351874,67101245
125512351874,67101440
125512351874,67102283
125512351874,67102284
125512351874,67102291
125512351874,67102292
125512351874,67102293
125512351874,67102294
125512351874,67102295
125512351874,67102296
125512351874,67102299
125512351874,67102301
125512351874,67102302
125512351874,67102303
125512351874,67102305
125512351874,67102308
125512351874,67102310
125512351874,67102311
125512351874,67102312
125512351874,67102313
125512351874,67102314
125512351874,67102315
125512351874,67102316
125512351874,67102317
125512351874,67104733
125512351874,67104754
125512351874,67104824
125512351874,67104830
125512351874,67104849
125512351874,67104865
125512351874,67104887
125512351874,67104889
125512351874,67104983
125512351874,67105007
125512351874,67105020
125512351874,67105053
125512351874,67105064
125512351874,67105065
125512351874,67105066
125512351874,67105078
125512351874,67105081
125512351874,67105083
125512351874,67105118
125512351874,67105119
125512351874,67105122
125512351874,67105125
125512351874,67105126
125512351874,67105148
125512351874,67105150
125512351874,67105154
125512351874,67105156
125512351874,67105158
125512351874,67105159
125512351874,67105161
125512351874,67105163
125512351874,67105166
125512351874,67105168
125512351874,67105208
125512351874,67105209
125512351874,67105210
125512351874,67105211
125512351874,67105212
125512351874,67105213
125512351874,67105238
125512351874,67105239
125512351874,67105240
125512351874,67105434
125512351874,67105435
125512351874,67106278
125512351874,67106279
125512351874,67106287
125512351874,67106288
125512351874,67106289
125512351874,67106290
125512351874,67106291
125512351874,67106292
125512351874,67106294
125512351874,67106296
125512351874,67106297
125512351874,67106298
125512351874,67106303
125512351874,67106304
125512351874,67106305
125512351874,67106306
125512351874,67106307
125512351874,67106308
125512351874,67106309
125512351874,67106310
125512351874,67106311
125512351874,67106312
139304918014,67100730
139304918014,67100775
139304918014,67100776
139304918014,67100777
139304918014,67100780
139304918014,67100784
139304918014,67100807
139304918014,67100814
139304918014,67100833
139304918014,67100849
139304918014,67100898
139304918014,67100901
139304918014,67100977
139304918014,67101002
139304918014,67101025
139304918014,67101026
139304918014,67101047
139304918014,67101091
139304918014,67101123
139304918014,67101134
139304918014,67101135
139304918014,67101138
139304918014,67101149
139304918014,67101150
139304918014,67101188
139304918014,67101201
139304918014,67101206
139304918014,67101208
139304918014,67101237
139304918014,67101246
139304918014,67101248
139304918014,67102328
139304918014,67102335
139304918014,67102343
139304918014,67102386
139304918014,67102401
139304918014,67102407
139304918014,67102417
139304918014,67102425
139304918014,67102429
139304918014,67102431
139304918014,67102462
139304918014,67102478
139304918014,67102489
139304918014,67102500
139304918014,67102502
139304918014,67102503
139304918014,67102506
139304918014,67102507
139304918014,67102509
139304918014,67102510
139304918014,67102513
139304918014,67102517
139304918014,67102519
139304918014,67102524
139304918014,67102528
139304918014,67102534
139304918014,67102538
139304918014,67103012
139304918014,67104750
139304918014,67104769
139304918014,67104771
139304918014,67104772
139304918014,67104775
139304918014,67104779
139304918014,67104802
139304918014,67104809
139304918014,67104844
139304918014,67104895
139304918014,67104969
139304918014,67104972
139304918014,67104997
139304918014,67105030
139304918014,67105042
139304918014,67105086
139304918014,67105104
139304918014,67105129
139304918014,67105130
139304918014,67105133
139304918014,67105144
139304918014,67105145
139304918014,67105182
139304918014,67105195
139304918014,67105201
139304918014,67105202
139304918014,67105203
139304918014,67105231
139304918014,67105243
139304918014,67106319
139304918014,67106323
139304918014,67106337
139304918014,67106338
139304918014,67106381
139304918014,67106396
139304918014,67106402
139304918014,67106412
139304918014,67106424
139304918014,67106426
139304918014,67106456
139304918014,67106473
139304918014,67106484
139304918014,67106494
139304918014,67106495
139304918014,67106497
139304918014,67106498
139304918014,67106501
139304918014,67106502
139304918014,67106504
139304918014,67106505
139304918014,67106507
139304918014,67106511
139304918014,67106514
139304918014,67106519
139304918014,67106523
139304918014,67106529
139304918014,67106533
139304918014,67108777
153097484154,67101028
153097484154,67101151
153097484154,67101269
153097484154,67105023
153097484154,67105146
153097484154,67105261
