902036450,67093288
902036450,67093289
902036450,67093290
902036450,67093291
902036450,67093292
902036450,67093293
902036450,67093294
902036450,67093295
902036450,67093296
902036450,67093297
902036450,67093298
902036450,67093299
902036450,67093300
902036450,67093301
902036450,67093302
902036450,67093303
902036450,67093304
902036450,67093305
902036450,67093306
902036450,67093307
902036450,67093308
902036450,67093309
902036450,67093310
902036450,67093315
902036450,67093316
902036450,67093317
902036450,67093319
902036450,67093321
902036450,67093324
902036450,67093326
902036450,67093328
902036450,67093329
902036450,67093330
902036450,67093331
902036450,67093336
902036450,67093338
902036450,67093340
902036450,67093341
902036450,67093342
902036450,67093343
902036450,67093344
902036450,67093346
902036450,67093349
902036450,67093350
902036450,67093352
902036450,67093354
902036450,67093355
902036450,67093370
902036450,67093397
902036450,67093403
902036450,67093406
902036450,67093409
902036450,67093433
902036450,67093440
902036450,67093442
902036450,67093464
902036450,67093472
902036450,67093488
902036450,67093501
902036450,67093505
902036450,67093513
902036450,67093518
902036450,67093522
902036450,67093531
902036450,67093535
902036450,67093536
902036450,67093540
902036450,67093541
902036450,67093545
902036450,67093547
902036450,67093548
902036450,67093550
902036450,67093552
902036450,67093554
902036450,67093555
902036450,67093558
902036450,67093559
902036450,67093561
902036450,67093562
902036450,67093565
902036450,67093567
902036450,67093570
902036450,67093573
902036450,67093574
902036450,67093575
902036450,67093576
902036450,67093581
902036450,67093585
902036450,67093586
902036450,67093591
902036450,67093594
902036450,67093595
902036450,67093598
902036450,67093599
902036450,67093602
902036450,67093603
902036450,67093604
902036450,67093605
902036450,67093607
902036450,67093610
902036450,67093614
902036450,67093615
902036450,67093616
902036450,67093617
902036450,67093618
902036450,67093619
902036450,67093620
902036450,67093621
902036450,67093622
902036450,67093623
902036450,67093624
902036450,67093626
902036450,67093629
902036450,67093631
902036450,67093634
902036450,67093635
902036450,67093636
902036450,67093637
902036450,67093638
902036450,67093639
902036450,67093640
902036450,67093642
902036450,67093643
902036450,67093646
902036450,67093647
902036450,67093649
902036450,67095395
902036450,67102786
9922400950,131231
9922400950,67093311
9922400950,67093312
9922400950,67093313
9922400950,67093314
9922400950,67093318
9922400950,67093320
9922400950,67093322
9922400950,67093323
9922400950,67093325
9922400950,67093327
9922400950,67093332
9922400950,67093333
9922400950,67093334
9922400950,67093335
9922400950,67093337
9922400950,67093339
9922400950,67093345
9922400950,67093347
9922400950,67093348
9922400950,67093351
9922400950,67093353
9922400950,67093356
9922400950,67093357
9922400950,67093358
9922400950,67093369
9922400950,67093374
9922400950,67093377
9922400950,67093383
9922400950,67093384
9922400950,67093402
9922400950,67093407
9922400950,67093408
9922400950,67093416
9922400950,67093420
9922400950,67093421
9922400950,67093422
9922400950,67093424
9922400950,67093427
9922400950,67093432
9922400950,67093434
9922400950,67093438
9922400950,67093439
9922400950,67093444
9922400950,67093446
9922400950,67093450
9922400950,67093454
9922400950,67093455
9922400950,67093457
9922400950,67093459
9922400950,67093465
9922400950,67093469
9922400950,67093470
9922400950,67093473
9922400950,67093480
9922400950,67093482
9922400950,67093489
9922400950,67093490
9922400950,67093491
9922400950,67093492
9922400950,67093493
9922400950,67093494
9922400950,67093495
9922400950,67093497
9922400950,67093499
9922400950,67093506
9922400950,67093508
9922400950,67093510
9922400950,67093511
9922400950,67093512
9922400950,67093514
9922400950,67093515
9922400950,67093516
9922400950,67093517
9922400950,67093519
9922400950,67093520
9922400950,67093521
9922400950,67093523
9922400950,67093525
9922400950,67093527
9922400950,67093528
9922400950,67093530
9922400950,67093532
9922400950,67093537
9922400950,67093539
9922400950,67093543
9922400950,67093544
9922400950,67093549
9922400950,67093553
9922400950,67093556
9922400950,67093557
9922400950,67093563
9922400950,67093566
9922400950,67093568
9922400950,67093569
9922400950,67093571
9922400950,67093572
9922400950,67093578
9922400950,67093579
9922400950,67093580
9922400950,67093582
9922400950,67093583
9922400950,67093584
9922400950,67093588
9922400950,67093590
9922400950,67093592
9922400950,67093593
9922400950,67093596
9922400950,67093597
9922400950,67093600
9922400950,67093601
9922400950,67093608
9922400950,67093609
9922400950,67093612
9922400950,67093613
9922400950,67093625
9922400950,67093627
9922400950,67093628
9922400950,67093630
9922400950,67093632
9922400950,67093633
9922400950,67093644
9922400950,67093650
9922400950,67094907
9922400950,67095285
9922400950,67102298
9922400950,67102676
9922400950,67108433
18942765450,67090007
18942765450,67093359
18942765450,67093360
18942765450,67093361
18942765450,67093362
18942765450,67093363
18942765450,67093364
18942765450,67093365
18942765450,67093366
18942765450,67093367
18942765450,67093368
18942765450,67093371
18942765450,67093372
18942765450,67093373
18942765450,67093375
18942765450,67093376
18942765450,67093378
18942765450,67093379
18942765450,67093380
18942765450,67093381
18942765450,67093382
18942765450,67093385
18942765450,67093386
18942765450,67093387
18942765450,67093388
18942765450,67093389
18942765450,67093391
18942765450,67093392
18942765450,67093393
18942765450,67093394
18942765450,67093395
18942765450,67093396
18942765450,67093398
18942765450,67093400
18942765450,67093401
18942765450,67093404
18942765450,67093405
18942765450,67093410
18942765450,67093411
18942765450,67093412
18942765450,67093413
18942765450,67093414
18942765450,67093415
18942765450,67093417
18942765450,67093418
18942765450,67093419
18942765450,67093423
18942765450,67093425
18942765450,67093426
18942765450,67093428
18942765450,67093429
18942765450,67093430
18942765450,67093431
18942765450,67093435
18942765450,67093436
18942765450,67093437
18942765450,67093441
18942765450,67093443
18942765450,67093445
18942765450,67093447
18942765450,67093448
18942765450,67093449
18942765450,67093451
18942765450,67093452
18942765450,67093453
18942765450,67093456
18942765450,67093458
18942765450,67093460
18942765450,67093461
18942765450,67093462
18942765450,67093463
18942765450,67093466
18942765450,67093467
18942765450,67093468
18942765450,67093471
18942765450,67093474
18942765450,67093475
18942765450,67093476
18942765450,67093477
18942765450,67093478
18942765450,67093479
18942765450,67093481
18942765450,67093483
18942765450,67093484
18942765450,67093485
18942765450,67093486
18942765450,67093487
18942765450,67093496
18942765450,67093498
18942765450,67093500
18942765450,67093502
18942765450,67093503
18942765450,67093504
18942765450,67093507
18942765450,67093509
18942765450,67093524
18942765450,67093526
18942765450,67093529
18942765450,67093533
18942765450,67093534
18942765450,67093538
18942765450,67093542
18942765450,67093546
18942765450,67093551
18942765450,67093560
18942765450,67093564
18942765450,67093577
18942765450,67093587
18942765450,67093589
18942765450,67093606
18942765450,67093611
18942765450,67093645
18942765450,67093648
18942765450,67094320
18942765450,67094655
18942765450,67094974
18942765450,67095971
18942765450,67096038
18942765450,67096162
18942765450,67097465
18942765450,67101711
18942765450,67102046
18942765450,67102365
18942765450,67103362
18942765450,67103429
18942765450,67103553
18942765450,67108432
27963129950,67090118
27963129950,67093390
27963129950,67093399
27963129950,67093641
27963129950,67093690
27963129950,67093726
27963129950,67093950
27963129950,67093960
27963129950,67094494
27963129950,67094510
27963129950,67094626
27963129950,67094656
27963129950,67095046
27963129950,67095178
27963129950,67095228
27963129950,67095830
27963129950,67095968
27963129950,67096134
27963129950,67096158
27963129950,67096165
27963129950,67096269
27963129950,67096795
27963129950,67096895
27963129950,67097008
27963129950,67097179
27963129950,67100573
27963129950,67100657
27963129950,67100677
27963129950,67100738
27963129950,67100788
27963129950,67100794
27963129950,67100839
27963129950,67100855
27963129950,67100872
27963129950,67100878
27963129950,67100978
27963129950,67100981
27963129950,67100989
27963129950,67100999
27963129950,67101015
27963129950,67101026
27963129950,67101035
27963129950,67101081
27963129950,67101117
27963129950,67101133
27963129950,67101341
27963129950,67101351
27963129950,67101885
27963129950,67101901
27963129950,67102017
27963129950,67102047
27963129950,67102437
27963129950,67102569
27963129950,67102619
27963129950,67103221
27963129950,67103359
27963129950,67103525
27963129950,67103549
27963129950,67103556
27963129950,67103660
27963129950,67104186
27963129950,67104286
27963129950,67104399
27963129950,67104570
27963129950,67107964
27963129950,67108048
27963129950,67108065
27963129950,67108068
27963129950,67108129
27963129950,67108179
27963129950,67108185
27963129950,67108230
27963129950,67108246
27963129950,67108263
27963129950,67108268
27963129950,67108369
27963129950,67108372
27963129950,67108380
27963129950,67108390
27963129950,67108406
27963129950,67108417
27963129950,67108426
27963129950,67108434
27963129950,67108435
27963129950,67108436
27963129950,67108439
27963129950,67108440
27963129950,67108453
27963129950,67108513
27963129950,67108533
27963129950,67108545
27963129950,67108547
27963129950,67108568
27963129950,67108577
27963129950,67108595
27963129950,67108604
27963129950,67108606
27963129950,67108623
27963129950,67108632
27963129950,67108637
27963129950,67108638
27963129950,67108662
27963129950,67108665
27963129950,67108679
27963129950,67108685
27963129950,67108687
27963129950,67108689
27963129950,67108693
27963129950,67108695
27963129950,67108704
27963129950,67108707
27963129950,67108713
27963129950,67108720
27963129950,67108722
27963129950,67108728
27963129950,67108740
27963129950,67108756
27963129950,67108760
27963129950,67108761
27963129950,67108766
27963129950,67108770
27963129950,67108775
27963129950,67108776
27963129950,67108778
27963129950,67108780
27963129950,67108787
27963129950,67108791
36983494450,131245
36983494450,131246
36983494450,131260
36983494450,131261
36983494450,67090199
36983494450,67094299
36983494450,67094352
36983494450,67094488
36983494450,67094628
36983494450,67094930
36983494450,67095133
36983494450,67095135
36983494450,67095537
36983494450,67095549
36983494450,67095907
36983494450,67096010
36983494450,67096445
36983494450,67096481
36983494450,67097115
36983494450,67097266
36983494450,67097295
36983494450,67097298
36983494450,67097302
36983494450,67097312
36983494450,67097366
36983494450,67097448
36983494450,67097449
36983494450,67097937
36983494450,67099916
36983494450,67100568
36983494450,67100634
36983494450,67100691
36983494450,67100697
36983494450,67100716
36983494450,67100723
36983494450,67100750
36983494450,67100785
36983494450,67100807
36983494450,67100868
36983494450,67100890
36983494450,67100914
36983494450,67101690
36983494450,67101743
36983494450,67101878
36983494450,67102019
36983494450,67102321
36983494450,67102524
36983494450,67102526
36983494450,67102927
36983494450,67102940
36983494450,67103298
36983494450,67103401
36983494450,67103836
36983494450,67103872
36983494450,67104506
36983494450,67104657
36983494450,67104686
36983494450,67104689
36983494450,67104693
36983494450,67104703
36983494450,67104757
36983494450,67104839
36983494450,67104840
36983494450,67107959
36983494450,67108025
36983494450,67108082
36983494450,67108088
36983494450,67108107
36983494450,67108114
36983494450,67108141
36983494450,67108176
36983494450,67108198
36983494450,67108259
36983494450,67108281
36983494450,67108305
36983494450,67108438
36983494450,67108442
36983494450,67108443
36983494450,67108445
36983494450,67108447
36983494450,67108463
36983494450,67108469
36983494450,67108478
36983494450,67108481
36983494450,67108483
36983494450,67108490
36983494450,67108494
36983494450,67108515
36983494450,67108527
36983494450,67108561
36983494450,67108571
36983494450,67108579
36983494450,67108583
36983494450,67108605
36983494450,67108609
36983494450,67108614
36983494450,67108615
36983494450,67108617
36983494450,67108618
36983494450,67108624
36983494450,67108626
36983494450,67108630
36983494450,67108633
36983494450,67108636
36983494450,67108648
36983494450,67108670
36983494450,67108672
36983494450,67108681
36983494450,67108682
36983494450,67108684
36983494450,67108690
36983494450,67108696
36983494450,67108700
36983494450,67108702
36983494450,67108712
36983494450,67108723
36983494450,67108725
36983494450,67108731
36983494450,67108736
36983494450,67108741
36983494450,67108745
36983494450,67108757
36983494450,67108759
36983494450,67108763
36983494450,67108771
36983494450,67108781
36983494450,67108782
46003858950,67090264
46003858950,67094644
46003858950,67096399
46003858950,67097178
46003858950,67097236
46003858950,67097265
46003858950,67097491
46003858950,67097846
46003858950,67097864
46003858950,67098210
46003858950,67098414
46003858950,67098525
46003858950,67098565
46003858950,67098571
46003858950,67099238
46003858950,67099611
46003858950,67099612
46003858950,67099805
46003858950,67099918
46003858950,67099993
46003858950,67100171
46003858950,67100367
46003858950,67100571
46003858950,67100572
46003858950,67100578
46003858950,67100670
46003858950,67100694
46003858950,67100819
46003858950,67100829
46003858950,67100883
46003858950,67100971
46003858950,67101029
46003858950,67103790
46003858950,67104569
46003858950,67104627
46003858950,67104656
46003858950,67104882
46003858950,67105237
46003858950,67105601
46003858950,67105805
46003858950,67105916
46003858950,67105956
46003858950,67105962
46003858950,67106629
46003858950,67107003
46003858950,67107196
46003858950,67107309
46003858950,67107384
46003858950,67107562
46003858950,67107758
46003858950,67107962
46003858950,67107963
46003858950,67107969
46003858950,67108061
46003858950,67108085
46003858950,67108210
46003858950,67108220
46003858950,67108274
46003858950,67108362
46003858950,67108420
46003858950,67108437
46003858950,67108441
46003858950,67108444
46003858950,67108446
46003858950,67108448
46003858950,67108449
46003858950,67108450
46003858950,67108451
46003858950,67108452
46003858950,67108454
46003858950,67108457
46003858950,67108459
46003858950,67108460
46003858950,67108461
46003858950,67108462
46003858950,67108464
46003858950,67108466
46003858950,67108467
46003858950,67108468
46003858950,67108471
46003858950,67108472
46003858950,67108473
46003858950,67108474
46003858950,67108475
46003858950,67108477
46003858950,67108479
46003858950,67108480
46003858950,67108482
46003858950,67108484
46003858950,67108485
46003858950,67108487
46003858950,67108488
46003858950,67108491
46003858950,67108496
46003858950,67108498
46003858950,67108499
46003858950,67108500
46003858950,67108501
46003858950,67108548
46003858950,67108549
46003858950,67108550
46003858950,67108551
46003858950,67108553
46003858950,67108556
46003858950,67108557
46003858950,67108559
46003858950,67108576
46003858950,67108587
46003858950,67108591
46003858950,67108592
46003858950,67108602
46003858950,67108616
46003858950,67108622
46003858950,67108629
46003858950,67108658
46003858950,67108659
46003858950,67108677
46003858950,67108715
46003858950,67108743
46003858950,67108746
46003858950,67108758
46003858950,67108779
46003858950,67108788
55024223450,131259
55024223450,67093791
55024223450,67093913
55024223450,67094440
55024223450,67094466
55024223450,67094478
55024223450,67094824
55024223450,67095858
55024223450,67096073
55024223450,67096746
55024223450,67096987
55024223450,67097119
55024223450,67097229
55024223450,67097479
55024223450,67097838
55024223450,67098376
55024223450,67098990
55024223450,67099057
55024223450,67099227
55024223450,67099507
55024223450,67099696
55024223450,67100330
55024223450,67100533
55024223450,67100583
55024223450,67100626
55024223450,67100633
55024223450,67100651
55024223450,67100902
55024223450,67100916
55024223450,67100970
55024223450,67100997
55024223450,67101007
55024223450,67101182
55024223450,67101304
55024223450,67101831
55024223450,67101857
55024223450,67101869
55024223450,67102215
55024223450,67103249
55024223450,67103464
55024223450,67104137
55024223450,67104378
55024223450,67104510
55024223450,67104620
55024223450,67104870
55024223450,67105229
55024223450,67105767
55024223450,67106381
55024223450,67106448
55024223450,67106618
55024223450,67106898
55024223450,67107087
55024223450,67107721
55024223450,67107924
55024223450,67107974
55024223450,67108017
55024223450,67108024
55024223450,67108042
55024223450,67108293
55024223450,67108307
55024223450,67108361
55024223450,67108388
55024223450,67108398
55024223450,67108421
55024223450,67108455
55024223450,67108458
55024223450,67108465
55024223450,67108470
55024223450,67108518
55024223450,67108520
55024223450,67108525
55024223450,67108529
55024223450,67108531
55024223450,67108537
55024223450,67108540
55024223450,67108552
55024223450,67108555
55024223450,67108558
55024223450,67108562
55024223450,67108567
55024223450,67108569
55024223450,67108570
55024223450,67108572
55024223450,67108578
55024223450,67108593
55024223450,67108597
55024223450,67108603
55024223450,67108608
55024223450,67108611
55024223450,67108628
55024223450,67108644
55024223450,67108655
55024223450,67108656
55024223450,67108657
55024223450,67108661
55024223450,67108663
55024223450,67108664
55024223450,67108666
55024223450,67108667
55024223450,67108669
55024223450,67108671
55024223450,67108674
55024223450,67108675
55024223450,67108680
55024223450,67108686
55024223450,67108691
55024223450,67108701
55024223450,67108703
55024223450,67108706
55024223450,67108708
55024223450,67108714
55024223450,67108718
55024223450,67108719
55024223450,67108726
55024223450,67108737
55024223450,67108754
55024223450,67108764
55024223450,67108765
55024223450,67108769
55024223450,67108772
55024223450,67108773
55024223450,67108774
55024223450,67108792
64044587950,67093662
64044587950,67094055
64044587950,67094491
64044587950,67094602
64044587950,67095157
64044587950,67095316
64044587950,67095575
64044587950,67096855
64044587950,67098916
64044587950,67100168
64044587950,67100516
64044587950,67100695
64044587950,67100709
64044587950,67100725
64044587950,67100730
64044587950,67100733
64044587950,67100739
64044587950,67100752
64044587950,67100772
64044587950,67100774
64044587950,67100816
64044587950,67100850
64044587950,67100924
64044587950,67100925
64044587950,67100953
64044587950,67100958
64044587950,67100962
64044587950,67100965
64044587950,67100968
64044587950,67100991
64044587950,67100992
64044587950,67100993
64044587950,67100994
64044587950,67100995
64044587950,67101003
64044587950,67101011
64044587950,67101016
64044587950,67101025
64044587950,67101028
64044587950,67101032
64044587950,67101034
64044587950,67101036
64044587950,67101041
64044587950,67101053
64044587950,67101446
64044587950,67101882
64044587950,67101993
64044587950,67102548
64044587950,67102707
64044587950,67102966
64044587950,67104246
64044587950,67106307
64044587950,67107559
64044587950,67107907
64044587950,67108038
64044587950,67108086
64044587950,67108100
64044587950,67108116
64044587950,67108121
64044587950,67108124
64044587950,67108130
64044587950,67108143
64044587950,67108163
64044587950,67108165
64044587950,67108206
64044587950,67108241
64044587950,67108316
64044587950,67108349
64044587950,67108353
64044587950,67108356
64044587950,67108359
64044587950,67108382
64044587950,67108383
64044587950,67108384
64044587950,67108385
64044587950,67108386
64044587950,67108394
64044587950,67108402
64044587950,67108407
64044587950,67108415
64044587950,67108419
64044587950,67108423
64044587950,67108425
64044587950,67108427
64044587950,67108486
64044587950,67108489
64044587950,67108493
64044587950,67108510
64044587950,67108523
64044587950,67108526
64044587950,67108554
64044587950,67108585
64044587950,67108590
64044587950,67108610
64044587950,67108631
64044587950,67108634
64044587950,67108635
64044587950,67108639
64044587950,67108640
64044587950,67108645
64044587950,67108649
64044587950,67108652
64044587950,67108654
64044587950,67108668
64044587950,67108676
64044587950,67108688
64044587950,67108694
64044587950,67108699
64044587950,67108705
64044587950,67108724
64044587950,67108730
64044587950,67108734
64044587950,67108738
64044587950,67108742
64044587950,67108748
64044587950,67108751
64044587950,67108767
64044587950,67108768
64044587950,67108777
64044587950,67108784
64044587950,67108790
64044587950,67108794
73064952450,67093753
73064952450,67094070
73064952450,67094474
73064952450,67094571
73064952450,67096075
73064952450,67096712
73064952450,67097023
73064952450,67097582
73064952450,67097934
73064952450,67098238
73064952450,67098309
73064952450,67098575
73064952450,67098847
73064952450,67098936
73064952450,67099377
73064952450,67099645
73064952450,67099882
73064952450,67100061
73064952450,67100180
73064952450,67100263
73064952450,67100294
73064952450,67100307
73064952450,67100344
73064952450,67100377
73064952450,67100586
73064952450,67100653
73064952450,67100685
73064952450,67100701
73064952450,67100712
73064952450,67100718
73064952450,67100726
73064952450,67100747
73064952450,67100775
73064952450,67100776
73064952450,67100790
73064952450,67100826
73064952450,67100842
73064952450,67100877
73064952450,67100885
73064952450,67100905
73064952450,67100910
73064952450,67100912
73064952450,67100918
73064952450,67100919
73064952450,67100923
73064952450,67100933
73064952450,67100960
73064952450,67101001
73064952450,67101005
73064952450,67101144
73064952450,67101461
73064952450,67101865
73064952450,67101962
73064952450,67103465
73064952450,67104103
73064952450,67104414
73064952450,67104973
73064952450,67105325
73064952450,67105629
73064952450,67105700
73064952450,67105966
73064952450,67106237
73064952450,67106327
73064952450,67106768
73064952450,67107036
73064952450,67107273
73064952450,67107452
73064952450,67107571
73064952450,67107654
73064952450,67107685
73064952450,67107698
73064952450,67107735
73064952450,67107768
73064952450,67107977
73064952450,67108044
73064952450,67108076
73064952450,67108091
73064952450,67108103
73064952450,67108109
73064952450,67108117
73064952450,67108138
73064952450,67108166
73064952450,67108167
73064952450,67108181
73064952450,67108217
73064952450,67108233
73064952450,67108276
73064952450,67108296
73064952450,67108301
73064952450,67108303
73064952450,67108309
73064952450,67108310
73064952450,67108314
73064952450,67108324
73064952450,67108351
73064952450,67108392
73064952450,67108396
73064952450,67108492
73064952450,67108495
73064952450,67108528
73064952450,67108560
73064952450,67108564
73064952450,67108565
73064952450,67108566
73064952450,67108589
73064952450,67108619
73064952450,67108620
73064952450,67108625
73064952450,67108642
73064952450,67108650
73064952450,67108660
73064952450,67108673
73064952450,67108709
73064952450,67108710
73064952450,67108717
73064952450,67108721
73064952450,67108727
73064952450,67108733
73064952450,67108735
73064952450,67108739
73064952450,67108749
73064952450,67108753
82085316950,67100618
82085316950,67100645
82085316950,67100655
82085316950,67100656
82085316950,67100661
82085316950,67100671
82085316950,67100673
82085316950,67100687
82085316950,67100696
82085316950,67100698
82085316950,67100699
82085316950,67100700
82085316950,67100702
82085316950,67100703
82085316950,67100708
82085316950,67100710
82085316950,67100713
82085316950,67100714
82085316950,67100715
82085316950,67100717
82085316950,67100719
82085316950,67100720
82085316950,67100722
82085316950,67100724
82085316950,67100745
82085316950,67100746
82085316950,67100751
82085316950,67100755
82085316950,67100757
82085316950,67100758
82085316950,67100759
82085316950,67100765
82085316950,67100766
82085316950,67100767
82085316950,67100770
82085316950,67100771
82085316950,67100778
82085316950,67100779
82085316950,67100780
82085316950,67100781
82085316950,67100782
82085316950,67100783
82085316950,67100784
82085316950,67100786
82085316950,67100787
82085316950,67100815
82085316950,67108009
82085316950,67108036
82085316950,67108047
82085316950,67108052
82085316950,67108062
82085316950,67108078
82085316950,67108087
82085316950,67108089
82085316950,67108090
82085316950,67108092
82085316950,67108093
82085316950,67108099
82085316950,67108101
82085316950,67108104
82085316950,67108105
82085316950,67108106
82085316950,67108108
82085316950,67108110
82085316950,67108111
82085316950,67108113
82085316950,67108115
82085316950,67108136
82085316950,67108137
82085316950,67108142
82085316950,67108146
82085316950,67108147
82085316950,67108148
82085316950,67108149
82085316950,67108150
82085316950,67108156
82085316950,67108157
82085316950,67108158
82085316950,67108160
82085316950,67108161
82085316950,67108162
82085316950,67108168
82085316950,67108169
82085316950,67108170
82085316950,67108171
82085316950,67108172
82085316950,67108174
82085316950,67108175
82085316950,67108177
82085316950,67108178
82085316950,67108182
82085316950,67108207
82085316950,67108530
82085316950,67108532
82085316950,67108536
82085316950,67108538
82085316950,67108541
82085316950,67108563
82085316950,67108573
82085316950,67108574
82085316950,67108575
82085316950,67108580
82085316950,67108582
82085316950,67108584
82085316950,67108586
82085316950,67108588
82085316950,67108594
82085316950,67108598
82085316950,67108599
82085316950,67108600
82085316950,67108601
82085316950,67108607
82085316950,67108612
82085316950,67108613
82085316950,67108621
82085316950,67108627
82085316950,67108641
82085316950,67108643
82085316950,67108646
82085316950,67108647
82085316950,67108651
82085316950,67108653
91105681450,67093741
91105681450,67094187
91105681450,67096421
91105681450,67096657
91105681450,67096896
91105681450,67097547
91105681450,67099852
91105681450,67100511
91105681450,67100524
91105681450,67100540
91105681450,67100541
91105681450,67100542
91105681450,67100543
91105681450,67100558
91105681450,67100560
91105681450,67100594
91105681450,67100623
91105681450,67100625
91105681450,67100660
91105681450,67100684
91105681450,67100686
91105681450,67100731
91105681450,67100737
91105681450,67100754
91105681450,67100764
91105681450,67100811
91105681450,67100831
91105681450,67100838
91105681450,67100859
91105681450,67100871
91105681450,67100882
91105681450,67100887
91105681450,67100892
91105681450,67100935
91105681450,67100945
91105681450,67100947
91105681450,67100948
91105681450,67100951
91105681450,67100954
91105681450,67100955
91105681450,67100957
91105681450,67100959
91105681450,67100967
91105681450,67100973
91105681450,67100976
91105681450,67100977
91105681450,67100982
91105681450,67100984
91105681450,67100985
91105681450,67100987
91105681450,67100990
91105681450,67101006
91105681450,67101008
91105681450,67101014
91105681450,67101018
91105681450,67101132
91105681450,67101578
91105681450,67103812
91105681450,67104048
91105681450,67104287
91105681450,67104938
91105681450,67107902
91105681450,67107915
91105681450,67107931
91105681450,67107932
91105681450,67107933
91105681450,67107934
91105681450,67107949
91105681450,67107951
91105681450,67107985
91105681450,67108014
91105681450,67108051
91105681450,67108064
91105681450,67108075
91105681450,67108122
91105681450,67108128
91105681450,67108145
91105681450,67108155
91105681450,67108184
91105681450,67108202
91105681450,67108222
91105681450,67108229
91105681450,67108249
91105681450,67108262
91105681450,67108273
91105681450,67108278
91105681450,67108283
91105681450,67108326
91105681450,67108336
91105681450,67108338
91105681450,67108339
91105681450,67108342
91105681450,67108345
91105681450,67108346
91105681450,67108348
91105681450,67108350
91105681450,67108358
91105681450,67108364
91105681450,67108367
91105681450,67108368
91105681450,67108373
91105681450,67108375
91105681450,67108376
91105681450,67108378
91105681450,67108381
91105681450,67108397
91105681450,67108399
91105681450,67108405
91105681450,67108409
91105681450,67108476
91105681450,67108497
91105681450,67108512
91105681450,67108519
91105681450,67108521
91105681450,67108539
91105681450,67108542
91105681450,67108698
91105681450,67108744
91105681450,67108752
91105681450,67108755
91105681450,67108762
91105681450,67108789
100126045950,131241
100126045950,131255
100126045950,67093755
100126045950,67094368
100126045950,67094927
100126045950,67094940
100126045950,67095164
100126045950,67095261
100126045950,67095368
100126045950,67096131
100126045950,67097434
100126045950,67097774
100126045950,67098266
100126045950,67098273
100126045950,67098314
100126045950,67098326
100126045950,67098335
100126045950,67098336
100126045950,67098347
100126045950,67098353
100126045950,67098363
100126045950,67098364
100126045950,67098377
100126045950,67098378
100126045950,67098393
100126045950,67098411
100126045950,67098424
100126045950,67098461
100126045950,67098475
100126045950,67098485
100126045950,67098498
100126045950,67098504
100126045950,67098505
100126045950,67098507
100126045950,67098511
100126045950,67098519
100126045950,67098523
100126045950,67098597
100126045950,67098616
100126045950,67098620
100126045950,67098640
100126045950,67098644
100126045950,67098652
100126045950,67098664
100126045950,67098671
100126045950,67098695
100126045950,67098698
100126045950,67099136
100126045950,67100406
100126045950,67100463
100126045950,67100582
100126045950,67100707
100126045950,67100846
100126045950,67100867
100126045950,67100903
100126045950,67100938
100126045950,67100975
100126045950,67100979
100126045950,67100996
100126045950,67101023
100126045950,67101146
100126045950,67101759
100126045950,67102318
100126045950,67102331
100126045950,67102555
100126045950,67102652
100126045950,67102759
100126045950,67103521
100126045950,67104825
100126045950,67105165
100126045950,67105657
100126045950,67105664
100126045950,67105705
100126045950,67105717
100126045950,67105726
100126045950,67105727
100126045950,67105738
100126045950,67105744
100126045950,67105754
100126045950,67105755
100126045950,67105768
100126045950,67105769
100126045950,67105784
100126045950,67105802
100126045950,67105815
100126045950,67105852
100126045950,67105866
100126045950,67105876
100126045950,67105889
100126045950,67105895
100126045950,67105896
100126045950,67105898
100126045950,67105902
100126045950,67105909
100126045950,67105914
100126045950,67105988
100126045950,67106007
100126045950,67106011
100126045950,67106031
100126045950,67106035
100126045950,67106043
100126045950,67106055
100126045950,67106062
100126045950,67106086
100126045950,67106089
100126045950,67107797
100126045950,67107854
100126045950,67107973
100126045950,67108098
100126045950,67108237
100126045950,67108258
100126045950,67108294
100126045950,67108329
100126045950,67108366
100126045950,67108370
100126045950,67108387
100126045950,67108391
100126045950,67108414
100126045950,67108678
100126045950,67108729
100126045950,67108747
100126045950,67108783
109146410450,131243
109146410450,131244
109146410450,67094147
109146410450,67094281
109146410450,67094564
109146410450,67094975
109146410450,67095392
109146410450,67095683
109146410450,67096396
109146410450,67096517
109146410450,67097289
109146410450,67097325
109146410450,67097467
109146410450,67097473
109146410450,67097482
109146410450,67097514
109146410450,67097552
109146410450,67097762
109146410450,67097878
109146410450,67097964
109146410450,67097969
109146410450,67098232
109146410450,67098718
109146410450,67099449
109146410450,67099875
109146410450,67100285
109146410450,67100456
109146410450,67100570
109146410450,67100576
109146410450,67100711
109146410450,67100721
109146410450,67100736
109146410450,67100742
109146410450,67100803
109146410450,67100805
109146410450,67100823
109146410450,67100828
109146410450,67100833
109146410450,67100834
109146410450,67100835
109146410450,67100848
109146410450,67100857
109146410450,67100862
109146410450,67100873
109146410450,67100875
109146410450,67100881
109146410450,67100889
109146410450,67100904
109146410450,67100936
109146410450,67100940
109146410450,67100972
109146410450,67100988
109146410450,67101030
109146410450,67101538
109146410450,67101672
109146410450,67101955
109146410450,67102366
109146410450,67102783
109146410450,67103074
109146410450,67103787
109146410450,67103908
109146410450,67104680
109146410450,67104716
109146410450,67104858
109146410450,67104864
109146410450,67104873
109146410450,67104905
109146410450,67104942
109146410450,67105153
109146410450,67105268
109146410450,67105355
109146410450,67105360
109146410450,67105623
109146410450,67106109
109146410450,67106840
109146410450,67107266
109146410450,67107676
109146410450,67107847
109146410450,67107950
109146410450,67107961
109146410450,67107967
109146410450,67107993
109146410450,67108030
109146410450,67108039
109146410450,67108102
109146410450,67108112
109146410450,67108127
109146410450,67108133
109146410450,67108194
109146410450,67108196
109146410450,67108214
109146410450,67108219
109146410450,67108224
109146410450,67108225
109146410450,67108226
109146410450,67108239
109146410450,67108248
109146410450,67108253
109146410450,67108264
109146410450,67108266
109146410450,67108271
109146410450,67108280
109146410450,67108290
109146410450,67108295
109146410450,67108300
109146410450,67108315
109146410450,67108327
109146410450,67108331
109146410450,67108344
109146410450,67108363
109146410450,67108379
109146410450,67108502
109146410450,67108514
109146410450,67108516
109146410450,67108581
109146410450,67108683
109146410450,67108692
109146410450,67108697
109146410450,67108711
109146410450,67108793
118166774950,131239
118166774950,131253
118166774950,67093723
118166774950,67093961
118166774950,67094680
118166774950,67095132
118166774950,67095507
118166774950,67095530
118166774950,67095564
118166774950,67095588
118166774950,67095870
118166774950,67096215
118166774950,67097272
118166774950,67097382
118166774950,67097413
118166774950,67097430
118166774950,67097457
118166774950,67097531
118166774950,67100532
118166774950,67100537
118166774950,67100546
118166774950,67100556
118166774950,67100584
118166774950,67100588
118166774950,67100603
118166774950,67100604
118166774950,67100611
118166774950,67100614
118166774950,67100617
118166774950,67100648
118166774950,67100649
118166774950,67100658
118166774950,67100674
118166774950,67100678
118166774950,67100679
118166774950,67100680
118166774950,67100682
118166774950,67100734
118166774950,67100744
118166774950,67100777
118166774950,67100800
118166774950,67100802
118166774950,67100814
118166774950,67100817
118166774950,67100825
118166774950,67100832
118166774950,67100840
118166774950,67100849
118166774950,67100852
118166774950,67100866
118166774950,67100886
118166774950,67100888
118166774950,67100901
118166774950,67100915
118166774950,67100928
118166774950,67100937
118166774950,67100944
118166774950,67101010
118166774950,67101039
118166774950,67101114
118166774950,67101352
118166774950,67102071
118166774950,67102522
118166774950,67102898
118166774950,67102921
118166774950,67102955
118166774950,67102979
118166774950,67103261
118166774950,67103606
118166774950,67104663
118166774950,67104773
118166774950,67104804
118166774950,67104821
118166774950,67104848
118166774950,67104922
118166774950,67107923
118166774950,67107927
118166774950,67107937
118166774950,67107947
118166774950,67107975
118166774950,67107979
118166774950,67107994
118166774950,67107995
118166774950,67108002
118166774950,67108005
118166774950,67108008
118166774950,67108020
118166774950,67108040
118166774950,67108049
118166774950,67108069
118166774950,67108070
118166774950,67108071
118166774950,67108073
118166774950,67108094
118166774950,67108125
118166774950,67108135
118166774950,67108173
118166774950,67108191
118166774950,67108193
118166774950,67108205
118166774950,67108208
118166774950,67108216
118166774950,67108223
118166774950,67108231
118166774950,67108240
118166774950,67108243
118166774950,67108272
118166774950,67108277
118166774950,67108292
118166774950,67108306
118166774950,67108319
118166774950,67108328
118166774950,67108335
118166774950,67108377
118166774950,67108401
118166774950,67108430
118166774950,67108504
118166774950,67108509
118166774950,67108524
118166774950,67108716
118166774950,67108732
127187139450,67094897
127187139450,67095607
127187139450,67097123
127187139450,67097125
127187139450,67097132
127187139450,67097305
127187139450,67097324
127187139450,67097604
127187139450,67098016
127187139450,67098028
127187139450,67098339
127187139450,67098477
127187139450,67098700
127187139450,67099124
127187139450,67099261
127187139450,67099262
127187139450,67099339
127187139450,67099387
127187139450,67099553
127187139450,67099594
127187139450,67099822
127187139450,67099862
127187139450,67100015
127187139450,67100025
127187139450,67100042
127187139450,67100173
127187139450,67100204
127187139450,67100210
127187139450,67100222
127187139450,67100226
127187139450,67100231
127187139450,67100246
127187139450,67100254
127187139450,67100365
127187139450,67100503
127187139450,67100534
127187139450,67100538
127187139450,67100539
127187139450,67100555
127187139450,67100593
127187139450,67100607
127187139450,67100622
127187139450,67100632
127187139450,67100647
127187139450,67100663
127187139450,67100676
127187139450,67100729
127187139450,67100735
127187139450,67100891
127187139450,67100894
127187139450,67100896
127187139450,67100930
127187139450,67100939
127187139450,67100946
127187139450,67100956
127187139450,67100974
127187139450,67101012
127187139450,67101019
127187139450,67101024
127187139450,67102288
127187139450,67102998
127187139450,67104514
127187139450,67104516
127187139450,67104523
127187139450,67104696
127187139450,67104715
127187139450,67104995
127187139450,67105407
127187139450,67105419
127187139450,67105729
127187139450,67105868
127187139450,67106091
127187139450,67106515
127187139450,67106652
127187139450,67106683
127187139450,67106730
127187139450,67106777
127187139450,67106944
127187139450,67107213
127187139450,67107253
127187139450,67107406
127187139450,67107416
127187139450,67107432
127187139450,67107564
127187139450,67107595
127187139450,67107601
127187139450,67107613
127187139450,67107616
127187139450,67107622
127187139450,67107636
127187139450,67107645
127187139450,67107756
127187139450,67107894
127187139450,67107925
127187139450,67107929
127187139450,67107930
127187139450,67107946
127187139450,67107984
127187139450,67107998
127187139450,67108013
127187139450,67108023
127187139450,67108031
127187139450,67108046
127187139450,67108054
127187139450,67108066
127187139450,67108120
127187139450,67108126
127187139450,67108250
127187139450,67108269
127187139450,67108279
127187139450,67108282
127187139450,67108285
127187139450,67108287
127187139450,67108321
127187139450,67108330
127187139450,67108337
127187139450,67108347
127187139450,67108365
127187139450,67108400
127187139450,67108403
127187139450,67108410
127187139450,67108508
136207503950,131240
136207503950,131256
136207503950,67096352
136207503950,67097693
136207503950,67098027
136207503950,67098291
136207503950,67098348
136207503950,67098419
136207503950,67098426
136207503950,67098431
136207503950,67098490
136207503950,67098496
136207503950,67098514
136207503950,67098627
136207503950,67098634
136207503950,67098635
136207503950,67098658
136207503950,67098670
136207503950,67098682
136207503950,67098713
136207503950,67098722
136207503950,67098772
136207503950,67099292
136207503950,67099294
136207503950,67099295
136207503950,67099298
136207503950,67099301
136207503950,67099304
136207503950,67099310
136207503950,67099314
136207503950,67099316
136207503950,67099320
136207503950,67099321
136207503950,67099322
136207503950,67099326
136207503950,67099327
136207503950,67099340
136207503950,67099361
136207503950,67099364
136207503950,67099367
136207503950,67099372
136207503950,67099373
136207503950,67099380
136207503950,67099381
136207503950,67099382
136207503950,67099383
136207503950,67099393
136207503950,67099400
136207503950,67099403
136207503950,67099410
136207503950,67099412
136207503950,67099413
136207503950,67099742
136207503950,67100523
136207503950,67100880
136207503950,67100900
136207503950,67100921
136207503950,67101004
136207503950,67101009
136207503950,67101017
136207503950,67101021
136207503950,67101022
136207503950,67101040
136207503950,67103743
136207503950,67105084
136207503950,67105682
136207503950,67105810
136207503950,67105814
136207503950,67105817
136207503950,67105822
136207503950,67105881
136207503950,67105887
136207503950,67105894
136207503950,67105905
136207503950,67106018
136207503950,67106025
136207503950,67106049
136207503950,67106061
136207503950,67106073
136207503950,67106104
136207503950,67106113
136207503950,67106163
136207503950,67106685
136207503950,67106686
136207503950,67106689
136207503950,67106692
136207503950,67106695
136207503950,67106701
136207503950,67106705
136207503950,67106707
136207503950,67106711
136207503950,67106712
136207503950,67106713
136207503950,67106717
136207503950,67106718
136207503950,67106731
136207503950,67106752
136207503950,67106755
136207503950,67106758
136207503950,67106763
136207503950,67106764
136207503950,67106771
136207503950,67106772
136207503950,67106773
136207503950,67106774
136207503950,67106784
136207503950,67106791
136207503950,67106792
136207503950,67106794
136207503950,67106801
136207503950,67106803
136207503950,67106804
136207503950,67107914
136207503950,67108291
136207503950,67108312
136207503950,67108395
136207503950,67108408
136207503950,67108412
136207503950,67108413
136207503950,67108431
145227868450,67093980
145227868450,67097363
145227868450,67097468
145227868450,67098053
145227868450,67098152
145227868450,67098215
145227868450,67098216
145227868450,67098873
145227868450,67100080
145227868450,67100172
145227868450,67100282
145227868450,67100597
145227868450,67100704
145227868450,67100732
145227868450,67100748
145227868450,67100760
145227868450,67100793
145227868450,67100798
145227868450,67100799
145227868450,67100810
145227868450,67100837
145227868450,67100853
145227868450,67100856
145227868450,67100860
145227868450,67100863
145227868450,67100869
145227868450,67100876
145227868450,67100879
145227868450,67100884
145227868450,67100893
145227868450,67100897
145227868450,67100906
145227868450,67100908
145227868450,67100911
145227868450,67100917
145227868450,67100922
145227868450,67100926
145227868450,67100927
145227868450,67100932
145227868450,67100934
145227868450,67100941
145227868450,67100942
145227868450,67100949
145227868450,67100950
145227868450,67100952
145227868450,67100961
145227868450,67100963
145227868450,67100964
145227868450,67100966
145227868450,67100969
145227868450,67100980
145227868450,67100983
145227868450,67100986
145227868450,67100998
145227868450,67101000
145227868450,67101002
145227868450,67101013
145227868450,67101020
145227868450,67101027
145227868450,67101033
145227868450,67101037
145227868450,67101038
145227868450,67101371
145227868450,67104754
145227868450,67104859
145227868450,67105444
145227868450,67105543
145227868450,67105606
145227868450,67105607
145227868450,67106264
145227868450,67107471
145227868450,67107563
145227868450,67107673
145227868450,67107988
145227868450,67108095
145227868450,67108123
145227868450,67108139
145227868450,67108190
145227868450,67108201
145227868450,67108228
145227868450,67108244
145227868450,67108247
145227868450,67108251
145227868450,67108254
145227868450,67108260
145227868450,67108267
145227868450,67108270
145227868450,67108275
145227868450,67108284
145227868450,67108288
145227868450,67108297
145227868450,67108299
145227868450,67108302
145227868450,67108313
145227868450,67108318
145227868450,67108322
145227868450,67108325
145227868450,67108332
145227868450,67108333
145227868450,67108340
145227868450,67108341
145227868450,67108343
145227868450,67108352
145227868450,67108354
145227868450,67108355
145227868450,67108357
145227868450,67108360
145227868450,67108371
145227868450,67108374
145227868450,67108389
145227868450,67108393
145227868450,67108404
145227868450,67108411
145227868450,67108416
145227868450,67108418
145227868450,67108424
145227868450,67108428
145227868450,67108429
145227868450,67108505
145227868450,67108517
145227868450,67108750
154248232950,131242
154248232950,131257
154248232950,131258
154248232950,67090197
154248232950,67094182
154248232950,67094734
154248232950,67097474
154248232950,67097589
154248232950,67097599
154248232950,67097998
154248232950,67098082
154248232950,67098422
154248232950,67098482
154248232950,67098768
154248232950,67098938
154248232950,67098982
154248232950,67099186
154248232950,67099224
154248232950,67099329
154248232950,67099567
154248232950,67099740
154248232950,67099833
154248232950,67099928
154248232950,67100229
154248232950,67100265
154248232950,67100317
154248232950,67100405
154248232950,67100509
154248232950,67100512
154248232950,67100518
154248232950,67100536
154248232950,67100545
154248232950,67100547
154248232950,67100564
154248232950,67100567
154248232950,67100581
154248232950,67100591
154248232950,67100592
154248232950,67100599
154248232950,67100601
154248232950,67100602
154248232950,67100616
154248232950,67100619
154248232950,67100638
154248232950,67100639
154248232950,67100654
154248232950,67100664
154248232950,67100669
154248232950,67100672
154248232950,67100693
154248232950,67100705
154248232950,67100728
154248232950,67100749
154248232950,67100789
154248232950,67100821
154248232950,67100830
154248232950,67100844
154248232950,67100864
154248232950,67100907
154248232950,67101573
154248232950,67102125
154248232950,67104865
154248232950,67104980
154248232950,67104990
154248232950,67105389
154248232950,67105473
154248232950,67105813
154248232950,67105873
154248232950,67106159
154248232950,67106329
154248232950,67106373
154248232950,67106576
154248232950,67106615
154248232950,67106720
154248232950,67106958
154248232950,67107224
154248232950,67107319
154248232950,67107620
154248232950,67107656
154248232950,67107708
154248232950,67107796
154248232950,67107900
154248232950,67107903
154248232950,67107908
154248232950,67107909
154248232950,67107916
154248232950,67107928
154248232950,67107936
154248232950,67107938
154248232950,67107958
154248232950,67107972
154248232950,67107982
154248232950,67107983
154248232950,67107990
154248232950,67107992
154248232950,67108007
154248232950,67108010
154248232950,67108029
154248232950,67108041
154248232950,67108045
154248232950,67108055
154248232950,67108060
154248232950,67108063
154248232950,67108077
154248232950,67108084
154248232950,67108096
154248232950,67108119
154248232950,67108180
154248232950,67108212
154248232950,67108221
154248232950,67108235
154248232950,67108255
154248232950,67108298
154248232950,67108317
154248232950,67108323
154248232950,67108507
154248232950,67108511
154248232950,67108546
154248232950,67108785
163268597450,67091758
163268597450,67094157
163268597450,67094347
163268597450,67095024
163268597450,67095249
163268597450,67095920
163268597450,67096041
163268597450,67096288
163268597450,67096578
163268597450,67096583
163268597450,67096680
163268597450,67096752
163268597450,67096857
163268597450,67096887
163268597450,67096962
163268597450,67097056
163268597450,67097063
163268597450,67097100
163268597450,67097106
163268597450,67097131
163268597450,67097135
163268597450,67097152
163268597450,67097154
163268597450,67097177
163268597450,67097189
163268597450,67097192
163268597450,67097203
163268597450,67097208
163268597450,67097211
163268597450,67097213
163268597450,67097269
163268597450,67097275
163268597450,67097280
163268597450,67097364
163268597450,67097407
163268597450,67097426
163268597450,67097441
163268597450,67097461
163268597450,67097464
163268597450,67097481
163268597450,67097487
163268597450,67097504
163268597450,67097513
163268597450,67097612
163268597450,67097614
163268597450,67097661
163268597450,67097766
163268597450,67097791
163268597450,67097801
163268597450,67097840
163268597450,67097995
163268597450,67099520
163268597450,67099718
163268597450,67100047
163268597450,67100483
163268597450,67100579
163268597450,67100683
163268597450,67100768
163268597450,67100843
163268597450,67101548
163268597450,67101738
163268597450,67102415
163268597450,67102640
163268597450,67103311
163268597450,67103432
163268597450,67103679
163268597450,67103969
163268597450,67103974
163268597450,67104071
163268597450,67104143
163268597450,67104248
163268597450,67104278
163268597450,67104353
163268597450,67104447
163268597450,67104454
163268597450,67104491
163268597450,67104497
163268597450,67104522
163268597450,67104526
163268597450,67104543
163268597450,67104545
163268597450,67104568
163268597450,67104580
163268597450,67104583
163268597450,67104594
163268597450,67104599
163268597450,67104602
163268597450,67104604
163268597450,67104660
163268597450,67104666
163268597450,67104671
163268597450,67104755
163268597450,67104798
163268597450,67104817
163268597450,67104832
163268597450,67104852
163268597450,67104855
163268597450,67104872
163268597450,67104878
163268597450,67104895
163268597450,67104904
163268597450,67105003
163268597450,67105005
163268597450,67105052
163268597450,67105157
163268597450,67105182
163268597450,67105192
163268597450,67105386
163268597450,67106911
163268597450,67107109
163268597450,67107438
163268597450,67107874
163268597450,67108058
163268597450,67108074
163268597450,67108159
163268597450,67108234
163268597450,67108596
172288961950,67091508
172288961950,67095073
172288961950,67098343
172288961950,67098566
172288961950,67098588
172288961950,67098604
172288961950,67098689
172288961950,67098726
172288961950,67098755
172288961950,67098975
172288961950,67098989
172288961950,67099182
172288961950,67099207
172288961950,67099345
172288961950,67099440
172288961950,67099548
172288961950,67099575
172288961950,67099651
172288961950,67099887
172288961950,67100006
172288961950,67100052
172288961950,67100072
172288961950,67100123
172288961950,67100147
172288961950,67100178
172288961950,67100196
172288961950,67100216
172288961950,67100223
172288961950,67100238
172288961950,67100266
172288961950,67100269
172288961950,67100315
172288961950,67100359
172288961950,67100389
172288961950,67100502
172288961950,67100505
172288961950,67100510
172288961950,67100515
172288961950,67100525
172288961950,67100528
172288961950,67100531
172288961950,67100554
172288961950,67100557
172288961950,67100561
172288961950,67100574
172288961950,67100587
172288961950,67100605
172288961950,67100612
172288961950,67100630
172288961950,67100642
172288961950,67100646
172288961950,67100667
172288961950,67100688
172288961950,67100740
172288961950,67100761
172288961950,67100809
172288961950,67100818
172288961950,67100861
172288961950,67100909
172288961950,67100913
172288961950,67100920
172288961950,67100943
172288961950,67102464
172288961950,67105734
172288961950,67105957
172288961950,67105979
172288961950,67105995
172288961950,67106080
172288961950,67106117
172288961950,67106146
172288961950,67106366
172288961950,67106380
172288961950,67106527
172288961950,67106573
172288961950,67106598
172288961950,67106736
172288961950,67106831
172288961950,67106939
172288961950,67106966
172288961950,67107042
172288961950,67107278
172288961950,67107397
172288961950,67107443
172288961950,67107463
172288961950,67107514
172288961950,67107538
172288961950,67107569
172288961950,67107587
172288961950,67107607
172288961950,67107629
172288961950,67107657
172288961950,67107660
172288961950,67107706
172288961950,67107750
172288961950,67107780
172288961950,67107893
172288961950,67107896
172288961950,67107901
172288961950,67107906
172288961950,67107919
172288961950,67107922
172288961950,67107948
172288961950,67107952
172288961950,67107960
172288961950,67107978
172288961950,67107996
172288961950,67108003
172288961950,67108021
172288961950,67108033
172288961950,67108037
172288961950,67108079
172288961950,67108131
172288961950,67108151
172288961950,67108152
172288961950,67108200
172288961950,67108209
172288961950,67108304
172288961950,67108311
172288961950,67108334
172288961950,67108522
181309326450,67091558
181309326450,67094874
181309326450,67096898
181309326450,67096903
181309326450,67097170
181309326450,67098331
181309326450,67098552
181309326450,67098810
181309326450,67098811
181309326450,67098835
181309326450,67098934
181309326450,67099100
181309326450,67099112
181309326450,67099113
181309326450,67099408
181309326450,67099474
181309326450,67099475
181309326450,67099476
181309326450,67099477
181309326450,67099478
181309326450,67099581
181309326450,67099617
181309326450,67099654
181309326450,67099688
181309326450,67099691
181309326450,67099799
181309326450,67099831
181309326450,67099842
181309326450,67099874
181309326450,67099936
181309326450,67099954
181309326450,67099992
181309326450,67100093
181309326450,67100094
181309326450,67100150
181309326450,67100326
181309326450,67100347
181309326450,67100379
181309326450,67100437
181309326450,67100453
181309326450,67100474
181309326450,67100495
181309326450,67100500
181309326450,67100551
181309326450,67100569
181309326450,67100595
181309326450,67100627
181309326450,67100628
181309326450,67100629
181309326450,67100644
181309326450,67100692
181309326450,67100706
181309326450,67100763
181309326450,67100795
181309326450,67100870
181309326450,67100899
181309326450,67102265
181309326450,67104289
181309326450,67104294
181309326450,67104561
181309326450,67105722
181309326450,67105942
181309326450,67106201
181309326450,67106202
181309326450,67106226
181309326450,67106325
181309326450,67106491
181309326450,67106503
181309326450,67106504
181309326450,67106799
181309326450,67106865
181309326450,67106866
181309326450,67106867
181309326450,67106868
181309326450,67106869
181309326450,67106972
181309326450,67107008
181309326450,67107045
181309326450,67107079
181309326450,67107082
181309326450,67107084
181309326450,67107133
181309326450,67107190
181309326450,67107222
181309326450,67107232
181309326450,67107265
181309326450,67107327
181309326450,67107345
181309326450,67107383
181309326450,67107484
181309326450,67107485
181309326450,67107541
181309326450,67107582
181309326450,67107670
181309326450,67107717
181309326450,67107738
181309326450,67107770
181309326450,67107828
181309326450,67107844
181309326450,67107865
181309326450,67107885
181309326450,67107891
181309326450,67107942
181309326450,67107986
181309326450,67108018
181309326450,67108019
181309326450,67108035
181309326450,67108083
181309326450,67108097
181309326450,67108154
181309326450,67108186
181309326450,67108257
181309326450,67108261
181309326450,67108456
181309326450,67108503
181309326450,67108506
190329690950,67093665
190329690950,67093671
190329690950,67093708
190329690950,67093914
190329690950,67094131
190329690950,67094164
190329690950,67094179
190329690950,67094394
190329690950,67094395
190329690950,67094681
190329690950,67094686
190329690950,67094687
190329690950,67094688
190329690950,67094829
190329690950,67094852
190329690950,67095085
190329690950,67095176
190329690950,67095243
190329690950,67095296
190329690950,67095313
190329690950,67095370
190329690950,67095731
190329690950,67095733
190329690950,67095787
190329690950,67095848
190329690950,67096004
190329690950,67096248
190329690950,67096338
190329690950,67096341
190329690950,67096346
190329690950,67096347
190329690950,67096609
190329690950,67096612
190329690950,67096814
190329690950,67096893
190329690950,67096912
190329690950,67096999
190329690950,67101056
190329690950,67101062
190329690950,67101099
190329690950,67101305
190329690950,67101522
190329690950,67101554
190329690950,67101570
190329690950,67101786
190329690950,67102072
190329690950,67102077
190329690950,67102078
190329690950,67102079
190329690950,67102220
190329690950,67102243
190329690950,67102476
190329690950,67102567
190329690950,67102634
190329690950,67102687
190329690950,67102704
190329690950,67102761
190329690950,67102938
190329690950,67103122
190329690950,67103124
190329690950,67103178
190329690950,67103239
190329690950,67103395
190329690950,67103729
190329690950,67103732
190329690950,67103737
190329690950,67103738
190329690950,67104000
190329690950,67104003
190329690950,67104205
190329690950,67104284
190329690950,67104303
190329690950,67104390
