1096522560,67091408
1096522560,67092425
1096522560,67092426
1096522560,67093414
1096522560,67093415
1096522560,67093416
1096522560,67093417
1096522560,67093418
1096522560,67093419
1096522560,67093420
1096522560,67093421
1096522560,67093422
1096522560,67093423
1096522560,67093424
1096522560,67093425
1096522560,67093426
1096522560,67093427
1096522560,67093428
1096522560,67093429
1096522560,67093430
1096522560,67093431
1096522560,67093432
1096522560,67093433
1096522560,67093434
1096522560,67093436
1096522560,67093437
1096522560,67093438
1096522560,67093439
1096522560,67093440
1096522560,67093441
1096522560,67093442
1096522560,67093443
1096522560,67093444
1096522560,67093445
1096522560,67093446
1096522560,67093447
1096522560,67093448
1096522560,67093449
1096522560,67093450
1096522560,67093451
1096522560,67093475
1096522560,67093476
1096522560,67093477
1096522560,67093478
1096522560,67093479
1096522560,67093480
1096522560,67093481
1096522560,67093482
1096522560,67093483
1096522560,67093484
1096522560,67093485
1096522560,67093486
1096522560,67093487
1096522560,67093488
1096522560,67093489
1096522560,67093490
1096522560,67093491
1096522560,67093492
1096522560,67093493
1096522560,67093494
1096522560,67093495
1096522560,67093496
1096522560,67093497
1096522560,67093498
1096522560,67093499
1096522560,67093500
1096522560,67093501
1096522560,67093502
1096522560,67093503
1096522560,67093504
1096522560,67093505
1096522560,67093506
1096522560,67093507
1096522560,67093508
1096522560,67093509
1096522560,67093510
1096522560,67093883
1096522560,67093884
1096522560,67093885
1096522560,67093886
1096522560,67093887
1096522560,67093888
1096522560,67093889
1096522560,67093890
1096522560,67093891
1096522560,67093892
1096522560,67093893
1096522560,67093894
1096522560,67093895
1096522560,67093896
1096522560,67093897
1096522560,67093898
1096522560,67093899
1096522560,67093900
1096522560,67093901
1096522560,67093902
1096522560,67093903
1096522560,67093904
1096522560,67093905
1096522560,67093906
1096522560,67093907
1096522560,67101372
1096522560,67101373
1096522560,67101374
1096522560,67101375
1096522560,67101376
1096522560,67101377
1096522560,67101378
1096522560,67101379
1096522560,67101380
1096522560,67101381
1096522560,67101382
1096522560,67101383
1096522560,67101384
1096522560,67101385
1096522560,67101386
1096522560,67101387
1096522560,67101388
1096522560,67101389
1096522560,67101390
1096522560,67101391
1096522560,67101392
1096522560,67101393
1096522560,67101394
1096522560,67101395
1096522560,67101396
1096522560,67108593
1096522560,67109052
12061748160,67093435
12061748160,67093452
12061748160,67094310
12061748160,67094311
12061748160,67094312
12061748160,67094313
12061748160,67094314
12061748160,67094315
12061748160,67094316
12061748160,67094317
12061748160,67094318
12061748160,67094319
12061748160,67094324
12061748160,67094325
12061748160,67094326
12061748160,67094327
12061748160,67094328
12061748160,67094329
12061748160,67094330
12061748160,67101800
12061748160,67101801
12061748160,67101802
12061748160,67101803
12061748160,67101804
12061748160,67101806
12061748160,67101808
12061748160,67101813
12061748160,67101815
12061748160,67101816
12061748160,67101817
12061748160,67101818
12061748160,67101819
