902036450,67093288
902036450,67093289
902036450,67093290
902036450,67093291
902036450,67093292
902036450,67093293
902036450,67093294
902036450,67093295
902036450,67093296
902036450,67093297
902036450,67093298
902036450,67093299
902036450,67093300
902036450,67093301
902036450,67093302
902036450,67093303
902036450,67093304
902036450,67093305
902036450,67093306
902036450,67093307
902036450,67093308
902036450,67093309
902036450,67093310
902036450,67093315
902036450,67093316
902036450,67093317
902036450,67093319
902036450,67093321
902036450,67093324
902036450,67093326
902036450,67093328
902036450,67093329
902036450,67093330
902036450,67093331
902036450,67093336
902036450,67093338
902036450,67093340
902036450,67093341
902036450,67093342
902036450,67093343
902036450,67093344
902036450,67093346
902036450,67093349
902036450,67093350
902036450,67093352
902036450,67093354
902036450,67093355
902036450,67093370
902036450,67093397
902036450,67093403
902036450,67093406
902036450,67093409
902036450,67093433
902036450,67093440
902036450,67093442
902036450,67093464
902036450,67093472
902036450,67093488
902036450,67093501
902036450,67093505
902036450,67093513
902036450,67093518
902036450,67093522
902036450,67093531
902036450,67093535
902036450,67093536
902036450,67093540
902036450,67093541
902036450,67093545
902036450,67093547
902036450,67093548
902036450,67093550
902036450,67093552
902036450,67093554
902036450,67093555
902036450,67093558
902036450,67093559
902036450,67093561
902036450,67093562
902036450,67093565
902036450,67093567
902036450,67093570
902036450,67093573
902036450,67093574
902036450,67093575
902036450,67093576
902036450,67093581
902036450,67093585
902036450,67093586
902036450,67093591
902036450,67093594
902036450,67093595
902036450,67093598
902036450,67093599
902036450,67093602
902036450,67093603
902036450,67093604
902036450,67093605
902036450,67093607
902036450,67093610
902036450,67093614
902036450,67093615
902036450,67093616
902036450,67093617
902036450,67093618
902036450,67093619
902036450,67093620
902036450,67093621
902036450,67093622
902036450,67093623
902036450,67093624
902036450,67093626
902036450,67093629
902036450,67093631
902036450,67093634
902036450,67093635
902036450,67093636
902036450,67093637
902036450,67093638
902036450,67093639
902036450,67093640
902036450,67093642
902036450,67093643
902036450,67093646
902036450,67093647
902036450,67093649
902036450,67095395
902036450,67102786
9922400950,131231
9922400950,67093313
9922400950,67093314
9922400950,67093318
9922400950,67093320
9922400950,67093322
9922400950,67093323
9922400950,67093325
9922400950,67093327
9922400950,67093334
9922400950,67093335
9922400950,67093337
9922400950,67093339
9922400950,67093345
9922400950,67093347
9922400950,67093348
9922400950,67093351
9922400950,67093353
9922400950,67093356
9922400950,67093357
9922400950,67093402
9922400950,67093421
9922400950,67093434
9922400950,67093457
9922400950,67093465
9922400950,67093482
9922400950,67093494
9922400950,67093497
9922400950,67093506
9922400950,67093511
9922400950,67093512
9922400950,67093515
9922400950,67093532
9922400950,67093556
9922400950,67093597
9922400950,67093600
9922400950,67093613
