1379256614,67099320
1379256614,67100548
1379256614,67100549
1379256614,67100550
1379256614,67100551
1379256614,67100552
1379256614,67100553
1379256614,67100554
1379256614,67100555
1379256614,67100556
1379256614,67100557
1379256614,67100558
1379256614,67100559
1379256614,67100560
1379256614,67100561
1379256614,67100562
1379256614,67100563
1379256614,67100564
1379256614,67100565
1379256614,67100566
1379256614,67100567
1379256614,67100568
1379256614,67100569
1379256614,67100571
1379256614,67100573
1379256614,67100575
1379256614,67100576
1379256614,67100577
1379256614,67100579
1379256614,67100580
1379256614,67100581
1379256614,67100584
1379256614,67100585
1379256614,67100587
1379256614,67100588
1379256614,67100590
1379256614,67100591
1379256614,67100592
1379256614,67100594
1379256614,67100595
1379256614,67100596
1379256614,67100597
1379256614,67100598
1379256614,67100599
1379256614,67100600
1379256614,67100604
1379256614,67100606
1379256614,67100610
1379256614,67100614
1379256614,67100617
1379256614,67100618
1379256614,67100619
1379256614,67100620
1379256614,67100621
1379256614,67100622
1379256614,67100626
1379256614,67100627
1379256614,67100628
1379256614,67100633
1379256614,67100634
1379256614,67100635
1379256614,67100636
1379256614,67100637
1379256614,67100638
1379256614,67100639
1379256614,67100640
1379256614,67100641
1379256614,67100642
1379256614,67100643
1379256614,67100644
1379256614,67100645
1379256614,67100646
1379256614,67100647
1379256614,67100650
1379256614,67100653
1379256614,67100656
1379256614,67100658
1379256614,67100663
1379256614,67100666
1379256614,67100667
1379256614,67100668
1379256614,67100669
1379256614,67100670
1379256614,67100675
1379256614,67100958
1379256614,67104953
