732856447,67099298
732856447,67100548
732856447,67100549
732856447,67100550
732856447,67100551
732856447,67100552
732856447,67100553
732856447,67100554
732856447,67100555
732856447,67100556
732856447,67100557
732856447,67100558
732856447,67100559
732856447,67100560
732856447,67100561
732856447,67100562
732856447,67100563
732856447,67100564
732856447,67100565
732856447,67100566
732856447,67100567
732856447,67100568
732856447,67100569
732856447,67100570
732856447,67100571
732856447,67100572
732856447,67100573
732856447,67100574
732856447,67100575
732856447,67100576
732856447,67100577
732856447,67100578
732856447,67100579
732856447,67100580
732856447,67100581
732856447,67100582
732856447,67100583
732856447,67100584
732856447,67100585
732856447,67100586
732856447,67100587
732856447,67100588
732856447,67100589
732856447,67100590
732856447,67100591
732856447,67100592
732856447,67100593
732856447,67100594
732856447,67100595
732856447,67100596
732856447,67100597
732856447,67100598
732856447,67100599
732856447,67100600
732856447,67100601
732856447,67100602
732856447,67100603
732856447,67100604
732856447,67100605
732856447,67100606
732856447,67100607
732856447,67100608
732856447,67100610
732856447,67100612
732856447,67100613
732856447,67100614
732856447,67100615
732856447,67100616
732856447,67100617
732856447,67100618
732856447,67100619
732856447,67100620
732856447,67100621
732856447,67100623
732856447,67100624
732856447,67100625
732856447,67100627
732856447,67100628
732856447,67100629
732856447,67100630
732856447,67100631
732856447,67100633
732856447,67100634
732856447,67100635
732856447,67100636
732856447,67100637
732856447,67100638
732856447,67100639
732856447,67100640
732856447,67100641
732856447,67100642
732856447,67100643
732856447,67100644
732856447,67100645
732856447,67100646
732856447,67100647
732856447,67100648
732856447,67100649
732856447,67100651
732856447,67100652
732856447,67100654
732856447,67100655
732856447,67100656
732856447,67100657
732856447,67100658
732856447,67100659
732856447,67100660
732856447,67100661
732856447,67100662
732856447,67100663
732856447,67100664
732856447,67100665
732856447,67100666
732856447,67100667
732856447,67100668
732856447,67100669
732856447,67100670
732856447,67100671
732856447,67100672
732856447,67100673
732856447,67100674
732856447,67100675
732856447,67100676
732856447,67100792
732856447,67100793
732856447,67104787
732856447,67104788
732856447,67108669
8061420917,131244
8061420917,67099402
8061420917,67099908
8061420917,67100609
8061420917,67100611
8061420917,67100622
8061420917,67100626
8061420917,67100632
8061420917,67100650
8061420917,67100653
8061420917,67102203
8061420917,67102204
8061420917,67102205
8061420917,67102206
8061420917,67102207
8061420917,67102208
8061420917,67102209
8061420917,67102210
8061420917,67102211
8061420917,67102212
8061420917,67102213
8061420917,67102214
8061420917,67102215
8061420917,67102216
8061420917,67102217
8061420917,67102218
8061420917,67102219
8061420917,67102220
8061420917,67102221
8061420917,67102222
8061420917,67102223
8061420917,67102224
8061420917,67102225
8061420917,67102226
8061420917,67102227
8061420917,67102228
8061420917,67102229
8061420917,67102230
8061420917,67102231
8061420917,67102232
8061420917,67102233
8061420917,67102234
8061420917,67102235
8061420917,67102236
8061420917,67102237
8061420917,67102238
8061420917,67102239
8061420917,67102240
8061420917,67102241
8061420917,67102242
8061420917,67102243
8061420917,67102244
8061420917,67102245
8061420917,67102246
8061420917,67102247
8061420917,67102248
8061420917,67102249
8061420917,67102250
8061420917,67102251
8061420917,67102252
8061420917,67102253
8061420917,67102254
8061420917,67102255
8061420917,67102256
8061420917,67102257
8061420917,67102258
8061420917,67102259
8061420917,67102260
8061420917,67106198
8061420917,67106199
8061420917,67106200
8061420917,67106201
8061420917,67106202
8061420917,67106203
8061420917,67106204
8061420917,67106205
8061420917,67106206
8061420917,67106207
8061420917,67106208
8061420917,67106209
8061420917,67106210
8061420917,67106211
8061420917,67106212
8061420917,67106213
8061420917,67106214
8061420917,67106215
8061420917,67106216
8061420917,67106217
8061420917,67106218
8061420917,67106219
8061420917,67106220
8061420917,67106221
8061420917,67106222
8061420917,67106223
8061420917,67106224
8061420917,67106225
8061420917,67106226
8061420917,67106227
8061420917,67106228
8061420917,67106229
8061420917,67106230
8061420917,67106231
8061420917,67106232
8061420917,67106233
8061420917,67106234
8061420917,67106235
8061420917,67106236
8061420917,67106237
8061420917,67106238
8061420917,67106239
8061420917,67106240
8061420917,67106241
8061420917,67106242
8061420917,67106243
8061420917,67106244
8061420917,67106245
8061420917,67106246
8061420917,67106247
8061420917,67106248
8061420917,67106249
8061420917,67106250
8061420917,67106251
8061420917,67106252
8061420917,67106253
8061420917,67106254
8061420917,67108714
8061420917,67108715
8061420917,67108716
15389985387,67099912
15389985387,67099913
15389985387,67103515
15389985387,67103519
15389985387,67103520
15389985387,67103719
15389985387,67103857
15389985387,67103860
15389985387,67104072
15389985387,67104073
15389985387,67104135
15389985387,67104136
15389985387,67104138
15389985387,67104139
15389985387,67104140
15389985387,67104192
15389985387,67104193
15389985387,67104194
15389985387,67104229
15389985387,67104230
15389985387,67104231
15389985387,67104261
15389985387,67104262
15389985387,67104264
15389985387,67104266
15389985387,67104268
15389985387,67104269
15389985387,67104270
15389985387,67104272
15389985387,67104273
15389985387,67104274
15389985387,67104275
15389985387,67104276
15389985387,67104277
15389985387,67104278
15389985387,67104279
15389985387,67104280
15389985387,67104281
15389985387,67104282
15389985387,67104283
15389985387,67104284
15389985387,67104285
15389985387,67104287
15389985387,67104326
15389985387,67104327
15389985387,67104328
15389985387,67104329
15389985387,67104330
15389985387,67104331
15389985387,67104332
15389985387,67104333
15389985387,67104334
15389985387,67104335
15389985387,67104434
15389985387,67104435
15389985387,67104436
15389985387,67104487
15389985387,67104488
15389985387,67104566
15389985387,67107510
15389985387,67107514
15389985387,67107515
15389985387,67107714
15389985387,67107852
15389985387,67108067
15389985387,67108073
15389985387,67108130
15389985387,67108131
15389985387,67108132
15389985387,67108134
15389985387,67108135
15389985387,67108188
15389985387,67108189
15389985387,67108223
15389985387,67108224
15389985387,67108225
15389985387,67108226
15389985387,67108256
15389985387,67108259
15389985387,67108261
15389985387,67108263
15389985387,67108264
15389985387,67108265
15389985387,67108267
15389985387,67108269
15389985387,67108270
15389985387,67108271
15389985387,67108272
15389985387,67108273
15389985387,67108274
15389985387,67108276
15389985387,67108277
15389985387,67108278
15389985387,67108279
15389985387,67108280
15389985387,67108282
15389985387,67108321
15389985387,67108322
15389985387,67108323
15389985387,67108324
15389985387,67108325
15389985387,67108326
15389985387,67108327
15389985387,67108328
15389985387,67108329
15389985387,67108330
15389985387,67108429
15389985387,67108430
15389985387,67108431
15389985387,67108482
15389985387,67108483
15389985387,67108748
15389985387,67108751
15389985387,67108757
15389985387,67108763
15389985387,67108768
15389985387,67108769
15389985387,67108775
15389985387,67108776
15389985387,67108777
15389985387,67108778
15389985387,67108779
15389985387,67108780
15389985387,67108781
15389985387,67108782
15389985387,67108783
15389985387,67108786
15389985387,67108788
22718549857,67099933
22718549857,67103843
22718549857,67103844
22718549857,67103845
22718549857,67103846
22718549857,67103847
22718549857,67103848
22718549857,67103849
22718549857,67103850
22718549857,67103851
22718549857,67103852
22718549857,67103853
22718549857,67103854
22718549857,67103855
22718549857,67103856
22718549857,67103858
22718549857,67103859
22718549857,67103861
22718549857,67103862
22718549857,67103863
22718549857,67103864
22718549857,67103865
22718549857,67103866
22718549857,67103867
22718549857,67103868
22718549857,67103869
22718549857,67103870
22718549857,67103871
22718549857,67103872
22718549857,67103873
22718549857,67104074
22718549857,67104075
22718549857,67104076
22718549857,67104077
22718549857,67104078
22718549857,67104137
22718549857,67104141
22718549857,67104142
22718549857,67104143
22718549857,67104144
22718549857,67104145
22718549857,67104146
22718549857,67104147
22718549857,67104148
22718549857,67104149
22718549857,67104150
22718549857,67104151
22718549857,67104152
22718549857,67104153
22718549857,67104154
22718549857,67104155
22718549857,67104156
22718549857,67104157
22718549857,67104158
22718549857,67104159
22718549857,67104160
22718549857,67104161
22718549857,67104162
22718549857,67104163
22718549857,67104195
22718549857,67104218
22718549857,67107693
22718549857,67107760
22718549857,67107838
22718549857,67107839
22718549857,67107840
22718549857,67107841
22718549857,67107842
22718549857,67107843
22718549857,67107844
22718549857,67107845
22718549857,67107846
22718549857,67107847
22718549857,67107849
22718549857,67107850
22718549857,67107851
22718549857,67107853
22718549857,67107854
22718549857,67107855
22718549857,67107856
22718549857,67107857
22718549857,67107858
22718549857,67107859
22718549857,67107860
22718549857,67107861
22718549857,67107862
22718549857,67107863
22718549857,67107864
22718549857,67107865
22718549857,67107866
22718549857,67107867
22718549857,67107868
22718549857,67108068
22718549857,67108069
22718549857,67108070
22718549857,67108071
22718549857,67108072
22718549857,67108133
22718549857,67108136
22718549857,67108137
22718549857,67108139
22718549857,67108140
22718549857,67108141
22718549857,67108142
22718549857,67108143
22718549857,67108144
22718549857,67108145
22718549857,67108146
22718549857,67108147
22718549857,67108148
22718549857,67108149
22718549857,67108150
22718549857,67108151
22718549857,67108152
22718549857,67108153
22718549857,67108154
22718549857,67108155
22718549857,67108156
22718549857,67108157
22718549857,67108158
22718549857,67108186
22718549857,67108187
22718549857,67108190
22718549857,67108762
22718549857,67108764
22718549857,67108765
22718549857,67108767
22718549857,67108774
30047114327,67099270
30047114327,67099945
30047114327,67102086
30047114327,67102087
30047114327,67102088
30047114327,67102089
30047114327,67102090
30047114327,67102091
30047114327,67102092
30047114327,67102093
30047114327,67102094
30047114327,67102095
30047114327,67102096
30047114327,67102097
30047114327,67102098
30047114327,67102099
30047114327,67102100
30047114327,67102101
30047114327,67102102
30047114327,67102103
30047114327,67102104
30047114327,67102105
30047114327,67102106
30047114327,67102107
30047114327,67102108
30047114327,67102109
30047114327,67102110
30047114327,67102111
30047114327,67102112
30047114327,67102113
30047114327,67102114
30047114327,67102115
30047114327,67102116
30047114327,67102117
30047114327,67102118
30047114327,67102119
30047114327,67102120
30047114327,67102121
30047114327,67102122
30047114327,67102123
30047114327,67102124
30047114327,67102125
30047114327,67102126
30047114327,67102127
30047114327,67102128
30047114327,67102129
30047114327,67102130
30047114327,67102131
30047114327,67102132
30047114327,67102133
30047114327,67102134
30047114327,67102135
30047114327,67102136
30047114327,67102137
30047114327,67102138
30047114327,67102139
30047114327,67102140
30047114327,67102141
30047114327,67102142
30047114327,67102143
30047114327,67102144
30047114327,67102145
30047114327,67102146
30047114327,67106081
30047114327,67106082
30047114327,67106083
30047114327,67106084
30047114327,67106085
30047114327,67106086
30047114327,67106087
30047114327,67106088
30047114327,67106089
30047114327,67106090
30047114327,67106091
30047114327,67106092
30047114327,67106093
30047114327,67106094
30047114327,67106095
30047114327,67106096
30047114327,67106097
30047114327,67106098
30047114327,67106099
30047114327,67106100
30047114327,67106101
30047114327,67106102
30047114327,67106103
30047114327,67106104
30047114327,67106105
30047114327,67106106
30047114327,67106107
30047114327,67106108
30047114327,67106109
30047114327,67106110
30047114327,67106111
30047114327,67106112
30047114327,67106113
30047114327,67106114
30047114327,67106115
30047114327,67106116
30047114327,67106117
30047114327,67106118
30047114327,67106119
30047114327,67106120
30047114327,67106121
30047114327,67106122
30047114327,67106123
30047114327,67106124
30047114327,67106125
30047114327,67106126
30047114327,67106127
30047114327,67106128
30047114327,67106129
30047114327,67106130
30047114327,67106131
30047114327,67106132
30047114327,67106133
30047114327,67106134
30047114327,67106135
30047114327,67106136
30047114327,67106137
30047114327,67106138
30047114327,67106139
30047114327,67106140
30047114327,67106141
30047114327,67108711
30047114327,67108712
30047114327,67108713
37375678797,131250
37375678797,131258
37375678797,131260
37375678797,67099953
37375678797,67103471
37375678797,67103472
37375678797,67103475
37375678797,67103492
37375678797,67103514
37375678797,67103516
37375678797,67103517
37375678797,67103670
37375678797,67103671
37375678797,67103672
37375678797,67103673
37375678797,67103674
37375678797,67103675
37375678797,67103679
37375678797,67103680
37375678797,67103682
37375678797,67103683
37375678797,67103684
37375678797,67103688
37375678797,67103689
37375678797,67103693
37375678797,67103694
37375678797,67103700
37375678797,67103702
37375678797,67103703
37375678797,67103704
37375678797,67103705
37375678797,67103707
37375678797,67103708
37375678797,67103709
37375678797,67103710
37375678797,67103711
37375678797,67103712
37375678797,67103713
37375678797,67103714
37375678797,67103715
37375678797,67103720
37375678797,67103765
37375678797,67103766
37375678797,67103767
37375678797,67103768
37375678797,67103769
37375678797,67103770
37375678797,67103771
37375678797,67103772
37375678797,67103773
37375678797,67103774
37375678797,67103775
37375678797,67103776
37375678797,67103777
37375678797,67103778
37375678797,67103779
37375678797,67103780
37375678797,67103781
37375678797,67103782
37375678797,67103783
37375678797,67103784
37375678797,67103785
37375678797,67107466
37375678797,67107470
37375678797,67107487
37375678797,67107509
37375678797,67107511
37375678797,67107512
37375678797,67107665
37375678797,67107666
37375678797,67107667
37375678797,67107668
37375678797,67107669
37375678797,67107670
37375678797,67107674
37375678797,67107675
37375678797,67107677
37375678797,67107679
37375678797,67107680
37375678797,67107683
37375678797,67107684
37375678797,67107688
37375678797,67107689
37375678797,67107694
37375678797,67107695
37375678797,67107697
37375678797,67107698
37375678797,67107699
37375678797,67107700
37375678797,67107701
37375678797,67107702
37375678797,67107703
37375678797,67107704
37375678797,67107705
37375678797,67107706
37375678797,67107707
37375678797,67107708
37375678797,67107709
37375678797,67107710
37375678797,67107713
37375678797,67107715
37375678797,67107761
37375678797,67107762
37375678797,67107763
37375678797,67107764
37375678797,67107765
37375678797,67107766
37375678797,67107767
37375678797,67107768
37375678797,67107769
37375678797,67107770
37375678797,67107771
37375678797,67107772
37375678797,67107773
37375678797,67107774
37375678797,67107775
37375678797,67107776
37375678797,67107777
37375678797,67107778
37375678797,67107779
37375678797,67107780
37375678797,67107837
37375678797,67107848
37375678797,67108753
37375678797,67108754
37375678797,67108755
37375678797,67108756
37375678797,67108761
44704243267,131247
44704243267,131251
44704243267,131255
44704243267,131259
44704243267,67100677
44704243267,67100686
44704243267,67100689
44704243267,67100691
44704243267,67100692
44704243267,67100693
44704243267,67100694
44704243267,67100695
44704243267,67100696
44704243267,67100697
44704243267,67100698
44704243267,67100699
44704243267,67100700
44704243267,67100701
44704243267,67100702
44704243267,67100703
44704243267,67100704
44704243267,67100705
44704243267,67100706
44704243267,67100707
44704243267,67100708
44704243267,67100709
44704243267,67100710
44704243267,67100711
44704243267,67100712
44704243267,67100713
44704243267,67100714
44704243267,67100715
44704243267,67100716
44704243267,67100717
44704243267,67100718
44704243267,67100719
44704243267,67100720
44704243267,67100721
44704243267,67100722
44704243267,67100723
44704243267,67100724
44704243267,67100725
44704243267,67100726
44704243267,67100727
44704243267,67100728
44704243267,67100729
44704243267,67100730
44704243267,67100731
44704243267,67100732
44704243267,67100733
44704243267,67100734
44704243267,67100735
44704243267,67100736
44704243267,67100737
44704243267,67100738
44704243267,67100759
44704243267,67104674
44704243267,67104683
44704243267,67104685
44704243267,67104686
44704243267,67104687
44704243267,67104688
44704243267,67104689
44704243267,67104690
44704243267,67104691
44704243267,67104692
44704243267,67104693
44704243267,67104694
44704243267,67104695
44704243267,67104696
44704243267,67104697
44704243267,67104698
44704243267,67104699
44704243267,67104700
44704243267,67104701
44704243267,67104702
44704243267,67104703
44704243267,67104704
44704243267,67104705
44704243267,67104706
44704243267,67104707
44704243267,67104708
44704243267,67104709
44704243267,67104710
44704243267,67104711
44704243267,67104712
44704243267,67104713
44704243267,67104714
44704243267,67104715
44704243267,67104716
44704243267,67104717
44704243267,67104718
44704243267,67104719
44704243267,67104720
44704243267,67104721
44704243267,67104722
44704243267,67104723
44704243267,67104724
44704243267,67104725
44704243267,67104726
44704243267,67104727
44704243267,67104728
44704243267,67104729
44704243267,67104730
44704243267,67104731
44704243267,67104732
44704243267,67104733
44704243267,67108666
44704243267,67108667
44704243267,67108668
44704243267,67108672
44704243267,67108673
44704243267,67108683
44704243267,67108701
44704243267,67108703
44704243267,67108707
44704243267,67108709
44704243267,67108717
44704243267,67108718
44704243267,67108736
44704243267,67108737
44704243267,67108738
44704243267,67108766
44704243267,67108771
44704243267,67108789
44704243267,67108790
52032807737,67101585
52032807737,67101692
52032807737,67101696
52032807737,67101697
52032807737,67101705
52032807737,67101710
52032807737,67101715
52032807737,67101751
52032807737,67101752
52032807737,67101753
52032807737,67101754
52032807737,67101755
52032807737,67101756
52032807737,67101757
52032807737,67101758
52032807737,67101760
52032807737,67101761
52032807737,67101762
52032807737,67101764
52032807737,67101765
52032807737,67101766
52032807737,67101768
52032807737,67101769
52032807737,67101770
52032807737,67101772
52032807737,67101774
52032807737,67101775
52032807737,67101776
52032807737,67101777
52032807737,67101778
52032807737,67101779
52032807737,67101780
52032807737,67101782
52032807737,67101783
52032807737,67101784
52032807737,67101785
52032807737,67101786
52032807737,67101787
52032807737,67101788
52032807737,67101789
52032807737,67101790
52032807737,67101791
52032807737,67101792
52032807737,67101793
52032807737,67101794
52032807737,67101795
52032807737,67101796
52032807737,67101797
52032807737,67101798
52032807737,67101799
52032807737,67101804
52032807737,67101805
52032807737,67101906
52032807737,67101907
52032807737,67101908
52032807737,67101909
52032807737,67101910
52032807737,67101911
52032807737,67101947
52032807737,67105580
52032807737,67105686
52032807737,67105688
52032807737,67105691
52032807737,67105694
52032807737,67105700
52032807737,67105710
52032807737,67105711
52032807737,67105746
52032807737,67105747
52032807737,67105748
52032807737,67105750
52032807737,67105751
52032807737,67105752
52032807737,67105753
52032807737,67105755
52032807737,67105756
52032807737,67105757
52032807737,67105759
52032807737,67105760
52032807737,67105761
52032807737,67105762
52032807737,67105763
52032807737,67105764
52032807737,67105765
52032807737,67105767
52032807737,67105768
52032807737,67105769
52032807737,67105770
52032807737,67105771
52032807737,67105772
52032807737,67105773
52032807737,67105774
52032807737,67105775
52032807737,67105776
52032807737,67105777
52032807737,67105778
52032807737,67105779
52032807737,67105780
52032807737,67105781
52032807737,67105782
52032807737,67105783
52032807737,67105784
52032807737,67105785
52032807737,67105786
52032807737,67105787
52032807737,67105788
52032807737,67105789
52032807737,67105790
52032807737,67105791
52032807737,67105792
52032807737,67105793
52032807737,67105794
52032807737,67105799
52032807737,67105800
52032807737,67105900
52032807737,67105901
52032807737,67105902
52032807737,67105903
52032807737,67105904
52032807737,67105905
52032807737,67105906
52032807737,67108693
52032807737,67108694
52032807737,67108698
52032807737,67108699
52032807737,67108700
52032807737,67108702
52032807737,67108705
59361372207,131246
59361372207,131254
59361372207,67100749
59361372207,67100751
59361372207,67100768
59361372207,67100772
59361372207,67100778
59361372207,67100806
59361372207,67101022
59361372207,67101031
59361372207,67101032
59361372207,67101265
59361372207,67101520
59361372207,67101592
59361372207,67101594
59361372207,67101595
59361372207,67101598
59361372207,67101601
59361372207,67101602
59361372207,67101647
59361372207,67101655
59361372207,67101660
59361372207,67101691
59361372207,67101695
59361372207,67101699
59361372207,67101712
59361372207,67101713
59361372207,67101714
59361372207,67101716
59361372207,67101717
59361372207,67101759
59361372207,67101767
59361372207,67101771
59361372207,67101781
59361372207,67101800
59361372207,67101801
59361372207,67101802
59361372207,67101806
59361372207,67101807
59361372207,67101809
59361372207,67101810
59361372207,67101811
59361372207,67101813
59361372207,67101815
59361372207,67101816
59361372207,67101905
59361372207,67101912
59361372207,67101913
59361372207,67101914
59361372207,67101915
59361372207,67101919
59361372207,67101948
59361372207,67101949
59361372207,67101950
59361372207,67101951
59361372207,67101953
59361372207,67101954
59361372207,67104744
59361372207,67104746
59361372207,67104763
59361372207,67104767
59361372207,67104773
59361372207,67104801
59361372207,67104809
59361372207,67105017
59361372207,67105027
59361372207,67105259
59361372207,67105515
59361372207,67105587
59361372207,67105589
59361372207,67105590
59361372207,67105593
59361372207,67105595
59361372207,67105596
59361372207,67105631
59361372207,67105634
59361372207,67105642
59361372207,67105650
59361372207,67105689
59361372207,67105705
59361372207,67105708
59361372207,67105712
59361372207,67105754
59361372207,67105766
59361372207,67105795
59361372207,67105796
59361372207,67105797
59361372207,67105801
59361372207,67105802
59361372207,67105804
59361372207,67105805
59361372207,67105806
59361372207,67105807
59361372207,67105808
59361372207,67105810
59361372207,67105907
59361372207,67105908
59361372207,67105909
59361372207,67105910
59361372207,67105914
59361372207,67105942
59361372207,67105943
59361372207,67105945
59361372207,67105946
59361372207,67105947
59361372207,67105948
59361372207,67105949
59361372207,67105950
59361372207,67106080
59361372207,67108670
59361372207,67108676
59361372207,67108677
59361372207,67108684
59361372207,67108685
59361372207,67108692
59361372207,67108695
59361372207,67108696
59361372207,67108697
59361372207,67108706
59361372207,67108792
66689936677,131252
66689936677,67100678
66689936677,67100679
66689936677,67100680
66689936677,67100681
66689936677,67100682
66689936677,67100683
66689936677,67100684
66689936677,67100685
66689936677,67100687
66689936677,67100688
66689936677,67100690
66689936677,67100739
66689936677,67100740
66689936677,67100741
66689936677,67100742
66689936677,67100743
66689936677,67100744
66689936677,67100745
66689936677,67100746
66689936677,67100747
66689936677,67100748
66689936677,67100750
66689936677,67100752
66689936677,67100753
66689936677,67100754
66689936677,67100755
66689936677,67100756
66689936677,67100757
66689936677,67100758
66689936677,67100760
66689936677,67100761
66689936677,67100762
66689936677,67100763
66689936677,67100764
66689936677,67100765
66689936677,67100766
66689936677,67100767
66689936677,67100769
66689936677,67100770
66689936677,67100771
66689936677,67100773
66689936677,67100774
66689936677,67100775
66689936677,67100776
66689936677,67100777
66689936677,67100779
66689936677,67100781
66689936677,67100782
66689936677,67100783
66689936677,67100784
66689936677,67100785
66689936677,67100786
66689936677,67100787
66689936677,67100788
66689936677,67100789
66689936677,67100790
66689936677,67100791
66689936677,67104671
66689936677,67104672
66689936677,67104673
66689936677,67104675
66689936677,67104676
66689936677,67104677
66689936677,67104678
66689936677,67104679
66689936677,67104680
66689936677,67104681
66689936677,67104682
66689936677,67104684
66689936677,67104734
66689936677,67104735
66689936677,67104736
66689936677,67104737
66689936677,67104738
66689936677,67104739
66689936677,67104740
66689936677,67104741
66689936677,67104742
66689936677,67104743
66689936677,67104745
66689936677,67104747
66689936677,67104748
66689936677,67104749
66689936677,67104750
66689936677,67104751
66689936677,67104752
66689936677,67104753
66689936677,67104754
66689936677,67104755
66689936677,67104756
66689936677,67104757
66689936677,67104758
66689936677,67104759
66689936677,67104760
66689936677,67104761
66689936677,67104762
66689936677,67104764
66689936677,67104765
66689936677,67104766
66689936677,67104768
66689936677,67104769
66689936677,67104770
66689936677,67104771
66689936677,67104772
66689936677,67104774
66689936677,67104775
66689936677,67104776
66689936677,67104777
66689936677,67104778
66689936677,67104779
66689936677,67104780
66689936677,67104781
66689936677,67104782
66689936677,67104783
66689936677,67104784
66689936677,67104785
66689936677,67107787
66689936677,67108665
66689936677,67108758
66689936677,67108759
66689936677,67108791
74018501147,67099280
74018501147,67100804
74018501147,67101111
74018501147,67101206
74018501147,67101241
74018501147,67101354
74018501147,67101855
74018501147,67101946
74018501147,67101968
74018501147,67101999
74018501147,67102023
74018501147,67102055
74018501147,67102071
74018501147,67102084
74018501147,67102164
74018501147,67102290
74018501147,67102363
74018501147,67102412
74018501147,67102522
74018501147,67102532
74018501147,67102549
74018501147,67102584
74018501147,67102697
74018501147,67102745
74018501147,67102820
74018501147,67102888
74018501147,67102965
74018501147,67103006
74018501147,67103040
74018501147,67103114
74018501147,67103139
74018501147,67103190
74018501147,67103191
74018501147,67103228
74018501147,67103801
74018501147,67104295
74018501147,67104358
74018501147,67104508
74018501147,67104799
74018501147,67105106
74018501147,67105201
74018501147,67105236
74018501147,67105349
74018501147,67105709
74018501147,67105850
74018501147,67105940
74018501147,67105963
74018501147,67105994
74018501147,67106018
74018501147,67106079
74018501147,67106159
74018501147,67106285
74018501147,67106351
74018501147,67106358
74018501147,67106407
74018501147,67106517
74018501147,67106527
74018501147,67106544
74018501147,67106579
74018501147,67106692
74018501147,67106739
74018501147,67106815
74018501147,67106883
74018501147,67106959
74018501147,67107001
74018501147,67107035
74018501147,67107108
74018501147,67107134
74018501147,67107185
74018501147,67107186
74018501147,67107223
74018501147,67107796
74018501147,67108353
74018501147,67108503
74018501147,67108671
74018501147,67108674
74018501147,67108675
74018501147,67108678
74018501147,67108679
74018501147,67108680
74018501147,67108681
74018501147,67108682
74018501147,67108686
74018501147,67108687
74018501147,67108688
74018501147,67108689
74018501147,67108690
74018501147,67108691
74018501147,67108704
74018501147,67108708
74018501147,67108710
74018501147,67108719
74018501147,67108720
74018501147,67108721
74018501147,67108722
74018501147,67108723
74018501147,67108724
74018501147,67108725
74018501147,67108726
74018501147,67108727
74018501147,67108728
74018501147,67108729
74018501147,67108731
74018501147,67108732
74018501147,67108734
74018501147,67108739
74018501147,67108741
74018501147,67108745
74018501147,67108746
74018501147,67108747
74018501147,67108770
74018501147,67108772
74018501147,67108773
74018501147,67108784
74018501147,67108785
74018501147,67108787
74018501147,67108793
81347065617,67100794
81347065617,67100795
81347065617,67100796
81347065617,67100797
81347065617,67100798
81347065617,67100799
81347065617,67100801
81347065617,67100802
81347065617,67100803
81347065617,67100805
81347065617,67100807
81347065617,67100808
81347065617,67100810
81347065617,67100811
81347065617,67100812
81347065617,67100813
81347065617,67100817
81347065617,67100818
81347065617,67100819
81347065617,67100820
81347065617,67100821
81347065617,67100822
81347065617,67100823
81347065617,67100824
81347065617,67100825
81347065617,67100826
81347065617,67100827
81347065617,67100828
81347065617,67100829
81347065617,67100831
81347065617,67100832
81347065617,67100833
81347065617,67100835
81347065617,67100837
81347065617,67100838
81347065617,67100839
81347065617,67100840
81347065617,67100842
81347065617,67100843
81347065617,67100844
81347065617,67100845
81347065617,67100846
81347065617,67100847
81347065617,67100848
81347065617,67100849
81347065617,67100850
81347065617,67100851
81347065617,67100852
81347065617,67100853
81347065617,67100854
81347065617,67100855
81347065617,67100889
81347065617,67102692
81347065617,67104222
81347065617,67104319
81347065617,67104786
81347065617,67104789
81347065617,67104790
81347065617,67104791
81347065617,67104792
81347065617,67104793
81347065617,67104794
81347065617,67104795
81347065617,67104796
81347065617,67104798
81347065617,67104800
81347065617,67104802
81347065617,67104803
81347065617,67104805
81347065617,67104806
81347065617,67104807
81347065617,67104808
81347065617,67104812
81347065617,67104813
81347065617,67104814
81347065617,67104815
81347065617,67104816
81347065617,67104817
81347065617,67104818
81347065617,67104819
81347065617,67104820
81347065617,67104821
81347065617,67104822
81347065617,67104823
81347065617,67104824
81347065617,67104825
81347065617,67104826
81347065617,67104827
81347065617,67104828
81347065617,67104829
81347065617,67104830
81347065617,67104832
81347065617,67104833
81347065617,67104834
81347065617,67104835
81347065617,67104837
81347065617,67104838
81347065617,67104839
81347065617,67104840
81347065617,67104841
81347065617,67104842
81347065617,67104843
81347065617,67104844
81347065617,67104845
81347065617,67104846
81347065617,67104847
81347065617,67104848
81347065617,67104849
81347065617,67104850
81347065617,67106687
81347065617,67108217
81347065617,67108310
81347065617,67108314
81347065617,67108730
81347065617,67108744
81347065617,67108749
81347065617,67108760
88675630087,67099976
88675630087,67100986
88675630087,67100988
88675630087,67101649
88675630087,67101656
88675630087,67101667
88675630087,67101668
88675630087,67101669
88675630087,67101672
88675630087,67101673
88675630087,67101679
88675630087,67101680
88675630087,67101685
88675630087,67101724
88675630087,67101730
88675630087,67101743
88675630087,67101825
88675630087,67101831
88675630087,67101832
88675630087,67101834
88675630087,67101837
88675630087,67101840
88675630087,67101850
88675630087,67101851
88675630087,67101859
88675630087,67101860
88675630087,67101867
88675630087,67101870
88675630087,67101871
88675630087,67101875
88675630087,67101877
88675630087,67101878
88675630087,67101880
88675630087,67101881
88675630087,67101882
88675630087,67101885
88675630087,67101889
88675630087,67101890
88675630087,67101891
88675630087,67101894
88675630087,67101895
88675630087,67101896
88675630087,67101899
88675630087,67101900
88675630087,67101903
88675630087,67102314
88675630087,67102595
88675630087,67103814
88675630087,67104286
88675630087,67104301
88675630087,67104323
88675630087,67104512
88675630087,67104630
88675630087,67104634
88675630087,67104666
88675630087,67104981
88675630087,67104983
88675630087,67105644
88675630087,67105662
88675630087,67105664
88675630087,67105667
88675630087,67105668
88675630087,67105674
88675630087,67105675
88675630087,67105680
88675630087,67105693
88675630087,67105697
88675630087,67105719
88675630087,67105724
88675630087,67105726
88675630087,67105738
88675630087,67105745
88675630087,67105803
88675630087,67105811
88675630087,67105820
88675630087,67105826
88675630087,67105827
88675630087,67105828
88675630087,67105829
88675630087,67105832
88675630087,67105835
88675630087,67105845
88675630087,67105846
88675630087,67105853
88675630087,67105855
88675630087,67105861
88675630087,67105865
88675630087,67105866
88675630087,67105870
88675630087,67105872
88675630087,67105873
88675630087,67105875
88675630087,67105876
88675630087,67105877
88675630087,67105880
88675630087,67105884
88675630087,67105885
88675630087,67105886
88675630087,67105889
88675630087,67105890
88675630087,67105891
88675630087,67105894
88675630087,67105898
88675630087,67106309
88675630087,67106590
88675630087,67107809
88675630087,67108198
88675630087,67108296
88675630087,67108318
88675630087,67108506
88675630087,67108624
88675630087,67108628
88675630087,67108661
88675630087,67108733
88675630087,67108735
88675630087,67108742
88675630087,67108743
96004194557,67100993
96004194557,67103256
96004194557,67103292
96004194557,67103499
96004194557,67103695
96004194557,67103726
96004194557,67103792
96004194557,67103833
96004194557,67103841
96004194557,67103875
96004194557,67103876
96004194557,67103877
96004194557,67103878
96004194557,67103881
96004194557,67103884
96004194557,67103893
96004194557,67103901
96004194557,67103908
96004194557,67103917
96004194557,67103918
96004194557,67103920
96004194557,67103923
96004194557,67103924
96004194557,67103925
96004194557,67103928
96004194557,67103936
96004194557,67103939
96004194557,67103943
96004194557,67103948
96004194557,67103949
96004194557,67103952
96004194557,67104083
96004194557,67104086
96004194557,67104088
96004194557,67104092
96004194557,67104094
96004194557,67104100
96004194557,67104102
96004194557,67104108
96004194557,67104113
96004194557,67104114
96004194557,67104115
96004194557,67104116
96004194557,67104117
96004194557,67104123
96004194557,67104124
96004194557,67104125
96004194557,67104126
96004194557,67104127
96004194557,67104129
96004194557,67104130
96004194557,67104131
96004194557,67104132
96004194557,67104133
96004194557,67104134
96004194557,67104988
96004194557,67107250
96004194557,67107287
96004194557,67107494
96004194557,67107678
96004194557,67107690
96004194557,67107721
96004194557,67107726
96004194557,67107828
96004194557,67107832
96004194557,67107835
96004194557,67107869
96004194557,67107870
96004194557,67107871
96004194557,67107872
96004194557,67107873
96004194557,67107876
96004194557,67107879
96004194557,67107881
96004194557,67107895
96004194557,67107903
96004194557,67107907
96004194557,67107912
96004194557,67107915
96004194557,67107918
96004194557,67107919
96004194557,67107920
96004194557,67107923
96004194557,67107926
96004194557,67107931
96004194557,67107934
96004194557,67107938
96004194557,67107943
96004194557,67107944
96004194557,67107946
96004194557,67108077
96004194557,67108078
96004194557,67108081
96004194557,67108082
96004194557,67108087
96004194557,67108089
96004194557,67108095
96004194557,67108103
96004194557,67108108
96004194557,67108109
96004194557,67108111
96004194557,67108112
96004194557,67108116
96004194557,67108118
96004194557,67108119
96004194557,67108120
96004194557,67108121
96004194557,67108122
96004194557,67108123
96004194557,67108124
96004194557,67108125
96004194557,67108126
96004194557,67108128
96004194557,67108129
96004194557,67108138
96004194557,67108740
96004194557,67108750
103332759027,67102735
103332759027,67102738
103332759027,67102764
103332759027,67102902
103332759027,67102961
103332759027,67102969
103332759027,67103007
103332759027,67103145
103332759027,67103255
103332759027,67103260
103332759027,67103370
103332759027,67103376
103332759027,67103380
103332759027,67103381
103332759027,67103498
103332759027,67103685
103332759027,67103687
103332759027,67103698
103332759027,67103699
103332759027,67103728
103332759027,67103729
103332759027,67103733
103332759027,67103734
103332759027,67103737
103332759027,67103788
103332759027,67103794
103332759027,67103804
103332759027,67103805
103332759027,67103807
103332759027,67103808
103332759027,67103810
103332759027,67103811
103332759027,67103813
103332759027,67103815
103332759027,67103835
103332759027,67103836
103332759027,67103837
103332759027,67103838
103332759027,67103839
103332759027,67103842
103332759027,67103874
103332759027,67103879
103332759027,67103880
103332759027,67103882
103332759027,67103887
103332759027,67103888
103332759027,67103889
103332759027,67103890
103332759027,67103891
103332759027,67103892
103332759027,67103894
103332759027,67103895
103332759027,67103900
103332759027,67103902
103332759027,67103903
103332759027,67103912
103332759027,67103913
103332759027,67103914
103332759027,67103919
103332759027,67103921
103332759027,67103922
103332759027,67106730
103332759027,67106733
103332759027,67106759
103332759027,67106897
103332759027,67106956
103332759027,67106964
103332759027,67107000
103332759027,67107002
103332759027,67107139
103332759027,67107251
103332759027,67107254
103332759027,67107255
103332759027,67107364
103332759027,67107375
103332759027,67107493
103332759027,67107682
103332759027,67107720
103332759027,67107722
103332759027,67107723
103332759027,67107728
103332759027,67107731
103332759027,67107732
103332759027,67107783
103332759027,67107789
103332759027,67107794
103332759027,67107795
103332759027,67107797
103332759027,67107798
103332759027,67107799
103332759027,67107800
103332759027,67107802
103332759027,67107803
103332759027,67107805
103332759027,67107806
103332759027,67107808
103332759027,67107810
103332759027,67107827
103332759027,67107830
103332759027,67107831
103332759027,67107833
103332759027,67107834
103332759027,67107836
103332759027,67107874
103332759027,67107875
103332759027,67107878
103332759027,67107882
103332759027,67107883
103332759027,67107884
103332759027,67107885
103332759027,67107886
103332759027,67107888
103332759027,67107889
103332759027,67107890
103332759027,67107896
103332759027,67107897
103332759027,67107898
103332759027,67107908
103332759027,67107909
103332759027,67107911
103332759027,67107913
103332759027,67107914
103332759027,67107916
103332759027,67107917
103332759027,67108752
110661323497,131257
110661323497,67099299
110661323497,67100780
110661323497,67100800
110661323497,67100809
110661323497,67100814
110661323497,67100815
110661323497,67100816
110661323497,67100830
110661323497,67100834
110661323497,67100836
110661323497,67100841
110661323497,67100856
110661323497,67100857
110661323497,67100858
110661323497,67100859
110661323497,67100860
110661323497,67100861
110661323497,67100862
110661323497,67100863
110661323497,67100864
110661323497,67100865
110661323497,67100866
110661323497,67101156
110661323497,67101208
110661323497,67101305
110661323497,67101335
110661323497,67101958
110661323497,67101987
110661323497,67102377
110661323497,67102470
110661323497,67102570
110661323497,67102925
110661323497,67103098
110661323497,67103106
110661323497,67103221
110661323497,67103336
110661323497,67103364
110661323497,67103417
110661323497,67103480
110661323497,67103529
110661323497,67103731
110661323497,67103744
110661323497,67103802
110661323497,67103806
110661323497,67103946
110661323497,67104001
110661323497,67104038
110661323497,67104047
110661323497,67104049
110661323497,67104053
110661323497,67104060
110661323497,67104082
110661323497,67104103
110661323497,67104167
110661323497,67104201
110661323497,67104219
110661323497,67104288
110661323497,67104303
110661323497,67104316
110661323497,67104797
110661323497,67104804
110661323497,67104810
110661323497,67104811
110661323497,67104831
110661323497,67104836
110661323497,67104851
110661323497,67104852
110661323497,67104853
110661323497,67104854
110661323497,67104855
110661323497,67104856
110661323497,67104857
110661323497,67104858
110661323497,67104859
110661323497,67104860
110661323497,67104861
110661323497,67105150
110661323497,67105151
110661323497,67105203
110661323497,67105300
110661323497,67105330
110661323497,67105953
110661323497,67105982
110661323497,67106302
110661323497,67106371
110661323497,67106465
110661323497,67106565
110661323497,67106919
110661323497,67106920
110661323497,67107093
110661323497,67107101
110661323497,67107216
110661323497,67107321
110661323497,67107331
110661323497,67107359
110661323497,67107412
110661323497,67107474
110661323497,67107524
110661323497,67107801
110661323497,67107941
110661323497,67107950
110661323497,67107996
110661323497,67108033
110661323497,67108042
110661323497,67108043
110661323497,67108044
110661323497,67108048
110661323497,67108093
110661323497,67108097
110661323497,67108162
110661323497,67108196
110661323497,67108204
110661323497,67108214
110661323497,67108283
110661323497,67108298
110661323497,67108311
117989887967,67104110
117989887967,67104111
117989887967,67104120
117989887967,67104165
117989887967,67104174
117989887967,67104181
117989887967,67104182
117989887967,67104206
117989887967,67104207
117989887967,67104208
117989887967,67104211
117989887967,67104216
117989887967,67104225
117989887967,67104227
117989887967,67104263
117989887967,67104294
117989887967,67104317
117989887967,67104321
117989887967,67104339
117989887967,67104345
117989887967,67104347
117989887967,67104348
117989887967,67104353
117989887967,67104354
117989887967,67104355
117989887967,67104359
117989887967,67104360
117989887967,67104361
117989887967,67104365
117989887967,67104366
117989887967,67104368
117989887967,67104439
117989887967,67104441
117989887967,67104442
117989887967,67104443
117989887967,67104446
117989887967,67104447
117989887967,67104448
117989887967,67104451
117989887967,67104452
117989887967,67104453
117989887967,67104489
117989887967,67104491
117989887967,67104492
117989887967,67104496
117989887967,67104497
117989887967,67104498
117989887967,67104499
117989887967,67104500
117989887967,67104501
117989887967,67104502
117989887967,67104503
117989887967,67104504
117989887967,67104505
117989887967,67104506
117989887967,67104507
117989887967,67104509
117989887967,67104510
117989887967,67104511
117989887967,67104513
117989887967,67104514
117989887967,67108105
117989887967,67108114
117989887967,67108160
117989887967,67108169
117989887967,67108176
117989887967,67108177
117989887967,67108201
117989887967,67108202
117989887967,67108203
117989887967,67108206
117989887967,67108211
117989887967,67108213
117989887967,67108219
117989887967,67108220
117989887967,67108222
117989887967,67108258
117989887967,67108268
117989887967,67108289
117989887967,67108312
117989887967,67108316
117989887967,67108334
117989887967,67108340
117989887967,67108343
117989887967,67108347
117989887967,67108349
117989887967,67108350
117989887967,67108354
117989887967,67108355
117989887967,67108361
117989887967,67108363
117989887967,67108364
117989887967,67108433
117989887967,67108434
117989887967,67108435
117989887967,67108436
117989887967,67108437
117989887967,67108438
117989887967,67108441
117989887967,67108442
117989887967,67108443
117989887967,67108445
117989887967,67108446
117989887967,67108448
117989887967,67108484
117989887967,67108485
117989887967,67108486
117989887967,67108487
117989887967,67108491
117989887967,67108492
117989887967,67108493
117989887967,67108494
117989887967,67108495
117989887967,67108496
117989887967,67108497
117989887967,67108498
117989887967,67108499
117989887967,67108500
117989887967,67108501
117989887967,67108502
117989887967,67108504
117989887967,67108505
117989887967,67108507
117989887967,67108508
117989887967,67108509
117989887967,67108561
125318452437,131245
125318452437,67100881
125318452437,67101045
125318452437,67101081
125318452437,67101279
125318452437,67101364
125318452437,67101423
125318452437,67101456
125318452437,67101496
125318452437,67101600
125318452437,67101620
125318452437,67101639
125318452437,67101666
125318452437,67101671
125318452437,67101683
125318452437,67101711
125318452437,67101736
125318452437,67101745
125318452437,67101746
125318452437,67101820
125318452437,67101822
125318452437,67101847
125318452437,67101852
125318452437,67101854
125318452437,67101856
125318452437,67101863
125318452437,67101967
125318452437,67101972
125318452437,67101973
125318452437,67101974
125318452437,67101976
125318452437,67101978
125318452437,67101982
125318452437,67102059
125318452437,67102070
125318452437,67102080
125318452437,67102085
125318452437,67102154
125318452437,67102158
125318452437,67102163
125318452437,67102165
125318452437,67102168
125318452437,67102171
125318452437,67102172
125318452437,67102173
125318452437,67102175
125318452437,67102176
125318452437,67102177
125318452437,67102180
125318452437,67102181
125318452437,67102182
125318452437,67102183
125318452437,67102185
125318452437,67102186
125318452437,67102187
125318452437,67102188
125318452437,67104875
125318452437,67105076
125318452437,67105274
125318452437,67105359
125318452437,67105417
125318452437,67105451
125318452437,67105491
125318452437,67105615
125318452437,67105661
125318452437,67105666
125318452437,67105678
125318452437,67105685
125318452437,67105704
125318452437,67105706
125318452437,67105730
125318452437,67105740
125318452437,67105741
125318452437,67105809
125318452437,67105816
125318452437,67105842
125318452437,67105847
125318452437,67105849
125318452437,67105852
125318452437,67105858
125318452437,67105962
125318452437,67105966
125318452437,67105968
125318452437,67105969
125318452437,67105971
125318452437,67105972
125318452437,67105975
125318452437,67105977
125318452437,67106053
125318452437,67106054
125318452437,67106058
125318452437,67106062
125318452437,67106065
125318452437,67106066
125318452437,67106075
125318452437,67106149
125318452437,67106153
125318452437,67106158
125318452437,67106160
125318452437,67106162
125318452437,67106163
125318452437,67106165
125318452437,67106166
125318452437,67106167
125318452437,67106168
125318452437,67106170
125318452437,67106171
125318452437,67106172
125318452437,67106174
125318452437,67106176
125318452437,67106177
125318452437,67106178
125318452437,67106179
125318452437,67106180
125318452437,67106181
125318452437,67106182
125318452437,67106183
132647016907,67100990
132647016907,67101033
132647016907,67101064
132647016907,67101065
132647016907,67101067
132647016907,67101072
132647016907,67101089
132647016907,67101101
132647016907,67101103
132647016907,67101104
132647016907,67101105
132647016907,67101158
132647016907,67101160
132647016907,67101163
132647016907,67101166
132647016907,67101168
132647016907,67101169
132647016907,67101171
132647016907,67101172
132647016907,67101173
132647016907,67101209
132647016907,67101211
132647016907,67101213
132647016907,67101214
132647016907,67101216
132647016907,67101242
132647016907,67101243
132647016907,67101244
132647016907,67101245
132647016907,67101246
132647016907,67101247
132647016907,67101248
132647016907,67101249
132647016907,67101250
132647016907,67101251
132647016907,67101252
132647016907,67101253
132647016907,67101254
132647016907,67101255
132647016907,67101256
132647016907,67101257
132647016907,67101258
132647016907,67101259
132647016907,67101266
132647016907,67101267
132647016907,67101268
132647016907,67101269
132647016907,67101270
132647016907,67101271
132647016907,67101272
132647016907,67101273
132647016907,67101274
132647016907,67101275
132647016907,67101276
132647016907,67101277
132647016907,67101278
132647016907,67101280
132647016907,67101281
132647016907,67101282
132647016907,67101283
132647016907,67101284
132647016907,67101285
132647016907,67101304
132647016907,67104985
132647016907,67105028
132647016907,67105050
132647016907,67105059
132647016907,67105061
132647016907,67105067
132647016907,67105085
132647016907,67105095
132647016907,67105096
132647016907,67105098
132647016907,67105099
132647016907,67105100
132647016907,67105153
132647016907,67105155
132647016907,67105157
132647016907,67105158
132647016907,67105163
132647016907,67105164
132647016907,67105166
132647016907,67105167
132647016907,67105204
132647016907,67105206
132647016907,67105208
132647016907,67105209
132647016907,67105211
132647016907,67105237
132647016907,67105238
132647016907,67105239
132647016907,67105240
132647016907,67105241
132647016907,67105242
132647016907,67105243
132647016907,67105244
132647016907,67105245
132647016907,67105246
132647016907,67105247
132647016907,67105248
132647016907,67105249
132647016907,67105250
132647016907,67105251
132647016907,67105252
132647016907,67105253
132647016907,67105254
132647016907,67105260
132647016907,67105261
132647016907,67105262
132647016907,67105263
132647016907,67105264
132647016907,67105265
132647016907,67105266
132647016907,67105267
132647016907,67105268
132647016907,67105269
132647016907,67105270
132647016907,67105271
132647016907,67105272
132647016907,67105273
132647016907,67105275
132647016907,67105276
132647016907,67105277
132647016907,67105278
132647016907,67105279
132647016907,67105280
139975581377,131248
139975581377,131253
139975581377,67101047
139975581377,67101138
139975581377,67101522
139975581377,67101629
139975581377,67101808
139975581377,67101812
139975581377,67101838
139975581377,67101843
139975581377,67101844
139975581377,67101892
139975581377,67101930
139975581377,67101963
139975581377,67102178
139975581377,67102179
139975581377,67102307
139975581377,67102322
139975581377,67102325
139975581377,67102326
139975581377,67102331
139975581377,67102332
139975581377,67102344
139975581377,67102371
139975581377,67102382
139975581377,67102383
139975581377,67102389
139975581377,67102393
139975581377,67102404
139975581377,67102431
139975581377,67102434
139975581377,67102439
139975581377,67102440
139975581377,67102441
139975581377,67102444
139975581377,67102447
139975581377,67102457
139975581377,67102458
139975581377,67102464
139975581377,67102472
139975581377,67102473
139975581377,67102477
139975581377,67102478
139975581377,67102479
139975581377,67102480
139975581377,67102481
139975581377,67102485
139975581377,67102486
139975581377,67102701
139975581377,67102702
139975581377,67102703
139975581377,67102705
139975581377,67102706
139975581377,67102708
139975581377,67102709
139975581377,67102744
139975581377,67102746
139975581377,67102747
139975581377,67102748
139975581377,67102749
139975581377,67102750
139975581377,67102751
139975581377,67105042
139975581377,67105133
139975581377,67105517
139975581377,67105624
139975581377,67105833
139975581377,67105838
139975581377,67105839
139975581377,67105887
139975581377,67105925
139975581377,67105958
139975581377,67106173
139975581377,67106317
139975581377,67106320
139975581377,67106321
139975581377,67106327
139975581377,67106339
139975581377,67106365
139975581377,67106373
139975581377,67106377
139975581377,67106378
139975581377,67106384
139975581377,67106388
139975581377,67106408
139975581377,67106425
139975581377,67106429
139975581377,67106434
139975581377,67106436
139975581377,67106439
139975581377,67106452
139975581377,67106453
139975581377,67106459
139975581377,67106466
139975581377,67106467
139975581377,67106468
139975581377,67106472
139975581377,67106473
139975581377,67106474
139975581377,67106475
139975581377,67106476
139975581377,67106480
139975581377,67106481
139975581377,67106696
139975581377,67106697
139975581377,67106698
139975581377,67106700
139975581377,67106701
139975581377,67106703
139975581377,67106704
139975581377,67106740
139975581377,67106742
139975581377,67106743
139975581377,67106744
139975581377,67106745
139975581377,67106746
147304145847,67102598
147304145847,67102693
147304145847,67102694
147304145847,67102698
147304145847,67102707
147304145847,67102715
147304145847,67102720
147304145847,67102729
147304145847,67102730
147304145847,67102743
147304145847,67102761
147304145847,67102763
147304145847,67102765
147304145847,67102822
147304145847,67102823
147304145847,67102825
147304145847,67102827
147304145847,67102829
147304145847,67102832
147304145847,67102833
147304145847,67102834
147304145847,67102836
147304145847,67102837
147304145847,67102839
147304145847,67102841
147304145847,67102842
147304145847,67102843
147304145847,67102845
147304145847,67102846
147304145847,67102847
147304145847,67102848
147304145847,67102849
147304145847,67102850
147304145847,67102851
147304145847,67102852
147304145847,67102853
147304145847,67102854
147304145847,67102855
147304145847,67102856
147304145847,67102857
147304145847,67102858
147304145847,67102859
147304145847,67102860
147304145847,67102861
147304145847,67102862
147304145847,67102863
147304145847,67102864
147304145847,67102865
147304145847,67102866
147304145847,67102867
147304145847,67102868
147304145847,67102869
147304145847,67102870
147304145847,67102871
147304145847,67102872
147304145847,67102873
147304145847,67102874
147304145847,67102875
147304145847,67102876
147304145847,67102877
147304145847,67102878
147304145847,67102879
147304145847,67102880
147304145847,67102881
147304145847,67106593
147304145847,67106688
147304145847,67106689
147304145847,67106693
147304145847,67106702
147304145847,67106710
147304145847,67106715
147304145847,67106724
147304145847,67106738
147304145847,67106758
147304145847,67106760
147304145847,67106816
147304145847,67106818
147304145847,67106819
147304145847,67106822
147304145847,67106823
147304145847,67106824
147304145847,67106827
147304145847,67106828
147304145847,67106829
147304145847,67106831
147304145847,67106832
147304145847,67106833
147304145847,67106834
147304145847,67106836
147304145847,67106837
147304145847,67106838
147304145847,67106840
147304145847,67106841
147304145847,67106842
147304145847,67106843
147304145847,67106844
147304145847,67106845
147304145847,67106846
147304145847,67106847
147304145847,67106848
147304145847,67106849
147304145847,67106850
147304145847,67106851
147304145847,67106852
147304145847,67106853
147304145847,67106854
147304145847,67106855
147304145847,67106856
147304145847,67106857
147304145847,67106858
147304145847,67106859
147304145847,67106860
147304145847,67106861
147304145847,67106862
147304145847,67106863
147304145847,67106864
147304145847,67106865
147304145847,67106866
147304145847,67106867
147304145847,67106868
147304145847,67106869
147304145847,67106870
147304145847,67106871
147304145847,67106872
147304145847,67106873
147304145847,67106874
147304145847,67106875
147304145847,67106876
154632710317,67100918
154632710317,67100999
154632710317,67101118
154632710317,67101119
154632710317,67101161
154632710317,67101234
154632710317,67101523
154632710317,67101547
154632710317,67101609
154632710317,67101677
154632710317,67101700
154632710317,67101703
154632710317,67101707
154632710317,67101739
154632710317,67101826
154632710317,67101869
154632710317,67101876
154632710317,67101884
154632710317,67101887
154632710317,67101957
154632710317,67101964
154632710317,67101970
154632710317,67101980
154632710317,67101989
154632710317,67101996
154632710317,67102001
154632710317,67102002
154632710317,67102022
154632710317,67102024
154632710317,67102026
154632710317,67102027
154632710317,67102028
154632710317,67102033
154632710317,67102036
154632710317,67102037
154632710317,67102040
154632710317,67102056
154632710317,67102060
154632710317,67102064
154632710317,67102069
154632710317,67102076
154632710317,67102077
154632710317,67102079
154632710317,67102081
154632710317,67102082
154632710317,67102167
154632710317,67102169
154632710317,67102184
154632710317,67102189
154632710317,67102192
154632710317,67102195
154632710317,67102196
154632710317,67102197
154632710317,67102200
154632710317,67102201
154632710317,67102202
154632710317,67104913
154632710317,67104994
154632710317,67105087
154632710317,67105113
154632710317,67105229
154632710317,67105310
154632710317,67105518
154632710317,67105542
154632710317,67105603
154632710317,67105672
154632710317,67105683
154632710317,67105698
154632710317,67105702
154632710317,67105734
154632710317,67105822
154632710317,67105859
154632710317,67105863
154632710317,67105864
154632710317,67105871
154632710317,67105878
154632710317,67105882
154632710317,67105951
154632710317,67105952
154632710317,67105957
154632710317,67105965
154632710317,67105967
154632710317,67105973
154632710317,67105984
154632710317,67105991
154632710317,67105995
154632710317,67106003
154632710317,67106006
154632710317,67106017
154632710317,67106019
154632710317,67106021
154632710317,67106023
154632710317,67106028
154632710317,67106031
154632710317,67106032
154632710317,67106035
154632710317,67106050
154632710317,67106051
154632710317,67106059
154632710317,67106063
154632710317,67106064
154632710317,67106071
154632710317,67106072
154632710317,67106073
154632710317,67106076
154632710317,67106077
154632710317,67106164
154632710317,67106184
154632710317,67106187
154632710317,67106190
154632710317,67106191
154632710317,67106192
154632710317,67106195
154632710317,67106196
154632710317,67106197
161961274787,131256
161961274787,67101129
161961274787,67101199
161961274787,67101296
161961274787,67101498
161961274787,67101682
161961274787,67101824
161961274787,67101904
161961274787,67101984
161961274787,67103817
161961274787,67103941
161961274787,67104098
161961274787,67104242
161961274787,67104399
161961274787,67104577
161961274787,67104578
161961274787,67104579
161961274787,67104584
161961274787,67104587
161961274787,67104635
161961274787,67104639
161961274787,67104642
161961274787,67104643
161961274787,67104649
161961274787,67104659
161961274787,67105124
161961274787,67105194
161961274787,67105290
161961274787,67105418
161961274787,67105493
161961274787,67105677
161961274787,67105818
161961274787,67105978
161961274787,67107812
161961274787,67107935
161961274787,67108237
161961274787,67108394
161961274787,67108572
161961274787,67108573
161961274787,67108578
161961274787,67108579
161961274787,67108582
161961274787,67108629
161961274787,67108630
161961274787,67108634
161961274787,67108637
161961274787,67108644
161961274787,67108646
161961274787,67108657
