732856447,67099298
732856447,67100548
732856447,67100549
732856447,67100550
732856447,67100551
732856447,67100552
732856447,67100553
732856447,67100554
732856447,67100555
732856447,67100556
732856447,67100557
732856447,67100558
732856447,67100559
732856447,67100560
732856447,67100561
732856447,67100562
732856447,67100563
732856447,67100564
732856447,67100565
732856447,67100566
732856447,67100567
732856447,67100568
732856447,67100569
732856447,67100570
732856447,67100571
732856447,67100572
732856447,67100573
732856447,67100574
732856447,67100575
732856447,67100576
732856447,67100577
732856447,67100578
732856447,67100579
732856447,67100580
732856447,67100581
732856447,67100582
732856447,67100583
732856447,67100584
732856447,67100585
732856447,67100586
732856447,67100587
732856447,67100588
732856447,67100589
732856447,67100590
732856447,67100591
732856447,67100592
732856447,67100593
732856447,67100594
732856447,67100595
732856447,67100596
732856447,67100597
732856447,67100598
732856447,67100599
732856447,67100600
732856447,67100601
732856447,67100602
732856447,67100603
732856447,67100604
732856447,67100605
732856447,67100606
732856447,67100607
732856447,67100608
732856447,67100610
732856447,67100612
732856447,67100613
732856447,67100614
732856447,67100615
732856447,67100616
732856447,67100617
732856447,67100618
732856447,67100619
732856447,67100620
732856447,67100621
732856447,67100623
732856447,67100624
732856447,67100625
732856447,67100627
732856447,67100628
732856447,67100629
732856447,67100630
732856447,67100631
732856447,67100633
732856447,67100634
732856447,67100635
732856447,67100636
732856447,67100637
732856447,67100638
732856447,67100639
732856447,67100640
732856447,67100641
732856447,67100642
732856447,67100643
732856447,67100644
732856447,67100645
732856447,67100646
732856447,67100647
732856447,67100648
732856447,67100649
732856447,67100651
732856447,67100652
732856447,67100654
732856447,67100655
732856447,67100656
732856447,67100657
732856447,67100658
732856447,67100659
732856447,67100660
732856447,67100661
732856447,67100662
732856447,67100663
732856447,67100664
732856447,67100665
732856447,67100666
732856447,67100667
732856447,67100668
732856447,67100669
732856447,67100670
732856447,67100671
732856447,67100672
732856447,67100673
732856447,67100674
732856447,67100675
732856447,67100676
732856447,67100792
732856447,67100793
732856447,67104787
732856447,67104788
732856447,67108669
8061420917,131244
8061420917,67099402
8061420917,67099908
8061420917,67100609
8061420917,67100611
8061420917,67100622
8061420917,67100626
8061420917,67100632
8061420917,67100650
8061420917,67100653
8061420917,67102203
8061420917,67102204
8061420917,67102205
8061420917,67102206
8061420917,67102207
8061420917,67102208
8061420917,67102209
8061420917,67102210
8061420917,67102211
8061420917,67102212
8061420917,67102213
8061420917,67102214
8061420917,67102215
8061420917,67102216
8061420917,67102217
8061420917,67102218
8061420917,67102219
8061420917,67102220
8061420917,67102221
8061420917,67102222
8061420917,67102223
8061420917,67102224
8061420917,67102225
8061420917,67102226
8061420917,67102227
8061420917,67102228
8061420917,67102229
8061420917,67102230
8061420917,67102231
8061420917,67102232
8061420917,67102233
8061420917,67102234
8061420917,67102235
8061420917,67102236
8061420917,67102237
8061420917,67102238
8061420917,67102239
8061420917,67102240
8061420917,67102241
8061420917,67102242
8061420917,67102243
8061420917,67102244
8061420917,67102245
8061420917,67102246
8061420917,67102247
8061420917,67102248
8061420917,67102249
8061420917,67102250
8061420917,67102251
8061420917,67102252
8061420917,67102253
8061420917,67102254
8061420917,67102255
8061420917,67102256
8061420917,67102257
8061420917,67102258
8061420917,67102259
8061420917,67102260
8061420917,67106198
8061420917,67106199
8061420917,67106200
8061420917,67106201
8061420917,67106202
8061420917,67106203
8061420917,67106204
8061420917,67106205
8061420917,67106206
8061420917,67106207
8061420917,67106208
8061420917,67106209
8061420917,67106210
8061420917,67106211
8061420917,67106212
8061420917,67106213
8061420917,67106214
8061420917,67106215
8061420917,67106216
8061420917,67106217
8061420917,67106218
8061420917,67106219
8061420917,67106220
8061420917,67106221
8061420917,67106222
8061420917,67106223
8061420917,67106224
8061420917,67106225
8061420917,67106226
8061420917,67106227
8061420917,67106228
8061420917,67106229
8061420917,67106230
8061420917,67106231
8061420917,67106232
8061420917,67106233
8061420917,67106234
8061420917,67106235
8061420917,67106236
8061420917,67106237
8061420917,67106238
8061420917,67106239
8061420917,67106240
8061420917,67106241
8061420917,67106242
8061420917,67106243
8061420917,67106244
8061420917,67106245
8061420917,67106246
8061420917,67106247
8061420917,67106248
8061420917,67106249
8061420917,67106250
8061420917,67106251
8061420917,67106252
8061420917,67106253
8061420917,67106254
8061420917,67108714
8061420917,67108715
8061420917,67108716
15389985387,67099912
15389985387,67099913
15389985387,67103515
15389985387,67103519
15389985387,67103520
15389985387,67103719
15389985387,67103857
15389985387,67103860
15389985387,67104072
15389985387,67104073
15389985387,67104135
15389985387,67104136
15389985387,67104138
15389985387,67104139
15389985387,67104140
15389985387,67104192
15389985387,67104193
15389985387,67104194
15389985387,67104229
15389985387,67104230
15389985387,67104231
15389985387,67104261
15389985387,67104262
15389985387,67104264
15389985387,67104266
15389985387,67104268
15389985387,67104269
15389985387,67104270
15389985387,67104272
15389985387,67104273
15389985387,67104274
15389985387,67104275
15389985387,67104276
15389985387,67104277
15389985387,67104278
15389985387,67104279
15389985387,67104280
15389985387,67104281
15389985387,67104282
15389985387,67104283
15389985387,67104284
15389985387,67104285
15389985387,67104287
15389985387,67104326
15389985387,67104327
15389985387,67104328
15389985387,67104329
15389985387,67104330
15389985387,67104331
15389985387,67104332
15389985387,67104333
15389985387,67104334
15389985387,67104335
15389985387,67104434
15389985387,67104435
15389985387,67104436
15389985387,67104487
15389985387,67104488
15389985387,67104566
15389985387,67107510
15389985387,67107514
15389985387,67107515
15389985387,67107714
15389985387,67107852
15389985387,67108067
15389985387,67108073
15389985387,67108130
15389985387,67108131
15389985387,67108132
15389985387,67108134
15389985387,67108135
15389985387,67108188
15389985387,67108189
15389985387,67108223
15389985387,67108224
15389985387,67108225
15389985387,67108226
15389985387,67108256
15389985387,67108259
15389985387,67108261
15389985387,67108263
15389985387,67108264
15389985387,67108265
15389985387,67108267
15389985387,67108269
15389985387,67108270
15389985387,67108271
15389985387,67108272
15389985387,67108273
15389985387,67108274
15389985387,67108276
15389985387,67108277
15389985387,67108278
15389985387,67108279
15389985387,67108280
15389985387,67108282
15389985387,67108321
15389985387,67108322
15389985387,67108323
15389985387,67108324
15389985387,67108325
15389985387,67108326
15389985387,67108327
15389985387,67108328
15389985387,67108329
15389985387,67108330
15389985387,67108429
15389985387,67108430
15389985387,67108431
15389985387,67108482
15389985387,67108483
15389985387,67108748
15389985387,67108751
15389985387,67108757
15389985387,67108763
15389985387,67108768
15389985387,67108769
15389985387,67108775
15389985387,67108776
15389985387,67108777
15389985387,67108778
15389985387,67108779
15389985387,67108780
15389985387,67108781
15389985387,67108782
15389985387,67108783
15389985387,67108786
15389985387,67108788
22718549857,67099933
22718549857,67103843
22718549857,67103844
22718549857,67103845
22718549857,67103846
22718549857,67103847
22718549857,67103848
22718549857,67103849
22718549857,67103850
22718549857,67103851
22718549857,67103852
22718549857,67103853
22718549857,67103854
22718549857,67103855
22718549857,67103856
22718549857,67103858
22718549857,67103859
22718549857,67103861
22718549857,67103862
22718549857,67103863
22718549857,67103864
22718549857,67103865
22718549857,67103866
22718549857,67103867
22718549857,67103868
22718549857,67103869
22718549857,67103870
22718549857,67103871
22718549857,67103872
22718549857,67103873
22718549857,67104074
22718549857,67104075
22718549857,67104076
22718549857,67104077
22718549857,67104078
22718549857,67104137
22718549857,67104141
22718549857,67104142
22718549857,67104143
22718549857,67104144
22718549857,67104145
22718549857,67104146
22718549857,67104147
22718549857,67104148
22718549857,67104149
22718549857,67104150
22718549857,67104151
22718549857,67104152
22718549857,67104153
22718549857,67104154
22718549857,67104155
22718549857,67104156
22718549857,67104157
22718549857,67104158
22718549857,67104159
22718549857,67104160
22718549857,67104161
22718549857,67104162
22718549857,67104163
22718549857,67104195
22718549857,67104218
22718549857,67107693
22718549857,67107760
22718549857,67107838
22718549857,67107839
22718549857,67107840
22718549857,67107841
22718549857,67107842
22718549857,67107843
22718549857,67107844
22718549857,67107845
22718549857,67107846
22718549857,67107847
22718549857,67107849
22718549857,67107850
22718549857,67107851
22718549857,67107853
22718549857,67107854
22718549857,67107855
22718549857,67107856
22718549857,67107857
22718549857,67107858
22718549857,67107859
22718549857,67107860
22718549857,67107861
22718549857,67107862
22718549857,67107863
22718549857,67107864
22718549857,67107865
22718549857,67107866
22718549857,67107867
22718549857,67107868
22718549857,67108068
22718549857,67108069
22718549857,67108070
22718549857,67108071
22718549857,67108072
22718549857,67108133
22718549857,67108136
22718549857,67108137
22718549857,67108139
22718549857,67108140
22718549857,67108141
22718549857,67108142
22718549857,67108143
22718549857,67108144
22718549857,67108145
22718549857,67108146
22718549857,67108147
22718549857,67108148
22718549857,67108149
22718549857,67108150
22718549857,67108151
22718549857,67108152
22718549857,67108153
22718549857,67108154
22718549857,67108155
22718549857,67108156
22718549857,67108157
22718549857,67108158
22718549857,67108186
22718549857,67108187
22718549857,67108190
22718549857,67108762
22718549857,67108764
22718549857,67108765
22718549857,67108767
22718549857,67108774
30047114327,67099270
30047114327,67099945
30047114327,67102086
30047114327,67102087
30047114327,67102088
30047114327,67102089
30047114327,67102090
30047114327,67102091
30047114327,67102092
30047114327,67102093
30047114327,67102094
30047114327,67102095
30047114327,67102096
30047114327,67102097
30047114327,67102098
30047114327,67102099
30047114327,67102100
30047114327,67102101
30047114327,67102102
30047114327,67102103
30047114327,67102104
30047114327,67102105
30047114327,67102106
30047114327,67102107
30047114327,67102108
30047114327,67102109
30047114327,67102110
30047114327,67102111
30047114327,67102112
30047114327,67102113
30047114327,67102114
30047114327,67102115
30047114327,67102116
30047114327,67102117
30047114327,67102118
30047114327,67102119
30047114327,67102120
30047114327,67102121
30047114327,67102122
30047114327,67102123
30047114327,67102124
30047114327,67102125
30047114327,67102126
30047114327,67102127
30047114327,67102128
30047114327,67102129
30047114327,67102130
30047114327,67102131
30047114327,67102132
30047114327,67102133
30047114327,67102134
30047114327,67102135
30047114327,67102136
30047114327,67102137
30047114327,67102138
30047114327,67102139
30047114327,67102140
30047114327,67102141
30047114327,67102142
30047114327,67102143
30047114327,67102144
30047114327,67102145
30047114327,67102146
30047114327,67106081
30047114327,67106082
30047114327,67106083
30047114327,67106084
30047114327,67106085
30047114327,67106086
30047114327,67106087
30047114327,67106088
30047114327,67106089
30047114327,67106090
30047114327,67106091
30047114327,67106092
30047114327,67106093
30047114327,67106094
30047114327,67106095
30047114327,67106096
30047114327,67106097
30047114327,67106098
30047114327,67106099
30047114327,67106100
30047114327,67106101
30047114327,67106102
30047114327,67106103
30047114327,67106104
30047114327,67106105
30047114327,67106106
30047114327,67106107
30047114327,67106108
30047114327,67106109
30047114327,67106110
30047114327,67106111
30047114327,67106112
30047114327,67106113
30047114327,67106114
30047114327,67106115
30047114327,67106116
30047114327,67106117
30047114327,67106118
30047114327,67106119
30047114327,67106120
30047114327,67106121
30047114327,67106122
30047114327,67106123
30047114327,67106124
30047114327,67106125
30047114327,67106126
30047114327,67106127
30047114327,67106128
30047114327,67106129
30047114327,67106130
30047114327,67106131
30047114327,67106132
30047114327,67106133
30047114327,67106134
30047114327,67106135
30047114327,67106136
30047114327,67106137
30047114327,67106138
30047114327,67106139
30047114327,67106140
30047114327,67106141
30047114327,67108711
30047114327,67108712
30047114327,67108713
37375678797,67103517
37375678797,67103683
37375678797,67103684
37375678797,67103693
37375678797,67103694
37375678797,67103703
37375678797,67103704
37375678797,67103707
37375678797,67103711
37375678797,67103715
37375678797,67103768
37375678797,67103770
37375678797,67103771
37375678797,67103773
37375678797,67103775
37375678797,67103777
37375678797,67103779
37375678797,67103781
37375678797,67103782
37375678797,67103785
37375678797,67107509
37375678797,67107512
37375678797,67107677
37375678797,67107679
37375678797,67107688
37375678797,67107689
37375678797,67107699
37375678797,67107706
37375678797,67107708
37375678797,67107710
37375678797,67107763
37375678797,67107764
37375678797,67107765
37375678797,67107766
37375678797,67107768
37375678797,67107769
37375678797,67107770
37375678797,67107771
37375678797,67107772
37375678797,67107774
37375678797,67107776
37375678797,67107777
37375678797,67107778
37375678797,67107779
37375678797,67107780
37375678797,67108754
37375678797,67108755
37375678797,67108756
