1093269888,67091408
1093269888,67092425
1093269888,67092426
1093269888,67093414
1093269888,67093415
1093269888,67093416
1093269888,67093417
1093269888,67093418
1093269888,67093419
1093269888,67093420
1093269888,67093421
1093269888,67093422
1093269888,67093423
1093269888,67093424
1093269888,67093425
1093269888,67093426
1093269888,67093427
1093269888,67093428
1093269888,67093429
1093269888,67093430
1093269888,67093431
1093269888,67093432
1093269888,67093433
1093269888,67093434
1093269888,67093435
1093269888,67093436
1093269888,67093437
1093269888,67093438
1093269888,67093439
1093269888,67093440
1093269888,67093441
1093269888,67093442
1093269888,67093443
1093269888,67093444
1093269888,67093445
1093269888,67093446
1093269888,67093447
1093269888,67093448
1093269888,67093449
1093269888,67093450
1093269888,67093451
1093269888,67093452
1093269888,67093453
1093269888,67093454
1093269888,67093455
1093269888,67093456
1093269888,67093457
1093269888,67093458
1093269888,67093459
1093269888,67093460
1093269888,67093461
1093269888,67093462
1093269888,67093463
1093269888,67093464
1093269888,67093465
1093269888,67093466
1093269888,67093467
1093269888,67093468
1093269888,67093469
1093269888,67093470
1093269888,67093471
1093269888,67093472
1093269888,67093473
1093269888,67093474
1093269888,67093475
1093269888,67093476
1093269888,67093477
1093269888,67093478
1093269888,67093479
1093269888,67093480
1093269888,67093887
1093269888,67093888
1093269888,67093889
1093269888,67093890
1093269888,67093891
1093269888,67093892
1093269888,67093893
1093269888,67093894
1093269888,67093895
1093269888,67093896
1093269888,67093897
1093269888,67093898
1093269888,67093899
1093269888,67093900
1093269888,67093901
1093269888,67093902
1093269888,67093903
1093269888,67093904
1093269888,67093905
1093269888,67093906
1093269888,67093907
1093269888,67093908
1093269888,67093909
1093269888,67093910
1093269888,67093911
1093269888,67093912
1093269888,67093913
1093269888,67093914
1093269888,67101376
1093269888,67101377
1093269888,67101378
1093269888,67101379
1093269888,67101380
1093269888,67101381
1093269888,67101382
1093269888,67101383
1093269888,67101384
1093269888,67101385
1093269888,67101386
1093269888,67101387
1093269888,67101388
1093269888,67101389
1093269888,67101390
1093269888,67101391
1093269888,67101392
1093269888,67101393
1093269888,67101394
1093269888,67101395
1093269888,67101396
1093269888,67101397
1093269888,67101398
1093269888,67101399
1093269888,67101400
1093269888,67101401
1093269888,67101402
1093269888,67101403
1093269888,67108593
1093269888,67109052
12025968768,131230
12025968768,67092522
12025968768,67093481
12025968768,67093482
12025968768,67093483
12025968768,67093484
12025968768,67093485
12025968768,67093486
12025968768,67093487
12025968768,67093488
12025968768,67093489
12025968768,67093490
12025968768,67093491
12025968768,67093492
12025968768,67093493
12025968768,67093494
12025968768,67093495
12025968768,67093496
12025968768,67093497
12025968768,67093498
12025968768,67093499
12025968768,67093500
12025968768,67093501
12025968768,67093502
12025968768,67093503
12025968768,67093504
12025968768,67093505
12025968768,67093506
12025968768,67093507
12025968768,67093508
12025968768,67093509
12025968768,67093510
12025968768,67093511
12025968768,67093512
12025968768,67093513
12025968768,67093514
12025968768,67093515
12025968768,67093516
12025968768,67093517
12025968768,67093518
12025968768,67093519
12025968768,67093520
12025968768,67093521
12025968768,67093522
12025968768,67093523
12025968768,67093524
12025968768,67093525
12025968768,67093526
12025968768,67093527
12025968768,67093528
12025968768,67093529
12025968768,67093531
12025968768,67093534
12025968768,67093535
12025968768,67093538
12025968768,67093539
12025968768,67093540
12025968768,67093542
12025968768,67093544
12025968768,67093545
12025968768,67093552
12025968768,67093562
12025968768,67093582
12025968768,67093586
12025968768,67093591
12025968768,67093592
12025968768,67093596
12025968768,67093614
12025968768,67094173
12025968768,67094174
12025968768,67094175
12025968768,67094176
12025968768,67094179
12025968768,67094180
12025968768,67094181
12025968768,67094182
12025968768,67094183
12025968768,67094184
12025968768,67094185
12025968768,67094186
12025968768,67094187
12025968768,67094188
12025968768,67094189
12025968768,67094190
12025968768,67094191
12025968768,67094192
12025968768,67094193
12025968768,67094194
12025968768,67094195
12025968768,67094196
12025968768,67094197
12025968768,67094198
12025968768,67094199
12025968768,67094200
12025968768,67094201
12025968768,67094202
12025968768,67094203
12025968768,67101661
12025968768,67101663
12025968768,67101664
12025968768,67101665
12025968768,67101666
12025968768,67101668
12025968768,67101669
12025968768,67101670
12025968768,67101671
12025968768,67101672
12025968768,67101673
12025968768,67101674
12025968768,67101675
12025968768,67101676
12025968768,67101677
12025968768,67101678
12025968768,67101679
12025968768,67101680
12025968768,67101681
12025968768,67101682
12025968768,67101683
12025968768,67101684
12025968768,67101685
12025968768,67101686
12025968768,67101687
12025968768,67101688
12025968768,67101689
12025968768,67101690
12025968768,67101691
12025968768,67101692
12025968768,67101693
22958667648,67092564
22958667648,67092565
22958667648,67093530
22958667648,67093532
22958667648,67093533
22958667648,67093536
22958667648,67093537
22958667648,67093541
22958667648,67093543
22958667648,67093547
22958667648,67093634
22958667648,67093660
22958667648,67093661
22958667648,67093696
22958667648,67093698
22958667648,67093701
22958667648,67093704
22958667648,67093705
22958667648,67093706
22958667648,67093707
22958667648,67093708
22958667648,67093711
22958667648,67093712
22958667648,67093713
22958667648,67093714
22958667648,67093715
22958667648,67093716
22958667648,67093718
22958667648,67093719
22958667648,67093886
22958667648,67093915
22958667648,67093916
22958667648,67093917
22958667648,67093919
22958667648,67093920
22958667648,67101123
22958667648,67101134
22958667648,67101149
22958667648,67101150
22958667648,67101185
22958667648,67101187
22958667648,67101188
22958667648,67101189
22958667648,67101190
22958667648,67101191
22958667648,67101193
22958667648,67101194
22958667648,67101195
22958667648,67101196
22958667648,67101197
22958667648,67101198
22958667648,67101200
22958667648,67101201
22958667648,67101202
22958667648,67101203
22958667648,67101204
22958667648,67101205
22958667648,67101207
22958667648,67101208
22958667648,67101404
22958667648,67101405
22958667648,67101406
22958667648,67101408
22958667648,67101409
