827860087,67093291
827860087,67093306
827860087,67093319
827860087,67093320
827860087,67093334
827860087,67093345
827860087,67093348
827860087,67093349
827860087,67093360
827860087,67093365
827860087,67093367
827860087,67093368
827860087,67093369
827860087,67093370
827860087,67093372
827860087,67093376
827860087,67093377
827860087,67093379
827860087,67093380
827860087,67093383
827860087,67093385
827860087,67093386
827860087,67093387
827860087,67093391
827860087,67093392
827860087,67093396
827860087,67093398
827860087,67093399
827860087,67093400
827860087,67093401
827860087,67093402
827860087,67093403
827860087,67093407
827860087,67093410
827860087,67093411
827860087,67093414
827860087,67093416
827860087,67093419
827860087,67093420
827860087,67093421
827860087,67093425
827860087,67093426
827860087,67093429
827860087,67093431
827860087,67093432
827860087,67093433
827860087,67093441
827860087,67093445
827860087,67093449
827860087,67093450
827860087,67093455
827860087,67093456
827860087,67093457
827860087,67093478
827860087,67093479
827860087,67093482
827860087,67093483
827860087,67093485
827860087,67093488
827860087,67093506
827860087,67093509
827860087,67093510
827860087,67093511
827860087,67093513
827860087,67093515
827860087,67093518
827860087,67093520
827860087,67093523
827860087,67093530
827860087,67093532
827860087,67093533
827860087,67093534
827860087,67093535
827860087,67093542
827860087,67093544
827860087,67093556
827860087,67093558
827860087,67093560
827860087,67093561
827860087,67093562
827860087,67093563
827860087,67093567
827860087,67093569
827860087,67093570
827860087,67093580
827860087,67093586
827860087,67093587
827860087,67093588
827860087,67093589
827860087,67093590
827860087,67093591
827860087,67093592
827860087,67093594
827860087,67093599
827860087,67093602
827860087,67093603
827860087,67093605
827860087,67093607
827860087,67093608
827860087,67093611
827860087,67093612
827860087,67093613
827860087,67093614
827860087,67093615
827860087,67093617
827860087,67093619
827860087,67093620
827860087,67093621
827860087,67093622
827860087,67093623
827860087,67093624
827860087,67093626
827860087,67093627
827860087,67093628
827860087,67093629
827860087,67093630
827860087,67093631
827860087,67093632
827860087,67093633
827860087,67093634
827860087,67093635
827860087,67093636
827860087,67093640
827860087,67093645
827860087,67093647
827860087,67093650
827860087,67095814
827860087,67103205
9106460957,131231
9106460957,67093322
9106460957,67093327
9106460957,67093337
9106460957,67093412
9106460957,67093418
9106460957,67093453
9106460957,67093454
9106460957,67093469
9106460957,67093474
9106460957,67093475
9106460957,67093476
9106460957,67093499
9106460957,67093501
9106460957,67093512
9106460957,67093529
9106460957,67093538
9106460957,67093545
9106460957,67093546
9106460957,67093547
9106460957,67093548
9106460957,67093549
9106460957,67093552
9106460957,67093553
9106460957,67093555
9106460957,67093557
9106460957,67093564
9106460957,67093572
9106460957,67093573
9106460957,67093581
9106460957,67093582
9106460957,67093625
9106460957,67093637
9106460957,67093646
9106460957,67093648
9106460957,67108716
