827860087,67100695
827860087,67100697
827860087,67100698
827860087,67100700
827860087,67100709
827860087,67100710
827860087,67100711
827860087,67100712
827860087,67100713
827860087,67100715
827860087,67100716
827860087,67100724
827860087,67100729
827860087,67100735
827860087,67100736
827860087,67100746
827860087,67100747
827860087,67100748
827860087,67100749
827860087,67100750
827860087,67100751
827860087,67100752
827860087,67100757
827860087,67100758
827860087,67100760
827860087,67100761
827860087,67100762
827860087,67100763
827860087,67100764
827860087,67100767
827860087,67100768
827860087,67100779
827860087,67100788
827860087,67100789
827860087,67100790
827860087,67100793
827860087,67100794
827860087,67100795
827860087,67100798
827860087,67100799
827860087,67100802
827860087,67100804
827860087,67100805
827860087,67100807
827860087,67100808
827860087,67100810
827860087,67100815
827860087,67100817
827860087,67100819
827860087,67100820
827860087,67100822
827860087,67100825
827860087,67100840
827860087,67100841
827860087,67100842
827860087,67100843
827860087,67100844
827860087,67100845
827860087,67100846
827860087,67100847
827860087,67100848
827860087,67100849
827860087,67100850
827860087,67100851
827860087,67100852
827860087,67100854
827860087,67100855
827860087,67100856
827860087,67100857
827860087,67100859
827860087,67100861
827860087,67100862
827860087,67100863
827860087,67100864
827860087,67100865
827860087,67100866
827860087,67100867
827860087,67100868
827860087,67100869
827860087,67100870
827860087,67100871
827860087,67100872
827860087,67100873
