827860087,67100684
827860087,67100685
827860087,67100686
827860087,67100689
827860087,67100692
827860087,67100693
827860087,67100694
827860087,67100695
827860087,67100696
827860087,67100697
827860087,67100698
827860087,67100699
827860087,67100700
827860087,67100701
827860087,67100702
827860087,67100703
827860087,67100704
827860087,67100705
827860087,67100706
827860087,67100707
827860087,67100708
827860087,67100709
827860087,67100710
827860087,67100711
827860087,67100712
827860087,67100713
827860087,67100714
827860087,67100715
827860087,67100716
827860087,67100717
827860087,67100718
827860087,67100719
827860087,67100721
827860087,67100722
827860087,67100723
827860087,67100724
827860087,67100725
827860087,67100726
827860087,67100727
827860087,67100728
827860087,67100729
827860087,67100730
827860087,67100732
827860087,67100733
827860087,67100734
827860087,67100735
827860087,67100736
827860087,67100737
827860087,67100738
827860087,67100739
827860087,67100740
827860087,67100741
827860087,67100742
827860087,67100743
827860087,67100744
827860087,67100745
827860087,67100746
827860087,67100747
827860087,67100748
827860087,67100749
827860087,67100750
827860087,67100751
827860087,67100752
827860087,67100753
827860087,67100754
827860087,67100755
827860087,67100756
827860087,67100757
827860087,67100758
827860087,67100759
827860087,67100760
827860087,67100761
827860087,67100762
827860087,67100763
827860087,67100764
827860087,67100765
827860087,67100766
827860087,67100767
827860087,67100768
827860087,67100769
827860087,67100770
827860087,67100771
827860087,67100772
827860087,67100773
827860087,67100774
827860087,67100775
827860087,67100776
827860087,67100777
827860087,67100778
827860087,67100779
827860087,67100780
827860087,67100781
827860087,67100782
827860087,67100783
827860087,67100784
827860087,67100785
827860087,67100786
827860087,67100787
827860087,67100788
827860087,67100789
827860087,67100790
827860087,67100791
827860087,67100792
827860087,67100793
827860087,67100794
827860087,67100795
827860087,67100796
827860087,67100797
827860087,67100798
827860087,67100799
827860087,67100800
827860087,67100801
827860087,67100802
827860087,67100803
827860087,67100804
827860087,67100805
827860087,67100806
827860087,67100807
827860087,67100808
827860087,67100809
827860087,67100810
827860087,67100811
827860087,67100812
827860087,67100813
827860087,67100814
827860087,67100815
827860087,67100816
827860087,67100817
827860087,67100818
827860087,67100819
827860087,67100820
827860087,67100821
827860087,67100822
827860087,67100823
827860087,67100824
827860087,67100825
827860087,67100826
827860087,67100827
827860087,67100828
827860087,67100829
827860087,67100830
827860087,67100831
827860087,67100832
827860087,67100833
827860087,67100834
827860087,67100835
827860087,67100836
827860087,67100837
827860087,67100838
827860087,67100839
827860087,67100840
827860087,67100841
827860087,67100842
827860087,67100843
827860087,67100844
827860087,67100845
827860087,67100846
827860087,67100847
827860087,67100848
827860087,67100849
827860087,67100850
827860087,67100851
827860087,67100852
827860087,67100853
827860087,67100854
827860087,67100855
827860087,67100856
827860087,67100857
827860087,67100858
827860087,67100859
827860087,67100860
827860087,67100861
827860087,67100862
827860087,67100863
827860087,67100864
827860087,67100865
827860087,67100866
827860087,67100867
827860087,67100868
827860087,67100869
827860087,67100870
827860087,67100871
827860087,67100872
827860087,67100873
827860087,67100874
827860087,67100875
827860087,67100876
827860087,67100877
827860087,67100878
827860087,67100879
827860087,67100880
827860087,67100882
827860087,67100883
827860087,67100884
827860087,67100885
827860087,67100886
827860087,67100887
827860087,67100888
827860087,67100889
827860087,67100890
827860087,67100891
827860087,67100892
827860087,67100893
827860087,67100894
827860087,67100895
827860087,67100896
827860087,67100897
827860087,67100898
827860087,67100899
827860087,67100900
827860087,67100901
827860087,67100902
827860087,67100903
827860087,67100904
827860087,67100905
827860087,67100906
827860087,67100907
827860087,67100908
827860087,67100909
827860087,67100910
827860087,67100911
827860087,67100912
827860087,67100913
827860087,67100914
827860087,67100915
827860087,67100916
827860087,67100917
827860087,67100918
827860087,67100919
827860087,67100920
827860087,67100921
827860087,67100922
827860087,67100923
827860087,67100924
827860087,67100925
827860087,67100926
827860087,67100927
827860087,67100928
827860087,67100929
827860087,67100930
827860087,67100931
827860087,67100932
827860087,67100933
827860087,67100934
827860087,67100935
827860087,67100936
827860087,67100937
827860087,67100938
827860087,67100939
827860087,67100940
827860087,67100941
827860087,67100942
827860087,67100943
827860087,67100944
827860087,67100945
827860087,67100946
827860087,67100947
827860087,67100949
827860087,67100950
827860087,67100951
827860087,67100952
827860087,67100954
827860087,67100955
827860087,67100956
827860087,67100957
827860087,67100958
827860087,67100959
827860087,67100960
827860087,67100961
827860087,67100962
827860087,67100963
827860087,67100964
827860087,67100966
827860087,67100969
827860087,67100970
827860087,67100971
827860087,67100972
827860087,67100973
827860087,67100974
827860087,67100975
827860087,67100976
827860087,67100977
827860087,67100978
827860087,67100979
827860087,67100980
827860087,67100981
827860087,67100982
827860087,67100983
827860087,67100984
827860087,67100985
827860087,67100988
827860087,67100989
827860087,67100991
827860087,67100992
827860087,67100993
827860087,67100994
827860087,67100995
827860087,67100996
827860087,67100997
827860087,67100998
827860087,67100999
827860087,67101000
827860087,67101002
827860087,67101003
827860087,67101004
827860087,67101005
827860087,67101006
827860087,67101007
827860087,67101008
827860087,67101009
827860087,67101010
827860087,67101011
827860087,67101012
827860087,67101013
827860087,67101014
827860087,67101015
827860087,67101016
827860087,67101017
827860087,67101018
827860087,67101019
827860087,67101020
827860087,67101021
827860087,67101022
827860087,67101023
827860087,67101025
827860087,67101026
827860087,67101027
827860087,67101028
827860087,67101029
827860087,67101033
827860087,67101039
827860087,67104455
827860087,67104456
827860087,67104457
