902036450,67099230
902036450,67100679
902036450,67100680
902036450,67100681
902036450,67100682
902036450,67100683
902036450,67100684
902036450,67100685
902036450,67100686
902036450,67100687
902036450,67100688
902036450,67100689
902036450,67100690
902036450,67100691
902036450,67100692
902036450,67100693
902036450,67100694
902036450,67100695
902036450,67100696
902036450,67100697
902036450,67100698
902036450,67100699
902036450,67100700
902036450,67100701
902036450,67100702
902036450,67100703
902036450,67100704
902036450,67100705
902036450,67100706
902036450,67100707
902036450,67100708
902036450,67100709
902036450,67100710
902036450,67100711
902036450,67100712
902036450,67100713
902036450,67100714
902036450,67100715
902036450,67100716
902036450,67100717
902036450,67100718
902036450,67100719
902036450,67100720
902036450,67100721
902036450,67100722
902036450,67100723
902036450,67100724
902036450,67100725
902036450,67100726
902036450,67100727
902036450,67100728
902036450,67100729
902036450,67100730
902036450,67100731
902036450,67100732
902036450,67100733
902036450,67100734
902036450,67100735
902036450,67100736
902036450,67100737
902036450,67100738
902036450,67100739
902036450,67100740
902036450,67100741
902036450,67100742
902036450,67100743
902036450,67100744
902036450,67100745
902036450,67100746
902036450,67100747
902036450,67100748
902036450,67100755
902036450,67100757
902036450,67100764
902036450,67100766
902036450,67100769
902036450,67100770
902036450,67100772
902036450,67100774
902036450,67100776
902036450,67100780
902036450,67100782
902036450,67100785
902036450,67100786
902036450,67100792
902036450,67100793
902036450,67100795
902036450,67100798
902036450,67100800
902036450,67100802
902036450,67100804
902036450,67100810
902036450,67100811
902036450,67100813
902036450,67100817
902036450,67100820
902036450,67100821
902036450,67100822
902036450,67100823
902036450,67100824
902036450,67100825
902036450,67100828
902036450,67100830
902036450,67100833
902036450,67100834
902036450,67100839
902036450,67100840
902036450,67100841
902036450,67100845
902036450,67100847
902036450,67100848
902036450,67100849
902036450,67100852
902036450,67100853
902036450,67100857
902036450,67100858
902036450,67100861
902036450,67100863
902036450,67100864
902036450,67100868
902036450,67100870
902036450,67100871
902036450,67100872
902036450,67100873
902036450,67100878
902036450,67100879
902036450,67100880
902036450,67100881
902036450,67100882
902036450,67100885
902036450,67100886
902036450,67100887
902036450,67100888
902036450,67100889
902036450,67100890
902036450,67100891
902036450,67100892
902036450,67100893
902036450,67100895
902036450,67100896
902036450,67100897
902036450,67100898
902036450,67100899
902036450,67100900
902036450,67100901
902036450,67100902
902036450,67100904
902036450,67100905
902036450,67100906
902036450,67100907
902036450,67100908
902036450,67100909
902036450,67100910
902036450,67100911
902036450,67100912
902036450,67100913
902036450,67100914
902036450,67100915
902036450,67100921
902036450,67100922
902036450,67100923
902036450,67100924
902036450,67100925
902036450,67100926
902036450,67100927
902036450,67100928
902036450,67100929
902036450,67100930
902036450,67100931
902036450,67100932
902036450,67100933
902036450,67100934
902036450,67100935
902036450,67100937
902036450,67100938
902036450,67100939
902036450,67100940
902036450,67100941
902036450,67100942
902036450,67100943
902036450,67100945
902036450,67100946
902036450,67100949
902036450,67100953
902036450,67100954
902036450,67100957
902036450,67100960
902036450,67100961
902036450,67100962
902036450,67100963
902036450,67100964
902036450,67100965
902036450,67100967
902036450,67100971
902036450,67100972
902036450,67100974
902036450,67100975
902036450,67100978
902036450,67100980
902036450,67100981
902036450,67100982
902036450,67100983
902036450,67100984
902036450,67100985
902036450,67100986
902036450,67100987
902036450,67100988
902036450,67100991
902036450,67100992
902036450,67100994
902036450,67100995
902036450,67100996
902036450,67100997
902036450,67100998
902036450,67100999
902036450,67101000
902036450,67101001
902036450,67101003
902036450,67101004
902036450,67101005
902036450,67101006
902036450,67101007
902036450,67101008
902036450,67101009
902036450,67101010
902036450,67101011
902036450,67101012
902036450,67101013
902036450,67101014
902036450,67101015
902036450,67101016
902036450,67101017
902036450,67101018
902036450,67101019
902036450,67101020
902036450,67101021
902036450,67101022
902036450,67101023
902036450,67101024
902036450,67101025
902036450,67101027
902036450,67101028
902036450,67101029
902036450,67101030
902036450,67101031
902036450,67101034
902036450,67101035
902036450,67101036
902036450,67101037
902036450,67101038
902036450,67101039
902036450,67101040
902036450,67101041
902036450,67104064
902036450,67104065
902036450,67108433
27963129950,131245
27963129950,131246
27963129950,67105559
27963129950,67105560
27963129950,67105562
27963129950,67105563
27963129950,67105566
27963129950,67105567
27963129950,67105568
27963129950,67105569
27963129950,67105570
27963129950,67105571
27963129950,67105572
27963129950,67105573
27963129950,67105574
27963129950,67105575
27963129950,67105576
27963129950,67105577
27963129950,67105578
27963129950,67105579
27963129950,67105580
27963129950,67105581
27963129950,67105582
27963129950,67105583
27963129950,67105598
27963129950,67105609
27963129950,67105612
27963129950,67105617
27963129950,67105618
27963129950,67105621
27963129950,67105624
27963129950,67105625
27963129950,67105626
27963129950,67105628
27963129950,67105636
27963129950,67105641
27963129950,67105642
27963129950,67105643
27963129950,67105644
27963129950,67105651
27963129950,67105659
27963129950,67105661
27963129950,67105663
27963129950,67105664
27963129950,67105665
27963129950,67105667
27963129950,67105668
27963129950,67105669
27963129950,67105670
27963129950,67105671
27963129950,67105672
27963129950,67105676
27963129950,67105677
27963129950,67105680
27963129950,67105682
27963129950,67105683
27963129950,67105687
27963129950,67105688
27963129950,67105690
27963129950,67105694
27963129950,67105700
27963129950,67105701
27963129950,67105703
27963129950,67105705
27963129950,67105706
27963129950,67105709
27963129950,67105712
27963129950,67105714
27963129950,67105716
27963129950,67105717
27963129950,67105721
27963129950,67105723
27963129950,67105727
27963129950,67105729
27963129950,67105744
27963129950,67105747
27963129950,67105748
27963129950,67105749
27963129950,67105750
27963129950,67105751
27963129950,67105753
27963129950,67105757
27963129950,67105758
27963129950,67105767
27963129950,67105772
27963129950,67105774
27963129950,67105782
27963129950,67105784
27963129950,67105785
27963129950,67105786
27963129950,67105787
27963129950,67105789
27963129950,67105790
27963129950,67105793
27963129950,67105803
27963129950,67105804
27963129950,67105808
27963129950,67105811
27963129950,67105812
27963129950,67105813
27963129950,67105814
27963129950,67105815
27963129950,67105816
27963129950,67105822
27963129950,67105823
27963129950,67105824
27963129950,67105825
27963129950,67105826
27963129950,67105829
27963129950,67105831
27963129950,67105832
27963129950,67105834
27963129950,67105842
27963129950,67105844
27963129950,67105845
27963129950,67105847
27963129950,67105853
27963129950,67105858
27963129950,67105863
27963129950,67105865
27963129950,67105868
27963129950,67105872
27963129950,67105873
27963129950,67105881
27963129950,67105885
27963129950,67105886
27963129950,67105887
27963129950,67105889
27963129950,67105890
27963129950,67105892
27963129950,67105897
27963129950,67105899
27963129950,67105900
27963129950,67105902
27963129950,67105904
27963129950,67105908
27963129950,67105910
27963129950,67105913
27963129950,67105918
27963129950,67105923
27963129950,67105925
27963129950,67105926
27963129950,67105927
27963129950,67105934
27963129950,67105938
27963129950,67105939
27963129950,67105941
27963129950,67105943
27963129950,67105944
27963129950,67105948
27963129950,67105950
27963129950,67105951
27963129950,67105953
27963129950,67105956
27963129950,67105958
27963129950,67105960
27963129950,67105961
27963129950,67105962
27963129950,67105963
27963129950,67105966
27963129950,67105976
27963129950,67105979
27963129950,67105980
27963129950,67105985
27963129950,67105986
27963129950,67105987
27963129950,67105991
27963129950,67105992
27963129950,67105993
27963129950,67105995
27963129950,67106001
27963129950,67106004
27963129950,67106006
27963129950,67106007
27963129950,67106009
27963129950,67106011
27963129950,67106013
27963129950,67106015
27963129950,67106019
27963129950,67106021
27963129950,67106027
27963129950,67106028
27963129950,67106030
27963129950,67106037
27963129950,67106043
27963129950,67106044
27963129950,67106046
27963129950,67106047
27963129950,67106052
27963129950,67106053
27963129950,67106054
27963129950,67106055
27963129950,67106056
27963129950,67106057
27963129950,67106058
27963129950,67106062
27963129950,67106063
27963129950,67106066
27963129950,67106068
27963129950,67106069
27963129950,67106070
27963129950,67106073
27963129950,67106085
27963129950,67106086
27963129950,67106087
27963129950,67106088
27963129950,67106091
27963129950,67106101
27963129950,67106102
27963129950,67106104
27963129950,67106106
27963129950,67106108
27963129950,67106109
27963129950,67106110
27963129950,67106111
27963129950,67106112
27963129950,67106115
27963129950,67106116
27963129950,67106124
27963129950,67106129
27963129950,67106130
27963129950,67106139
27963129950,67106141
27963129950,67106147
27963129950,67106154
27963129950,67106156
27963129950,67106159
27963129950,67106160
27963129950,67106162
27963129950,67106164
27963129950,67106165
27963129950,67106170
27963129950,67106176
27963129950,67106177
27963129950,67106179
27963129950,67106180
27963129950,67106182
27963129950,67106186
27963129950,67106187
27963129950,67106188
27963129950,67106191
27963129950,67106192
27963129950,67106194
27963129950,67106206
27963129950,67108437
27963129950,67108438
27963129950,67108439
27963129950,67108440
27963129950,67108441
27963129950,67108442
27963129950,67108443
27963129950,67108446
27963129950,67108450
27963129950,67108451
27963129950,67108452
27963129950,67108453
