732856447,67104551
732856447,67104552
732856447,67104557
732856447,67104558
732856447,67104560
732856447,67104561
732856447,67104564
732856447,67104566
732856447,67104568
732856447,67104575
732856447,67104577
732856447,67104579
732856447,67104580
732856447,67104584
732856447,67104588
732856447,67104589
732856447,67104594
732856447,67104595
732856447,67104596
732856447,67104597
732856447,67104599
732856447,67104600
732856447,67104601
732856447,67104606
732856447,67104608
732856447,67104610
732856447,67104611
732856447,67104612
732856447,67104613
732856447,67104615
732856447,67104616
732856447,67104619
732856447,67104620
732856447,67104621
732856447,67104624
732856447,67104625
732856447,67104627
732856447,67104628
732856447,67104629
732856447,67104632
732856447,67104633
732856447,67104634
732856447,67104635
