1174268969,3
1174268969,14
1174268969,15
1174268969,16
1174268969,17
1174268969,67108483
1174268969,67108484
1174268969,67108485
1174268969,67108486
1174268969,67108640
1174268969,67108799
36402338039,18
36402338039,19
36402338039,20
36402338039,21
36402338039,22
36402338039,23
36402338039,24
36402338039,25
36402338039,26
36402338039,27
36402338039,28
36402338039,29
36402338039,30
36402338039,31
36402338039,32
36402338039,33
36402338039,34
36402338039,35
36402338039,36
36402338039,37
36402338039,38
36402338039,39
36402338039,40
36402338039,41
36402338039,42
36402338039,43
36402338039,44
36402338039,45
36402338039,46
36402338039,47
36402338039,48
36402338039,49
36402338039,50
36402338039,51
36402338039,52
36402338039,53
36402338039,54
36402338039,55
36402338039,56
36402338039,57
36402338039,58
36402338039,59
36402338039,60
36402338039,61
36402338039,63
36402338039,64
36402338039,65
36402338039,66
36402338039,68
36402338039,69
36402338039,70
36402338039,75
36402338039,76
36402338039,79
36402338039,80
36402338039,83
36402338039,131071
