1174268969,3
1174268969,14
1174268969,15
1174268969,16
1174268969,17
1174268969,67108483
1174268969,67108484
1174268969,67108485
1174268969,67108486
1174268969,67108640
1174268969,67108799
36402338039,18
36402338039,19
36402338039,20
36402338039,21
36402338039,22
36402338039,23
36402338039,24
36402338039,25
36402338039,26
36402338039,27
36402338039,28
36402338039,29
36402338039,30
36402338039,31
36402338039,32
36402338039,33
36402338039,34
36402338039,35
36402338039,37
36402338039,38
36402338039,40
36402338039,41
36402338039,131071
