1174268969,3
1174268969,14
1174268969,15
1174268969,16
1174268969,17
1174268969,67108483
1174268969,67108484
1174268969,67108485
1174268969,67108486
1174268969,67108640
1174268969,67108799
36402338039,18
36402338039,19
36402338039,20
36402338039,21
36402338039,22
36402338039,23
36402338039,24
36402338039,25
36402338039,26
36402338039,27
36402338039,28
36402338039,29
36402338039,30
36402338039,31
36402338039,32
36402338039,33
36402338039,34
36402338039,35
36402338039,36
36402338039,37
36402338039,38
36402338039,39
36402338039,40
36402338039,41
36402338039,42
36402338039,43
36402338039,44
36402338039,45
36402338039,46
36402338039,47
36402338039,48
36402338039,49
36402338039,50
36402338039,51
36402338039,52
36402338039,53
36402338039,54
36402338039,55
36402338039,56
36402338039,57
36402338039,58
36402338039,59
36402338039,60
36402338039,61
36402338039,62
36402338039,63
36402338039,64
36402338039,65
36402338039,66
36402338039,67
36402338039,68
36402338039,69
36402338039,70
36402338039,71
36402338039,72
36402338039,73
36402338039,74
36402338039,75
36402338039,76
36402338039,77
36402338039,78
36402338039,79
36402338039,80
36402338039,81
36402338039,82
36402338039,83
36402338039,84
36402338039,85
36402338039,86
36402338039,87
36402338039,88
36402338039,89
36402338039,90
36402338039,91
36402338039,92
36402338039,93
36402338039,94
36402338039,95
36402338039,96
36402338039,97
36402338039,98
36402338039,99
36402338039,100
36402338039,101
36402338039,102
36402338039,103
36402338039,104
36402338039,105
36402338039,106
36402338039,107
36402338039,108
36402338039,109
36402338039,110
36402338039,111
36402338039,112
36402338039,113
36402338039,114
36402338039,115
36402338039,116
36402338039,117
36402338039,118
36402338039,119
36402338039,120
36402338039,121
36402338039,122
36402338039,124
36402338039,125
36402338039,127
36402338039,129
36402338039,130
36402338039,131
36402338039,132
36402338039,133
36402338039,135
36402338039,136
36402338039,139
36402338039,140
36402338039,141
36402338039,144
36402338039,151
36402338039,152
36402338039,165
36402338039,167
36402338039,175
36402338039,215
36402338039,222
36402338039,131071
36402338039,67108488
71630407109,0
71630407109,4
71630407109,143
71630407109,153
71630407109,158
71630407109,159
71630407109,161
71630407109,162
71630407109,163
71630407109,164
71630407109,168
71630407109,171
71630407109,172
71630407109,173
71630407109,178
71630407109,179
71630407109,181
71630407109,184
71630407109,187
71630407109,188
71630407109,189
71630407109,190
71630407109,191
71630407109,192
71630407109,193
71630407109,194
71630407109,195
71630407109,196
71630407109,197
71630407109,198
71630407109,199
71630407109,200
71630407109,203
71630407109,204
71630407109,206
71630407109,207
71630407109,208
71630407109,210
71630407109,212
71630407109,213
71630407109,216
71630407109,217
71630407109,218
71630407109,219
71630407109,220
71630407109,221
71630407109,223
71630407109,224
71630407109,225
71630407109,226
71630407109,227
71630407109,228
71630407109,230
71630407109,232
71630407109,233
71630407109,234
71630407109,235
71630407109,236
71630407109,237
71630407109,238
71630407109,239
71630407109,241
71630407109,242
71630407109,243
71630407109,245
71630407109,247
71630407109,250
71630407109,251
71630407109,252
71630407109,254
71630407109,255
71630407109,256
71630407109,257
71630407109,258
71630407109,259
71630407109,262
71630407109,263
71630407109,265
71630407109,268
71630407109,272
71630407109,274
71630407109,276
71630407109,277
71630407109,278
71630407109,280
71630407109,281
71630407109,282
71630407109,283
71630407109,284
71630407109,285
71630407109,286
71630407109,287
71630407109,288
71630407109,289
71630407109,290
71630407109,291
71630407109,292
71630407109,294
71630407109,295
71630407109,296
71630407109,298
71630407109,299
71630407109,300
71630407109,302
71630407109,303
71630407109,304
71630407109,67108487
71630407109,67108489
71630407109,67108490
71630407109,67108491
71630407109,67108492
71630407109,67108493
71630407109,67108494
71630407109,67108495
71630407109,67108496
71630407109,67108497
71630407109,67108498
71630407109,67108499
71630407109,67108500
71630407109,67108501
71630407109,67108502
71630407109,67108503
71630407109,67108504
71630407109,67108505
106858476179,186
106858476179,209
106858476179,211
106858476179,214
106858476179,229
106858476179,240
106858476179,248
106858476179,249
106858476179,253
106858476179,269
106858476179,270
106858476179,275
