1174268969,3
1174268969,14
1174268969,15
1174268969,16
1174268969,17
1174268969,67108483
1174268969,67108484
1174268969,67108485
1174268969,67108486
1174268969,67108640
1174268969,67108799
36402338039,18
36402338039,19
36402338039,20
36402338039,21
36402338039,22
36402338039,23
36402338039,24
36402338039,25
36402338039,26
36402338039,27
36402338039,28
36402338039,29
36402338039,30
36402338039,31
36402338039,32
36402338039,33
36402338039,34
36402338039,35
36402338039,36
36402338039,37
36402338039,38
36402338039,39
36402338039,40
36402338039,41
36402338039,42
36402338039,43
36402338039,44
36402338039,45
36402338039,46
36402338039,47
36402338039,48
36402338039,49
36402338039,50
36402338039,51
36402338039,52
36402338039,53
36402338039,54
36402338039,55
36402338039,56
36402338039,57
36402338039,58
36402338039,59
36402338039,60
36402338039,61
36402338039,62
36402338039,63
36402338039,64
36402338039,65
36402338039,66
36402338039,67
36402338039,68
36402338039,69
36402338039,70
36402338039,71
36402338039,72
36402338039,73
36402338039,74
36402338039,75
36402338039,76
36402338039,77
36402338039,78
36402338039,79
36402338039,80
36402338039,81
36402338039,82
36402338039,83
36402338039,84
36402338039,85
36402338039,86
36402338039,87
36402338039,88
36402338039,89
36402338039,90
36402338039,91
36402338039,92
36402338039,93
36402338039,94
36402338039,95
36402338039,96
36402338039,97
36402338039,98
36402338039,99
36402338039,100
36402338039,101
36402338039,102
36402338039,103
36402338039,104
36402338039,105
36402338039,106
36402338039,107
36402338039,108
36402338039,109
36402338039,110
36402338039,111
36402338039,112
36402338039,113
36402338039,114
36402338039,115
36402338039,116
36402338039,117
36402338039,118
36402338039,119
36402338039,120
36402338039,121
36402338039,122
36402338039,124
36402338039,125
36402338039,127
36402338039,129
36402338039,130
36402338039,131
36402338039,132
36402338039,133
36402338039,135
36402338039,136
36402338039,139
36402338039,140
36402338039,141
36402338039,144
36402338039,151
36402338039,152
36402338039,167
36402338039,175
36402338039,222
36402338039,131071
36402338039,67108488
