981555542,3
981555542,67108271
981555542,67108272
981555542,67108273
981555542,67108274
981555542,67108275
981555542,67108276
981555542,67108277
981555542,67108278
981555542,67108279
981555542,67108632
981555542,67108634
981555542,67108635
981555542,67108636
981555542,67108638
981555542,67108863
30428221802,131070
30428221802,131071
59874888062,67106078
59874888062,67106079
59874888062,67107098
59874888062,67107099
59874888062,67107107
59874888062,67107108
59874888062,67107109
59874888062,67107110
59874888062,67107111
59874888062,67107112
59874888062,67107113
59874888062,67107114
59874888062,67107115
59874888062,67107119
59874888062,67107120
59874888062,67107121
59874888062,67107122
59874888062,67107123
59874888062,67107124
59874888062,67107134
59874888062,67107135
59874888062,67107136
59874888062,67107137
59874888062,67107138
59874888062,67107139
59874888062,67107140
59874888062,67107141
59874888062,67107142
59874888062,67107161
59874888062,67107162
59874888062,67107163
59874888062,67107164
59874888062,67107165
59874888062,67107166
59874888062,67107167
59874888062,67107168
59874888062,67107169
59874888062,67107170
59874888062,67107171
59874888062,67107172
59874888062,67107173
59874888062,67107174
59874888062,67107175
59874888062,67107176
59874888062,67107177
59874888062,67107221
59874888062,67107222
59874888062,67107223
59874888062,67107224
59874888062,67107225
59874888062,67107226
59874888062,67107227
59874888062,67107228
59874888062,67107229
59874888062,67107230
59874888062,67107231
59874888062,67107232
59874888062,67107235
59874888062,67107236
59874888062,67107238
59874888062,67107239
59874888062,67107240
59874888062,67107241
59874888062,67107242
59874888062,67107243
59874888062,67107244
59874888062,67107245
59874888062,67107246
59874888062,67107247
59874888062,67107248
59874888062,67107336
59874888062,67107337
59874888062,67107338
59874888062,67107341
59874888062,67107343
59874888062,67107344
59874888062,67107345
59874888062,67107346
59874888062,67107348
59874888062,67107349
59874888062,67107351
59874888062,67107353
59874888062,67107354
59874888062,67107356
59874888062,67107357
59874888062,67107358
59874888062,67107365
59874888062,67107370
59874888062,67107371
59874888062,67107374
59874888062,67107376
59874888062,67107377
59874888062,67107379
59874888062,67107380
59874888062,67107381
59874888062,67107382
59874888062,67107383
59874888062,67107384
59874888062,67107385
59874888062,67107386
59874888062,67107387
59874888062,67107388
59874888062,67107389
59874888062,67107567
59874888062,67107579
59874888062,67107600
59874888062,67107608
59874888062,67107635
59874888062,67107636
59874888062,67107647
59874888062,67107651
59874888062,67107654
59874888062,67107656
59874888062,67107657
59874888062,67107659
59874888062,67107661
59874888062,67107662
59874888062,67107663
59874888062,67107664
59874888062,67107666
59874888062,67107667
59874888062,67107668
59874888062,67107669
59874888062,67107670
59874888062,67107671
59874888062,67107672
59874888062,67108027
59874888062,67108093
89321554322,67106077
89321554322,67106080
89321554322,67106081
89321554322,67106082
118768220582,67106246
118768220582,67106417
118768220582,67106418
118768220582,67106419
118768220582,67106420
148214886842,67106095
148214886842,67106642
148214886842,67106643
148214886842,67106644
177661553102,67106773
177661553102,67106774
177661553102,67106775
177661553102,67106776
207108219362,131066
207108219362,131067
207108219362,67106047
207108219362,67106048
207108219362,67106100
207108219362,67106101
207108219362,67106102
207108219362,67106105
236554885622,67105995
236554885622,67105996
236554885622,67105999
266001551882,67106005
266001551882,67106125
266001551882,67106132
266001551882,67106133
266001551882,67106136
266001551882,67106137
266001551882,67106170
266001551882,67106182
266001551882,67106216
266001551882,67106223
266001551882,67106334
266001551882,67106376
266001551882,67106432
266001551882,67106440
266001551882,67106442
324894884402,131068
324894884402,67107100
324894884402,67107220
324894884402,67107331
324894884402,67107332
324894884402,67107333
324894884402,67107334
324894884402,67107335
324894884402,67107555
324894884402,67107556
324894884402,67107557
324894884402,67107558
324894884402,67107559
324894884402,67107560
324894884402,67107561
324894884402,67107562
324894884402,67108002
324894884402,67108003
324894884402,67108004
324894884402,67108005
324894884402,67108006
324894884402,67108007
324894884402,67108008
324894884402,67108009
324894884402,67108010
324894884402,67108011
324894884402,67108012
324894884402,67108013
324894884402,67108014
324894884402,67108015
324894884402,67108016
354341550662,67107104
354341550662,67107105
354341550662,67107106
383788216922,131069
383788216922,67107320
383788216922,67107532
383788216922,67107533
383788216922,67107534
383788216922,67107564
413234883182,0
413234883182,67107188
413234883182,67107193
413234883182,67107253
413234883182,67107272
413234883182,67107279
413234883182,67107284
413234883182,67107445
413234883182,67107458
413234883182,67107459
413234883182,67107571
413234883182,67107572
413234883182,67107573
413234883182,67107581
413234883182,67107592
413234883182,67107606
413234883182,67107614
413234883182,67107616
413234883182,67107619
413234883182,67107621
413234883182,67107624
413234883182,67107625
413234883182,67107629
413234883182,67107631
413234883182,67107634
413234883182,67107637
413234883182,67107650
413234883182,67107653
413234883182,67107674
413234883182,67107676
413234883182,67107685
413234883182,67107689
413234883182,67107690
413234883182,67107695
413234883182,67107697
413234883182,67107701
413234883182,67107711
413234883182,67107712
413234883182,67107716
413234883182,67107724
413234883182,67107725
413234883182,67107727
413234883182,67107730
413234883182,67107733
413234883182,67107737
413234883182,67107738
413234883182,67107741
413234883182,67107750
413234883182,67107756
413234883182,67107761
413234883182,67107763
413234883182,67107764
413234883182,67107765
413234883182,67107772
413234883182,67107776
413234883182,67107778
413234883182,67107781
413234883182,67107782
413234883182,67107784
413234883182,67107788
413234883182,67107791
413234883182,67107794
413234883182,67107796
413234883182,67107798
413234883182,67107799
413234883182,67107801
413234883182,67107804
413234883182,67107808
413234883182,67107809
413234883182,67107810
413234883182,67107812
413234883182,67107819
413234883182,67107824
413234883182,67107825
413234883182,67107827
413234883182,67107830
413234883182,67107832
413234883182,67107833
413234883182,67107842
413234883182,67107843
413234883182,67107847
413234883182,67107849
413234883182,67107860
413234883182,67107861
413234883182,67107867
413234883182,67107881
413234883182,67107896
413234883182,67107897
413234883182,67107902
413234883182,67107904
413234883182,67107905
413234883182,67107909
413234883182,67107911
413234883182,67107912
413234883182,67107914
413234883182,67107915
413234883182,67107916
413234883182,67107919
413234883182,67107923
413234883182,67107925
413234883182,67107926
413234883182,67107927
413234883182,67107930
413234883182,67107933
413234883182,67107937
413234883182,67107940
413234883182,67107941
413234883182,67107943
413234883182,67107944
413234883182,67107945
413234883182,67107947
413234883182,67107950
413234883182,67107951
413234883182,67107955
413234883182,67107956
413234883182,67107957
413234883182,67107962
413234883182,67107963
413234883182,67108020
413234883182,67108033
413234883182,67108050
413234883182,67108054
501574881962,67107273
501574881962,67107274
501574881962,67107275
501574881962,67107340
501574881962,67107416
501574881962,67107428
501574881962,67107431
501574881962,67107434
501574881962,67107438
501574881962,67107441
501574881962,67107574
501574881962,67107599
501574881962,67107622
501574881962,67107718
501574881962,67107726
501574881962,67107743
501574881962,67107746
501574881962,67107748
501574881962,67107751
501574881962,67107753
501574881962,67107755
501574881962,67107758
501574881962,67107759
501574881962,67107769
501574881962,67107774
501574881962,67107775
501574881962,67107783
501574881962,67107787
501574881962,67107790
501574881962,67107792
501574881962,67107797
501574881962,67107807
501574881962,67107818
501574881962,67107821
501574881962,67107823
501574881962,67107828
501574881962,67107829
501574881962,67107835
501574881962,67107839
501574881962,67107841
501574881962,67107844
501574881962,67107845
501574881962,67107846
501574881962,67107848
501574881962,67107853
501574881962,67107863
501574881962,67107864
501574881962,67107866
501574881962,67107870
501574881962,67107872
501574881962,67107873
501574881962,67107874
501574881962,67107875
501574881962,67107878
501574881962,67107879
501574881962,67107880
501574881962,67107882
501574881962,67107883
501574881962,67107885
501574881962,67107886
501574881962,67107887
501574881962,67107888
501574881962,67107889
501574881962,67107891
501574881962,67107892
501574881962,67107893
501574881962,67107894
501574881962,67107898
501574881962,67107899
501574881962,67107900
501574881962,67107901
501574881962,67107907
501574881962,67107908
501574881962,67107917
501574881962,67107920
501574881962,67107921
501574881962,67107922
501574881962,67107931
501574881962,67107948
501574881962,67107952
501574881962,67107958
501574881962,67107959
501574881962,67107961
501574881962,67108023
501574881962,67108035
531021548222,67107149
531021548222,67107189
531021548222,67107190
531021548222,67107270
531021548222,67107271
531021548222,67107432
531021548222,67107433
531021548222,67107435
531021548222,67107436
531021548222,67107437
531021548222,67107757
531021548222,67107762
560468214482,67107352
560468214482,67107594
560468214482,67107604
560468214482,67107605
560468214482,67107607
560468214482,67107610
560468214482,67107611
560468214482,67107612
560468214482,67107613
560468214482,67107615
560468214482,67107617
560468214482,67107618
560468214482,67107620
560468214482,67107627
560468214482,67107628
560468214482,67107630
560468214482,67107632
560468214482,67107633
560468214482,67107639
560468214482,67107640
560468214482,67107641
560468214482,67107642
560468214482,67107643
560468214482,67107644
560468214482,67107645
560468214482,67107646
560468214482,67107648
560468214482,67107649
560468214482,67107652
560468214482,67107655
560468214482,67107658
560468214482,67107660
560468214482,67107665
560468214482,67107673
560468214482,67107675
560468214482,67107768
560468214482,67107770
560468214482,67107773
560468214482,67107777
560468214482,67107779
560468214482,67107780
560468214482,67107785
560468214482,67107789
560468214482,67107793
560468214482,67107800
560468214482,67107803
560468214482,67107806
560468214482,67107815
560468214482,67107817
560468214482,67107822
560468214482,67107831
560468214482,67107838
560468214482,67107850
560468214482,67107852
560468214482,67107855
560468214482,67107858
560468214482,67107865
560468214482,67107935
560468214482,67107938
560468214482,67107942
560468214482,67107954
589914880742,67107151
589914880742,67107195
589914880742,67107233
589914880742,67107237
589914880742,67107249
589914880742,67107276
589914880742,67107281
589914880742,67107342
589914880742,67107347
589914880742,67107350
589914880742,67107443
619361547002,67108516
619361547002,67108517
619361547002,67108518
619361547002,67108519
