1023238603,10
1023238603,11
1023238603,12
1023238603,13
1023238603,14
1023238603,15
1023238603,24
1023238603,25
1023238603,26
1023238603,27
1023238603,29
1023238603,30
1023238603,34
1023238603,35
1023238603,44
1023238603,45
1023238603,46
1023238603,57
1023238603,58
31720396693,0
31720396693,59
31720396693,60
31720396693,61
31720396693,62
31720396693,63
31720396693,64
31720396693,65
31720396693,66
31720396693,67
31720396693,68
31720396693,69
31720396693,70
31720396693,71
31720396693,72
31720396693,73
31720396693,74
31720396693,75
31720396693,76
31720396693,77
31720396693,78
31720396693,79
31720396693,80
31720396693,81
31720396693,82
31720396693,83
31720396693,84
31720396693,85
31720396693,86
31720396693,87
31720396693,88
31720396693,89
31720396693,90
31720396693,91
31720396693,92
31720396693,93
31720396693,94
31720396693,95
31720396693,96
31720396693,97
31720396693,98
31720396693,99
31720396693,100
31720396693,101
31720396693,102
31720396693,103
31720396693,104
31720396693,105
31720396693,106
31720396693,107
31720396693,108
31720396693,109
31720396693,131071
62417554783,110
62417554783,111
62417554783,112
62417554783,113
338691977593,114
369389135683,115
400086293773,116
430783451863,117
461480609953,118
461480609953,119
492177768043,120
522874926133,3
522874926133,121
