1362895757,4
1362895757,6
1362895757,7
1362895757,8
1362895757,9
1362895757,10
1362895757,11
1362895757,12
1362895757,13
1362895757,14
1362895757,15
1362895757,16
1362895757,17
1362895757,18
1362895757,19
1362895757,20
1362895757,21
1362895757,22
1362895757,23
1362895757,24
1362895757,25
1362895757,26
1362895757,27
1362895757,28
1362895757,29
1362895757,30
1362895757,31
1362895757,32
1362895757,33
1362895757,34
1362895757,35
1362895757,36
1362895757,37
1362895757,38
1362895757,39
1362895757,40
1362895757,41
1362895757,42
1362895757,43
1362895757,44
1362895757,45
1362895757,46
1362895757,47
1362895757,48
1362895757,49
1362895757,50
1362895757,51
1362895757,52
1362895757,53
1362895757,54
1362895757,55
1362895757,56
1362895757,57
1362895757,58
1362895757,59
1362895757,60
1362895757,61
1362895757,62
1362895757,63
1362895757,64
1362895757,65
1362895757,66
1362895757,67
1362895757,68
1362895757,69
1362895757,70
1362895757,71
1362895757,72
1362895757,73
1362895757,74
1362895757,75
1362895757,76
1362895757,67108628
1362895757,67108639
1362895757,67108799
42249768467,142
42249768467,143
42249768467,144
42249768467,145
42249768467,146
42249768467,148
42249768467,149
42249768467,150
42249768467,151
42249768467,152
42249768467,153
42249768467,154
42249768467,158
42249768467,159
42249768467,160
42249768467,163
42249768467,164
42249768467,168
42249768467,169
42249768467,170
42249768467,171
42249768467,191
42249768467,198
42249768467,199
42249768467,200
42249768467,201
42249768467,203
42249768467,205
83136641177,0
83136641177,131071
246684132017,86
246684132017,87
246684132017,88
246684132017,96
328457877437,127
