1362895757,6
1362895757,7
1362895757,8
1362895757,9
1362895757,10
1362895757,11
1362895757,12
1362895757,13
1362895757,14
1362895757,15
1362895757,16
1362895757,17
1362895757,18
1362895757,19
1362895757,20
1362895757,21
1362895757,22
1362895757,23
1362895757,24
1362895757,25
1362895757,26
1362895757,27
1362895757,28
1362895757,29
1362895757,30
1362895757,31
1362895757,32
1362895757,33
1362895757,34
1362895757,36
1362895757,37
1362895757,38
1362895757,39
1362895757,40
1362895757,41
1362895757,42
1362895757,43
1362895757,44
1362895757,46
1362895757,47
1362895757,48
1362895757,49
1362895757,50
1362895757,51
1362895757,52
1362895757,53
1362895757,54
1362895757,55
1362895757,56
1362895757,57
1362895757,58
1362895757,59
1362895757,60
1362895757,63
1362895757,64
1362895757,65
1362895757,66
1362895757,67
1362895757,68
1362895757,69
1362895757,70
1362895757,71
1362895757,72
1362895757,73
1362895757,74
1362895757,75
1362895757,76
1362895757,67108628
