1,67099296
1,67099906
1,67100546
1,67100547
1,67100548
1,67100549
1,67100550
1,67100551
1,67100552
1,67100553
1,67100554
1,67100555
1,67100556
1,67100557
1,67100558
1,67100559
1,67100560
1,67100561
1,67100562
1,67100563
1,67100564
1,67100565
1,67100566
1,67100567
1,67100568
1,67100569
1,67100570
1,67100571
1,67100572
1,67100573
1,67100574
1,67100575
1,67100576
1,67100577
1,67100578
1,67100579
1,67100580
1,67100581
1,67100582
1,67100583
1,67100584
1,67100585
1,67100586
1,67100587
1,67100588
1,67100589
1,67100590
1,67100591
1,67100592
1,67100593
1,67100594
1,67100595
1,67100596
1,67100597
1,67100598
1,67100599
1,67100600
1,67100601
1,67100602
1,67100603
1,67100604
1,67100605
1,67100606
1,67100607
1,67100608
1,67100609
1,67100610
1,67100611
1,67100612
1,67100613
1,67100614
1,67100615
1,67100616
1,67100617
1,67100618
1,67100619
1,67100620
1,67100621
1,67100622
1,67100623
1,67100624
1,67100625
1,67100626
1,67100627
1,67100628
1,67100629
1,67100630
1,67100631
1,67100632
1,67100633
1,67100634
1,67100635
1,67100636
1,67100637
1,67100638
1,67100639
1,67100640
1,67100641
1,67100642
1,67100643
1,67100644
1,67100645
1,67100646
1,67100647
1,67100648
1,67100649
1,67100650
1,67100651
1,67100652
1,67100653
1,67100654
1,67100655
1,67100656
1,67100657
1,67100658
1,67100659
1,67100660
1,67100661
1,67100662
1,67100663
1,67100664
1,67100665
1,67100666
1,67100667
1,67100668
1,67100669
1,67100670
1,67100671
1,67100672
1,67100673
1,67100674
1,67100676
1,67100677
1,67100683
1,67100684
1,67100687
1,67100699
1,67100702
1,67100720
1,67100725
1,67100726
1,67100728
1,67100737
1,67100747
1,67100750
1,67100753
1,67100756
1,67100757
1,67100759
1,67100762
1,67100763
1,67100780
1,67100781
1,67100785
1,67100787
1,67100788
1,67100790
1,67100791
1,67104585
1,67104587
1,67104588
1,67104589
1,67104597
1,67104601
1,67104606
1,67104620
1,67104621
1,67104631
1,67104640
1,67104642
1,67104644
1,67104654
1,67104658
1,67104659
1,67104661
1,67104662
1,67104663
1,67104664
1,67104666
1,67104667
1,67104671
1,67104672
1,67104678
1,67104679
1,67104680
1,67104681
1,67104694
1,67104697
1,67104715
1,67104719
1,67104721
1,67104722
1,67104732
1,67104742
1,67104745
1,67104748
1,67104751
1,67104752
1,67104754
1,67104758
1,67104775
1,67104776
1,67104779
1,67104781
1,67104782
1,67104783
1,67104785
1,67104786
1,67108580
1,67108582
1,67108583
1,67108584
1,67108592
1,67108596
1,67108601
1,67108615
1,67108616
1,67108626
1,67108635
1,67108637
1,67108639
1,67108648
1,67108653
1,67108654
1,67108656
1,67108657
1,67108658
1,67108660
1,67108662
1,67108663
1,67108664
1,67108665
1,67108666
1,67108667
1,67108789
1,67108790
1,67108791
1,67109050
2,67099294
2,67099295
2,67103936
2,67103947
2,67103953
2,67103956
2,67103957
2,67103976
2,67103994
2,67103995
2,67104013
2,67104016
2,67104026
2,67104036
2,67104056
2,67104057
2,67104058
2,67104062
2,67104076
2,67104077
2,67104082
2,67104090
2,67104091
2,67104092
2,67104098
2,67104099
2,67104101
2,67104108
2,67104109
2,67104113
2,67104114
2,67104121
2,67104124
2,67104128
2,67104131
2,67104135
2,67104138
2,67104145
2,67104159
2,67104160
2,67104169
2,67104194
2,67104205
2,67104208
2,67104214
2,67104216
2,67104220
2,67104228
2,67104234
2,67104236
2,67104237
2,67104241
2,67104244
2,67104255
2,67104271
2,67104272
2,67104276
2,67104277
2,67104282
2,67104292
2,67104294
2,67104295
2,67104310
2,67104311
2,67104312
2,67104315
2,67104320
2,67104331
2,67104338
2,67104342
2,67104350
2,67104351
2,67104352
2,67104360
2,67104362
2,67104367
2,67104369
2,67104370
2,67104375
2,67104376
2,67104386
2,67104388
2,67104393
2,67104396
2,67104400
2,67104404
2,67104408
2,67104409
2,67104415
2,67104418
2,67104419
2,67104422
2,67104432
2,67104440
2,67104442
2,67104448
2,67104453
2,67104465
2,67104466
2,67104467
2,67104474
2,67104475
2,67104477
2,67104478
2,67104486
2,67104490
2,67104492
2,67104493
2,67104513
2,67104514
2,67104516
2,67104519
2,67104521
2,67104527
2,67104528
2,67104533
2,67104536
2,67104556
2,67104559
2,67104561
2,67104562
2,67104574
2,67104575
2,67104584
2,67104593
2,67104595
2,67104604
2,67104609
2,67107931
2,67107948
2,67107951
2,67107971
2,67107989
2,67107990
2,67108008
2,67108010
2,67108020
2,67108030
2,67108031
2,67108051
2,67108052
2,67108053
2,67108054
2,67108056
2,67108071
2,67108072
2,67108077
2,67108085
2,67108086
2,67108087
2,67108093
2,67108096
2,67108102
2,67108103
2,67108104
2,67108108
2,67108109
2,67108116
2,67108119
2,67108123
2,67108125
2,67108126
2,67108130
2,67108133
2,67108140
2,67108154
2,67108164
2,67108189
2,67108200
2,67108203
2,67108208
2,67108211
2,67108215
2,67108222
2,67108229
2,67108230
2,67108231
2,67108236
2,67108239
2,67108250
2,67108266
2,67108271
2,67108272
2,67108277
2,67108287
2,67108289
2,67108304
2,67108306
2,67108307
2,67108310
2,67108315
2,67108326
2,67108332
2,67108336
2,67108337
2,67108345
2,67108346
2,67108355
2,67108357
2,67108362
2,67108364
2,67108365
2,67108370
2,67108371
2,67108381
2,67108383
2,67108388
2,67108391
2,67108395
2,67108398
2,67108403
2,67108404
2,67108410
2,67108413
2,67108414
2,67108417
2,67108427
2,67108435
2,67108437
2,67108443
2,67108448
2,67108460
2,67108461
2,67108462
2,67108468
2,67108469
2,67108470
2,67108472
2,67108473
2,67108481
2,67108485
2,67108486
2,67108488
2,67108508
2,67108511
2,67108513
2,67108516
2,67108522
2,67108523
2,67108528
2,67108531
2,67108551
2,67108553
2,67108556
2,67108557
2,67108569
2,67108570
2,67108578
2,67108579
2,67108588
2,67108590
2,67108599
2,67108603
2,67108768
2,67108769
2,67108770
2,67108771
2,67108772
2,67108773
2,67108774
2,67108775
2,67108776
2,67108777
2,67108778
2,67108779
2,67108780
2,67108781
2,67108782
2,67108783
2,67108784
2,67108785
2,67108786
2,67108787
2,67108788
3,131249
3,131257
3,67099931
3,67103859
3,67103880
3,67103881
3,67103882
3,67103883
3,67103884
3,67103885
3,67103886
3,67103890
3,67103891
3,67103893
3,67103896
3,67103899
3,67103901
3,67103903
3,67103906
3,67103907
3,67103908
3,67103909
3,67103910
3,67103911
3,67103912
3,67103913
3,67103914
3,67103915
3,67103916
3,67103917
3,67103919
3,67103920
3,67103921
3,67103922
3,67103923
3,67103924
3,67103925
3,67103926
3,67103927
3,67103928
3,67103929
3,67103930
3,67103931
3,67103932
3,67103933
3,67103934
3,67103935
3,67103937
3,67103938
3,67103940
3,67103941
3,67103942
3,67103943
3,67103944
3,67103945
3,67103946
3,67103950
3,67103951
3,67103952
3,67103955
3,67103958
3,67103959
3,67103960
3,67103961
3,67103962
3,67103963
3,67103964
3,67103966
3,67103967
3,67103968
3,67103969
3,67103970
3,67103971
3,67103972
3,67103973
3,67103974
3,67103975
3,67103977
3,67103978
3,67103979
3,67103980
3,67103981
3,67103982
3,67103983
3,67103985
3,67103986
3,67103987
3,67103988
3,67103989
3,67103990
3,67103991
3,67103992
3,67103993
3,67103996
3,67103997
3,67103998
3,67103999
3,67104000
3,67104001
3,67104002
3,67104003
3,67104004
3,67104005
3,67104006
3,67104007
3,67104008
3,67104009
3,67104010
3,67104011
3,67104012
3,67104014
3,67104015
3,67104017
3,67104018
3,67104019
3,67104020
3,67104021
3,67104022
3,67104023
3,67104024
3,67104025
3,67104027
3,67104028
3,67104029
3,67104030
3,67104031
3,67104032
3,67104033
3,67104034
3,67104035
3,67104037
3,67104038
3,67104040
3,67104041
3,67104042
3,67104043
3,67104044
3,67104045
3,67104047
3,67104048
3,67104049
3,67104050
3,67104051
3,67104054
3,67104055
3,67104059
3,67104060
3,67104061
3,67104063
3,67104064
3,67104065
3,67104066
3,67104067
3,67104068
3,67104069
3,67104070
3,67104071
3,67104072
3,67104073
3,67104074
3,67104075
3,67104078
3,67104079
3,67104080
3,67104081
3,67104083
3,67104084
3,67104085
3,67104086
3,67104087
3,67104088
3,67104089
3,67104093
3,67104094
3,67104095
3,67104096
3,67104097
3,67104100
3,67104110
3,67104111
3,67104112
3,67104115
3,67104116
3,67104117
3,67104118
3,67104119
3,67104120
3,67104122
3,67104123
3,67104125
3,67104126
3,67104127
3,67104129
3,67104130
3,67104132
3,67104133
3,67104134
3,67104139
3,67104140
3,67104141
3,67104142
3,67104143
3,67104144
3,67104146
3,67104147
3,67104148
3,67104149
3,67104150
3,67104151
3,67104152
3,67104153
3,67104154
3,67104155
3,67104156
3,67104157
3,67104158
3,67104161
3,67104162
3,67104163
3,67104164
3,67104165
3,67104166
3,67104167
3,67104168
3,67104170
3,67104171
3,67104172
3,67104173
3,67104174
3,67104175
3,67104176
3,67104177
3,67104178
3,67104179
3,67104180
3,67104181
3,67104182
3,67104183
3,67104195
3,67104196
3,67104197
3,67104198
3,67104199
3,67104200
3,67104201
3,67104202
3,67104203
3,67104204
3,67104206
3,67104207
3,67104209
3,67104210
3,67104211
3,67104212
3,67104213
3,67104215
3,67107854
3,67107874
3,67107875
3,67107876
3,67107877
3,67107878
3,67107879
3,67107880
3,67107881
3,67107885
3,67107886
3,67107890
3,67107891
3,67107894
3,67107895
3,67107896
3,67107897
3,67107898
3,67107901
3,67107902
3,67107903
3,67107904
3,67107905
3,67107906
3,67107907
3,67107908
3,67107909
3,67107910
3,67107911
3,67107913
3,67107914
3,67107915
3,67107916
3,67107917
3,67107918
3,67107919
3,67107920
3,67107921
3,67107922
3,67107923
3,67107924
3,67107925
3,67107926
3,67107927
3,67107928
3,67107929
3,67107932
3,67107934
3,67107935
3,67107936
3,67107937
3,67107938
3,67107939
3,67107940
3,67107941
3,67107944
3,67107945
3,67107946
3,67107947
3,67107949
3,67107950
3,67107953
3,67107954
3,67107955
3,67107956
3,67107957
3,67107958
3,67107959
3,67107961
3,67107962
3,67107963
3,67107964
3,67107965
3,67107966
3,67107967
3,67107968
3,67107969
3,67107970
3,67107972
3,67107973
3,67107974
3,67107975
3,67107976
3,67107977
3,67107978
3,67107979
3,67107980
3,67107981
3,67107982
3,67107985
3,67107986
3,67107987
3,67107988
3,67107991
3,67107993
3,67107994
3,67107995
3,67107996
3,67107997
3,67107998
3,67107999
3,67108000
3,67108001
3,67108002
3,67108003
3,67108004
3,67108005
3,67108006
3,67108007
3,67108009
3,67108011
3,67108012
3,67108013
3,67108014
3,67108016
3,67108017
3,67108018
3,67108019
3,67108021
3,67108022
3,67108023
3,67108024
3,67108025
3,67108026
3,67108027
3,67108028
3,67108029
3,67108032
3,67108033
3,67108035
3,67108036
3,67108037
3,67108038
3,67108039
3,67108040
3,67108042
3,67108043
3,67108044
3,67108045
3,67108046
3,67108048
3,67108049
3,67108050
3,67108055
3,67108057
3,67108058
3,67108059
3,67108060
3,67108061
3,67108062
3,67108063
3,67108064
3,67108065
3,67108066
3,67108067
3,67108068
3,67108069
3,67108070
3,67108073
3,67108074
3,67108075
3,67108078
3,67108079
3,67108080
3,67108081
3,67108082
3,67108083
3,67108084
3,67108089
3,67108090
3,67108091
3,67108092
3,67108094
3,67108095
3,67108105
3,67108106
3,67108107
3,67108110
3,67108111
3,67108112
3,67108113
3,67108114
3,67108117
3,67108118
3,67108120
3,67108121
3,67108122
3,67108124
3,67108127
3,67108128
3,67108129
3,67108134
3,67108135
3,67108136
3,67108137
3,67108138
3,67108139
3,67108141
3,67108142
3,67108143
3,67108144
3,67108145
3,67108146
3,67108147
3,67108148
3,67108149
3,67108150
3,67108151
3,67108152
3,67108153
3,67108155
3,67108156
3,67108157
3,67108158
3,67108159
3,67108160
3,67108161
3,67108162
3,67108163
3,67108165
3,67108166
3,67108167
3,67108168
3,67108169
3,67108170
3,67108171
3,67108172
3,67108173
3,67108174
3,67108175
3,67108176
3,67108177
3,67108178
3,67108190
3,67108191
3,67108192
3,67108193
3,67108194
3,67108195
3,67108196
3,67108197
3,67108198
3,67108199
3,67108201
3,67108202
3,67108204
3,67108205
3,67108206
3,67108207
3,67108209
3,67108210
3,67108765
3,67108766
3,67108767
4,67104053
4,67108076
5,131242
5,131250
5,131256
5,131258
5,67099957
5,67100675
5,67100678
5,67100679
5,67100680
5,67100681
5,67100682
5,67100685
5,67100686
5,67100688
5,67100689
5,67100690
5,67100691
5,67100692
5,67100693
5,67100694
5,67100695
5,67100696
5,67100697
5,67100698
5,67100700
5,67100701
5,67100703
5,67100704
5,67100705
5,67100706
5,67100707
5,67100724
5,67100727
5,67100729
5,67100730
5,67100731
5,67100732
5,67100733
5,67100734
5,67100735
5,67100736
5,67100738
5,67100739
5,67100740
5,67100741
5,67100742
5,67100743
5,67100744
5,67100745
5,67100746
5,67100748
5,67100749
5,67100751
5,67100752
5,67100754
5,67100755
5,67103904
5,67103984
5,67104102
5,67104187
5,67104192
5,67104219
5,67104254
5,67104278
5,67104285
5,67104293
5,67104305
5,67104332
5,67104334
5,67104335
5,67104337
5,67104340
5,67104341
5,67104343
5,67104354
5,67104355
5,67104358
5,67104359
5,67104361
5,67104374
5,67104379
5,67104380
5,67104381
5,67104384
5,67104385
5,67104387
5,67104389
5,67104390
5,67104395
5,67104397
5,67104398
5,67104405
5,67104406
5,67104411
5,67104414
5,67104416
5,67104417
5,67104421
5,67104424
5,67104425
5,67104433
5,67104441
5,67104443
5,67104444
5,67104445
5,67104447
5,67104450
5,67104451
5,67104452
5,67104454
5,67104455
5,67104463
5,67104468
5,67104469
5,67104471
5,67104472
5,67104480
5,67104482
5,67104491
5,67104497
5,67104500
5,67104501
5,67104502
5,67104503
5,67104510
5,67104511
5,67104512
5,67104520
5,67104522
5,67104523
5,67104524
5,67104529
5,67104534
5,67104537
5,67104540
5,67104545
5,67104548
5,67104551
5,67104554
5,67104557
5,67104558
5,67104563
5,67104566
5,67104567
5,67104568
5,67104569
5,67104571
5,67104573
5,67104578
5,67104580
5,67104581
5,67104582
5,67104583
5,67104586
5,67104590
5,67104592
5,67104596
5,67104598
5,67104599
5,67104602
5,67104610
5,67104615
5,67104616
5,67104617
5,67104619
5,67104624
5,67104626
5,67104628
5,67104630
5,67104632
5,67104635
5,67104637
5,67104639
5,67104643
5,67104645
5,67104648
5,67104650
5,67104651
5,67104652
5,67104655
5,67104656
5,67104657
5,67104660
5,67104665
5,67104668
5,67104669
5,67104670
5,67104673
5,67104674
5,67104675
5,67104676
5,67104677
5,67104682
5,67104683
5,67104684
5,67104685
5,67104686
5,67104687
5,67104688
5,67104689
5,67104690
5,67104691
5,67104692
5,67104693
5,67104695
5,67104696
5,67104698
5,67104699
5,67104700
5,67104701
5,67104702
5,67104720
5,67104723
5,67104724
5,67104725
5,67104726
5,67104727
5,67104728
5,67104729
5,67104730
5,67104731
5,67104733
5,67104734
5,67104735
5,67104736
5,67104737
5,67104738
5,67104739
5,67104740
5,67104741
5,67104743
5,67104744
5,67104746
5,67104747
5,67104749
5,67104750
5,67107899
5,67108182
5,67108187
5,67108214
5,67108248
5,67108273
5,67108279
5,67108288
5,67108300
5,67108303
5,67108327
5,67108329
5,67108330
5,67108331
5,67108335
5,67108347
5,67108350
5,67108353
5,67108354
5,67108356
5,67108363
5,67108369
5,67108374
5,67108375
5,67108379
5,67108385
5,67108392
5,67108393
5,67108400
5,67108406
5,67108409
5,67108411
5,67108412
5,67108415
5,67108418
5,67108420
5,67108428
5,67108438
5,67108440
5,67108442
5,67108445
5,67108446
5,67108447
5,67108449
5,67108450
5,67108458
5,67108464
5,67108465
5,67108466
5,67108471
5,67108475
5,67108482
5,67108484
5,67108491
5,67108492
5,67108495
5,67108497
5,67108498
5,67108501
5,67108506
5,67108507
5,67108509
5,67108510
5,67108515
5,67108517
5,67108519
5,67108521
5,67108524
5,67108529
5,67108532
5,67108535
5,67108538
5,67108540
5,67108543
5,67108545
5,67108546
5,67108548
5,67108552
5,67108558
5,67108561
5,67108562
5,67108563
5,67108564
5,67108566
5,67108572
5,67108573
5,67108574
5,67108575
5,67108576
5,67108577
5,67108581
5,67108585
5,67108587
5,67108593
5,67108594
5,67108597
5,67108604
5,67108610
5,67108612
5,67108614
5,67108618
5,67108621
5,67108623
5,67108625
5,67108627
5,67108630
5,67108632
5,67108633
5,67108634
5,67108638
5,67108640
5,67108643
5,67108645
5,67108646
5,67108647
5,67108649
5,67108650
5,67108651
5,67108652
5,67108661
5,67108668
5,67108669
5,67108670
5,67108671
5,67108672
5,67108673
5,67108674
5,67108675
5,67108676
5,67108677
5,67108680
5,67108681
5,67108682
5,67108683
5,67108685
5,67108686
5,67108687
5,67108688
5,67108689
5,67108690
5,67108691
5,67108693
5,67108694
5,67108696
5,67108698
5,67108699
5,67108700
5,67108701
5,67108707
5,67108709
5,67108710
5,67108711
5,67108712
5,67108713
5,67108714
5,67108715
5,67108722
5,67108734
5,67108737
5,67108738
5,67108739
5,67108740
5,67108741
5,67108762
6,67104105
6,67104224
6,67104233
6,67104249
6,67104253
6,67104288
6,67104298
6,67104306
6,67104308
6,67104339
6,67104349
6,67104372
6,67104382
6,67104399
6,67104420
6,67104423
6,67104429
6,67104435
6,67104436
6,67104457
6,67104473
6,67104484
6,67104487
6,67104488
6,67104498
6,67104505
6,67104506
6,67104515
6,67104518
6,67104525
6,67104539
6,67104543
6,67104546
6,67104549
6,67104550
6,67104552
6,67104553
6,67104560
6,67104564
6,67104576
6,67104579
6,67104591
6,67104607
6,67104614
6,67104618
6,67104622
6,67104623
6,67104627
6,67104633
6,67104634
6,67104638
6,67104641
6,67104647
6,67108100
6,67108212
6,67108228
6,67108265
6,67108280
6,67108283
6,67108293
6,67108334
6,67108344
6,67108349
6,67108352
6,67108367
6,67108389
6,67108394
6,67108405
6,67108416
6,67108419
6,67108424
6,67108431
6,67108436
6,67108463
6,67108467
6,67108476
6,67108477
6,67108479
6,67108480
6,67108487
6,67108496
6,67108499
6,67108504
6,67108505
6,67108518
6,67108530
6,67108534
6,67108547
6,67108571
6,67108586
6,67108591
6,67108598
6,67108600
6,67108602
6,67108605
6,67108609
6,67108611
6,67108613
6,67108617
6,67108622
6,67108624
6,67108628
6,67108629
6,67108636
6,67108641
6,67108655
6,67108679
6,67108684
6,67108705
6,67108736
7,131248
7,67099275
7,67099968
7,67100708
7,67100709
7,67100710
7,67100711
7,67100712
7,67100713
7,67100714
7,67100715
7,67100716
7,67100717
7,67100718
7,67100719
7,67100721
7,67100722
7,67100723
7,67100758
7,67100760
7,67100761
7,67100764
7,67100765
7,67100766
7,67100767
7,67100768
7,67100769
7,67100770
7,67100771
7,67100772
7,67100773
7,67100774
7,67100775
7,67100776
7,67100777
7,67100778
7,67100779
7,67100782
7,67100783
7,67100784
7,67100786
7,67100789
7,67100795
7,67100873
7,67100915
7,67100925
7,67101087
7,67101206
7,67102780
7,67103751
7,67104046
7,67104103
7,67104104
7,67104136
7,67104222
7,67104229
7,67104239
7,67104258
7,67104259
7,67104268
7,67104273
7,67104286
7,67104289
7,67104314
7,67104318
7,67104319
7,67104323
7,67104325
7,67104327
7,67104329
7,67104330
7,67104344
7,67104345
7,67104347
7,67104348
7,67104353
7,67104356
7,67104364
7,67104365
7,67104377
7,67104391
7,67104392
7,67104407
7,67104413
7,67104434
7,67104437
7,67104438
7,67104446
7,67104456
7,67104458
7,67104476
7,67104489
7,67104494
7,67104495
7,67104508
7,67104509
7,67104517
7,67104531
7,67104547
7,67104594
7,67104600
7,67104605
7,67104613
7,67104636
7,67104649
7,67104703
7,67104704
7,67104705
7,67104706
7,67104707
7,67104708
7,67104709
7,67104710
7,67104711
7,67104712
7,67104713
7,67104714
7,67104716
7,67104717
7,67104718
7,67104753
7,67104755
7,67104756
7,67104757
7,67104759
7,67104760
7,67104761
7,67104762
7,67104763
7,67104764
7,67104765
7,67104766
7,67104767
7,67104768
7,67104769
7,67104770
7,67104771
7,67104772
7,67104773
7,67104774
7,67104777
7,67104778
7,67104780
7,67104920
7,67104924
7,67105082
7,67105201
7,67106775
7,67107746
7,67108041
7,67108098
7,67108099
7,67108131
7,67108217
7,67108224
7,67108234
7,67108237
7,67108253
7,67108254
7,67108263
7,67108267
7,67108268
7,67108281
7,67108284
7,67108297
7,67108309
7,67108313
7,67108314
7,67108318
7,67108320
7,67108322
7,67108324
7,67108325
7,67108340
7,67108341
7,67108343
7,67108348
7,67108351
7,67108359
7,67108372
7,67108376
7,67108377
7,67108380
7,67108386
7,67108399
7,67108401
7,67108408
7,67108432
7,67108433
7,67108441
7,67108453
7,67108474
7,67108483
7,67108489
7,67108490
7,67108494
7,67108500
7,67108503
7,67108512
7,67108514
7,67108520
7,67108526
7,67108527
7,67108542
7,67108544
7,67108554
7,67108595
7,67108608
7,67108620
7,67108631
7,67108642
7,67108644
7,67108678
7,67108692
7,67108695
7,67108697
7,67108702
7,67108703
7,67108704
7,67108706
7,67108708
7,67108716
7,67108718
7,67108719
7,67108720
7,67108721
7,67108723
7,67108724
7,67108725
7,67108726
7,67108728
7,67108730
7,67108731
7,67108732
7,67108733
7,67108735
7,67108742
7,67108743
7,67108744
7,67108745
7,67108746
7,67108747
7,67108748
7,67108749
7,67108750
7,67108751
7,67108752
7,67108753
7,67108754
7,67108755
7,67108756
7,67108757
7,67108758
7,67108759
7,67108760
7,67108761
7,67108763
7,67108764
8,67100800
8,67100807
8,67100823
8,67100830
8,67100836
8,67100837
8,67100848
8,67100872
8,67100892
8,67100908
8,67100928
8,67100929
8,67100943
8,67100969
8,67100984
8,67101000
8,67101002
8,67101013
8,67101019
8,67101030
8,67101033
8,67101060
8,67101090
8,67101105
8,67101324
8,67101391
8,67101519
8,67101709
8,67101716
8,67101726
8,67101765
8,67101776
8,67101865
8,67101907
8,67101925
8,67101928
8,67101948
8,67102030
8,67102070
8,67102116
8,67102126
8,67102188
8,67102230
8,67102412
8,67102433
8,67102437
8,67102439
8,67102452
8,67102455
8,67102526
8,67102531
8,67102690
8,67102782
8,67102887
8,67103353
8,67103888
8,67103939
8,67104186
8,67104191
8,67104193
8,67104225
8,67104230
8,67104231
8,67104235
8,67104238
8,67104242
8,67104243
8,67104245
8,67104266
8,67104269
8,67104284
8,67104287
8,67104290
8,67104297
8,67104301
8,67104302
8,67104328
8,67104333
8,67104336
8,67104346
8,67104357
8,67104363
8,67104366
8,67104368
8,67104371
8,67104373
8,67104378
8,67104383
8,67104402
8,67104403
8,67104410
8,67104412
8,67104426
8,67104431
8,67104439
8,67104449
8,67104460
8,67104461
8,67104470
8,67104479
8,67104481
8,67104483
8,67104504
8,67104507
8,67104530
8,67104532
8,67104535
8,67104538
8,67104542
8,67104565
8,67104570
8,67104577
8,67104603
8,67104608
8,67104625
8,67104629
8,67104646
8,67104653
8,67104789
8,67104801
8,67104818
8,67104825
8,67104831
8,67104832
8,67104842
8,67104847
8,67104867
8,67104868
8,67104879
8,67104887
8,67104903
8,67104910
8,67104923
8,67104938
8,67104948
8,67104979
8,67104984
8,67104995
8,67105000
8,67105008
8,67105014
8,67105022
8,67105025
8,67105028
8,67105054
8,67105085
8,67105100
8,67105319
8,67105386
8,67105513
8,67105704
8,67105711
8,67105721
8,67105759
8,67105770
8,67105860
8,67105902
8,67105920
8,67105923
8,67105943
8,67106025
8,67106065
8,67106111
8,67106121
8,67106183
8,67106225
8,67106406
8,67106428
8,67106432
8,67106434
8,67106447
8,67106450
8,67106521
8,67106525
8,67106685
8,67106713
8,67106756
8,67106776
8,67106881
8,67107348
8,67107883
8,67107933
8,67108097
8,67108115
8,67108180
8,67108186
8,67108188
8,67108219
8,67108220
8,67108221
8,67108225
8,67108226
8,67108238
8,67108240
8,67108244
8,67108261
8,67108264
8,67108276
8,67108282
8,67108285
8,67108286
8,67108292
8,67108296
8,67108301
8,67108305
8,67108319
8,67108323
8,67108328
8,67108333
8,67108338
8,67108339
8,67108342
8,67108358
8,67108360
8,67108361
8,67108366
8,67108373
8,67108382
8,67108384
8,67108387
8,67108390
8,67108397
8,67108407
8,67108421
8,67108426
8,67108430
8,67108434
8,67108439
8,67108444
8,67108451
8,67108452
8,67108454
8,67108455
8,67108456
8,67108457
8,67108478
8,67108502
8,67108533
8,67108537
8,67108541
8,67108549
8,67108550
8,67108559
8,67108565
8,67108606
8,67108607
8,67108619
8,67108717
9,131243
9,131244
9,131251
9,131252
9,67100797
9,67100806
9,67100814
9,67100819
9,67100855
9,67100856
9,67100881
9,67100894
9,67100904
9,67100906
9,67100924
9,67100940
9,67100949
9,67100950
9,67100967
9,67100986
9,67100996
9,67101004
9,67101012
9,67101029
9,67101031
9,67101039
9,67101042
9,67101043
9,67101046
9,67101047
9,67101051
9,67101055
9,67101058
9,67101063
9,67101064
9,67101067
9,67101071
9,67101082
9,67101084
9,67101088
9,67101110
9,67101115
9,67101126
9,67101140
9,67101148
9,67101160
9,67101177
9,67101185
9,67101199
9,67101207
9,67101219
9,67101228
9,67101232
9,67101241
9,67101297
9,67101307
9,67101316
9,67101319
9,67101337
9,67101342
9,67101354
9,67101388
9,67101403
9,67101414
9,67101417
9,67101432
9,67101434
9,67101442
9,67101445
9,67101460
9,67101462
9,67101501
9,67101512
9,67101514
9,67101518
9,67101533
9,67101550
9,67101564
9,67101588
9,67101591
9,67101596
9,67101604
9,67101614
9,67101630
9,67101631
9,67101647
9,67101654
9,67101665
9,67101666
9,67101667
9,67101670
9,67101671
9,67101677
9,67101678
9,67101683
9,67101695
9,67101697
9,67101700
9,67101701
9,67101714
9,67101717
9,67101721
9,67101722
9,67101723
9,67101728
9,67101729
9,67101730
9,67101734
9,67101741
9,67101749
9,67101750
9,67101753
9,67101754
9,67101764
9,67101767
9,67101778
9,67101779
9,67101781
9,67101785
9,67101798
9,67101799
9,67101802
9,67101807
9,67101808
9,67101811
9,67101814
9,67101823
9,67101829
9,67101830
9,67101832
9,67101835
9,67101838
9,67101848
9,67101849
9,67101857
9,67101869
9,67101878
9,67101880
9,67101887
9,67101893
9,67101894
9,67101903
9,67101905
9,67101909
9,67102312
9,67102593
9,67102738
9,67102905
9,67102977
9,67103024
9,67103372
9,67103381
9,67103511
9,67103523
9,67103738
9,67103812
9,67104188
9,67104263
9,67104299
9,67104321
9,67104792
9,67104799
9,67104809
9,67104814
9,67104849
9,67104851
9,67104876
9,67104899
9,67104901
9,67104918
9,67104935
9,67104944
9,67104945
9,67104961
9,67104981
9,67104991
9,67104993
9,67104999
9,67105006
9,67105023
9,67105026
9,67105034
9,67105037
9,67105038
9,67105041
9,67105042
9,67105046
9,67105050
9,67105053
9,67105058
9,67105061
9,67105062
9,67105066
9,67105077
9,67105079
9,67105105
9,67105109
9,67105121
9,67105135
9,67105142
9,67105155
9,67105162
9,67105180
9,67105194
9,67105202
9,67105214
9,67105223
9,67105227
9,67105236
9,67105292
9,67105302
9,67105309
9,67105314
9,67105332
9,67105378
9,67105383
9,67105397
9,67105409
9,67105412
9,67105415
9,67105427
9,67105429
9,67105437
9,67105440
9,67105455
9,67105457
9,67105494
9,67105507
9,67105509
9,67105510
9,67105545
9,67105559
9,67105575
9,67105582
9,67105586
9,67105591
9,67105599
9,67105609
9,67105625
9,67105642
9,67105648
9,67105660
9,67105662
9,67105665
9,67105666
9,67105672
9,67105673
9,67105678
9,67105691
9,67105695
9,67105709
9,67105712
9,67105716
9,67105717
9,67105718
9,67105722
9,67105723
9,67105724
9,67105729
9,67105736
9,67105743
9,67105745
9,67105748
9,67105760
9,67105761
9,67105774
9,67105776
9,67105780
9,67105793
9,67105794
9,67105797
9,67105801
9,67105803
9,67105805
9,67105809
9,67105818
9,67105824
9,67105825
9,67105826
9,67105827
9,67105830
9,67105833
9,67105843
9,67105844
9,67105851
9,67105859
9,67105864
9,67105873
9,67105874
9,67105882
9,67105888
9,67105889
9,67105892
9,67105898
9,67105900
9,67105903
9,67106307
9,67106588
9,67106733
9,67106945
9,67106972
9,67107019
9,67107367
9,67107376
9,67107506
9,67107518
9,67107733
9,67107807
9,67108258
9,67108278
9,67108294
9,67108316
9,67108659
9,67108727
9,67108729
10,131246
10,131254
10,67099285
10,67099974
10,67100792
10,67100805
10,67100815
10,67100818
10,67101699
10,67101702
10,67101705
10,67101710
10,67101711
10,67101718
10,67101719
10,67101720
10,67101724
10,67101725
10,67101727
10,67101738
10,67101742
10,67101744
10,67101745
10,67101748
10,67101756
10,67101757
10,67101760
10,67101762
10,67101766
10,67101768
10,67101771
10,67101773
10,67101784
10,67101787
10,67101788
10,67101789
10,67101792
10,67101793
10,67101801
10,67101803
10,67101810
10,67101812
10,67101815
10,67101818
10,67101820
10,67101824
10,67101825
10,67101834
10,67101837
10,67101839
10,67101845
10,67101847
10,67101853
10,67101858
10,67101862
10,67101868
10,67101873
10,67101875
10,67101876
10,67101879
10,67101883
10,67101888
10,67101889
10,67101892
10,67101897
10,67101898
10,67101901
10,67102043
10,67102138
10,67102291
10,67102524
10,67102693
10,67102726
10,67102729
10,67102867
10,67102907
10,67102950
10,67103016
10,67103058
10,67103063
10,67103189
10,67103198
10,67103225
10,67103384
10,67103542
10,67103544
10,67103571
10,67103665
10,67103687
10,67103873
10,67103900
10,67104227
10,67104248
10,67104265
10,67104267
10,67104496
10,67104790
10,67104802
10,67104810
10,67104813
10,67104821
10,67104827
10,67105692
10,67105694
10,67105696
10,67105697
10,67105700
10,67105705
10,67105706
10,67105713
10,67105714
10,67105715
10,67105719
10,67105720
10,67105733
10,67105737
10,67105739
10,67105740
10,67105750
10,67105752
10,67105755
10,67105757
10,67105762
10,67105763
10,67105766
10,67105768
10,67105771
10,67105772
10,67105773
10,67105778
10,67105782
10,67105783
10,67105784
10,67105787
10,67105788
10,67105796
10,67105798
10,67105807
10,67105810
10,67105813
10,67105814
10,67105819
10,67105820
10,67105828
10,67105832
10,67105834
10,67105840
10,67105842
10,67105848
10,67105853
10,67105856
10,67105863
10,67105868
10,67105870
10,67105871
10,67105878
10,67105883
10,67105884
10,67105887
10,67105896
10,67106037
10,67106133
10,67106286
10,67106519
10,67106688
10,67106695
10,67106724
10,67106861
10,67106900
10,67106902
10,67107011
10,67107053
10,67107058
10,67107184
10,67107192
10,67107196
10,67107220
10,67107379
10,67107537
10,67107566
10,67107660
10,67107682
10,67107702
10,67107868
10,67108232
10,67108235
10,67108242
10,67108259
10,67108274
10,67108290
11,131245
11,67099297
11,67100793
11,67100794
11,67100796
11,67100798
11,67100799
11,67100801
11,67100802
11,67100803
11,67100804
11,67100808
11,67100809
11,67100810
11,67100811
11,67100812
11,67100813
11,67100816
11,67100817
11,67100820
11,67100821
11,67100822
11,67100824
11,67100825
11,67100826
11,67100827
11,67100828
11,67100829
11,67100831
11,67100832
11,67100833
11,67100834
11,67100835
11,67100838
11,67100839
11,67100840
11,67100841
11,67100842
11,67100843
11,67100844
11,67100845
11,67100846
11,67100847
11,67100849
11,67100850
11,67100851
11,67100852
11,67100853
11,67100854
11,67100857
11,67100858
11,67100859
11,67100860
11,67100861
11,67100862
11,67100863
11,67100864
11,67101154
11,67101303
11,67101333
11,67101956
11,67101985
11,67102375
11,67102468
11,67102568
11,67102923
11,67103334
11,67103415
11,67103478
11,67103527
11,67103557
11,67103577
11,67103694
11,67103729
11,67103765
11,67104430
11,67104784
11,67104787
11,67104788
11,67104791
11,67104793
11,67104794
11,67104795
11,67104796
11,67104797
11,67104798
11,67104800
11,67104803
11,67104804
11,67104805
11,67104806
11,67104807
11,67104808
11,67104811
11,67104812
11,67104815
11,67104816
11,67104817
11,67104819
11,67104820
11,67104822
11,67104823
11,67104824
11,67104826
11,67104828
11,67104829
11,67104830
11,67104833
11,67104834
11,67104835
11,67104836
11,67104837
11,67104838
11,67104839
11,67104840
11,67104841
11,67104843
11,67104844
11,67104845
11,67104846
11,67104848
11,67104850
11,67104852
11,67104853
11,67104854
11,67104855
11,67104856
11,67104857
11,67104858
11,67104859
11,67105148
11,67105149
11,67105298
11,67105328
11,67105698
11,67105950
11,67105980
11,67106300
11,67106369
11,67106463
11,67106563
11,67106917
11,67107329
11,67107410
11,67107472
11,67107522
11,67107552
11,67107565
11,67107571
11,67107689
11,67107724
11,67107760
11,67108425
12,131247
12,131253
12,131255
12,67100921
12,67100960
12,67101026
12,67101123
12,67101153
12,67101165
12,67101168
12,67101291
12,67101416
12,67101490
12,67101544
12,67101559
12,67101590
12,67101610
12,67101639
12,67101703
12,67101926
12,67101994
12,67102003
12,67102008
12,67102012
12,67102024
12,67102029
12,67102035
12,67102054
12,67102065
12,67102091
12,67102104
12,67102123
12,67102151
12,67102225
12,67102281
12,67102305
12,67102306
12,67102323
12,67102411
12,67102451
12,67102462
12,67102517
12,67102555
12,67102556
12,67102560
12,67102570
12,67102572
12,67102591
12,67102645
12,67102659
12,67102709
12,67102717
12,67102743
12,67102747
12,67102748
12,67102753
12,67102759
12,67102789
12,67102810
12,67102814
12,67102822
12,67102845
12,67102852
12,67102871
12,67102878
12,67102884
12,67102900
12,67102908
12,67102913
12,67102917
12,67102929
12,67102931
12,67102934
12,67102937
12,67102949
12,67102962
12,67102963
12,67102991
12,67102992
12,67103030
12,67103047
12,67103080
12,67103086
12,67103096
12,67103104
12,67103168
12,67103207
12,67103219
12,67103250
12,67103256
12,67103257
12,67103262
12,67103325
12,67103341
12,67103362
12,67103369
12,67103379
12,67103387
12,67103390
12,67103407
12,67103414
12,67103417
12,67103430
12,67103431
12,67103437
12,67103438
12,67103449
12,67103452
12,67103459
12,67103462
12,67103468
12,67103469
12,67103486
12,67103494
12,67103510
12,67103520
12,67103521
12,67103525
12,67103526
12,67103539
12,67103589
12,67103591
12,67103599
12,67103607
12,67103612
12,67103613
12,67103617
12,67103629
12,67103643
12,67103659
12,67103672
12,67103690
12,67103691
12,67103693
12,67103700
12,67103701
12,67103706
12,67103728
12,67103735
12,67103740
12,67103742
12,67103743
12,67103744
12,67103750
12,67103760
12,67103763
12,67103775
12,67103777
12,67103783
12,67103800
12,67103803
12,67103804
12,67103807
12,67103815
12,67103827
12,67103837
12,67103839
12,67103849
12,67103850
12,67103854
12,67103867
12,67103871
12,67103872
12,67103875
12,67103879
12,67103894
12,67103898
12,67103954
12,67104106
12,67104217
12,67104232
12,67104246
12,67104247
12,67104291
12,67104296
12,67104316
12,67104427
12,67104428
12,67104464
12,67104485
12,67104526
12,67104544
12,67104611
12,67104916
12,67105021
12,67105118
12,67105147
12,67105160
12,67105163
12,67105286
12,67105485
12,67105527
12,67105539
12,67105554
12,67105576
12,67105605
12,67105632
12,67105634
12,67105674
12,67105862
12,67105951
12,67105989
12,67105998
12,67106003
12,67106007
12,67106017
12,67106019
12,67106024
12,67106030
12,67106049
12,67106060
12,67106086
12,67106098
12,67106099
12,67106117
12,67106146
12,67106220
12,67106276
12,67106318
12,67106446
12,67106472
12,67106511
12,67106546
12,67106550
12,67106555
12,67106565
12,67106567
12,67106586
12,67106639
12,67106654
12,67106668
12,67106704
12,67106712
12,67106738
12,67106742
12,67106748
12,67106784
12,67106805
12,67106816
12,67106840
12,67106865
12,67106872
12,67106878
12,67106895
12,67106903
12,67106906
12,67106907
12,67106912
12,67106918
12,67106924
12,67106926
12,67106928
12,67106931
12,67106944
12,67106956
12,67106958
12,67106985
12,67106987
12,67107025
12,67107042
12,67107075
12,67107091
12,67107099
12,67107163
12,67107202
12,67107214
12,67107245
12,67107250
12,67107252
12,67107257
12,67107319
12,67107336
12,67107357
12,67107374
12,67107382
12,67107385
12,67107409
12,67107411
12,67107425
12,67107426
12,67107432
12,67107444
12,67107453
12,67107457
12,67107463
12,67107464
12,67107480
12,67107489
12,67107505
12,67107515
12,67107516
12,67107520
12,67107534
12,67107538
12,67107584
12,67107586
12,67107594
12,67107601
12,67107607
12,67107611
12,67107612
12,67107624
12,67107638
12,67107685
12,67107688
12,67107695
12,67107696
12,67107701
12,67107723
12,67107730
12,67107735
12,67107736
12,67107737
12,67107738
12,67107739
12,67107745
12,67107755
12,67107758
12,67107759
12,67107770
12,67107771
12,67107777
12,67107795
12,67107797
12,67107799
12,67107802
12,67107810
12,67107821
12,67107832
12,67107843
12,67107844
12,67107849
12,67107862
12,67107867
12,67107869
12,67107888
12,67107889
12,67107893
12,67108181
12,67108227
12,67108241
12,67108311
12,67108422
12,67108423
12,67108459
12,67108539
13,67100867
13,67100868
13,67100870
13,67100871
13,67100874
13,67100875
13,67100877
13,67100879
13,67100880
13,67100882
13,67100883
13,67100884
13,67100886
13,67100887
13,67100888
13,67100889
13,67100890
13,67100891
13,67100893
13,67100895
13,67100896
13,67100897
13,67100898
13,67100899
13,67100900
13,67100901
13,67100903
13,67100905
13,67100907
13,67100909
13,67100911
13,67100912
13,67100913
13,67100914
13,67100916
13,67100917
13,67100918
13,67100919
13,67100920
13,67100922
13,67100926
13,67100927
13,67100930
13,67100932
13,67100933
13,67100934
13,67100935
13,67100936
13,67100937
13,67100939
13,67100942
13,67100945
13,67100946
13,67100947
13,67100948
13,67100951
13,67100952
13,67100953
13,67100954
13,67100955
13,67100956
13,67100957
13,67100958
13,67100961
13,67100964
13,67100965
13,67100966
13,67100968
13,67100973
13,67100974
13,67100976
13,67100979
13,67100980
13,67100982
13,67100983
13,67100985
13,67100987
13,67100988
13,67100989
13,67100990
13,67100991
13,67100994
13,67100995
13,67100998
13,67100999
13,67101001
13,67101005
13,67101006
13,67101007
13,67101008
13,67101010
13,67101011
13,67101014
13,67101015
13,67101017
13,67101018
13,67101023
13,67101024
13,67101027
13,67101028
13,67101032
13,67101035
13,67101037
13,67101038
13,67101040
13,67101041
13,67101044
13,67101045
13,67101048
13,67101049
13,67101050
13,67101052
13,67101053
13,67101054
13,67101056
13,67101057
13,67101059
13,67101061
13,67101062
13,67101065
13,67101069
13,67101070
13,67101072
13,67101073
13,67101074
13,67101075
13,67101076
13,67101077
13,67101079
13,67101080
13,67101081
13,67101083
13,67101086
13,67101091
13,67101092
13,67101093
13,67101094
13,67101095
13,67101096
13,67101097
13,67101098
13,67101099
13,67101101
13,67101102
13,67101103
13,67101106
13,67101107
13,67101108
13,67101111
13,67101112
13,67101113
13,67101114
13,67101117
13,67101118
13,67101119
13,67101120
13,67101121
13,67101122
13,67101124
13,67101127
13,67101128
13,67101129
13,67101130
13,67101131
13,67101133
13,67101134
13,67101135
13,67101136
13,67101137
13,67101139
13,67101141
13,67101142
13,67101143
13,67101144
13,67101145
13,67101146
13,67101147
13,67101149
13,67101150
13,67101151
13,67101155
13,67101156
13,67101157
13,67101158
13,67101159
13,67101161
13,67101162
13,67101163
13,67101164
13,67101166
13,67101167
13,67101169
13,67101170
13,67101171
13,67101172
13,67101174
13,67101175
13,67101176
13,67101178
13,67101186
13,67101187
13,67101188
13,67101189
13,67101190
13,67101200
13,67101201
13,67101202
13,67101203
13,67101204
13,67101205
13,67101208
13,67101209
13,67101210
13,67101211
13,67101212
13,67101213
13,67101214
13,67101215
13,67101220
13,67101221
13,67101222
13,67101223
13,67101224
13,67101225
13,67101226
13,67101227
13,67101229
13,67101230
13,67101231
13,67101233
13,67101234
13,67101235
13,67101236
13,67101237
13,67101238
13,67101239
13,67101240
13,67101242
13,67101292
13,67101293
13,67101294
13,67101295
13,67101296
13,67101298
13,67101299
13,67101300
13,67101301
13,67101302
13,67104862
13,67104863
13,67104865
13,67104866
13,67104869
13,67104870
13,67104871
13,67104872
13,67104874
13,67104875
13,67104877
13,67104878
13,67104881
13,67104882
13,67104883
13,67104884
13,67104885
13,67104886
13,67104888
13,67104889
13,67104890
13,67104891
13,67104892
13,67104893
13,67104894
13,67104895
13,67104896
13,67104898
13,67104900
13,67104902
13,67104904
13,67104905
13,67104906
13,67104907
13,67104908
13,67104909
13,67104911
13,67104912
13,67104913
13,67104914
13,67104915
13,67104917
13,67104919
13,67104922
13,67104927
13,67104928
13,67104929
13,67104930
13,67104931
13,67104933
13,67104937
13,67104940
13,67104941
13,67104942
13,67104943
13,67104946
13,67104947
13,67104949
13,67104950
13,67104951
13,67104952
13,67104953
13,67104954
13,67104955
13,67104956
13,67104958
13,67104959
13,67104960
13,67104963
13,67104964
13,67104966
13,67104968
13,67104969
13,67104970
13,67104971
13,67104973
13,67104974
13,67104975
13,67104976
13,67104977
13,67104978
13,67104980
13,67104982
13,67104983
13,67104985
13,67104986
13,67104988
13,67104989
13,67104990
13,67104994
13,67104997
13,67105001
13,67105002
13,67105003
13,67105005
13,67105009
13,67105010
13,67105012
13,67105013
13,67105018
13,67105019
13,67105024
13,67105027
13,67105029
13,67105030
13,67105032
13,67105033
13,67105035
13,67105036
13,67105039
13,67105040
13,67105043
13,67105044
13,67105045
13,67105047
13,67105048
13,67105049
13,67105051
13,67105052
13,67105055
13,67105056
13,67105057
13,67105059
13,67105060
13,67105064
13,67105065
13,67105067
13,67105068
13,67105070
13,67105071
13,67105072
13,67105073
13,67105074
13,67105075
13,67105076
13,67105078
13,67105081
13,67105083
13,67105086
13,67105087
13,67105088
13,67105089
13,67105090
13,67105091
13,67105092
13,67105093
13,67105094
13,67105095
13,67105096
13,67105097
13,67105098
13,67105099
13,67105101
13,67105102
13,67105103
13,67105106
13,67105107
13,67105108
13,67105110
13,67105112
13,67105113
13,67105115
13,67105116
13,67105117
13,67105119
13,67105122
13,67105123
13,67105124
13,67105125
13,67105126
13,67105128
13,67105129
13,67105130
13,67105131
13,67105134
13,67105136
13,67105137
13,67105138
13,67105139
13,67105140
13,67105141
13,67105143
13,67105144
13,67105145
13,67105146
13,67105150
13,67105151
13,67105152
13,67105153
13,67105154
13,67105156
13,67105157
13,67105158
13,67105159
13,67105161
13,67105164
13,67105165
13,67105166
13,67105167
13,67105169
13,67105170
13,67105171
13,67105172
13,67105173
13,67105181
13,67105182
13,67105183
13,67105184
13,67105185
13,67105195
13,67105196
13,67105197
13,67105198
13,67105199
13,67105200
13,67105203
13,67105204
13,67105205
13,67105206
13,67105207
13,67105208
13,67105209
13,67105210
13,67105215
13,67105216
13,67105217
13,67105218
13,67105219
13,67105220
13,67105221
13,67105222
13,67105224
13,67105225
13,67105226
13,67105228
13,67105229
13,67105230
13,67105231
13,67105232
13,67105233
13,67105234
13,67105235
13,67105237
13,67105287
13,67105288
13,67105289
13,67105290
13,67105291
13,67105293
13,67105294
13,67105295
13,67105296
14,67100938
14,67100971
14,67100997
14,67104897
14,67104996
15,67100977
15,67100993
15,67101003
15,67101109
15,67101116
15,67101243
15,67101247
15,67101252
15,67101261
15,67101268
15,67101284
15,67101313
15,67101314
15,67101325
15,67101326
15,67101329
15,67101330
15,67101335
15,67101338
15,67101344
15,67101345
15,67101350
15,67101351
15,67101360
15,67101364
15,67101368
15,67101369
15,67101370
15,67101372
15,67101376
15,67101380
15,67101381
15,67101384
15,67101386
15,67101392
15,67101394
15,67101397
15,67101399
15,67101400
15,67101412
15,67101419
15,67101423
15,67101427
15,67101436
15,67101439
15,67101450
15,67101453
15,67101454
15,67101465
15,67101467
15,67101481
15,67101485
15,67101489
15,67101494
15,67101495
15,67101499
15,67101504
15,67101506
15,67101507
15,67101509
15,67101510
15,67101513
15,67101516
15,67101521
15,67101531
15,67101540
15,67101541
15,67101543
15,67101545
15,67101554
15,67101557
15,67101558
15,67101560
15,67101561
15,67101567
15,67101568
15,67101572
15,67101573
15,67101589
15,67101592
15,67101593
15,67101601
15,67101605
15,67101607
15,67101609
15,67101619
15,67101624
15,67101632
15,67101648
15,67101656
15,67101669
15,67101675
15,67101686
15,67101689
15,67101690
15,67101694
15,67101698
15,67101708
15,67101735
15,67101737
15,67101740
15,67101743
15,67101746
15,67101759
15,67101775
15,67101780
15,67101790
15,67101794
15,67101795
15,67101800
15,67101809
15,67101822
15,67101836
15,67101841
15,67101842
15,67101867
15,67101871
15,67101874
15,67101882
15,67101885
15,67101890
15,67101891
15,67101902
15,67101911
15,67101913
15,67101915
15,67101916
15,67101918
15,67101920
15,67101922
15,67101923
15,67101924
15,67101932
15,67101933
15,67101934
15,67101936
15,67101937
15,67101939
15,67101946
15,67101955
15,67101957
15,67101961
15,67101962
15,67101966
15,67101968
15,67101969
15,67101970
15,67101971
15,67101976
15,67101978
15,67101987
15,67101997
15,67101999
15,67102000
15,67102022
15,67102025
15,67102026
15,67102027
15,67102031
15,67102032
15,67102034
15,67102037
15,67102038
15,67102040
15,67102042
15,67102044
15,67102049
15,67102051
15,67102053
15,67102058
15,67102062
15,67102067
15,67102069
15,67102074
15,67102075
15,67102077
15,67102079
15,67102080
15,67102083
15,67102086
15,67102088
15,67102090
15,67102092
15,67102093
15,67102094
15,67102100
15,67102102
15,67102103
15,67102106
15,67102107
15,67102108
15,67102110
15,67102111
15,67102112
15,67102113
15,67102114
15,67102117
15,67102119
15,67102121
15,67102122
15,67102124
15,67102127
15,67102129
15,67102130
15,67102131
15,67102135
15,67102136
15,67102140
15,67102142
15,67102226
15,67102227
15,67102228
15,67102229
15,67102231
15,67102232
15,67102233
15,67102235
15,67102236
15,67102237
15,67102239
15,67102240
15,67102242
15,67102243
15,67102244
15,67102245
15,67102246
15,67102247
15,67102248
15,67104972
15,67104992
15,67104998
15,67105007
15,67105104
15,67105111
15,67105193
15,67105238
15,67105242
15,67105247
15,67105256
15,67105263
15,67105279
15,67105303
15,67105305
15,67105308
15,67105310
15,67105320
15,67105324
15,67105325
15,67105330
15,67105337
15,67105339
15,67105340
15,67105345
15,67105346
15,67105354
15,67105358
15,67105363
15,67105364
15,67105365
15,67105367
15,67105370
15,67105371
15,67105375
15,67105376
15,67105379
15,67105381
15,67105387
15,67105389
15,67105394
15,67105395
15,67105407
15,67105414
15,67105418
15,67105431
15,67105434
15,67105445
15,67105448
15,67105460
15,67105462
15,67105475
15,67105479
15,67105480
15,67105484
15,67105489
15,67105490
15,67105501
15,67105502
15,67105504
15,67105505
15,67105508
15,67105511
15,67105516
15,67105517
15,67105526
15,67105535
15,67105538
15,67105540
15,67105549
15,67105552
15,67105555
15,67105562
15,67105563
15,67105567
15,67105568
15,67105583
15,67105584
15,67105587
15,67105588
15,67105596
15,67105600
15,67105601
15,67105614
15,67105617
15,67105619
15,67105627
15,67105651
15,67105664
15,67105670
15,67105681
15,67105683
15,67105684
15,67105685
15,67105689
15,67105690
15,67105693
15,67105703
15,67105725
15,67105732
15,67105735
15,67105738
15,67105744
15,67105751
15,67105754
15,67105775
15,67105779
15,67105785
15,67105789
15,67105795
15,67105806
15,67105817
15,67105831
15,67105836
15,67105841
15,67105857
15,67105861
15,67105866
15,67105869
15,67105876
15,67105880
15,67105886
15,67105897
15,67105906
15,67105908
15,67105910
15,67105911
15,67105913
15,67105915
15,67105917
15,67105918
15,67105919
15,67105927
15,67105928
15,67105929
15,67105931
15,67105934
15,67105941
15,67105949
15,67105955
15,67105956
15,67105957
15,67105960
15,67105963
15,67105964
15,67105965
15,67105966
15,67105971
15,67105973
15,67105976
15,67105982
15,67105992
15,67105993
15,67105995
15,67106021
15,67106026
15,67106027
15,67106029
15,67106033
15,67106035
15,67106039
15,67106044
15,67106045
15,67106047
15,67106048
15,67106052
15,67106057
15,67106061
15,67106062
15,67106064
15,67106069
15,67106070
15,67106071
15,67106074
15,67106075
15,67106077
15,67106083
15,67106085
15,67106087
15,67106088
15,67106089
15,67106095
15,67106101
15,67106102
15,67106103
15,67106104
15,67106105
15,67106106
15,67106107
15,67106109
15,67106112
15,67106114
15,67106116
15,67106119
15,67106125
15,67106126
15,67106130
15,67106131
15,67106134
15,67106135
15,67106137
15,67106221
15,67106222
15,67106223
15,67106224
15,67106226
15,67106227
15,67106230
15,67106231
15,67106232
15,67106234
15,67106235
15,67106236
15,67106238
15,67106239
15,67106240
15,67106241
15,67106242
16,67101580
16,67101581
16,67101611
16,67101612
16,67101622
16,67101629
16,67101672
16,67101688
16,67101732
16,67101777
16,67101797
16,67101821
16,67101826
16,67101859
16,67101863
16,67101899
16,67101906
16,67101910
16,67101947
16,67101950
16,67101959
16,67101964
16,67101965
16,67101979
16,67101981
16,67101982
16,67102023
16,67105603
16,67105604
16,67105607
16,67105613
16,67105624
16,67105667
16,67105727
16,67105730
16,67105749
16,67105790
16,67105804
16,67105816
16,67105854
16,67105875
16,67105894
16,67105901
16,67105905
16,67105932
16,67105942
16,67105954
16,67105959
16,67105961
16,67105970
16,67105974
16,67105987
16,67105991
16,67106018
17,67100931
17,67100963
17,67101245
17,67101320
17,67101362
17,67101404
17,67101429
17,67101556
17,67101599
17,67101602
17,67101900
17,67101917
17,67101943
17,67101975
17,67102033
17,67102047
17,67102071
17,67102164
17,67102182
17,67102204
17,67102209
17,67102274
17,67102282
17,67102319
17,67102367
17,67102399
17,67102409
17,67102432
17,67102461
17,67102489
17,67102505
17,67102547
17,67102571
17,67102624
17,67102625
17,67102637
17,67102646
17,67102687
17,67102746
17,67102751
17,67102769
17,67102772
17,67102855
17,67102856
17,67102857
17,67102882
17,67102893
17,67102930
17,67102945
17,67102955
17,67102968
17,67103017
17,67103073
17,67103079
17,67103108
17,67103116
17,67103157
17,67103162
17,67103202
17,67103271
17,67103283
17,67103285
17,67103286
17,67103306
17,67103310
17,67103364
17,67103397
17,67103463
17,67103466
17,67103491
17,67103507
17,67103524
17,67103534
17,67103537
17,67103550
17,67103562
17,67103587
17,67103603
17,67103785
17,67103806
17,67104256
17,67104926
17,67105240
17,67105297
17,67105357
17,67105398
17,67105403
17,67105424
17,67105435
17,67105550
17,67105594
17,67105597
17,67105912
17,67105938
17,67106028
17,67106042
17,67106066
17,67106159
17,67106177
17,67106199
17,67106204
17,67106277
17,67106314
17,67106362
17,67106394
17,67106403
17,67106427
17,67106456
17,67106484
17,67106500
17,67106542
17,67106566
17,67106619
17,67106620
17,67106632
17,67106640
17,67106682
17,67106741
17,67106746
17,67106766
17,67106767
17,67106849
17,67106851
17,67106852
17,67106877
17,67106888
17,67106925
17,67106940
17,67106963
17,67107067
17,67107074
17,67107103
17,67107111
17,67107151
17,67107197
17,67107208
17,67107266
17,67107278
17,67107280
17,67107281
17,67107301
17,67107305
17,67107358
17,67107359
17,67107391
17,67107458
17,67107461
17,67107486
17,67107502
17,67107519
17,67107529
17,67107532
17,67107556
17,67107561
17,67107582
17,67107598
17,67107780
17,67107801
17,67107839
17,67108251
18,67099316
18,67100941
18,67101085
18,67101191
18,67101198
18,67101246
18,67101253
18,67101276
18,67101310
18,67101312
18,67101343
18,67101357
18,67101367
18,67101385
18,67101389
18,67101408
18,67101418
18,67101422
18,67101428
18,67101440
18,67101441
18,67101470
18,67101476
18,67101488
18,67101505
18,67101524
18,67101530
18,67101534
18,67101547
18,67101562
18,67101563
18,67101608
18,67101613
18,67101626
18,67101634
18,67101664
18,67101684
18,67101774
18,67101813
18,67101843
18,67101851
18,67101877
18,67101919
18,67101944
18,67101945
18,67101952
18,67101960
18,67101989
18,67102013
18,67102018
18,67102045
18,67102060
18,67102073
18,67102078
18,67102084
18,67102105
18,67102125
18,67102133
18,67102152
18,67102165
18,67102196
18,67102201
18,67102211
18,67102221
18,67102254
18,67102262
18,67102269
18,67102285
18,67102287
18,67102293
18,67102302
18,67102325
18,67102350
18,67102352
18,67102354
18,67102358
18,67102363
18,67102379
18,67102420
18,67102423
18,67102431
18,67102458
18,67102471
18,67102475
18,67102476
18,67102490
18,67102497
18,67102508
18,67102519
18,67102522
18,67102550
18,67102565
18,67102583
18,67102605
18,67102623
18,67102627
18,67102639
18,67102657
18,67102681
18,67102697
18,67102718
18,67102721
18,67102727
18,67102737
18,67102758
18,67102770
18,67102778
18,67102786
18,67102791
18,67102798
18,67102806
18,67102833
18,67102838
18,67102844
18,67102849
18,67102851
18,67102889
18,67102891
18,67102906
18,67102924
18,67102948
18,67102951
18,67102964
18,67102970
18,67102974
18,67102979
18,67102993
18,67103051
18,67103137
18,67103153
18,67103166
18,67103213
18,67103290
18,67103313
18,67103319
18,67103332
18,67103333
18,67103363
18,67103418
18,67103471
18,67103485
18,67103513
18,67103518
18,67103566
18,67103574
18,67103583
18,67103584
18,67103588
18,67103601
18,67103602
18,67103634
18,67103636
18,67103644
18,67103656
18,67103658
18,67103725
18,67103844
18,67103845
18,67103847
18,67103848
18,67103861
18,67103866
18,67103869
18,67103877
18,67103895
18,67104260
18,67104300
18,67104326
18,67104921
18,67105080
18,67105186
18,67105271
18,67105304
18,67105307
18,67105338
18,67105351
18,67105361
18,67105380
18,67105384
18,67105413
18,67105464
18,67105471
18,67105482
18,67105500
18,67105518
18,67105525
18,67105529
18,67105542
18,67105557
18,67105558
18,67105585
18,67105621
18,67105629
18,67105659
18,67105677
18,67105769
18,67105808
18,67105815
18,67105838
18,67105846
18,67105872
18,67105895
18,67105914
18,67105939
18,67105940
18,67105947
18,67105977
18,67105984
18,67106008
18,67106013
18,67106055
18,67106067
18,67106073
18,67106078
18,67106079
18,67106100
18,67106120
18,67106124
18,67106147
18,67106160
18,67106171
18,67106190
18,67106196
18,67106216
18,67106228
18,67106248
18,67106257
18,67106264
18,67106268
18,67106269
18,67106280
18,67106282
18,67106288
18,67106296
18,67106320
18,67106345
18,67106347
18,67106349
18,67106353
18,67106358
18,67106374
18,67106418
18,67106426
18,67106453
18,67106466
18,67106470
18,67106471
18,67106485
18,67106491
18,67106499
18,67106501
18,67106503
18,67106514
18,67106516
18,67106545
18,67106559
18,67106578
18,67106600
18,67106618
18,67106621
18,67106634
18,67106652
18,67106663
18,67106676
18,67106692
18,67106716
18,67106722
18,67106732
18,67106753
18,67106763
18,67106764
18,67106765
18,67106773
18,67106777
18,67106781
18,67106786
18,67106793
18,67106801
18,67106828
18,67106839
18,67106844
18,67106845
18,67106884
18,67106885
18,67106901
18,67106943
18,67106946
18,67106949
18,67106950
18,67106959
18,67106965
18,67106969
18,67106974
18,67107012
18,67107046
18,67107082
18,67107132
18,67107148
18,67107156
18,67107161
18,67107221
18,67107285
18,67107308
18,67107314
18,67107327
18,67107328
18,67107413
18,67107466
18,67107508
18,67107513
18,67107545
18,67107579
18,67107583
18,67107595
18,67107597
18,67107629
18,67107639
18,67107651
18,67107653
18,67107690
18,67107720
18,67107776
18,67107792
18,67107842
18,67107856
18,67107861
18,67107864
18,67107872
18,67108216
18,67108233
18,67108255
18,67108295
18,67108321
18,67108368
18,67108402
19,67099324
19,67100923
19,67101250
19,67101259
19,67101283
19,67101290
19,67101305
19,67101322
19,67101323
19,67101437
19,67101447
19,67101456
19,67101515
19,67101552
19,67101650
19,67101860
19,67101904
19,67101973
19,67102039
19,67102059
19,67102147
19,67102159
19,67102189
19,67102217
19,67102297
19,67102299
19,67102310
19,67102322
19,67102340
19,67102345
19,67102359
19,67102391
19,67102395
19,67102421
19,67102454
19,67102481
19,67102483
19,67102499
19,67102513
19,67102579
19,67102602
19,67102620
19,67102628
19,67102649
19,67102674
19,67102676
19,67102685
19,67102740
19,67102742
19,67102744
19,67102757
19,67102762
19,67102771
19,67102785
19,67102790
19,67102800
19,67102808
19,67102809
19,67102829
19,67102841
19,67102842
19,67102865
19,67102875
19,67103002
19,67103022
19,67103036
19,67103049
19,67103054
19,67103062
19,67103064
19,67103066
19,67103067
19,67103068
19,67103078
19,67103084
19,67103094
19,67103103
19,67103138
19,67103144
19,67103155
19,67103175
19,67103178
19,67103187
19,67103190
19,67103191
19,67103208
19,67103294
19,67103296
19,67103305
19,67103308
19,67103309
19,67103322
19,67103347
19,67103351
19,67103354
19,67103356
19,67103361
19,67103367
19,67103371
19,67103373
19,67103380
19,67103400
19,67103401
19,67103402
19,67103403
19,67103405
19,67103406
19,67103408
19,67103409
19,67103411
19,67103443
19,67103444
19,67103454
19,67103461
19,67103493
19,67103503
19,67103506
19,67103509
19,67103532
19,67103533
19,67103540
19,67103541
19,67103546
19,67103551
19,67103553
19,67103556
19,67103558
19,67103563
19,67103572
19,67103579
19,67103585
19,67103590
19,67103593
19,67103594
19,67103604
19,67103610
19,67103620
19,67103624
19,67103651
19,67103652
19,67103657
19,67103668
19,67103669
19,67103671
19,67103675
19,67103676
19,67103678
19,67103681
19,67103684
19,67103685
19,67103695
19,67103702
19,67103704
19,67103705
19,67103710
19,67103715
19,67103718
19,67103722
19,67103733
19,67103739
19,67103741
19,67103745
19,67103746
19,67103752
19,67103754
19,67103755
19,67103756
19,67103757
19,67103758
19,67103766
19,67103769
19,67103770
19,67103773
19,67103779
19,67103780
19,67103782
19,67103784
19,67103789
19,67103791
19,67103795
19,67103796
19,67103798
19,67103802
19,67103805
19,67103808
19,67103809
19,67103814
19,67103816
19,67103817
19,67103818
19,67103819
19,67103820
19,67103822
19,67103823
19,67103824
19,67103825
19,67103826
19,67103828
19,67103829
19,67103831
19,67103841
19,67103843
19,67103851
19,67103852
19,67103853
19,67103855
19,67103856
19,67103857
19,67103863
19,67103864
19,67103865
19,67103868
19,67103870
19,67103874
19,67103878
19,67103887
19,67103889
19,67103897
19,67103902
19,67103918
19,67103948
19,67103949
19,67105245
19,67105254
19,67105278
19,67105284
19,67105285
19,67105300
19,67105317
19,67105318
19,67105402
19,67105442
19,67105447
19,67105451
19,67105483
19,67105547
19,67105556
19,67105855
19,67105867
19,67105881
19,67105899
19,67105968
19,67106034
19,67106054
19,67106093
19,67106142
19,67106154
19,67106184
19,67106212
19,67106251
19,67106291
19,67106293
19,67106316
19,67106317
19,67106335
19,67106340
19,67106354
19,67106386
19,67106390
19,67106415
19,67106469
19,67106476
19,67106478
19,67106493
19,67106547
19,67106574
19,67106597
19,67106615
19,67106623
19,67106644
19,67106669
19,67106671
19,67106680
19,67106735
19,67106737
19,67106740
19,67106752
19,67106795
19,67106803
19,67106804
19,67106836
19,67106837
19,67106847
19,67106860
19,67106870
19,67106941
19,67106947
19,67106997
19,67107015
19,67107017
19,67107024
19,67107031
19,67107044
19,67107049
19,67107056
19,67107059
19,67107061
19,67107063
19,67107073
19,67107079
19,67107081
19,67107089
19,67107098
19,67107133
19,67107139
19,67107150
19,67107157
19,67107173
19,67107181
19,67107185
19,67107186
19,67107191
19,67107193
19,67107289
19,67107291
19,67107294
19,67107300
19,67107303
19,67107317
19,67107342
19,67107346
19,67107349
19,67107350
19,67107361
19,67107362
19,67107366
19,67107368
19,67107375
19,67107395
19,67107396
19,67107397
19,67107400
19,67107401
19,67107403
19,67107406
19,67107439
19,67107449
19,67107456
19,67107482
19,67107487
19,67107497
19,67107501
19,67107504
19,67107521
19,67107527
19,67107528
19,67107535
19,67107540
19,67107548
19,67107551
19,67107553
19,67107557
19,67107567
19,67107580
19,67107581
19,67107588
19,67107589
19,67107599
19,67107605
19,67107614
19,67107615
19,67107619
19,67107633
19,67107646
19,67107647
19,67107652
19,67107654
19,67107655
19,67107663
19,67107666
19,67107670
19,67107671
19,67107673
19,67107674
19,67107676
19,67107679
19,67107680
19,67107686
19,67107697
19,67107699
19,67107700
19,67107705
19,67107710
19,67107713
19,67107717
19,67107728
19,67107734
19,67107740
19,67107741
19,67107747
19,67107749
19,67107750
19,67107751
19,67107753
19,67107754
19,67107764
19,67107765
19,67107768
19,67107772
19,67107774
19,67107775
19,67107778
19,67107779
19,67107784
19,67107785
19,67107786
19,67107791
19,67107793
19,67107798
19,67107800
19,67107804
19,67107806
19,67107809
19,67107811
19,67107812
19,67107813
19,67107814
19,67107815
19,67107816
19,67107817
19,67107818
19,67107819
19,67107820
19,67107822
19,67107823
19,67107826
19,67107834
19,67107836
19,67107837
19,67107838
19,67107845
19,67107847
19,67107848
19,67107850
19,67107851
19,67107852
19,67107855
19,67107857
19,67107859
19,67107860
19,67107865
19,67107866
19,67107870
19,67107873
19,67107882
19,67107884
19,67107892
19,67107900
19,67107930
19,67107942
19,67107943
19,67107952
20,67101475
20,67101949
20,67102120
20,67102256
20,67102548
20,67102552
20,67102582
20,67102666
20,67103781
20,67103790
20,67103792
20,67103797
20,67103801
20,67103810
20,67103821
20,67103834
20,67103835
20,67103840
20,67103842
20,67105470
20,67105598
20,67105645
20,67105702
20,67105944
20,67106115
20,67106237
20,67106457
20,67106468
20,67106508
20,67106577
20,67106736
20,67107767
20,67107773
20,67107787
20,67107789
20,67107790
20,67107796
20,67107803
20,67107805
20,67107824
20,67107829
20,67107830
20,67107835
21,67099337
21,67100878
21,67100959
21,67101022
21,67101182
21,67101264
21,67101272
21,67101281
21,67101321
21,67101363
21,67101411
21,67101424
21,67101446
21,67101479
21,67101523
21,67101549
21,67101587
21,67101595
21,67101600
21,67101621
21,67101662
21,67101668
21,67101685
21,67101692
21,67101693
21,67101731
21,67101786
21,67101804
21,67101914
21,67101980
21,67102002
21,67102016
21,67102019
21,67102056
21,67102156
21,67102175
21,67102202
21,67102205
21,67102257
21,67102265
21,67102271
21,67102288
21,67102314
21,67102315
21,67102326
21,67102330
21,67102339
21,67102383
21,67102388
21,67102464
21,67102465
21,67102514
21,67102533
21,67102559
21,67102578
21,67102584
21,67102589
21,67102590
21,67102621
21,67102636
21,67102644
21,67102656
21,67102658
21,67102689
21,67102696
21,67102713
21,67102732
21,67102739
21,67102764
21,67102775
21,67102784
21,67102813
21,67102815
21,67102825
21,67102830
21,67102840
21,67102862
21,67102876
21,67102890
21,67102909
21,67102910
21,67102936
21,67102946
21,67102947
21,67102990
21,67103000
21,67103010
21,67103019
21,67103033
21,67103069
21,67103071
21,67103077
21,67103100
21,67103102
21,67103106
21,67103107
21,67103109
21,67103117
21,67103118
21,67103119
21,67103123
21,67103124
21,67103135
21,67103147
21,67103148
21,67103161
21,67103163
21,67103165
21,67103186
21,67103192
21,67103200
21,67103201
21,67103209
21,67103214
21,67103218
21,67103227
21,67103228
21,67103229
21,67103230
21,67103232
21,67103236
21,67103240
21,67103242
21,67103249
21,67103259
21,67103264
21,67103270
21,67103282
21,67103284
21,67103287
21,67103288
21,67103295
21,67103301
21,67103302
21,67103324
21,67103326
21,67103328
21,67103329
21,67103336
21,67103340
21,67103344
21,67103345
21,67103357
21,67103360
21,67103366
21,67103370
21,67103374
21,67103375
21,67103377
21,67103378
21,67103385
21,67103388
21,67103394
21,67103395
21,67103410
21,67103420
21,67103422
21,67103425
21,67103429
21,67103434
21,67103435
21,67103445
21,67103448
21,67103450
21,67103464
21,67103473
21,67103474
21,67103479
21,67103480
21,67103483
21,67103484
21,67103488
21,67103489
21,67103496
21,67103498
21,67103505
21,67103508
21,67103512
21,67103514
21,67103522
21,67103529
21,67103531
21,67103536
21,67103543
21,67103555
21,67103564
21,67103568
21,67103569
21,67103570
21,67103573
21,67103581
21,67103586
21,67103592
21,67103598
21,67103611
21,67103616
21,67103618
21,67103628
21,67103630
21,67103635
21,67103637
21,67103638
21,67103642
21,67103650
21,67103654
21,67103666
21,67103667
21,67103674
21,67103679
21,67103682
21,67103703
21,67103707
21,67103711
21,67103713
21,67103714
21,67103731
21,67103747
21,67103749
21,67103753
21,67103759
21,67103761
21,67103767
21,67103774
21,67103776
21,67103787
21,67103788
21,67103813
21,67103838
21,67103892
21,67103905
21,67103965
21,67104190
21,67104221
21,67104226
21,67104240
21,67104252
21,67104270
21,67104274
21,67104303
21,67104307
21,67104322
21,67104324
21,67104541
21,67104555
21,67104873
21,67105017
21,67105069
21,67105177
21,67105259
21,67105267
21,67105315
21,67105353
21,67105399
21,67105406
21,67105419
21,67105441
21,67105474
21,67105523
21,67105528
21,67105544
21,67105564
21,67105590
21,67105595
21,67105616
21,67105655
21,67105657
21,67105663
21,67105680
21,67105687
21,67105726
21,67105781
21,67105799
21,67105837
21,67105997
21,67106032
21,67106050
21,67106072
21,67106122
21,67106151
21,67106170
21,67106197
21,67106200
21,67106249
21,67106252
21,67106260
21,67106266
21,67106308
21,67106309
21,67106310
21,67106321
21,67106334
21,67106370
21,67106377
21,67106378
21,67106382
21,67106459
21,67106460
21,67106507
21,67106509
21,67106517
21,67106527
21,67106528
21,67106554
21,67106573
21,67106579
21,67106584
21,67106585
21,67106616
21,67106631
21,67106651
21,67106653
21,67106661
21,67106684
21,67106691
21,67106701
21,67106707
21,67106727
21,67106734
21,67106758
21,67106770
21,67106778
21,67106797
21,67106809
21,67106810
21,67106820
21,67106825
21,67106835
21,67106857
21,67106871
21,67106874
21,67106876
21,67106904
21,67106905
21,67106914
21,67106919
21,67106929
21,67106968
21,67106995
21,67107005
21,67107014
21,67107028
21,67107064
21,67107065
21,67107078
21,67107097
21,67107101
21,67107102
21,67107104
21,67107112
21,67107113
21,67107114
21,67107117
21,67107118
21,67107119
21,67107130
21,67107142
21,67107143
21,67107158
21,67107160
21,67107187
21,67107195
21,67107204
21,67107209
21,67107213
21,67107219
21,67107222
21,67107223
21,67107224
21,67107226
21,67107231
21,67107235
21,67107237
21,67107244
21,67107254
21,67107259
21,67107265
21,67107277
21,67107282
21,67107288
21,67107290
21,67107296
21,67107320
21,67107323
21,67107324
21,67107331
21,67107335
21,67107339
21,67107340
21,67107347
21,67107352
21,67107354
21,67107360
21,67107363
21,67107365
21,67107370
21,67107371
21,67107373
21,67107380
21,67107383
21,67107389
21,67107390
21,67107392
21,67107398
21,67107405
21,67107415
21,67107417
21,67107419
21,67107424
21,67107428
21,67107429
21,67107438
21,67107440
21,67107443
21,67107445
21,67107459
21,67107467
21,67107468
21,67107474
21,67107475
21,67107477
21,67107479
21,67107484
21,67107488
21,67107491
21,67107493
21,67107500
21,67107507
21,67107509
21,67107517
21,67107524
21,67107526
21,67107530
21,67107544
21,67107550
21,67107559
21,67107563
21,67107568
21,67107576
21,67107585
21,67107587
21,67107593
21,67107602
21,67107606
21,67107623
21,67107625
21,67107630
21,67107631
21,67107637
21,67107645
21,67107649
21,67107650
21,67107661
21,67107664
21,67107669
21,67107677
21,67107698
21,67107706
21,67107708
21,67107709
21,67107726
21,67107742
21,67107744
21,67107748
21,67107756
21,67107762
21,67107769
21,67107781
21,67107783
21,67107808
21,67107833
21,67107840
21,67107887
21,67107960
21,67108183
21,67108185
21,67108247
21,67108260
21,67108269
21,67108298
21,67108302
21,67108312
21,67108317
21,67108536
21,67108555
22,67103056
22,67103065
22,67103072
22,67103074
22,67103088
22,67107060
22,67107069
22,67107071
22,67107072
22,67107083
22,67107095
23,67099356
23,67099980
23,67101358
23,67101498
23,67101586
23,67101597
23,67101643
23,67101658
23,67101881
23,67101954
23,67101986
23,67102082
23,67102115
23,67102295
23,67102374
23,67102397
23,67102456
23,67102536
23,67102604
23,67102610
23,67102653
23,67102663
23,67102669
23,67102672
23,67102677
23,67102704
23,67102728
23,67102794
23,67102863
23,67102879
23,67102911
23,67102916
23,67102933
23,67102953
23,67103005
23,67103007
23,67103012
23,67103032
23,67103089
23,67103121
23,67103131
23,67103176
23,67103184
23,67103245
23,67103298
23,67103304
23,67103339
23,67103342
23,67103399
23,67103439
23,67103442
23,67103481
23,67103482
23,67103487
23,67103515
23,67103517
23,67103538
23,67103548
23,67103608
23,67103631
23,67103686
23,67103699
23,67103712
23,67103736
23,67103737
23,67103748
23,67103858
23,67103860
23,67104039
23,67104107
23,67104189
23,67104250
23,67104251
23,67104257
23,67104261
23,67104264
23,67104275
23,67104279
23,67104280
23,67104283
23,67104304
23,67104309
23,67104313
23,67104317
23,67104394
23,67104401
23,67105580
23,67105581
23,67105592
23,67105638
23,67105653
23,67105948
23,67105981
23,67106110
23,67106290
23,67106392
23,67106451
23,67106492
23,67106604
23,67106648
23,67106657
23,67106666
23,67106672
23,67106699
23,67106723
23,67106780
23,67106789
23,67106858
23,67106893
23,67106911
23,67107000
23,67107002
23,67107007
23,67107027
23,67107084
23,67107088
23,67107116
23,67107126
23,67107171
23,67107179
23,67107232
23,67107240
23,67107251
23,67107293
23,67107297
23,67107298
23,67107334
23,67107337
23,67107355
23,67107394
23,67107404
23,67107412
23,67107420
23,67107430
23,67107434
23,67107437
23,67107476
23,67107478
23,67107481
23,67107510
23,67107512
23,67107543
23,67107603
23,67107613
23,67107626
23,67107667
23,67107681
23,67107694
23,67107707
23,67107719
23,67107722
23,67107731
23,67107732
23,67107743
23,67107853
23,67107871
23,67107983
23,67107984
23,67108088
23,67108101
23,67108184
23,67108223
23,67108243
23,67108245
23,67108246
23,67108249
23,67108252
23,67108256
23,67108257
23,67108262
23,67108270
23,67108275
23,67108299
23,67108308
23,67108378
23,67108396
24,67101539
24,67101696
24,67101751
24,67101927
24,67101993
24,67102015
24,67102050
24,67102368
24,67102424
24,67102441
24,67102463
24,67102516
24,67102541
24,67102574
24,67102609
24,67102622
24,67102626
24,67102629
24,67102648
24,67102651
24,67102665
24,67102678
24,67102710
24,67102711
24,67102725
24,67102734
24,67102766
24,67102812
24,67102828
24,67102837
24,67102839
24,67102850
24,67102877
24,67102880
24,67102883
24,67102886
24,67102888
24,67102898
24,67102904
24,67102912
24,67102927
24,67102954
24,67102969
24,67102984
24,67102985
24,67102994
24,67102998
24,67102999
24,67103006
24,67103009
24,67103025
24,67103046
24,67103050
24,67103061
24,67103070
24,67103087
24,67103110
24,67103111
24,67103112
24,67103114
24,67103127
24,67103128
24,67103141
24,67103142
24,67103145
24,67103158
24,67103160
24,67103169
24,67103170
24,67103174
24,67103183
24,67103196
24,67103197
24,67103199
24,67103205
24,67103206
24,67103220
24,67103234
24,67103237
24,67103238
24,67103239
24,67103243
24,67103246
24,67103248
24,67103251
24,67103254
24,67103258
24,67103261
24,67103267
24,67103268
24,67103272
24,67103276
24,67103277
24,67103278
24,67103293
24,67103300
24,67103323
24,67103335
24,67103337
24,67103343
24,67103365
24,67103392
24,67103393
24,67103398
24,67103412
24,67103416
24,67103421
24,67103432
24,67103447
24,67103456
24,67103490
24,67103492
24,67103497
24,67103504
24,67103547
24,67103580
24,67103582
24,67103595
24,67103596
24,67103600
24,67103605
24,67103606
24,67103614
24,67103615
24,67103621
24,67103623
24,67103625
24,67103626
24,67103627
24,67103633
24,67103640
24,67103645
24,67103646
24,67103647
24,67103648
24,67103660
24,67103662
24,67103663
24,67103664
24,67103673
24,67103677
24,67103680
24,67103688
24,67103689
24,67103692
24,67103697
24,67103709
24,67103716
24,67103717
24,67103720
24,67103768
24,67103793
24,67103799
24,67103832
24,67103836
24,67103846
24,67103862
24,67103876
24,67104052
24,67104137
24,67104184
24,67104185
24,67104218
24,67104223
24,67105465
24,67105493
24,67105534
24,67105708
24,67105746
24,67105922
24,67105972
24,67106010
24,67106207
24,67106256
24,67106342
24,67106363
24,67106419
24,67106436
24,67106458
24,67106531
24,67106569
24,67106599
24,67106617
24,67106646
24,67106660
24,67106706
24,67106729
24,67106761
24,67106800
24,67106808
24,67106822
24,67106834
24,67106875
24,67106880
24,67106883
24,67106899
24,67106922
24,67106938
24,67106948
24,67106964
24,67106979
24,67106989
24,67106993
24,67106994
24,67107001
24,67107003
24,67107010
24,67107041
24,67107055
24,67107076
24,67107105
24,67107106
24,67107107
24,67107109
24,67107122
24,67107123
24,67107136
24,67107137
24,67107153
24,67107155
24,67107164
24,67107165
24,67107170
24,67107194
24,67107200
24,67107201
24,67107207
24,67107215
24,67107229
24,67107234
24,67107243
24,67107246
24,67107249
24,67107253
24,67107256
24,67107262
24,67107263
24,67107267
24,67107271
24,67107272
24,67107279
24,67107284
24,67107295
24,67107302
24,67107330
24,67107333
24,67107338
24,67107351
24,67107372
24,67107384
24,67107387
24,67107388
24,67107393
24,67107402
24,67107418
24,67107423
24,67107427
24,67107451
24,67107483
24,67107485
24,67107498
24,67107499
24,67107523
24,67107533
24,67107541
24,67107546
24,67107575
24,67107577
24,67107590
24,67107591
24,67107592
24,67107596
24,67107600
24,67107609
24,67107610
24,67107616
24,67107618
24,67107620
24,67107621
24,67107622
24,67107627
24,67107632
24,67107635
24,67107640
24,67107641
24,67107642
24,67107643
24,67107656
24,67107657
24,67107658
24,67107665
24,67107668
24,67107675
24,67107683
24,67107687
24,67107692
24,67107693
24,67107703
24,67107704
24,67107711
24,67107712
24,67107715
24,67107725
24,67107752
24,67107761
24,67107788
24,67107794
24,67107831
24,67107841
24,67107846
24,67107858
24,67107912
24,67107992
24,67108034
24,67108047
24,67108132
24,67108179
24,67108213
24,67108218
25,67099378
25,67100876
25,67100910
25,67100972
25,67100978
25,67101184
25,67101218
25,67101266
25,67101273
25,67101275
25,67101317
25,67101318
25,67101341
25,67101365
25,67101382
25,67101395
25,67101443
25,67101452
25,67101457
25,67101469
25,67101487
25,67101528
25,67101570
25,67101594
25,67101598
25,67101707
25,67101752
25,67101783
25,67101866
25,67101870
25,67101912
25,67101953
25,67101984
25,67101990
25,67101996
25,67102095
25,67102170
25,67102181
25,67102195
25,67102213
25,67102219
25,67102222
25,67102283
25,67102298
25,67102376
25,67102427
25,67102469
25,67102486
25,67102496
25,67102500
25,67102504
25,67102507
25,67102543
25,67102615
25,67102662
25,67102680
25,67102684
25,67102701
25,67102730
25,67102811
25,67102843
25,67102860
25,67102872
25,67102874
25,67102881
25,67102922
25,67102966
25,67102972
25,67102980
25,67103021
25,67103023
25,67103037
25,67103057
25,67103101
25,67103139
25,67103143
25,67103193
25,67103235
25,67103252
25,67103260
25,67103279
25,67103289
25,67103307
25,67103460
25,67103470
25,67103477
25,67103495
25,67103530
25,67103552
25,67103639
25,67103732
25,67103762
25,67103772
25,67104459
25,67104462
25,67104499
25,67104612
25,67104925
25,67104934
25,67104967
25,67105178
25,67105212
25,67105261
25,67105268
25,67105270
25,67105312
25,67105360
25,67105377
25,67105438
25,67105536
25,67105565
25,67105589
25,67105593
25,67105606
25,67105626
25,67105688
25,67105747
25,67105865
25,67105907
25,67105979
25,67106090
25,67106138
25,67106165
25,67106176
25,67106208
25,67106217
25,67106278
25,67106422
25,67106464
25,67106481
25,67106502
25,67106537
25,67106538
25,67106598
25,67106610
25,67106664
25,67106674
25,67106679
25,67106696
25,67106725
25,67106747
25,67106806
25,67106831
25,67106838
25,67106854
25,67106863
25,67106867
25,67106916
25,67106961
25,67106967
25,67106980
25,67106988
25,67107018
25,67107032
25,67107052
25,67107096
25,67107129
25,67107134
25,67107138
25,67107188
25,67107230
25,67107255
25,67107332
25,67107442
25,67107455
25,67107465
25,67107471
25,67107490
25,67107525
25,67107547
25,67107634
25,67107727
25,67107757
25,67107763
25,67108493
26,67100902
26,67100992
26,67101016
26,67101034
26,67101036
26,67101066
26,67101068
26,67101078
26,67101089
26,67101173
26,67101180
26,67101192
26,67101194
26,67101196
26,67101217
26,67101255
26,67101262
26,67101277
26,67101279
26,67101339
26,67101359
26,67101366
26,67101375
26,67101406
26,67101407
26,67101409
26,67101413
26,67101415
26,67101426
26,67101438
26,67101448
26,67101461
26,67101464
26,67101466
26,67101477
26,67101486
26,67101493
26,67101496
26,67101502
26,67101517
26,67101520
26,67101522
26,67101548
26,67101551
26,67101579
26,67101625
26,67101628
26,67101636
26,67101641
26,67101673
26,67101674
26,67101681
26,67101755
26,67101770
26,67101772
26,67101796
26,67101805
26,67101816
26,67101940
26,67101963
26,67102048
26,67102063
26,67102066
26,67102087
26,67102089
26,67102109
26,67102137
26,67102144
26,67102153
26,67102161
26,67102162
26,67102178
26,67102193
26,67102194
26,67102197
26,67102199
26,67102206
26,67102208
26,67102253
26,67102261
26,67102275
26,67102311
26,67102316
26,67102317
26,67102329
26,67102335
26,67102346
26,67102347
26,67102351
26,67102353
26,67102373
26,67102408
26,67102422
26,67102426
26,67102434
26,67102446
26,67102479
26,67102480
26,67102487
26,67102506
26,67102530
26,67102542
26,67102546
26,67102551
26,67102587
26,67102592
26,67102594
26,67102597
26,67102600
26,67102603
26,67102613
26,67102631
26,67102638
26,67102664
26,67102668
26,67102683
26,67102688
26,67102699
26,67102702
26,67102714
26,67102741
26,67102745
26,67102752
26,67102756
26,67102779
26,67102807
26,67102826
26,67102832
26,67102836
26,67102848
26,67102866
26,67102868
26,67102869
26,67102944
26,67102971
26,67102975
26,67102987
26,67102995
26,67103014
26,67103026
26,67103027
26,67103028
26,67103044
26,67103060
26,67103085
26,67103099
26,67103134
26,67103164
26,67103185
26,67103217
26,67103226
26,67103311
26,67103318
26,67103396
26,67103535
26,67103619
26,67103698
26,67103723
26,67103764
26,67104262
26,67104987
26,67105031
26,67105114
26,67105168
26,67105175
26,67105187
26,67105189
26,67105191
26,67105250
26,67105266
26,67105272
26,67105274
26,67105313
26,67105321
26,67105334
26,67105335
26,67105336
26,67105369
26,67105390
26,67105401
26,67105404
26,67105408
26,67105410
26,67105421
26,67105433
26,67105443
26,67105452
26,67105456
26,67105459
26,67105461
26,67105469
26,67105472
26,67105481
26,67105488
26,67105497
26,67105512
26,67105515
26,67105546
26,67105573
26,67105608
26,67105622
26,67105631
26,67105636
26,67105668
26,67105669
26,67105676
26,67105734
26,67105741
26,67105765
26,67105767
26,67105791
26,67105800
26,67105811
26,67105839
26,67105879
26,67105904
26,67105930
26,67105935
26,67105945
26,67105958
26,67105985
26,67106043
26,67106056
26,67106058
26,67106082
26,67106084
26,67106132
26,67106136
26,67106144
26,67106148
26,67106156
26,67106157
26,67106173
26,67106187
26,67106189
26,67106191
26,67106194
26,67106201
26,67106202
26,67106214
26,67106270
26,67106299
26,67106306
26,67106311
26,67106312
26,67106324
26,67106325
26,67106330
26,67106341
26,67106346
26,67106368
26,67106404
26,67106407
26,67106417
26,67106421
26,67106429
26,67106441
26,67106474
26,67106482
26,67106495
26,67106541
26,67106582
26,67106587
26,67106592
26,67106595
26,67106608
26,67106625
26,67106633
26,67106643
26,67106659
26,67106673
26,67106677
26,67106687
26,67106694
26,67106697
26,67106708
26,67106721
26,67106751
26,67106760
26,67106774
26,67106821
26,67106823
26,67106826
26,67106832
26,67106843
26,67106864
26,67106868
26,67106869
26,67106935
26,67106939
26,67106957
26,67106966
26,67106970
26,67106975
26,67106981
26,67106990
26,67107009
26,67107021
26,67107022
26,67107023
26,67107039
26,67107094
26,67107140
26,67107149
26,67107159
26,67107180
26,67107182
26,67107211
26,67107241
26,67107247
26,67107274
26,67107287
26,67107306
26,67107313
26,67107369
26,67107436
26,67107569
26,67107718
26,67107766
26,67108589
27,67099403
27,67101152
27,67101244
27,67101248
27,67101254
27,67101306
27,67101308
27,67101347
27,67101349
27,67101361
27,67101378
27,67101383
27,67101387
27,67101401
27,67101402
27,67101425
27,67101435
27,67101458
27,67101463
27,67101468
27,67101474
27,67101480
27,67101484
27,67101500
27,67101527
27,67101536
27,67101538
27,67101546
27,67101574
27,67101616
27,67101620
27,67101640
27,67101645
27,67101653
27,67101655
27,67101663
27,67101687
27,67101712
27,67101713
27,67101733
27,67101791
27,67101819
27,67101886
27,67101896
27,67101929
27,67102005
27,67102028
27,67102057
27,67102064
27,67102118
27,67102132
27,67102139
27,67102163
27,67102190
27,67102191
27,67102192
27,67102224
27,67102252
27,67102264
27,67102266
27,67102292
27,67102307
27,67102318
27,67102364
27,67102370
27,67102390
27,67102405
27,67102418
27,67102442
27,67102477
27,67102586
27,67102640
27,67102804
27,67102897
27,67103265
27,67103269
27,67103275
27,67103316
27,67103457
27,67103649
27,67105063
27,67105213
27,67105239
27,67105241
27,67105248
27,67105249
27,67105255
27,67105262
27,67105276
27,67105301
27,67105327
27,67105333
27,67105342
27,67105344
27,67105349
27,67105355
27,67105356
27,67105373
27,67105382
27,67105396
27,67105420
27,67105422
27,67105430
27,67105449
27,67105453
27,67105458
27,67105463
27,67105495
27,67105521
27,67105522
27,67105531
27,67105532
27,67105541
27,67105560
27,67105566
27,67105611
27,67105615
27,67105635
27,67105640
27,67105647
27,67105650
27,67105652
27,67105658
27,67105682
27,67105707
27,67105728
27,67105786
27,67105822
27,67105852
27,67105891
27,67105893
27,67105909
27,67105924
27,67105946
27,67105983
27,67106000
27,67106040
27,67106051
27,67106059
27,67106113
27,67106127
27,67106158
27,67106185
27,67106186
27,67106219
27,67106247
27,67106259
27,67106261
27,67106287
27,67106302
27,67106313
27,67106359
27,67106365
27,67106385
27,67106399
27,67106413
27,67106437
27,67106561
27,67106635
27,67106638
27,67106642
27,67106799
27,67106855
27,67106882
27,67106891
27,67107057
27,67107260
27,67107264
27,67107270
27,67107311
27,67107341
27,67107407
27,67107452
27,67107492
27,67107644
28,67101951
28,67101988
28,67101992
28,67101998
28,67102004
28,67102072
28,67102098
28,67102176
28,67102250
28,67102255
28,67102263
28,67102272
28,67102273
28,67102278
28,67102284
28,67102300
28,67102304
28,67102308
28,67102309
28,67102313
28,67102324
28,67102327
28,67102328
28,67102331
28,67102337
28,67102341
28,67102342
28,67102343
28,67102344
28,67102356
28,67102366
28,67102372
28,67102377
28,67102380
28,67102385
28,67102392
28,67102393
28,67102394
28,67102402
28,67102410
28,67102415
28,67102425
28,67102428
28,67102430
28,67102448
28,67102457
28,67102460
28,67102466
28,67102474
28,67102478
28,67102482
28,67102484
28,67102503
28,67102510
28,67102520
28,67102523
28,67102525
28,67102528
28,67102535
28,67102540
28,67102553
28,67102554
28,67102564
28,67102566
28,67102567
28,67102595
28,67102612
28,67102617
28,67102633
28,67102641
28,67102642
28,67102643
28,67102647
28,67102654
28,67102655
28,67102660
28,67102671
28,67102679
28,67102691
28,67102692
28,67102707
28,67102708
28,67102712
28,67102720
28,67102731
28,67102761
28,67102773
28,67102776
28,67102783
28,67102801
28,67102802
28,67102803
28,67102816
28,67102821
28,67102824
28,67102835
28,67102846
28,67102854
28,67102861
28,67102896
28,67102918
28,67102919
28,67102928
28,67102935
28,67102938
28,67102956
28,67102957
28,67102959
28,67102967
28,67102981
28,67102982
28,67102983
28,67102986
28,67102988
28,67103020
28,67103038
28,67103052
28,67103055
28,67103081
28,67103083
28,67103090
28,67103095
28,67103115
28,67103120
28,67103122
28,67103126
28,67103132
28,67103146
28,67103182
28,67103188
28,67103212
28,67103215
28,67103216
28,67103221
28,67103223
28,67103224
28,67103233
28,67103241
28,67103247
28,67103253
28,67103273
28,67103314
28,67103327
28,67103338
28,67103346
28,67103348
28,67103349
28,67103350
28,67103359
28,67103391
28,67103419
28,67103423
28,67103446
28,67103455
28,67103465
28,67103476
28,67103500
28,67103549
28,67103559
28,67103578
28,67103632
28,67103708
28,67103721
28,67103724
28,67103730
28,67103786
28,67103830
28,67105999
28,67106011
28,67106022
28,67106068
28,67106080
28,67106174
28,67106250
28,67106258
28,67106267
28,67106273
28,67106294
28,67106303
28,67106304
28,67106305
28,67106319
28,67106322
28,67106323
28,67106326
28,67106332
28,67106337
28,67106338
28,67106339
28,67106351
28,67106361
28,67106367
28,67106372
28,67106380
28,67106388
28,67106393
28,67106397
28,67106405
28,67106410
28,67106416
28,67106420
28,67106423
28,67106425
28,67106443
28,67106452
28,67106455
28,67106473
28,67106475
28,67106477
28,67106479
28,67106483
28,67106498
28,67106505
28,67106515
28,67106518
28,67106520
28,67106523
28,67106529
28,67106535
28,67106536
28,67106548
28,67106549
28,67106580
28,67106581
28,67106590
28,67106596
28,67106607
28,67106612
28,67106624
28,67106628
28,67106637
28,67106650
28,67106655
28,67106658
28,67106667
28,67106686
28,67106702
28,67106703
28,67106705
28,67106709
28,67106715
28,67106720
28,67106726
28,67106728
28,67106759
28,67106768
28,67106771
28,67106779
28,67106796
28,67106798
28,67106807
28,67106811
28,67106819
28,67106824
28,67106830
28,67106841
28,67106846
28,67106856
28,67106892
28,67106898
28,67106913
28,67106923
28,67106930
28,67106932
28,67106951
28,67106954
28,67106962
28,67106976
28,67106977
28,67106983
28,67106999
28,67107033
28,67107068
28,67107077
28,67107080
28,67107085
28,67107090
28,67107110
28,67107115
28,67107121
28,67107127
28,67107141
28,67107147
28,67107176
28,67107183
28,67107203
28,67107212
28,67107218
28,67107225
28,67107227
28,67107228
28,67107236
28,67107248
28,67107258
28,67107283
28,67107299
28,67107309
28,67107322
28,67107343
28,67107344
28,67107345
28,67107353
28,67107378
28,67107386
28,67107414
28,67107416
28,67107441
28,67107450
28,67107454
28,67107469
28,67107473
28,67107495
28,67107503
28,67107573
28,67107578
28,67107672
28,67107678
28,67107716
28,67107825
28,67107827
29,67099923
29,67100970
29,67100981
29,67101104
29,67101125
29,67101138
29,67101193
29,67101256
29,67101267
29,67101332
29,67101340
29,67101348
29,67101353
29,67101390
29,67101410
29,67101449
29,67101491
29,67101511
29,67101661
29,67101679
29,67101706
29,67101715
29,67101739
29,67101782
29,67101827
29,67101828
29,67101856
29,67101895
29,67101921
29,67101935
29,67101938
29,67101967
29,67101991
29,67102006
29,67102009
29,67102010
29,67102011
29,67102052
29,67102055
29,67102085
29,67102150
29,67102155
29,67102157
29,67102167
29,67102174
29,67102177
29,67102183
29,67102187
29,67102203
29,67102218
29,67102238
29,67102251
29,67102259
29,67102301
29,67102348
29,67102360
29,67102398
29,67102400
29,67102453
29,67102467
29,67102470
29,67102491
29,67102494
29,67102527
29,67102544
29,67102545
29,67102598
29,67102599
29,67102817
29,67102819
29,67102894
29,67102932
29,67102989
29,67102996
29,67103008
29,67103029
29,67103039
29,67103136
29,67103171
29,67103292
29,67103458
29,67103502
29,67103560
29,67103683
29,67104962
29,67104965
29,67105120
29,67105127
29,67105133
29,67105188
29,67105251
29,67105316
29,67105343
29,67105348
29,67105385
29,67105432
29,67105444
29,67105476
29,67105486
29,67105491
29,67105499
29,67105506
29,67105574
29,67105602
29,67105620
29,67105656
29,67105699
29,67105701
29,67105710
29,67105877
29,67105916
29,67105933
29,67105952
29,67105962
29,67105986
29,67106001
29,67106002
29,67106004
29,67106005
29,67106006
29,67106038
29,67106046
29,67106128
29,67106162
29,67106169
29,67106172
29,67106178
29,67106182
29,67106198
29,67106213
29,67106233
29,67106243
29,67106246
29,67106254
29,67106272
29,67106279
29,67106297
29,67106343
29,67106355
29,67106375
29,67106448
29,67106449
29,67106461
29,67106465
29,67106486
29,67106489
29,67106540
29,67106543
29,67106557
29,67106593
29,67106626
29,67106649
29,67106739
29,67106794
29,67106814
29,67106889
29,67106927
29,67106942
29,67106952
29,67106984
29,67106986
29,67106991
29,67107013
29,67107034
29,67107045
29,67107050
29,67107051
29,67107062
29,67107131
29,67107166
29,67107421
29,67107555
29,67107560
29,67107863
29,67108291
30,67100869
30,67101009
30,67101132
30,67101249
30,67101258
30,67101269
30,67101282
30,67101309
30,67101327
30,67101331
30,67101352
30,67101355
30,67101374
30,67101393
30,67101398
30,67101420
30,67101430
30,67101459
30,67101478
30,67101497
30,67101535
30,67101537
30,67101553
30,67101566
30,67101569
30,67101571
30,67101582
30,67101584
30,67101617
30,67101657
30,67101680
30,67101704
30,67101736
30,67101761
30,67101769
30,67101806
30,67101846
30,67101850
30,67101852
30,67101854
30,67101861
30,67101941
30,67101958
30,67101977
30,67102001
30,67102007
30,67102014
30,67102021
30,67102061
30,67102076
30,67102096
30,67102145
30,67102168
30,67102184
30,67102185
30,67102186
30,67102198
30,67102200
30,67102215
30,67102220
30,67102223
30,67102241
30,67102249
30,67102270
30,67102276
30,67102290
30,67102296
30,67102303
30,67102320
30,67102333
30,67102349
30,67102361
30,67102365
30,67102369
30,67102389
30,67102401
30,67102404
30,67102429
30,67102435
30,67102438
30,67102450
30,67102472
30,67102492
30,67102511
30,67102538
30,67102558
30,67102561
30,67102562
30,67102563
30,67102607
30,67102614
30,67102618
30,67102650
30,67102673
30,67102682
30,67102703
30,67102715
30,67102749
30,67102750
30,67102754
30,67102755
30,67102765
30,67102781
30,67102795
30,67102799
30,67102820
30,67102847
30,67102870
30,67102892
30,67102920
30,67102921
30,67102925
30,67102926
30,67102940
30,67102941
30,67102943
30,67102958
30,67102965
30,67102976
30,67103001
30,67103003
30,67103011
30,67103013
30,67103045
30,67103053
30,67103093
30,67103097
30,67103125
30,67103129
30,67103149
30,67103151
30,67103154
30,67103167
30,67103172
30,67103266
30,67103291
30,67103303
30,67103368
30,67103386
30,67103426
30,67103427
30,67103451
30,67103501
30,67103516
30,67103519
30,67103561
30,67103565
30,67103576
30,67103609
30,67103641
30,67103653
30,67103670
30,67103719
30,67103771
30,67104572
30,67104864
30,67105004
30,67105011
30,67105084
30,67105132
30,67105174
30,67105179
30,67105190
30,67105244
30,67105253
30,67105260
30,67105264
30,67105277
30,67105311
30,67105322
30,67105326
30,67105331
30,67105347
30,67105350
30,67105372
30,67105388
30,67105417
30,67105423
30,67105436
30,67105454
30,67105473
30,67105492
30,67105514
30,67105530
30,67105543
30,67105548
30,67105551
30,67105553
30,67105561
30,67105577
30,67105579
30,67105612
30,67105637
30,67105661
30,67105731
30,67105777
30,67105812
30,67105821
30,67105823
30,67105845
30,67105847
30,67105849
30,67105890
30,67105936
30,67105953
30,67105996
30,67106016
30,67106036
30,67106091
30,67106097
30,67106129
30,67106139
30,67106140
30,67106145
30,67106149
30,67106150
30,67106163
30,67106179
30,67106180
30,67106181
30,67106193
30,67106195
30,67106210
30,67106215
30,67106244
30,67106265
30,67106271
30,67106283
30,67106285
30,67106292
30,67106295
30,67106301
30,67106315
30,67106328
30,67106344
30,67106348
30,67106360
30,67106364
30,67106384
30,67106387
30,67106396
30,67106398
30,67106424
30,67106430
30,67106433
30,67106445
30,67106462
30,67106480
30,67106487
30,67106506
30,67106513
30,67106522
30,67106530
30,67106533
30,67106539
30,67106552
30,67106553
30,67106556
30,67106558
30,67106560
30,67106594
30,67106602
30,67106622
30,67106645
30,67106681
30,67106743
30,67106744
30,67106745
30,67106749
30,67106750
30,67106757
30,67106790
30,67106802
30,67106815
30,67106817
30,67106842
30,67106850
30,67106866
30,67106887
30,67106915
30,67106921
30,67106934
30,67106937
30,67106960
30,67106971
30,67106996
30,67106998
30,67107006
30,67107008
30,67107020
30,67107040
30,67107047
30,67107066
30,67107087
30,67107092
30,67107144
30,67107146
30,67107162
30,67107167
30,67107217
30,67107273
30,67107286
30,67107381
30,67107446
30,67107448
30,67107496
30,67107514
30,67107536
30,67107572
30,67107574
30,67107604
30,67107636
30,67107648
30,67107659
30,67107662
30,67107714
30,67107729
30,67107782
30,67108567
30,67108568
