732856447,134200812
732856447,134200813
732856447,134200814
732856447,134200815
732856447,134201001
732856447,134204996
22718549857,67231459
22718549857,67231467
22718549857,134200141
22718549857,134204069
22718549857,134204090
22718549857,134204093
22718549857,134204095
22718549857,134204096
22718549857,134204100
22718549857,134204101
22718549857,134204109
22718549857,134204111
22718549857,134204113
22718549857,134204116
22718549857,134204117
22718549857,134204118
22718549857,134204119
22718549857,134204120
22718549857,134204121
22718549857,134204122
22718549857,134204123
22718549857,134204124
22718549857,134204125
22718549857,134204126
22718549857,134204127
22718549857,134204130
22718549857,134204131
22718549857,134204132
22718549857,134204133
22718549857,134204134
22718549857,134204135
22718549857,134204136
22718549857,134204137
22718549857,134204138
22718549857,134204139
22718549857,134204140
22718549857,134204141
22718549857,134204142
22718549857,134204143
22718549857,134204144
22718549857,134204148
22718549857,134204150
22718549857,134204151
22718549857,134204152
22718549857,134204153
22718549857,134204154
22718549857,134204155
22718549857,134204156
22718549857,134204160
22718549857,134204161
22718549857,134204162
22718549857,134204165
22718549857,134204168
22718549857,134204169
22718549857,134204170
22718549857,134204171
22718549857,134204172
22718549857,134204173
22718549857,134204174
22718549857,134204176
22718549857,134204177
22718549857,134204179
22718549857,134204180
22718549857,134204181
22718549857,134204182
22718549857,134204183
22718549857,134204184
22718549857,134204185
22718549857,134204187
22718549857,134204188
22718549857,134204189
22718549857,134204190
22718549857,134204191
22718549857,134204192
22718549857,134204193
22718549857,134204195
22718549857,134204196
22718549857,134204197
22718549857,134204198
22718549857,134204200
22718549857,134204201
22718549857,134204202
22718549857,134204203
22718549857,134204206
22718549857,134204207
22718549857,134204208
22718549857,134204209
22718549857,134204210
22718549857,134204211
22718549857,134204212
22718549857,134204213
22718549857,134204214
22718549857,134204215
22718549857,134204216
22718549857,134204217
22718549857,134204218
22718549857,134204219
22718549857,134204220
22718549857,134204221
22718549857,134204222
22718549857,134204224
22718549857,134204225
22718549857,134204227
22718549857,134204228
22718549857,134204229
22718549857,134204230
22718549857,134204231
22718549857,134204232
22718549857,134204233
22718549857,134204234
22718549857,134204235
22718549857,134204237
22718549857,134204238
22718549857,134204239
22718549857,134204240
22718549857,134204241
22718549857,134204242
22718549857,134204243
22718549857,134204244
22718549857,134204245
22718549857,134204247
22718549857,134204248
22718549857,134204250
22718549857,134204251
22718549857,134204252
22718549857,134204253
22718549857,134204254
22718549857,134204255
22718549857,134204257
22718549857,134204258
22718549857,134204259
22718549857,134204260
22718549857,134204261
22718549857,134204264
22718549857,134204265
22718549857,134204269
22718549857,134204270
22718549857,134204271
22718549857,134204273
22718549857,134204274
22718549857,134204275
22718549857,134204276
22718549857,134204277
22718549857,134204278
22718549857,134204279
22718549857,134204281
22718549857,134204282
22718549857,134204283
22718549857,134204284
22718549857,134204285
22718549857,134204288
22718549857,134204289
22718549857,134204293
22718549857,134204294
22718549857,134204295
22718549857,134204296
22718549857,134204297
22718549857,134204298
22718549857,134204299
22718549857,134204303
22718549857,134204304
22718549857,134204305
22718549857,134204306
22718549857,134204307
22718549857,134204312
22718549857,134204313
22718549857,134204314
22718549857,134204315
22718549857,134204316
22718549857,134204320
22718549857,134204321
22718549857,134204322
22718549857,134204325
22718549857,134204326
22718549857,134204327
22718549857,134204328
22718549857,134204329
22718549857,134204330
22718549857,134204332
22718549857,134204333
22718549857,134204335
22718549857,134204336
22718549857,134204337
22718549857,134204339
22718549857,134204340
22718549857,134204342
22718549857,134204343
22718549857,134204344
22718549857,134204349
22718549857,134204350
22718549857,134204351
22718549857,134204352
22718549857,134204353
22718549857,134204354
22718549857,134204356
22718549857,134204357
22718549857,134204358
22718549857,134204359
22718549857,134204360
22718549857,134204361
22718549857,134204362
22718549857,134204363
22718549857,134204364
22718549857,134204365
22718549857,134204366
22718549857,134204367
22718549857,134204368
22718549857,134204371
22718549857,134204372
22718549857,134204373
22718549857,134204374
22718549857,134204375
22718549857,134204376
22718549857,134204377
22718549857,134204378
22718549857,134204380
22718549857,134204381
22718549857,134204382
22718549857,134204383
22718549857,134204384
22718549857,134204385
22718549857,134204386
22718549857,134204387
22718549857,134204388
22718549857,134204389
22718549857,134204390
22718549857,134204391
22718549857,134204392
22718549857,134204393
22718549857,134204394
22718549857,134204395
22718549857,134204396
22718549857,134204397
22718549857,134204398
22718549857,134204399
22718549857,134204400
22718549857,134204401
22718549857,134204402
22718549857,134204403
22718549857,134204405
22718549857,134204406
22718549857,134204407
22718549857,134204408
22718549857,134204409
22718549857,134204410
22718549857,134204411
22718549857,134204412
22718549857,134204413
22718549857,134204414
22718549857,134204416
22718549857,134204417
22718549857,134204419
22718549857,134204420
22718549857,134204421
22718549857,134204422
22718549857,134204423
22718549857,134204425
22718549857,134208064
22718549857,134208084
22718549857,134208085
22718549857,134208087
22718549857,134208088
22718549857,134208089
22718549857,134208090
22718549857,134208095
22718549857,134208096
22718549857,134208104
22718549857,134208105
22718549857,134208107
22718549857,134208108
22718549857,134208111
22718549857,134208112
22718549857,134208113
22718549857,134208114
22718549857,134208116
22718549857,134208117
22718549857,134208118
22718549857,134208119
22718549857,134208120
22718549857,134208121
22718549857,134208123
22718549857,134208125
22718549857,134208126
22718549857,134208127
22718549857,134208128
22718549857,134208129
22718549857,134208130
22718549857,134208131
22718549857,134208132
22718549857,134208133
22718549857,134208134
22718549857,134208135
22718549857,134208136
22718549857,134208137
22718549857,134208138
22718549857,134208139
22718549857,134208142
22718549857,134208144
22718549857,134208145
22718549857,134208146
22718549857,134208147
22718549857,134208148
22718549857,134208149
22718549857,134208150
22718549857,134208151
22718549857,134208154
22718549857,134208156
22718549857,134208157
22718549857,134208160
22718549857,134208163
22718549857,134208164
22718549857,134208165
22718549857,134208166
22718549857,134208167
22718549857,134208168
22718549857,134208169
22718549857,134208171
22718549857,134208172
22718549857,134208173
22718549857,134208174
22718549857,134208175
22718549857,134208177
22718549857,134208178
22718549857,134208179
22718549857,134208182
22718549857,134208183
22718549857,134208184
22718549857,134208185
22718549857,134208186
22718549857,134208187
22718549857,134208188
22718549857,134208189
22718549857,134208190
22718549857,134208192
22718549857,134208195
22718549857,134208196
22718549857,134208197
22718549857,134208198
22718549857,134208201
22718549857,134208203
22718549857,134208204
22718549857,134208205
22718549857,134208206
22718549857,134208207
22718549857,134208208
22718549857,134208209
22718549857,134208210
22718549857,134208211
22718549857,134208213
22718549857,134208214
22718549857,134208215
22718549857,134208216
22718549857,134208217
22718549857,134208219
22718549857,134208221
22718549857,134208222
22718549857,134208223
22718549857,134208224
22718549857,134208226
22718549857,134208227
22718549857,134208228
22718549857,134208229
22718549857,134208231
22718549857,134208232
22718549857,134208233
22718549857,134208234
22718549857,134208235
22718549857,134208236
22718549857,134208237
22718549857,134208238
22718549857,134208239
22718549857,134208242
22718549857,134208243
22718549857,134208245
22718549857,134208246
22718549857,134208247
22718549857,134208248
22718549857,134208249
22718549857,134208250
22718549857,134208252
22718549857,134208253
22718549857,134208254
22718549857,134208255
22718549857,134208256
22718549857,134208258
22718549857,134208259
22718549857,134208260
22718549857,134208265
22718549857,134208267
22718549857,134208268
22718549857,134208269
22718549857,134208270
22718549857,134208271
22718549857,134208272
22718549857,134208273
22718549857,134208274
22718549857,134208275
22718549857,134208276
22718549857,134208277
22718549857,134208278
22718549857,134208279
22718549857,134208280
22718549857,134208283
22718549857,134208284
22718549857,134208285
22718549857,134208288
22718549857,134208289
22718549857,134208290
22718549857,134208291
22718549857,134208293
22718549857,134208294
22718549857,134208299
22718549857,134208300
22718549857,134208301
22718549857,134208302
22718549857,134208304
22718549857,134208305
22718549857,134208307
22718549857,134208308
22718549857,134208309
22718549857,134208310
22718549857,134208311
22718549857,134208315
22718549857,134208316
22718549857,134208317
22718549857,134208320
22718549857,134208321
22718549857,134208322
22718549857,134208323
22718549857,134208324
22718549857,134208327
22718549857,134208328
22718549857,134208330
22718549857,134208331
22718549857,134208332
22718549857,134208334
22718549857,134208337
22718549857,134208338
22718549857,134208339
22718549857,134208344
22718549857,134208345
22718549857,134208346
22718549857,134208347
22718549857,134208348
22718549857,134208349
22718549857,134208351
22718549857,134208352
22718549857,134208353
22718549857,134208354
22718549857,134208355
22718549857,134208356
22718549857,134208357
22718549857,134208358
22718549857,134208359
22718549857,134208360
22718549857,134208361
22718549857,134208362
22718549857,134208363
22718549857,134208365
22718549857,134208366
22718549857,134208367
22718549857,134208368
22718549857,134208369
22718549857,134208370
22718549857,134208371
22718549857,134208372
22718549857,134208373
22718549857,134208375
22718549857,134208376
22718549857,134208377
22718549857,134208378
22718549857,134208379
22718549857,134208380
22718549857,134208381
22718549857,134208382
22718549857,134208383
22718549857,134208384
22718549857,134208385
22718549857,134208386
22718549857,134208387
22718549857,134208388
22718549857,134208389
22718549857,134208390
22718549857,134208391
22718549857,134208392
22718549857,134208393
22718549857,134208394
22718549857,134208395
22718549857,134208396
22718549857,134208397
22718549857,134208398
22718549857,134208400
22718549857,134208401
22718549857,134208402
22718549857,134208403
22718549857,134208404
22718549857,134208405
22718549857,134208406
22718549857,134208407
22718549857,134208408
22718549857,134208409
22718549857,134208411
22718549857,134208412
22718549857,134208414
22718549857,134208415
22718549857,134208416
22718549857,134208417
22718549857,134208419
22718549857,134208420
22718549857,134208975
22718549857,134208976
22718549857,134208977
44704243267,67231452
44704243267,67231460
44704243267,67231466
44704243267,67231468
44704243267,134200167
44704243267,134200885
44704243267,134200888
44704243267,134200889
44704243267,134200890
44704243267,134200891
44704243267,134200892
44704243267,134200895
44704243267,134200896
44704243267,134200898
44704243267,134200899
44704243267,134200900
44704243267,134200901
44704243267,134200902
44704243267,134200903
44704243267,134200904
44704243267,134200905
44704243267,134200906
44704243267,134200907
44704243267,134200908
44704243267,134200910
44704243267,134200911
44704243267,134200913
44704243267,134200914
44704243267,134200915
44704243267,134200916
44704243267,134200917
44704243267,134200918
44704243267,134200919
44704243267,134200920
44704243267,134200921
44704243267,134200922
44704243267,134200923
44704243267,134200924
44704243267,134200925
44704243267,134200926
44704243267,134200927
44704243267,134200928
44704243267,134200929
44704243267,134200931
44704243267,134200932
44704243267,134200933
44704243267,134200934
44704243267,134200937
44704243267,134200939
44704243267,134200940
44704243267,134200941
44704243267,134200942
44704243267,134200943
44704243267,134200944
44704243267,134200945
44704243267,134200946
44704243267,134200948
44704243267,134200949
44704243267,134200950
44704243267,134200951
44704243267,134200952
44704243267,134200953
44704243267,134200954
44704243267,134200955
44704243267,134200956
44704243267,134200958
44704243267,134200959
44704243267,134200961
44704243267,134200962
44704243267,134200964
44704243267,134200965
44704243267,134204114
44704243267,134204194
44704243267,134204427
44704243267,134204429
44704243267,134204431
44704243267,134204434
44704243267,134204435
44704243267,134204437
44704243267,134204443
44704243267,134204448
44704243267,134204459
44704243267,134204462
44704243267,134204463
44704243267,134204464
44704243267,134204467
44704243267,134204473
44704243267,134204479
44704243267,134204488
44704243267,134204495
44704243267,134204497
44704243267,134204498
44704243267,134204503
44704243267,134204508
44704243267,134204515
44704243267,134204516
44704243267,134204517
44704243267,134204518
44704243267,134204523
44704243267,134204528
44704243267,134204529
44704243267,134204533
44704243267,134204535
44704243267,134204539
44704243267,134204542
44704243267,134204544
44704243267,134204545
44704243267,134204547
44704243267,134204550
44704243267,134204551
44704243267,134204565
44704243267,134204568
44704243267,134204569
44704243267,134204571
44704243267,134204584
44704243267,134204589
44704243267,134204590
44704243267,134204594
44704243267,134204595
44704243267,134204597
44704243267,134204599
44704243267,134204600
44704243267,134204605
44704243267,134204607
44704243267,134204608
44704243267,134204615
44704243267,134204616
44704243267,134204621
44704243267,134204624
44704243267,134204626
44704243267,134204627
44704243267,134204631
44704243267,134204634
44704243267,134204635
44704243267,134204643
44704243267,134204653
44704243267,134204654
44704243267,134204655
44704243267,134204657
44704243267,134204660
44704243267,134204661
44704243267,134204662
44704243267,134204664
44704243267,134204665
44704243267,134204673
44704243267,134204678
44704243267,134204679
44704243267,134204681
44704243267,134204690
44704243267,134204701
44704243267,134204707
44704243267,134204710
44704243267,134204711
44704243267,134204712
44704243267,134204713
44704243267,134204720
44704243267,134204721
44704243267,134204722
44704243267,134204730
44704243267,134204732
44704243267,134204734
44704243267,134204739
44704243267,134204744
44704243267,134204747
44704243267,134204750
44704243267,134204755
44704243267,134204758
44704243267,134204761
44704243267,134204764
44704243267,134204767
44704243267,134204768
44704243267,134204773
44704243267,134204776
44704243267,134204777
44704243267,134204778
44704243267,134204779
44704243267,134204781
44704243267,134204783
44704243267,134204786
44704243267,134204788
44704243267,134204789
44704243267,134204790
44704243267,134204791
44704243267,134204792
44704243267,134204793
44704243267,134204796
44704243267,134204800
44704243267,134204802
44704243267,134204806
44704243267,134204808
44704243267,134204809
44704243267,134204812
44704243267,134204820
44704243267,134204832
44704243267,134204834
44704243267,134204836
44704243267,134204837
44704243267,134204838
44704243267,134204840
44704243267,134204842
44704243267,134204843
44704243267,134204845
44704243267,134204847
44704243267,134204848
44704243267,134204849
44704243267,134204851
44704243267,134204853
44704243267,134204855
44704243267,134204857
44704243267,134204858
44704243267,134204860
44704243267,134204861
44704243267,134204862
44704243267,134204865
44704243267,134204866
44704243267,134204867
44704243267,134204870
44704243267,134204875
44704243267,134204878
44704243267,134204879
44704243267,134204880
44704243267,134204883
44704243267,134204884
44704243267,134204885
44704243267,134204886
44704243267,134204887
44704243267,134204892
44704243267,134204893
44704243267,134204894
44704243267,134204895
44704243267,134204896
44704243267,134204897
44704243267,134204898
44704243267,134204899
44704243267,134204900
44704243267,134204901
44704243267,134204902
44704243267,134204903
44704243267,134204905
44704243267,134204906
44704243267,134204908
44704243267,134204909
44704243267,134204910
44704243267,134204911
44704243267,134204912
44704243267,134204913
44704243267,134204914
44704243267,134204915
44704243267,134204916
44704243267,134204917
44704243267,134204918
44704243267,134204919
44704243267,134204920
44704243267,134204921
44704243267,134204922
44704243267,134204923
44704243267,134204924
44704243267,134204926
44704243267,134204927
44704243267,134204928
44704243267,134204930
44704243267,134204933
44704243267,134204934
44704243267,134204935
44704243267,134204936
44704243267,134204937
44704243267,134204938
44704243267,134204939
44704243267,134204940
44704243267,134204941
44704243267,134204943
44704243267,134204944
44704243267,134204945
44704243267,134204946
44704243267,134204947
44704243267,134204948
44704243267,134204949
44704243267,134204950
44704243267,134204951
44704243267,134204953
44704243267,134204954
44704243267,134204956
44704243267,134204957
44704243267,134204959
44704243267,134204960
44704243267,134208109
44704243267,134208422
44704243267,134208424
44704243267,134208429
44704243267,134208430
44704243267,134208434
44704243267,134208438
44704243267,134208442
44704243267,134208445
44704243267,134208454
44704243267,134208457
44704243267,134208458
44704243267,134208459
44704243267,134208461
44704243267,134208475
44704243267,134208483
44704243267,134208486
44704243267,134208489
44704243267,134208490
44704243267,134208492
44704243267,134208493
44704243267,134208498
44704243267,134208503
44704243267,134208510
44704243267,134208512
44704243267,134208513
44704243267,134208523
44704243267,134208524
44704243267,134208528
44704243267,134208534
44704243267,134208537
44704243267,134208539
44704243267,134208540
44704243267,134208541
44704243267,134208545
44704243267,134208557
44704243267,134208560
44704243267,134208564
44704243267,134208566
44704243267,134208579
44704243267,134208584
44704243267,134208585
44704243267,134208589
44704243267,134208595
44704243267,134208602
44704243267,134208603
44704243267,134208610
44704243267,134208616
44704243267,134208619
44704243267,134208621
44704243267,134208622
44704243267,134208628
44704243267,134208630
44704243267,134208648
44704243267,134208650
44704243267,134208652
44704243267,134208655
44704243267,134208656
44704243267,134208657
44704243267,134208659
44704243267,134208660
44704243267,134208668
44704243267,134208674
44704243267,134208675
44704243267,134208676
44704243267,134208681
44704243267,134208685
44704243267,134208692
44704243267,134208694
44704243267,134208701
44704243267,134208702
44704243267,134208705
44704243267,134208707
44704243267,134208708
44704243267,134208711
44704243267,134208716
44704243267,134208717
44704243267,134208719
44704243267,134208725
44704243267,134208727
44704243267,134208729
44704243267,134208734
44704243267,134208739
44704243267,134208742
44704243267,134208745
44704243267,134208748
44704243267,134208750
44704243267,134208753
44704243267,134208755
44704243267,134208756
44704243267,134208758
44704243267,134208762
44704243267,134208768
44704243267,134208771
44704243267,134208772
44704243267,134208773
44704243267,134208774
44704243267,134208776
44704243267,134208781
44704243267,134208782
44704243267,134208783
44704243267,134208784
44704243267,134208785
44704243267,134208786
44704243267,134208787
44704243267,134208791
44704243267,134208795
44704243267,134208796
44704243267,134208797
44704243267,134208801
44704243267,134208803
44704243267,134208804
44704243267,134208807
44704243267,134208814
44704243267,134208828
44704243267,134208831
44704243267,134208833
44704243267,134208835
44704243267,134208837
44704243267,134208838
44704243267,134208840
44704243267,134208842
44704243267,134208843
44704243267,134208844
44704243267,134208846
44704243267,134208848
44704243267,134208850
44704243267,134208851
44704243267,134208853
44704243267,134208855
44704243267,134208856
44704243267,134208857
44704243267,134208859
44704243267,134208860
44704243267,134208861
44704243267,134208862
44704243267,134208865
44704243267,134208871
44704243267,134208878
44704243267,134208879
44704243267,134208880
44704243267,134208881
44704243267,134208882
44704243267,134208883
44704243267,134208884
44704243267,134208885
44704243267,134208886
44704243267,134208887
44704243267,134208888
44704243267,134208889
44704243267,134208890
44704243267,134208891
44704243267,134208892
44704243267,134208893
44704243267,134208894
44704243267,134208895
44704243267,134208896
44704243267,134208897
44704243267,134208898
44704243267,134208899
44704243267,134208900
44704243267,134208901
44704243267,134208902
44704243267,134208903
44704243267,134208904
44704243267,134208905
44704243267,134208906
44704243267,134208907
44704243267,134208908
44704243267,134208909
44704243267,134208910
44704243267,134208911
44704243267,134208912
44704243267,134208913
44704243267,134208914
44704243267,134208915
44704243267,134208916
44704243267,134208917
44704243267,134208918
44704243267,134208919
44704243267,134208920
44704243267,134208921
44704243267,134208922
44704243267,134208923
44704243267,134208924
44704243267,134208925
44704243267,134208926
44704243267,134208927
44704243267,134208928
44704243267,134208929
44704243267,134208930
44704243267,134208931
44704243267,134208932
44704243267,134208933
44704243267,134208934
44704243267,134208935
44704243267,134208936
44704243267,134208937
44704243267,134208938
44704243267,134208939
44704243267,134208940
44704243267,134208941
44704243267,134208942
44704243267,134208943
44704243267,134208944
44704243267,134208945
44704243267,134208946
44704243267,134208947
44704243267,134208948
44704243267,134208951
44704243267,134208952
44704243267,134208954
44704243267,134208956
44704243267,134208957
44704243267,134208960
44704243267,134208963
44704243267,134208964
44704243267,134208965
44704243267,134208966
44704243267,134208967
44704243267,134208968
44704243267,134208970
44704243267,134208971
44704243267,134208972
44704243267,134208973
66689936677,67231458
66689936677,134199485
66689936677,134200178
66689936677,134200968
66689936677,134200970
66689936677,134200971
66689936677,134200974
66689936677,134200975
66689936677,134200976
66689936677,134200977
66689936677,134200978
66689936677,134200979
66689936677,134200980
66689936677,134200981
66689936677,134200982
66689936677,134200983
66689936677,134200984
66689936677,134200985
66689936677,134200986
66689936677,134200987
66689936677,134200988
66689936677,134200989
66689936677,134200992
66689936677,134200993
66689936677,134200994
66689936677,134200996
66689936677,134200999
66689936677,134201005
66689936677,134201033
66689936677,134201083
66689936677,134201125
66689936677,134201135
66689936677,134201139
66689936677,134201240
66689936677,134201297
66689936677,134201310
66689936677,134201416
66689936677,134201926
66689936677,134201975
66689936677,134202110
66689936677,134202158
66689936677,134202253
66689936677,134202280
66689936677,134202326
66689936677,134202336
66689936677,134202372
66689936677,134202412
66689936677,134202834
66689936677,134203060
66689936677,134203083
66689936677,134203096
66689936677,134203097
66689936677,134203122
66689936677,134203123
66689936677,134203134
66689936677,134203139
66689936677,134203181
66689936677,134203197
66689936677,134203203
66689936677,134203219
66689936677,134203238
66689936677,134203243
66689936677,134203245
66689936677,134203246
66689936677,134203313
66689936677,134203322
66689936677,134203324
66689936677,134203329
66689936677,134203338
66689936677,134203345
66689936677,134203369
66689936677,134203376
66689936677,134203381
66689936677,134203386
66689936677,134203416
66689936677,134203432
66689936677,134203454
66689936677,134203482
66689936677,134203494
66689936677,134203509
66689936677,134203513
66689936677,134203521
66689936677,134203530
66689936677,134203538
66689936677,134203563
66689936677,134203573
66689936677,134203576
66689936677,134203619
66689936677,134203641
66689936677,134203644
66689936677,134203646
66689936677,134203661
66689936677,134203698
66689936677,134203704
66689936677,134203713
66689936677,134203715
66689936677,134203719
66689936677,134203725
66689936677,134203753
66689936677,134203767
66689936677,134203784
66689936677,134203811
66689936677,134203831
66689936677,134203851
66689936677,134203856
66689936677,134203881
66689936677,134203882
66689936677,134203933
66689936677,134203941
66689936677,134203961
66689936677,134203968
66689936677,134204016
66689936677,134204030
66689936677,134204034
66689936677,134204046
66689936677,134204103
66689936677,134204129
66689936677,134204256
66689936677,134204263
66689936677,134204310
66689936677,134204346
66689936677,134204432
66689936677,134204439
66689936677,134204440
66689936677,134204441
66689936677,134204445
66689936677,134204449
66689936677,134204452
66689936677,134204453
66689936677,134204455
66689936677,134204468
66689936677,134204469
66689936677,134204471
66689936677,134204472
66689936677,134204476
66689936677,134204478
66689936677,134204483
66689936677,134204494
66689936677,134204496
66689936677,134204499
66689936677,134204500
66689936677,134204507
66689936677,134204511
66689936677,134204512
66689936677,134204524
66689936677,134204537
66689936677,134204540
66689936677,134204543
66689936677,134204546
66689936677,134204549
66689936677,134204554
66689936677,134204555
66689936677,134204556
66689936677,134204557
66689936677,134204558
66689936677,134204559
66689936677,134204563
66689936677,134204564
66689936677,134204566
66689936677,134204573
66689936677,134204574
66689936677,134204575
66689936677,134204576
66689936677,134204581
66689936677,134204582
66689936677,134204583
66689936677,134204587
66689936677,134204588
66689936677,134204591
66689936677,134204592
66689936677,134204593
66689936677,134204601
66689936677,134204602
66689936677,134204609
66689936677,134204612
66689936677,134204613
66689936677,134204617
66689936677,134204623
66689936677,134204636
66689936677,134204639
66689936677,134204641
66689936677,134204644
66689936677,134204645
66689936677,134204646
66689936677,134204647
66689936677,134204648
66689936677,134204649
66689936677,134204651
66689936677,134204656
66689936677,134204666
66689936677,134204668
66689936677,134204670
66689936677,134204680
66689936677,134204682
66689936677,134204683
66689936677,134204686
66689936677,134204689
66689936677,134204691
66689936677,134204693
66689936677,134204698
66689936677,134204699
66689936677,134204704
66689936677,134204705
66689936677,134204708
66689936677,134204714
66689936677,134204715
66689936677,134204716
66689936677,134204717
66689936677,134204718
66689936677,134204719
66689936677,134204725
66689936677,134204727
66689936677,134204728
66689936677,134204733
66689936677,134204735
66689936677,134204741
66689936677,134204742
66689936677,134204745
66689936677,134204749
66689936677,134204752
66689936677,134204753
66689936677,134204756
66689936677,134204757
66689936677,134204759
66689936677,134204760
66689936677,134204763
66689936677,134204774
66689936677,134204787
66689936677,134204801
66689936677,134204804
66689936677,134204810
66689936677,134204813
66689936677,134204815
66689936677,134204817
66689936677,134204823
66689936677,134204825
66689936677,134204826
66689936677,134204827
66689936677,134204828
66689936677,134204829
66689936677,134204833
66689936677,134204835
66689936677,134204844
66689936677,134204846
66689936677,134204859
66689936677,134204863
66689936677,134204963
66689936677,134204965
66689936677,134204966
66689936677,134204967
66689936677,134204969
66689936677,134204970
66689936677,134204971
66689936677,134204972
66689936677,134204973
66689936677,134204974
66689936677,134204975
66689936677,134204976
66689936677,134204977
66689936677,134204978
66689936677,134204979
66689936677,134204980
66689936677,134204981
66689936677,134204982
66689936677,134204983
66689936677,134204984
66689936677,134204987
66689936677,134204988
66689936677,134204990
66689936677,134204999
66689936677,134205028
66689936677,134205078
66689936677,134205120
66689936677,134205130
66689936677,134205134
66689936677,134205205
66689936677,134205218
66689936677,134205292
66689936677,134205304
66689936677,134205411
66689936677,134205921
66689936677,134205969
66689936677,134206105
66689936677,134206153
66689936677,134206248
66689936677,134206275
66689936677,134206321
66689936677,134206331
66689936677,134206407
66689936677,134206757
66689936677,134206829
66689936677,134207055
66689936677,134207078
66689936677,134207091
66689936677,134207117
66689936677,134207118
66689936677,134207129
66689936677,134207134
66689936677,134207175
66689936677,134207192
66689936677,134207198
66689936677,134207214
66689936677,134207232
66689936677,134207238
66689936677,134207240
66689936677,134207241
66689936677,134207317
66689936677,134207319
66689936677,134207324
66689936677,134207332
66689936677,134207333
66689936677,134207337
66689936677,134207340
66689936677,134207363
66689936677,134207371
66689936677,134207376
66689936677,134207381
66689936677,134207410
66689936677,134207427
66689936677,134207432
66689936677,134207449
66689936677,134207477
66689936677,134207489
66689936677,134207504
66689936677,134207507
66689936677,134207516
66689936677,134207533
66689936677,134207558
66689936677,134207568
66689936677,134207571
66689936677,134207613
66689936677,134207614
66689936677,134207635
66689936677,134207639
66689936677,134207641
66689936677,134207656
66689936677,134207693
66689936677,134207699
66689936677,134207708
66689936677,134207709
66689936677,134207714
66689936677,134207720
66689936677,134207748
66689936677,134207762
66689936677,134207779
66689936677,134207806
66689936677,134207826
66689936677,134207846
66689936677,134207851
66689936677,134207876
66689936677,134207877
66689936677,134207928
66689936677,134207936
66689936677,134207956
66689936677,134207963
66689936677,134208010
66689936677,134208025
66689936677,134208029
66689936677,134208041
66689936677,134208124
66689936677,134208176
66689936677,134208202
66689936677,134208251
66689936677,134208341
66689936677,134208427
66689936677,134208431
66689936677,134208435
66689936677,134208436
66689936677,134208444
66689936677,134208447
66689936677,134208448
66689936677,134208450
66689936677,134208463
66689936677,134208464
66689936677,134208466
66689936677,134208467
66689936677,134208471
66689936677,134208473
66689936677,134208474
66689936677,134208477
66689936677,134208478
66689936677,134208491
66689936677,134208494
66689936677,134208495
66689936677,134208496
66689936677,134208502
66689936677,134208506
66689936677,134208507
66689936677,134208511
66689936677,134208519
66689936677,134208529
66689936677,134208530
66689936677,134208532
66689936677,134208535
66689936677,134208538
66689936677,134208543
66689936677,134208544
66689936677,134208548
66689936677,134208549
66689936677,134208550
66689936677,134208551
66689936677,134208552
66689936677,134208553
66689936677,134208554
66689936677,134208558
66689936677,134208559
66689936677,134208561
66689936677,134208562
66689936677,134208563
66689936677,134208568
66689936677,134208569
66689936677,134208570
66689936677,134208571
66689936677,134208576
66689936677,134208577
66689936677,134208582
66689936677,134208583
66689936677,134208586
66689936677,134208587
66689936677,134208590
66689936677,134208594
66689936677,134208596
66689936677,134208597
66689936677,134208600
66689936677,134208604
66689936677,134208607
66689936677,134208609
66689936677,134208611
66689936677,134208618
66689936677,134208626
66689936677,134208631
66689936677,134208634
66689936677,134208636
66689936677,134208638
66689936677,134208640
66689936677,134208641
66689936677,134208642
66689936677,134208643
66689936677,134208651
66689936677,134208661
66689936677,134208662
66689936677,134208663
66689936677,134208664
66689936677,134208673
66689936677,134208677
66689936677,134208684
66689936677,134208686
66689936677,134208688
66689936677,134208690
66689936677,134208693
66689936677,134208697
66689936677,134208699
66689936677,134208700
66689936677,134208704
66689936677,134208706
66689936677,134208709
66689936677,134208710
66689936677,134208713
66689936677,134208714
66689936677,134208715
66689936677,134208720
66689936677,134208722
66689936677,134208724
66689936677,134208728
66689936677,134208730
66689936677,134208736
66689936677,134208737
66689936677,134208740
66689936677,134208743
66689936677,134208747
66689936677,134208751
66689936677,134208752
66689936677,134208754
66689936677,134208760
66689936677,134208764
66689936677,134208769
66689936677,134208777
66689936677,134208799
66689936677,134208805
66689936677,134208808
66689936677,134208810
66689936677,134208812
66689936677,134208817
66689936677,134208818
66689936677,134208820
66689936677,134208821
66689936677,134208822
66689936677,134208823
66689936677,134208824
66689936677,134208829
66689936677,134208830
66689936677,134208834
66689936677,134208839
66689936677,134208841
66689936677,134208852
66689936677,134208854
66689936677,134208949
66689936677,134208950
66689936677,134208953
66689936677,134208955
66689936677,134208958
66689936677,134208959
66689936677,134208961
66689936677,134208962
66689936677,134208969
66689936677,134208974
88675630087,67231453
88675630087,67231454
88675630087,67231457
88675630087,67231461
88675630087,67231462
88675630087,67231465
88675630087,134199495
88675630087,134200184
88675630087,134201007
88675630087,134201016
88675630087,134201024
88675630087,134201029
88675630087,134201065
88675630087,134201066
88675630087,134201091
88675630087,134201104
88675630087,134201114
88675630087,134201116
88675630087,134201134
88675630087,134201150
88675630087,134201159
88675630087,134201160
88675630087,134201177
88675630087,134201194
88675630087,134201196
88675630087,134201206
88675630087,134201214
88675630087,134201222
88675630087,134201239
88675630087,134201241
88675630087,134201243
88675630087,134201249
88675630087,134201252
88675630087,134201253
88675630087,134201256
88675630087,134201257
88675630087,134201261
88675630087,134201265
88675630087,134201268
88675630087,134201273
88675630087,134201274
88675630087,134201277
88675630087,134201281
88675630087,134201292
88675630087,134201294
88675630087,134201298
88675630087,134201320
88675630087,134201325
88675630087,134201336
88675630087,134201350
88675630087,134201358
88675630087,134201370
88675630087,134201387
88675630087,134201395
88675630087,134201409
88675630087,134201417
88675630087,134201429
88675630087,134201438
88675630087,134201442
88675630087,134201451
88675630087,134201507
88675630087,134201517
88675630087,134201526
88675630087,134201529
88675630087,134201547
88675630087,134201552
88675630087,134201564
88675630087,134201639
88675630087,134201798
88675630087,134201801
88675630087,134201805
88675630087,134201806
88675630087,134201812
88675630087,134201814
88675630087,134201824
88675630087,134201826
88675630087,134201836
88675630087,134201837
88675630087,134201839
88675630087,134201840
88675630087,134201841
88675630087,134201845
88675630087,134201846
88675630087,134201849
88675630087,134201852
88675630087,134201853
88675630087,134201855
88675630087,134201857
88675630087,134201858
88675630087,134201864
88675630087,134201865
88675630087,134201868
88675630087,134201872
88675630087,134201875
88675630087,134201876
88675630087,134201877
88675630087,134201879
88675630087,134201880
88675630087,134201881
88675630087,134201882
88675630087,134201887
88675630087,134201888
88675630087,134201891
88675630087,134201893
88675630087,134201894
88675630087,134201896
88675630087,134201898
88675630087,134201901
88675630087,134201904
88675630087,134201905
88675630087,134201906
88675630087,134201907
88675630087,134201909
88675630087,134201910
88675630087,134201911
88675630087,134201912
88675630087,134201915
88675630087,134201920
88675630087,134201921
88675630087,134201924
88675630087,134201927
88675630087,134201928
88675630087,134201929
88675630087,134201930
88675630087,134201931
88675630087,134201932
88675630087,134201933
88675630087,134201934
88675630087,134201935
88675630087,134201936
88675630087,134201937
88675630087,134201938
88675630087,134201939
88675630087,134201940
88675630087,134201944
88675630087,134201948
88675630087,134201951
88675630087,134201952
88675630087,134201954
88675630087,134201955
88675630087,134201958
88675630087,134201959
88675630087,134201960
88675630087,134201963
88675630087,134201964
88675630087,134201966
88675630087,134201967
88675630087,134201970
88675630087,134201972
88675630087,134201974
88675630087,134201976
88675630087,134201977
88675630087,134201978
88675630087,134201981
88675630087,134201983
88675630087,134201986
88675630087,134201988
88675630087,134201989
88675630087,134201991
88675630087,134201994
88675630087,134201995
88675630087,134201997
88675630087,134201998
88675630087,134201999
88675630087,134202002
88675630087,134202003
88675630087,134202008
88675630087,134202009
88675630087,134202011
88675630087,134202012
88675630087,134202013
88675630087,134202017
88675630087,134202018
88675630087,134202020
88675630087,134202021
88675630087,134202022
88675630087,134202024
88675630087,134202025
88675630087,134202028
88675630087,134202030
88675630087,134202033
88675630087,134202034
88675630087,134202035
88675630087,134202039
88675630087,134202040
88675630087,134202042
88675630087,134202044
88675630087,134202045
88675630087,134202047
88675630087,134202048
88675630087,134202049
88675630087,134202055
88675630087,134202057
88675630087,134202058
88675630087,134202059
88675630087,134202063
88675630087,134202067
88675630087,134202068
88675630087,134202072
88675630087,134202075
88675630087,134202078
88675630087,134202079
88675630087,134202083
88675630087,134202085
88675630087,134202086
88675630087,134202088
88675630087,134202089
88675630087,134202090
88675630087,134202093
88675630087,134202097
88675630087,134202098
88675630087,134202099
88675630087,134202102
88675630087,134202103
88675630087,134202104
88675630087,134202107
88675630087,134202108
88675630087,134202111
88675630087,134202113
88675630087,134202115
88675630087,134202119
88675630087,134202348
88675630087,134202501
88675630087,134202522
88675630087,134202734
88675630087,134203187
88675630087,134203226
88675630087,134203234
88675630087,134203268
88675630087,134203273
88675630087,134203399
88675630087,134203408
88675630087,134203435
88675630087,134203582
88675630087,134203591
88675630087,134203594
88675630087,134203721
88675630087,134203733
88675630087,134203752
88675630087,134203781
88675630087,134203875
88675630087,134203897
88675630087,134203948
88675630087,134204022
88675630087,134204083
88675630087,134204110
88675630087,134204458
88675630087,134204475
88675630087,134204477
88675630087,134204509
88675630087,134204531
88675630087,134204630
88675630087,134204706
88675630087,134204762
88675630087,134204780
88675630087,134205002
88675630087,134205009
88675630087,134205011
88675630087,134205019
88675630087,134205024
88675630087,134205059
88675630087,134205061
88675630087,134205086
88675630087,134205097
88675630087,134205109
88675630087,134205111
88675630087,134205128
88675630087,134205145
88675630087,134205154
88675630087,134205155
88675630087,134205171
88675630087,134205189
88675630087,134205191
88675630087,134205201
88675630087,134205203
88675630087,134205209
88675630087,134205216
88675630087,134205233
88675630087,134205236
88675630087,134205238
88675630087,134205244
88675630087,134205247
88675630087,134205248
88675630087,134205251
88675630087,134205252
88675630087,134205256
88675630087,134205260
88675630087,134205263
88675630087,134205268
88675630087,134205271
88675630087,134205272
88675630087,134205276
88675630087,134205287
88675630087,134205289
88675630087,134205315
88675630087,134205319
88675630087,134205331
88675630087,134205345
88675630087,134205352
88675630087,134205365
88675630087,134205372
88675630087,134205390
88675630087,134205404
88675630087,134205412
88675630087,134205424
88675630087,134205433
88675630087,134205437
88675630087,134205446
88675630087,134205502
88675630087,134205512
88675630087,134205519
88675630087,134205524
88675630087,134205542
88675630087,134205588
88675630087,134205634
88675630087,134205785
88675630087,134205792
88675630087,134205796
88675630087,134205800
88675630087,134205801
88675630087,134205809
88675630087,134205813
88675630087,134205819
88675630087,134205821
88675630087,134205829
88675630087,134205832
88675630087,134205834
88675630087,134205835
88675630087,134205836
88675630087,134205839
88675630087,134205841
88675630087,134205843
88675630087,134205846
88675630087,134205848
88675630087,134205850
88675630087,134205852
88675630087,134205858
88675630087,134205860
88675630087,134205863
88675630087,134205867
88675630087,134205870
88675630087,134205871
88675630087,134205872
88675630087,134205873
88675630087,134205875
88675630087,134205876
88675630087,134205877
88675630087,134205882
88675630087,134205883
88675630087,134205886
88675630087,134205888
88675630087,134205889
88675630087,134205891
88675630087,134205892
88675630087,134205893
88675630087,134205896
88675630087,134205899
88675630087,134205900
88675630087,134205901
88675630087,134205902
88675630087,134205904
88675630087,134205905
88675630087,134205906
88675630087,134205907
88675630087,134205910
88675630087,134205915
88675630087,134205916
88675630087,134205919
88675630087,134205922
88675630087,134205923
88675630087,134205924
88675630087,134205925
88675630087,134205926
88675630087,134205927
88675630087,134205928
88675630087,134205929
88675630087,134205930
88675630087,134205931
88675630087,134205932
88675630087,134205933
88675630087,134205934
88675630087,134205939
88675630087,134205943
88675630087,134205946
88675630087,134205947
88675630087,134205949
88675630087,134205950
88675630087,134205953
88675630087,134205955
88675630087,134205958
88675630087,134205960
88675630087,134205962
88675630087,134205965
88675630087,134205967
88675630087,134205970
88675630087,134205971
88675630087,134205972
88675630087,134205973
88675630087,134205976
88675630087,134205978
88675630087,134205981
88675630087,134205982
88675630087,134205983
88675630087,134205984
88675630087,134205986
88675630087,134205988
88675630087,134205990
88675630087,134205992
88675630087,134205993
88675630087,134205994
88675630087,134205997
88675630087,134205998
88675630087,134206003
88675630087,134206004
88675630087,134206006
88675630087,134206007
88675630087,134206008
88675630087,134206011
88675630087,134206013
88675630087,134206015
88675630087,134206017
88675630087,134206019
88675630087,134206020
88675630087,134206023
88675630087,134206024
88675630087,134206028
88675630087,134206029
88675630087,134206030
88675630087,134206034
88675630087,134206035
88675630087,134206036
88675630087,134206037
88675630087,134206038
88675630087,134206040
88675630087,134206042
88675630087,134206043
88675630087,134206044
88675630087,134206050
88675630087,134206052
88675630087,134206053
88675630087,134206054
88675630087,134206058
88675630087,134206061
88675630087,134206063
88675630087,134206066
88675630087,134206069
88675630087,134206073
88675630087,134206074
88675630087,134206078
88675630087,134206080
88675630087,134206081
88675630087,134206083
88675630087,134206084
88675630087,134206088
88675630087,134206092
88675630087,134206093
88675630087,134206094
88675630087,134206097
88675630087,134206098
88675630087,134206099
88675630087,134206102
88675630087,134206106
88675630087,134206108
88675630087,134206110
88675630087,134206113
88675630087,134206247
88675630087,134206343
88675630087,134206496
88675630087,134206517
88675630087,134206729
88675630087,134207182
88675630087,134207221
88675630087,134207229
88675630087,134207263
88675630087,134207268
88675630087,134207394
88675630087,134207402
88675630087,134207406
88675630087,134207430
88675630087,134207577
88675630087,134207586
88675630087,134207589
88675630087,134207716
88675630087,134207728
88675630087,134207747
88675630087,134207776
88675630087,134207870
88675630087,134207892
88675630087,134207912
88675630087,134207943
88675630087,134208017
88675630087,134208078
88675630087,134208180
88675630087,134208452
88675630087,134208468
88675630087,134208469
88675630087,134208484
88675630087,134208488
88675630087,134208500
88675630087,134208504
88675630087,134208526
88675630087,134208646
88675630087,134208775
88675630087,134208832
88675630087,134208869
110661323497,67231455
110661323497,67231463
110661323497,67231464
110661323497,134199507
110661323497,134201002
110661323497,134201003
110661323497,134201004
110661323497,134201006
110661323497,134201008
110661323497,134201009
110661323497,134201010
110661323497,134201011
110661323497,134201012
110661323497,134201013
110661323497,134201014
110661323497,134201015
110661323497,134201017
110661323497,134201018
110661323497,134201019
110661323497,134201020
110661323497,134201021
110661323497,134201022
110661323497,134201023
110661323497,134201025
110661323497,134201026
110661323497,134201027
110661323497,134201028
110661323497,134201030
110661323497,134201031
110661323497,134201032
110661323497,134201034
110661323497,134201035
110661323497,134201036
110661323497,134201037
110661323497,134201038
110661323497,134201039
110661323497,134201040
110661323497,134201041
110661323497,134201042
110661323497,134201043
110661323497,134201044
110661323497,134201045
110661323497,134201046
110661323497,134201047
110661323497,134201048
110661323497,134201049
110661323497,134201050
110661323497,134201051
110661323497,134201052
110661323497,134201053
110661323497,134201054
110661323497,134201055
110661323497,134201056
110661323497,134201057
110661323497,134201058
110661323497,134201059
110661323497,134201060
110661323497,134201061
110661323497,134201062
110661323497,134201063
110661323497,134201064
110661323497,134201067
110661323497,134201068
110661323497,134201069
110661323497,134201070
110661323497,134201071
110661323497,134201072
110661323497,134201073
110661323497,134201074
110661323497,134201131
110661323497,134201170
110661323497,134201236
110661323497,134201333
110661323497,134201363
110661323497,134201364
110661323497,134201375
110661323497,134201378
110661323497,134201472
110661323497,134201501
110661323497,134201513
110661323497,134201543
110661323497,134201626
110661323497,134201700
110661323497,134201754
110661323497,134201769
110661323497,134201913
110661323497,134202136
110661323497,134202166
110661323497,134202195
110661323497,134202204
110661323497,134202213
110661323497,134202218
110661323497,134202222
110661323497,134202234
110661323497,134202245
110661323497,134202264
110661323497,134202275
110661323497,134202301
110661323497,134202314
110661323497,134202333
110661323497,134202361
110661323497,134202435
110661323497,134202491
110661323497,134202515
110661323497,134202516
110661323497,134202533
110661323497,134202585
110661323497,134202621
110661323497,134202661
110661323497,134202672
110661323497,134202678
110661323497,134202727
110661323497,134202765
110661323497,134202766
110661323497,134202770
110661323497,134202778
110661323497,134202782
110661323497,134202927
110661323497,134202948
110661323497,134202953
110661323497,134202957
110661323497,134203020
110661323497,134203032
110661323497,134203081
110661323497,134203094
110661323497,134203118
110661323497,134203133
110661323497,134203141
110661323497,134203144
110661323497,134203147
110661323497,134203159
110661323497,134203172
110661323497,134203173
110661323497,134203201
110661323497,134203202
110661323497,134203240
110661323497,134203257
110661323497,134203290
110661323497,134203296
110661323497,134203306
110661323497,134203314
110661323497,134203378
110661323497,134203417
110661323497,134203429
110661323497,134203460
110661323497,134203466
110661323497,134203472
110661323497,134203535
110661323497,134203544
110661323497,134203551
110661323497,134203572
110661323497,134203597
110661323497,134203625
110661323497,134203647
110661323497,134203669
110661323497,134203672
110661323497,134203679
110661323497,134203688
110661323497,134203730
110661323497,134203736
110661323497,134203737
110661323497,134203749
110661323497,134203787
110661323497,134203827
110661323497,134203839
110661323497,134203853
110661323497,134203903
110661323497,134203904
110661323497,134203910
110661323497,134203939
110661323497,134203952
110661323497,134203975
110661323497,134203985
110661323497,134203993
110661323497,134204010
110661323497,134204014
110661323497,134204025
110661323497,134204077
110661323497,134204082
110661323497,134204092
110661323497,134204104
110661323497,134204108
110661323497,134204164
110661323497,134204290
110661323497,134204506
110661323497,134204526
110661323497,134204622
110661323497,134204640
110661323497,134204659
110661323497,134204821
110661323497,134204856
110661323497,134204994
110661323497,134204997
110661323497,134204998
110661323497,134205000
110661323497,134205001
110661323497,134205003
110661323497,134205004
110661323497,134205005
110661323497,134205006
110661323497,134205007
110661323497,134205008
110661323497,134205010
110661323497,134205012
110661323497,134205013
110661323497,134205014
110661323497,134205015
110661323497,134205016
110661323497,134205017
110661323497,134205018
110661323497,134205020
110661323497,134205021
110661323497,134205022
110661323497,134205023
110661323497,134205025
110661323497,134205026
110661323497,134205027
110661323497,134205029
110661323497,134205030
110661323497,134205031
110661323497,134205032
110661323497,134205033
110661323497,134205034
110661323497,134205035
110661323497,134205036
110661323497,134205037
110661323497,134205038
110661323497,134205039
110661323497,134205040
110661323497,134205041
110661323497,134205042
110661323497,134205043
110661323497,134205044
110661323497,134205045
110661323497,134205046
110661323497,134205047
110661323497,134205048
110661323497,134205049
110661323497,134205050
110661323497,134205051
110661323497,134205052
110661323497,134205053
110661323497,134205054
110661323497,134205055
110661323497,134205056
110661323497,134205057
110661323497,134205058
110661323497,134205060
110661323497,134205062
110661323497,134205063
110661323497,134205064
110661323497,134205065
110661323497,134205066
110661323497,134205067
110661323497,134205068
110661323497,134205069
110661323497,134205126
110661323497,134205231
110661323497,134205328
110661323497,134205357
110661323497,134205358
110661323497,134205359
110661323497,134205370
110661323497,134205373
110661323497,134205496
110661323497,134205508
110661323497,134205538
110661323497,134205695
110661323497,134205749
110661323497,134205764
110661323497,134205786
110661323497,134205908
110661323497,134206130
110661323497,134206160
110661323497,134206161
110661323497,134206190
110661323497,134206199
110661323497,134206208
110661323497,134206213
110661323497,134206217
110661323497,134206227
110661323497,134206229
110661323497,134206240
110661323497,134206259
110661323497,134206270
110661323497,134206296
110661323497,134206308
110661323497,134206309
110661323497,134206327
110661323497,134206356
110661323497,134206430
110661323497,134206486
110661323497,134206510
110661323497,134206528
110661323497,134206579
110661323497,134206616
110661323497,134206656
110661323497,134206673
110661323497,134206682
110661323497,134206721
110661323497,134206756
110661323497,134206760
110661323497,134206765
110661323497,134206773
110661323497,134206775
110661323497,134206777
110661323497,134206849
110661323497,134206922
110661323497,134206943
110661323497,134206948
110661323497,134206952
110661323497,134207015
110661323497,134207088
110661323497,134207127
110661323497,134207128
110661323497,134207136
110661323497,134207138
110661323497,134207141
110661323497,134207154
110661323497,134207166
110661323497,134207168
110661323497,134207195
110661323497,134207197
110661323497,134207235
110661323497,134207252
110661323497,134207285
110661323497,134207301
110661323497,134207309
110661323497,134207373
110661323497,134207412
110661323497,134207424
110661323497,134207455
110661323497,134207460
110661323497,134207467
110661323497,134207529
110661323497,134207539
110661323497,134207546
110661323497,134207567
110661323497,134207584
110661323497,134207592
110661323497,134207620
110661323497,134207642
110661323497,134207663
110661323497,134207667
110661323497,134207674
110661323497,134207682
110661323497,134207690
110661323497,134207725
110661323497,134207730
110661323497,134207732
110661323497,134207744
110661323497,134207775
110661323497,134207781
110661323497,134207817
110661323497,134207834
110661323497,134207848
110661323497,134207895
110661323497,134207898
110661323497,134207899
110661323497,134207905
110661323497,134207906
110661323497,134207934
110661323497,134207947
110661323497,134207970
110661323497,134207980
110661323497,134207981
110661323497,134207987
110661323497,134208005
110661323497,134208009
110661323497,134208020
110661323497,134208077
110661323497,134208098
110661323497,134208099
110661323497,134208103
110661323497,134208521
110661323497,134208599
110661323497,134208617
110661323497,134208635
110661323497,134208654
110661323497,134208731
110661323497,134208744
110661323497,134208816
132647016907,134201077
132647016907,134201084
132647016907,134201085
132647016907,134201087
132647016907,134201093
132647016907,134201094
132647016907,134201098
132647016907,134201099
132647016907,134201102
132647016907,134201103
132647016907,134201107
132647016907,134201109
132647016907,134201110
132647016907,134201118
132647016907,134201119
132647016907,134201121
132647016907,134201122
132647016907,134201123
132647016907,134201126
132647016907,134201127
132647016907,134201129
132647016907,134201130
132647016907,134201132
132647016907,134201137
132647016907,134201138
132647016907,134201142
132647016907,134201145
132647016907,134201152
132647016907,134201155
132647016907,134201156
132647016907,134201157
132647016907,134201158
132647016907,134201162
132647016907,134201163
132647016907,134201166
132647016907,134201168
132647016907,134201171
132647016907,134201175
132647016907,134201176
132647016907,134201184
132647016907,134201189
132647016907,134201190
132647016907,134201193
132647016907,134201195
132647016907,134201197
132647016907,134201198
132647016907,134201200
132647016907,134201204
132647016907,134201205
132647016907,134201216
132647016907,134201224
132647016907,134201225
132647016907,134201228
132647016907,134201234
132647016907,134201237
132647016907,134201242
132647016907,134201255
132647016907,134201258
132647016907,134201259
132647016907,134201262
132647016907,134201263
132647016907,134201264
132647016907,134201266
132647016907,134201269
132647016907,134201271
132647016907,134201272
132647016907,134201275
132647016907,134201279
132647016907,134201280
132647016907,134201282
132647016907,134201286
132647016907,134201290
132647016907,134201296
132647016907,134201303
132647016907,134201305
132647016907,134201308
132647016907,134201309
132647016907,134201311
132647016907,134201312
132647016907,134201313
132647016907,134201322
132647016907,134201328
132647016907,134201329
132647016907,134201330
132647016907,134201334
132647016907,134201339
132647016907,134201341
132647016907,134201345
132647016907,134201346
132647016907,134201353
132647016907,134201354
132647016907,134201355
132647016907,134201357
132647016907,134201359
132647016907,134201360
132647016907,134201366
132647016907,134201368
132647016907,134201371
132647016907,134201376
132647016907,134201377
132647016907,134201379
132647016907,134201380
132647016907,134201396
132647016907,134201397
132647016907,134201398
132647016907,134201401
132647016907,134201402
132647016907,134201411
132647016907,134201413
132647016907,134201414
132647016907,134201419
132647016907,134201421
132647016907,134201422
132647016907,134201434
132647016907,134201435
132647016907,134201436
132647016907,134201437
132647016907,134201439
132647016907,134201440
132647016907,134201441
132647016907,134201443
132647016907,134201444
132647016907,134201445
132647016907,134201446
132647016907,134201447
132647016907,134201448
132647016907,134201450
132647016907,134201452
132647016907,134201453
132647016907,134201454
132647016907,134201455
132647016907,134201456
132647016907,134201457
132647016907,134201458
132647016907,134201459
132647016907,134201460
132647016907,134201461
132647016907,134201462
132647016907,134201463
132647016907,134201464
132647016907,134201465
132647016907,134201466
132647016907,134201467
132647016907,134201469
132647016907,134201471
132647016907,134201474
132647016907,134201475
132647016907,134201476
132647016907,134201477
132647016907,134201478
132647016907,134201479
132647016907,134201480
132647016907,134201481
132647016907,134201482
132647016907,134201483
132647016907,134201484
132647016907,134201485
132647016907,134201486
132647016907,134201487
132647016907,134201492
132647016907,134201493
132647016907,134201494
132647016907,134201495
132647016907,134201496
132647016907,134201502
132647016907,134201503
132647016907,134201504
132647016907,134201505
132647016907,134201506
132647016907,134201508
132647016907,134201509
132647016907,134201510
132647016907,134201511
132647016907,134205072
132647016907,134205079
132647016907,134205082
132647016907,134205084
132647016907,134205085
132647016907,134205087
132647016907,134205088
132647016907,134205089
132647016907,134205093
132647016907,134205094
132647016907,134205098
132647016907,134205099
132647016907,134205102
132647016907,134205103
132647016907,134205105
132647016907,134205108
132647016907,134205113
132647016907,134205117
132647016907,134205118
132647016907,134205121
132647016907,134205124
132647016907,134205127
132647016907,134205132
132647016907,134205133
132647016907,134205137
132647016907,134205140
132647016907,134205147
132647016907,134205150
132647016907,134205151
132647016907,134205152
132647016907,134205153
132647016907,134205156
132647016907,134205157
132647016907,134205158
132647016907,134205162
132647016907,134205165
132647016907,134205166
132647016907,134205179
132647016907,134205184
132647016907,134205185
132647016907,134205188
132647016907,134205190
132647016907,134205192
132647016907,134205193
132647016907,134205195
132647016907,134205199
132647016907,134205200
132647016907,134205211
132647016907,134205215
132647016907,134205219
132647016907,134205220
132647016907,134205223
132647016907,134205232
132647016907,134205237
132647016907,134205249
132647016907,134205250
132647016907,134205254
132647016907,134205257
132647016907,134205258
132647016907,134205264
132647016907,134205266
132647016907,134205267
132647016907,134205269
132647016907,134205274
132647016907,134205275
132647016907,134205280
132647016907,134205285
132647016907,134205288
132647016907,134205291
132647016907,134205293
132647016907,134205297
132647016907,134205302
132647016907,134205303
132647016907,134205306
132647016907,134205307
132647016907,134205308
132647016907,134205317
132647016907,134205320
132647016907,134205323
132647016907,134205325
132647016907,134205327
132647016907,134205329
132647016907,134205334
132647016907,134205335
132647016907,134205336
132647016907,134205340
132647016907,134205341
132647016907,134205348
132647016907,134205349
132647016907,134205350
132647016907,134205354
132647016907,134205361
132647016907,134205363
132647016907,134205366
132647016907,134205371
132647016907,134205374
132647016907,134205375
132647016907,134205391
132647016907,134205393
132647016907,134205396
132647016907,134205406
132647016907,134205407
132647016907,134205408
132647016907,134205409
132647016907,134205414
132647016907,134205416
132647016907,134205417
132647016907,134205429
132647016907,134205430
132647016907,134205431
132647016907,134205434
132647016907,134205435
132647016907,134205436
132647016907,134205438
132647016907,134205439
132647016907,134205441
132647016907,134205442
132647016907,134205443
132647016907,134205445
132647016907,134205447
132647016907,134205448
132647016907,134205449
132647016907,134205450
132647016907,134205451
132647016907,134205452
132647016907,134205453
132647016907,134205455
132647016907,134205456
132647016907,134205457
132647016907,134205458
132647016907,134205459
132647016907,134205460
132647016907,134205461
132647016907,134205462
132647016907,134205463
132647016907,134205466
132647016907,134205469
132647016907,134205470
132647016907,134205471
132647016907,134205472
132647016907,134205473
132647016907,134205474
132647016907,134205475
132647016907,134205476
132647016907,134205477
132647016907,134205478
132647016907,134205479
132647016907,134205480
132647016907,134205481
132647016907,134205482
132647016907,134205484
132647016907,134205487
132647016907,134205488
132647016907,134205489
132647016907,134205490
132647016907,134205491
132647016907,134205497
132647016907,134205498
132647016907,134205499
132647016907,134205500
132647016907,134205501
132647016907,134205503
132647016907,134205504
132647016907,134205505
132647016907,134205506
