1,192
1,67100098
1,67100299
1,67100515
1,67100516
1,67100702
1,67100903
1,67100904
1,67100905
1,67100906
1,67100907
1,67100908
1,67100909
1,67100910
1,67100911
1,67100912
1,67100913
1,67100914
1,67100915
1,67100916
1,67100917
1,67100918
1,67100919
1,67100920
1,67100921
1,67100922
1,67100923
1,67100924
1,67100925
1,67100926
1,67100927
1,67100928
1,67100929
1,67100930
1,67100931
1,67100932
1,67100933
1,67100934
1,67100935
1,67100936
1,67100937
1,67100938
1,67100939
1,67100940
1,67100941
1,67100942
1,67100943
1,67100944
1,67100945
1,67100946
1,67100947
1,67100949
1,67100953
1,67100956
1,67100958
1,67100964
1,67100967
1,67100975
1,67100976
1,67100987
1,67101210
1,67101211
1,67101212
1,67101213
1,67101214
1,67101215
1,67101216
1,67101217
1,67101218
1,67101219
1,67101220
1,67101221
1,67101222
1,67101223
1,67101224
1,67101225
1,67101226
1,67101227
1,67101228
1,67101229
1,67101230
1,67101231
1,67101232
1,67101233
1,67101234
1,67101235
1,67101236
1,67101237
1,67101238
1,67101239
1,67101240
1,67101241
1,67101242
1,67101243
1,67101244
1,67101245
1,67101246
1,67101247
1,67101248
1,67101249
1,67101250
1,67101251
1,67101252
1,67101253
1,67101254
1,67101255
1,67101256
1,67101257
1,67101258
1,67101259
1,67101260
1,67101261
1,67101262
1,67101263
1,67101264
1,67101265
1,67101266
1,67101267
1,67101268
1,67101269
1,67101270
1,67101271
1,67101272
1,67101273
1,67101274
1,67101275
1,67101276
1,67101277
1,67101278
1,67101279
1,67101280
1,67101281
1,67108593
1,67109052
