981555542,67108272
981555542,67108273
981555542,67108274
981555542,67108275
981555542,67108276
981555542,67108633
981555542,67108634
981555542,67108635
31409777344,2
31409777344,67108271
31409777344,67108277
31409777344,67108278
31409777344,67108279
31409777344,67108280
31409777344,67108632
31409777344,67108636
61837999146,67107099
61837999146,67107108
61837999146,67107109
61837999146,67107110
61837999146,67107111
61837999146,67107112
61837999146,67107113
61837999146,67107114
92266220948,67107115
92266220948,67107116
92266220948,67107117
92266220948,67107118
92266220948,67107119
92266220948,67107120
92266220948,67107121
92266220948,67107122
122694442750,67105926
122694442750,67105927
122694442750,67105928
122694442750,67105929
122694442750,67105930
122694442750,67105931
122694442750,67105932
122694442750,67105933
153122664552,67105934
153122664552,67105935
153122664552,67105936
153122664552,67105937
153122664552,67105938
153122664552,67105939
153122664552,67105940
153122664552,67105941
183550886354,67105942
183550886354,67105943
183550886354,67105944
183550886354,67105945
183550886354,67105946
183550886354,67105947
183550886354,67105948
183550886354,67105949
213979108156,67105950
213979108156,67105951
213979108156,67105952
213979108156,67105953
213979108156,67105954
213979108156,67105955
213979108156,67105956
213979108156,67105957
244407329958,67105958
244407329958,67105959
244407329958,67105960
244407329958,67105961
244407329958,67105962
244407329958,67105963
244407329958,67105964
244407329958,67105965
274835551760,67107123
274835551760,67107124
274835551760,67107125
274835551760,67107126
274835551760,67107127
274835551760,67107128
274835551760,67107129
274835551760,67107130
305263773562,67107131
305263773562,67107132
305263773562,67107133
305263773562,67107134
305263773562,67107135
305263773562,67107136
305263773562,67107137
305263773562,67107138
335691995364,67107139
335691995364,67107140
335691995364,67107141
335691995364,67107142
335691995364,67107143
335691995364,67107144
335691995364,67107145
335691995364,67107146
366120217166,67107147
366120217166,67107148
366120217166,67107149
366120217166,67107150
366120217166,67107151
366120217166,67107152
366120217166,67107153
366120217166,67107154
396548438968,67107155
396548438968,67107156
396548438968,67107157
396548438968,67107158
396548438968,67107159
396548438968,67107160
396548438968,67107161
396548438968,67107162
426976660770,67107163
426976660770,67107164
426976660770,67107165
426976660770,67107166
426976660770,67107167
426976660770,67107168
426976660770,67107169
426976660770,67107170
457404882572,67107171
457404882572,67107172
457404882572,67107173
457404882572,67107174
457404882572,67107175
457404882572,67107176
457404882572,67107177
457404882572,67107178
487833104374,67107179
487833104374,67107180
487833104374,67107181
487833104374,67107182
487833104374,67107183
487833104374,67107184
487833104374,67107185
487833104374,67107186
518261326176,67107187
518261326176,67107188
518261326176,67107189
518261326176,67107190
518261326176,67107191
518261326176,67107192
518261326176,67107193
518261326176,67107194
548689547978,67107195
548689547978,67107196
548689547978,67107197
548689547978,67107198
548689547978,67107199
548689547978,67107200
548689547978,67107201
548689547978,67107202
579117769780,67107203
579117769780,67107204
579117769780,67107205
579117769780,67107206
579117769780,67107207
579117769780,67107208
579117769780,67107209
579117769780,67107210
609545991582,67107211
609545991582,67107212
609545991582,67107213
609545991582,67107214
609545991582,67107215
609545991582,67107216
609545991582,67107217
609545991582,67107218
639974213384,67107219
639974213384,67107220
639974213384,67107221
639974213384,67107222
639974213384,67107223
639974213384,67107224
639974213384,67107225
639974213384,67107226
670402435186,67107227
670402435186,67107228
670402435186,67107229
670402435186,67107230
670402435186,67107231
670402435186,67107232
670402435186,67107233
670402435186,67107234
700830656988,67107235
700830656988,67107236
700830656988,67107237
700830656988,67107238
700830656988,67107239
700830656988,67107240
700830656988,67107241
700830656988,67107242
731258878790,67107243
731258878790,67107244
731258878790,67107245
731258878790,67107246
731258878790,67107247
731258878790,67107248
731258878790,67107249
731258878790,67107250
761687100592,67107251
761687100592,67107252
761687100592,67107253
761687100592,67107254
761687100592,67107255
761687100592,67107256
761687100592,67107257
761687100592,67107258
