1023238603,5
1023238603,6
1023238603,7
1023238603,8
1023238603,9
1023238603,10
1023238603,11
1023238603,12
32743635296,13
32743635296,14
32743635296,15
32743635296,16
32743635296,17
32743635296,18
32743635296,19
32743635296,20
64464031989,21
64464031989,22
64464031989,23
64464031989,24
64464031989,25
64464031989,26
64464031989,27
64464031989,28
96184428682,29
96184428682,30
96184428682,31
96184428682,32
96184428682,33
96184428682,34
96184428682,35
96184428682,36
127904825375,37
127904825375,38
127904825375,39
127904825375,40
127904825375,41
127904825375,42
127904825375,43
127904825375,44
159625222068,45
159625222068,46
159625222068,47
159625222068,48
159625222068,49
159625222068,50
159625222068,51
159625222068,52
191345618761,53
191345618761,54
191345618761,55
191345618761,56
191345618761,59
191345618761,60
191345618761,61
191345618761,62
223066015454,63
223066015454,64
223066015454,65
223066015454,66
223066015454,67
223066015454,68
223066015454,69
223066015454,70
254786412147,71
254786412147,72
254786412147,73
254786412147,74
254786412147,75
254786412147,76
254786412147,77
254786412147,78
286506808840,79
286506808840,80
286506808840,81
286506808840,82
286506808840,83
286506808840,84
286506808840,85
286506808840,86
