827860087,67100840
827860087,67100841
827860087,67100844
827860087,67100846
827860087,67100847
827860087,67100848
827860087,67100849
827860087,67100850
827860087,67100851
827860087,67100852
827860087,67100853
827860087,67100854
827860087,67100855
827860087,67100856
827860087,67100857
827860087,67100858
827860087,67100859
827860087,67100860
827860087,67100861
827860087,67100862
827860087,67100863
827860087,67100864
827860087,67100865
827860087,67100866
827860087,67100867
827860087,67100868
827860087,67100869
827860087,67100870
827860087,67100871
827860087,67100872
827860087,67100873
827860087,67100874
25663662697,67100721
25663662697,67100722
25663662697,67100723
25663662697,67100724
25663662697,67100726
25663662697,67100727
25663662697,67100729
25663662697,67100733
25663662697,67100738
25663662697,67100739
25663662697,67100740
25663662697,67100741
25663662697,67100742
25663662697,67100743
25663662697,67100744
25663662697,67100774
25663662697,67100775
25663662697,67100776
25663662697,67100777
25663662697,67100778
25663662697,67100779
25663662697,67100780
25663662697,67100782
25663662697,67100783
25663662697,67100785
25663662697,67100786
25663662697,67100992
25663662697,67101039
25663662697,67101040
25663662697,67101041
25663662697,67102048
25663662697,67108489
