22958667648,131230
44824065408,131231
44824065408,131246
77622162048,131233
77622162048,131247
88554860928,131245
99487559808,131232
99487559808,131248
121352957568,131260
165083753088,131240
165083753088,131254
176016451968,131238
186949150848,131236
186949150848,131251
208814548608,131235
208814548608,131239
208814548608,131253
219747247488,131255
241612645248,131252
252545344128,131237
252545344128,131241
252545344128,131256
263478043008,131250
274410741888,131242
274410741888,131257
285343440768,131243
296276139648,131234
296276139648,131258
318141537408,131244
318141537408,131259
