17385061827,131231
33942263567,131261
42220864437,131260
67056667047,131240
67056667047,131241
67056667047,131255
75335267917,131236
75335267917,131250
91892469657,131237
91892469657,131238
91892469657,131239
91892469657,131253
100171070527,131235
100171070527,131242
100171070527,131251
100171070527,131256
108449671397,131233
108449671397,131248
108449671397,131252
108449671397,131254
116728272267,131232
116728272267,131247
116728272267,131258
133285474007,131244
149842675747,131243
149842675747,131249
166399877487,131245
166399877487,131246
166399877487,131257
191235680097,131234
199514280967,131259
