1,67104289
1,67104548
1,67104549
1,67104550
1,67104551
1,67104552
1,67104553
1,67104554
1,67104555
1,67104556
1,67104557
1,67104558
1,67104559
1,67104560
1,67104561
1,67104562
1,67104563
1,67104564
1,67104565
1,67104566
1,67104567
1,67104568
1,67104569
1,67104570
1,67104787
3,67104142
3,67104271
3,67104315
3,67104529
3,67104547
3,67108225
3,67108226
3,67108227
3,67108228
3,67108229
3,67108779
5,192
5,131251
5,131252
5,131258
5,131259
5,131260
5,67104032
5,67104033
5,67104034
5,67104035
5,67104036
5,67104037
5,67104038
5,67104039
5,67104040
5,67104041
5,67104042
5,67104043
5,67104044
5,67104045
5,67104046
5,67104047
5,67104048
5,67104049
5,67104050
5,67104051
5,67104052
5,67104053
5,67104054
5,67104055
5,67104056
5,67104057
5,67104058
5,67104059
5,67104060
5,67104061
5,67104062
5,67104063
5,67104064
5,67104065
5,67104066
5,67104067
5,67104068
5,67104069
5,67104070
5,67104071
5,67104072
5,67104073
5,67104074
5,67104075
5,67104076
5,67104077
5,67104078
5,67104079
5,67104080
5,67104081
5,67104082
5,67104083
5,67104084
5,67104085
5,67104086
5,67104087
5,67104088
5,67104089
5,67104090
5,67104091
5,67104092
5,67104093
5,67104094
5,67104095
5,67104096
5,67104097
5,67104098
5,67104099
5,67104100
5,67104101
5,67104102
5,67104103
5,67104104
5,67104105
5,67104106
5,67104107
5,67104108
5,67104109
5,67104110
5,67104111
5,67104112
5,67104113
5,67104114
5,67104115
5,67104116
5,67104117
5,67104118
5,67104119
5,67104120
5,67104121
5,67104122
5,67104123
5,67104124
5,67104125
5,67104126
5,67104143
5,67104144
5,67104145
5,67104146
5,67104147
5,67104148
5,67104149
5,67104150
5,67104151
5,67104152
5,67104153
5,67104154
5,67104155
5,67104161
5,67104162
5,67104163
5,67104164
5,67104165
5,67104166
5,67104167
5,67104168
5,67104169
5,67104170
5,67104171
5,67104173
5,67104174
5,67104175
5,67104176
5,67104177
5,67104178
5,67104179
5,67104180
5,67104181
5,67104182
5,67104183
5,67104184
5,67104185
5,67104186
5,67104187
5,67104188
5,67104189
5,67104190
5,67104193
5,67104198
5,67104203
5,67104204
5,67104212
5,67104230
5,67104235
5,67104244
5,67104248
5,67104272
5,67104440
5,67104543
5,67104544
5,67104545
5,67104546
5,67104581
5,67104585
5,67104588
5,67104589
5,67104591
5,67104597
5,67104599
5,67104601
5,67104603
5,67104604
5,67104608
5,67104616
5,67104618
5,67104624
5,67104627
5,67104629
5,67104630
5,67104631
5,67104634
5,67104638
5,67104639
5,67104645
5,67104648
5,67104655
5,67104661
5,67104662
5,67104664
5,67104667
5,67104669
5,67104799
5,67104916
5,67105007
5,67105064
5,67105272
5,67105311
5,67105313
5,67105338
5,67105341
5,67105342
5,67105361
5,67105367
5,67105382
5,67105386
5,67105413
5,67105418
5,67105424
5,67105447
5,67105465
5,67105469
5,67105489
5,67105525
5,67105545
5,67105579
5,67105613
5,67105624
5,67105653
5,67105660
5,67105661
5,67105679
5,67105689
5,67108670
5,67108671
5,67108672
5,67108673
5,67108674
5,67108675
5,67108676
5,67108677
5,67108678
5,67108679
5,67108680
5,67108681
5,67108682
5,67108683
5,67108684
5,67108685
5,67108686
5,67108687
5,67108688
5,67108689
5,67108690
5,67108691
5,67108692
5,67108693
5,67108694
5,67108695
5,67108696
5,67108697
5,67108698
5,67108699
5,67108701
5,67108707
5,67108721
5,67108738
5,67108752
5,67108757
5,67108782
5,67108785
6,67104649
