902036450,67093288
902036450,67093289
902036450,67093290
902036450,67093291
902036450,67093292
902036450,67093293
902036450,67093294
902036450,67093295
902036450,67093296
902036450,67093297
902036450,67093298
902036450,67093299
902036450,67093300
902036450,67093301
902036450,67093302
902036450,67093303
902036450,67093304
902036450,67093305
902036450,67093306
902036450,67093307
902036450,67093308
902036450,67093309
902036450,67093310
902036450,67093311
902036450,67093313
902036450,67093314
902036450,67093315
902036450,67093316
902036450,67093317
902036450,67093318
902036450,67093319
902036450,67093320
902036450,67093321
902036450,67093322
902036450,67093323
902036450,67093324
902036450,67093325
902036450,67093326
902036450,67093327
902036450,67093328
902036450,67093329
902036450,67093330
902036450,67093331
902036450,67093332
902036450,67093333
902036450,67093334
902036450,67093335
902036450,67093336
902036450,67093337
902036450,67093338
902036450,67093339
902036450,67093340
902036450,67093341
902036450,67093342
902036450,67093343
902036450,67093344
902036450,67093345
902036450,67093346
902036450,67093347
902036450,67093348
902036450,67093349
902036450,67093350
902036450,67093351
902036450,67093352
902036450,67093353
902036450,67093354
902036450,67093355
902036450,67093356
902036450,67093357
902036450,67093361
902036450,67093370
902036450,67093372
902036450,67093373
902036450,67093375
902036450,67093382
902036450,67093391
902036450,67093397
902036450,67093401
902036450,67093402
902036450,67093403
902036450,67093405
902036450,67093406
902036450,67093407
902036450,67093408
902036450,67093409
902036450,67093410
902036450,67093411
902036450,67093413
902036450,67093415
902036450,67093416
902036450,67093417
902036450,67093418
902036450,67093422
902036450,67093423
902036450,67093424
902036450,67093425
902036450,67093426
902036450,67093428
902036450,67093433
902036450,67093436
902036450,67093438
902036450,67093439
902036450,67093440
902036450,67093442
902036450,67093443
902036450,67093444
902036450,67093446
902036450,67093451
902036450,67093455
902036450,67093457
902036450,67093458
902036450,67093459
902036450,67093460
902036450,67093461
902036450,67093464
902036450,67093465
902036450,67093467
902036450,67093469
902036450,67093471
902036450,67093472
902036450,67093473
902036450,67093474
902036450,67093475
902036450,67093477
902036450,67093478
902036450,67093480
902036450,67093483
902036450,67093485
902036450,67093487
902036450,67093488
902036450,67093490
902036450,67093491
902036450,67093492
902036450,67093493
902036450,67093494
902036450,67093495
902036450,67093496
902036450,67093499
902036450,67093500
902036450,67093501
902036450,67093504
902036450,67093505
902036450,67093513
902036450,67093516
902036450,67093517
902036450,67093518
902036450,67093519
902036450,67093522
902036450,67093523
902036450,67093524
902036450,67093526
902036450,67093530
902036450,67093531
902036450,67093532
902036450,67093534
902036450,67093535
902036450,67093536
902036450,67093540
902036450,67093541
902036450,67093545
902036450,67093548
902036450,67093549
902036450,67093550
902036450,67093552
902036450,67093553
902036450,67093554
902036450,67093555
902036450,67093556
902036450,67093558
902036450,67093559
902036450,67093560
902036450,67093561
902036450,67093562
902036450,67093563
902036450,67093565
902036450,67093566
902036450,67093567
902036450,67093568
902036450,67093570
902036450,67093573
902036450,67093574
902036450,67093575
902036450,67093576
902036450,67093581
902036450,67093584
902036450,67093585
902036450,67093586
902036450,67093587
902036450,67093589
902036450,67093591
902036450,67093594
902036450,67093595
902036450,67093597
902036450,67093598
902036450,67093599
902036450,67093601
902036450,67093602
902036450,67093603
902036450,67093607
902036450,67093610
902036450,67093612
902036450,67093613
902036450,67093614
902036450,67093615
902036450,67093616
902036450,67093617
902036450,67093618
902036450,67093619
902036450,67093621
902036450,67093622
902036450,67093623
902036450,67093624
902036450,67093626
902036450,67093629
902036450,67093634
902036450,67093636
902036450,67093637
902036450,67093638
902036450,67093639
902036450,67093640
902036450,67093649
902036450,67095395
902036450,67102786
27963129950,131231
27963129950,67090118
27963129950,67093690
27963129950,67093950
27963129950,67097008
27963129950,67100823
27963129950,67101080
27963129950,67101341
27963129950,67103457
27963129950,67104399
27963129950,67108214
27963129950,67108432
27963129950,67108434
27963129950,67108435
27963129950,67108436
27963129950,67108437
27963129950,67108438
27963129950,67108439
27963129950,67108440
27963129950,67108441
27963129950,67108442
27963129950,67108443
27963129950,67108444
27963129950,67108445
27963129950,67108446
27963129950,67108447
27963129950,67108448
27963129950,67108449
27963129950,67108450
27963129950,67108451
27963129950,67108452
27963129950,67108453
27963129950,67108454
27963129950,67108457
27963129950,67108458
27963129950,67108459
27963129950,67108460
27963129950,67108462
27963129950,67108463
27963129950,67108464
27963129950,67108465
27963129950,67108466
27963129950,67108467
27963129950,67108468
27963129950,67108469
27963129950,67108470
27963129950,67108472
27963129950,67108473
27963129950,67108474
27963129950,67108475
27963129950,67108479
27963129950,67108480
27963129950,67108481
27963129950,67108482
27963129950,67108484
27963129950,67108486
27963129950,67108487
27963129950,67108488
27963129950,67108491
27963129950,67108493
27963129950,67108494
27963129950,67108496
27963129950,67108498
27963129950,67108499
27963129950,67108500
27963129950,67108501
27963129950,67108513
27963129950,67108533
27963129950,67108545
27963129950,67108547
27963129950,67108551
27963129950,67108554
27963129950,67108567
27963129950,67108568
27963129950,67108577
27963129950,67108588
27963129950,67108609
27963129950,67108612
27963129950,67108617
27963129950,67108619
27963129950,67108621
27963129950,67108623
27963129950,67108634
27963129950,67108637
27963129950,67108666
27963129950,67108679
27963129950,67108684
27963129950,67108685
27963129950,67108689
27963129950,67108692
27963129950,67108695
27963129950,67108706
27963129950,67108707
27963129950,67108720
27963129950,67108721
27963129950,67108722
27963129950,67108739
27963129950,67108744
27963129950,67108758
27963129950,67108759
27963129950,67108760
27963129950,67108770
27963129950,67108776
27963129950,67108778
27963129950,67108779
27963129950,67108780
27963129950,67108781
27963129950,67108783
27963129950,67108791
