1379256614,67100550
1379256614,67100551
1379256614,67100552
1379256614,67100553
1379256614,67100554
1379256614,67100959
1379256614,67104954
42756955034,131245
42756955034,131246
42756955034,131253
42756955034,67099273
42756955034,67099992
42756955034,67100960
42756955034,67100961
42756955034,67100962
42756955034,67100963
42756955034,67100964
42756955034,67100965
42756955034,67100966
42756955034,67100967
42756955034,67100968
42756955034,67100969
42756955034,67100971
42756955034,67100972
42756955034,67100974
42756955034,67100975
42756955034,67100976
42756955034,67100977
42756955034,67100978
42756955034,67100979
42756955034,67100980
42756955034,67100981
42756955034,67100982
42756955034,67100983
42756955034,67100984
42756955034,67100985
42756955034,67100986
42756955034,67100987
42756955034,67100988
42756955034,67100989
42756955034,67100990
42756955034,67100991
42756955034,67100992
42756955034,67100993
42756955034,67100995
42756955034,67100996
42756955034,67100997
42756955034,67100998
42756955034,67100999
42756955034,67101000
42756955034,67101001
42756955034,67101002
42756955034,67101003
42756955034,67101004
42756955034,67101005
42756955034,67101006
42756955034,67101007
42756955034,67101008
42756955034,67101009
42756955034,67101010
42756955034,67101011
42756955034,67101012
42756955034,67101013
42756955034,67101014
42756955034,67101015
42756955034,67101016
42756955034,67101017
42756955034,67101018
42756955034,67101019
42756955034,67101020
42756955034,67101021
42756955034,67101022
42756955034,67101023
42756955034,67101024
42756955034,67101025
42756955034,67101026
42756955034,67101027
42756955034,67101028
42756955034,67101030
42756955034,67101031
42756955034,67101032
42756955034,67101033
42756955034,67101034
42756955034,67101035
42756955034,67101036
42756955034,67101037
42756955034,67101038
42756955034,67101039
42756955034,67101040
42756955034,67101041
42756955034,67101042
42756955034,67101043
42756955034,67101044
42756955034,67101045
42756955034,67101046
42756955034,67101047
42756955034,67101048
42756955034,67101049
42756955034,67101050
42756955034,67101051
42756955034,67101052
42756955034,67101053
42756955034,67101054
42756955034,67101055
42756955034,67101056
42756955034,67101057
42756955034,67101058
42756955034,67101059
42756955034,67101060
42756955034,67101061
42756955034,67101062
42756955034,67101063
42756955034,67101064
42756955034,67101065
42756955034,67101066
42756955034,67101067
42756955034,67101068
42756955034,67101069
42756955034,67101070
42756955034,67101071
42756955034,67101072
42756955034,67101073
42756955034,67101074
42756955034,67101075
42756955034,67101076
42756955034,67101077
42756955034,67101078
42756955034,67101079
42756955034,67101080
42756955034,67101081
42756955034,67101082
42756955034,67101083
42756955034,67101084
42756955034,67101085
42756955034,67101086
42756955034,67101087
42756955034,67101088
42756955034,67101089
42756955034,67101090
42756955034,67101091
42756955034,67101092
42756955034,67101093
42756955034,67101094
42756955034,67101095
42756955034,67101096
42756955034,67101097
42756955034,67101098
42756955034,67101099
42756955034,67101100
42756955034,67101101
42756955034,67101102
42756955034,67101103
42756955034,67101104
42756955034,67101105
42756955034,67101106
42756955034,67101107
42756955034,67101108
42756955034,67101109
42756955034,67101110
42756955034,67101113
42756955034,67101114
42756955034,67101115
42756955034,67101116
42756955034,67101117
42756955034,67101118
42756955034,67101119
42756955034,67101120
42756955034,67101121
42756955034,67101122
42756955034,67101123
42756955034,67101124
42756955034,67101125
42756955034,67101126
42756955034,67101127
42756955034,67101128
42756955034,67101129
42756955034,67101130
42756955034,67101131
42756955034,67101132
42756955034,67101133
42756955034,67101134
42756955034,67101135
42756955034,67101136
42756955034,67101137
42756955034,67101138
42756955034,67101139
42756955034,67101140
42756955034,67101141
42756955034,67101142
42756955034,67101143
42756955034,67101144
42756955034,67101145
42756955034,67101146
42756955034,67101147
42756955034,67101148
42756955034,67101149
42756955034,67101150
42756955034,67101151
42756955034,67101152
42756955034,67101153
42756955034,67101154
42756955034,67101155
42756955034,67101156
42756955034,67101157
42756955034,67101158
42756955034,67101159
42756955034,67101160
42756955034,67101161
42756955034,67101162
42756955034,67101163
42756955034,67101164
42756955034,67101165
42756955034,67101166
42756955034,67101167
42756955034,67101168
42756955034,67101169
42756955034,67101170
42756955034,67101171
42756955034,67101172
42756955034,67101173
42756955034,67101174
42756955034,67101175
42756955034,67101176
42756955034,67101177
42756955034,67101178
42756955034,67101179
42756955034,67101180
42756955034,67101181
42756955034,67101182
42756955034,67101183
42756955034,67101184
42756955034,67101185
42756955034,67101186
42756955034,67101187
42756955034,67101188
42756955034,67101189
42756955034,67101190
42756955034,67101191
42756955034,67101192
42756955034,67101193
42756955034,67101194
42756955034,67101195
42756955034,67101196
42756955034,67101197
42756955034,67101198
42756955034,67101199
42756955034,67101200
42756955034,67101201
42756955034,67101202
42756955034,67101203
42756955034,67101204
42756955034,67101205
42756955034,67101206
42756955034,67101207
42756955034,67101208
42756955034,67101209
42756955034,67101210
42756955034,67101211
42756955034,67101212
42756955034,67101213
42756955034,67101214
42756955034,67101215
42756955034,67101216
42756955034,67101217
42756955034,67101218
42756955034,67101219
42756955034,67101220
42756955034,67101221
42756955034,67101222
42756955034,67101223
42756955034,67101224
42756955034,67101225
42756955034,67101226
42756955034,67101227
42756955034,67101228
42756955034,67101229
42756955034,67101230
42756955034,67101231
42756955034,67101232
42756955034,67101233
42756955034,67101234
42756955034,67101235
42756955034,67101236
42756955034,67101237
42756955034,67101238
42756955034,67101239
42756955034,67101240
42756955034,67101241
42756955034,67101242
42756955034,67101243
42756955034,67101244
42756955034,67101245
42756955034,67101246
42756955034,67101247
42756955034,67101248
42756955034,67101249
42756955034,67101250
42756955034,67101251
42756955034,67101253
42756955034,67101254
42756955034,67101255
42756955034,67101256
42756955034,67101257
42756955034,67101258
42756955034,67101259
42756955034,67101260
42756955034,67101261
42756955034,67101263
42756955034,67101264
42756955034,67101265
42756955034,67101266
42756955034,67101267
42756955034,67101268
42756955034,67101269
42756955034,67101270
42756955034,67101271
42756955034,67101272
42756955034,67101273
42756955034,67101274
42756955034,67101275
42756955034,67101276
42756955034,67101277
42756955034,67101278
42756955034,67101279
42756955034,67101280
42756955034,67101281
42756955034,67101282
42756955034,67101283
42756955034,67101284
42756955034,67101285
42756955034,67101286
42756955034,67101287
42756955034,67101288
42756955034,67101289
42756955034,67101290
42756955034,67101291
42756955034,67101292
42756955034,67101293
42756955034,67101294
42756955034,67101295
42756955034,67101296
42756955034,67101297
42756955034,67101298
42756955034,67101299
42756955034,67101300
42756955034,67101301
42756955034,67101302
42756955034,67101303
42756955034,67101304
42756955034,67101305
42756955034,67101306
42756955034,67101307
42756955034,67101308
42756955034,67101309
42756955034,67101310
42756955034,67101311
42756955034,67101312
42756955034,67101313
42756955034,67101314
42756955034,67101315
42756955034,67101316
42756955034,67101317
42756955034,67101319
42756955034,67101320
42756955034,67101321
42756955034,67101322
42756955034,67101323
42756955034,67101324
42756955034,67101325
42756955034,67101326
42756955034,67101327
42756955034,67101328
42756955034,67101329
42756955034,67101330
42756955034,67101331
42756955034,67101332
42756955034,67101333
42756955034,67101334
42756955034,67101335
42756955034,67101336
42756955034,67101337
42756955034,67101338
42756955034,67101339
42756955034,67101340
42756955034,67101341
42756955034,67101342
42756955034,67101343
42756955034,67101344
42756955034,67101345
42756955034,67101346
42756955034,67101347
42756955034,67101348
42756955034,67101350
42756955034,67101351
42756955034,67101352
42756955034,67101353
42756955034,67101354
42756955034,67101355
42756955034,67101357
42756955034,67101358
42756955034,67101359
42756955034,67101360
42756955034,67101361
42756955034,67101362
42756955034,67101363
42756955034,67101364
42756955034,67101365
42756955034,67101366
42756955034,67101367
42756955034,67101368
42756955034,67101369
42756955034,67101370
42756955034,67101371
42756955034,67101372
42756955034,67101373
42756955034,67101374
42756955034,67101375
42756955034,67101376
42756955034,67101377
42756955034,67101378
42756955034,67101379
42756955034,67101380
42756955034,67101381
42756955034,67101382
42756955034,67101383
42756955034,67101384
42756955034,67101386
42756955034,67101387
42756955034,67101388
42756955034,67101389
42756955034,67101390
42756955034,67101391
42756955034,67101392
42756955034,67101393
42756955034,67101394
42756955034,67101395
42756955034,67101396
42756955034,67101397
42756955034,67101398
42756955034,67101399
42756955034,67101400
42756955034,67101401
42756955034,67101402
42756955034,67101403
42756955034,67101404
42756955034,67101405
42756955034,67101406
42756955034,67101407
42756955034,67101408
42756955034,67101409
42756955034,67101410
42756955034,67101411
42756955034,67101412
42756955034,67101413
42756955034,67101414
42756955034,67101415
42756955034,67101416
42756955034,67101417
42756955034,67101418
42756955034,67101419
42756955034,67101420
42756955034,67101421
42756955034,67101422
42756955034,67101423
42756955034,67101424
42756955034,67101425
42756955034,67101426
42756955034,67101427
42756955034,67101428
42756955034,67101429
42756955034,67101430
42756955034,67102397
42756955034,67104627
42756955034,67104628
42756955034,67104630
42756955034,67104631
42756955034,67104632
42756955034,67104633
42756955034,67104634
42756955034,67104635
42756955034,67104636
42756955034,67104637
42756955034,67104638
42756955034,67104639
42756955034,67104642
42756955034,67104643
42756955034,67104644
42756955034,67104645
42756955034,67104646
42756955034,67104647
42756955034,67104648
42756955034,67104649
42756955034,67104650
42756955034,67104652
42756955034,67104653
42756955034,67104654
42756955034,67104655
42756955034,67104656
42756955034,67104657
42756955034,67104658
42756955034,67104659
42756955034,67104660
42756955034,67104661
42756955034,67104662
42756955034,67104663
42756955034,67104664
42756955034,67104665
42756955034,67104666
42756955034,67104667
42756955034,67104668
42756955034,67104669
42756955034,67104670
42756955034,67104955
42756955034,67104956
42756955034,67104957
42756955034,67104958
42756955034,67104959
42756955034,67104960
42756955034,67104961
42756955034,67104962
42756955034,67104963
42756955034,67104964
42756955034,67104966
42756955034,67104967
42756955034,67104969
42756955034,67104970
42756955034,67104971
42756955034,67104972
42756955034,67104973
42756955034,67104974
42756955034,67104975
42756955034,67104976
42756955034,67104977
42756955034,67104978
42756955034,67104979
42756955034,67104980
42756955034,67104981
42756955034,67104982
42756955034,67104983
42756955034,67104984
42756955034,67104985
42756955034,67104986
42756955034,67104987
42756955034,67104988
42756955034,67104989
42756955034,67104990
42756955034,67104991
42756955034,67104992
42756955034,67104993
42756955034,67104994
42756955034,67104995
42756955034,67104996
42756955034,67104997
42756955034,67104999
42756955034,67105000
42756955034,67105001
42756955034,67105002
42756955034,67105003
42756955034,67105004
42756955034,67105005
42756955034,67105006
42756955034,67105007
42756955034,67105008
42756955034,67105009
42756955034,67105010
42756955034,67105011
42756955034,67105012
42756955034,67105013
42756955034,67105014
42756955034,67105015
42756955034,67105016
42756955034,67105017
42756955034,67105018
42756955034,67105019
42756955034,67105020
42756955034,67105021
42756955034,67105022
42756955034,67105023
42756955034,67105025
42756955034,67105026
42756955034,67105028
42756955034,67105029
42756955034,67105030
42756955034,67105031
42756955034,67105032
42756955034,67105033
42756955034,67105034
42756955034,67105035
42756955034,67105036
42756955034,67105037
42756955034,67105038
42756955034,67105039
42756955034,67105040
42756955034,67105041
42756955034,67105042
42756955034,67105043
42756955034,67105044
42756955034,67105045
42756955034,67105046
42756955034,67105047
42756955034,67105048
42756955034,67105049
42756955034,67105050
42756955034,67105051
42756955034,67105052
42756955034,67105053
42756955034,67105054
42756955034,67105055
42756955034,67105056
42756955034,67105057
42756955034,67105058
42756955034,67105059
42756955034,67105060
42756955034,67105061
42756955034,67105062
42756955034,67105063
42756955034,67105064
42756955034,67105065
42756955034,67105066
42756955034,67105067
42756955034,67105068
42756955034,67105069
42756955034,67105070
42756955034,67105071
42756955034,67105072
42756955034,67105073
42756955034,67105074
42756955034,67105075
42756955034,67105076
42756955034,67105077
42756955034,67105078
42756955034,67105079
42756955034,67105080
42756955034,67105081
42756955034,67105082
42756955034,67105083
42756955034,67105084
42756955034,67105085
42756955034,67105086
42756955034,67105087
42756955034,67105088
42756955034,67105089
42756955034,67105090
42756955034,67105091
42756955034,67105092
42756955034,67105093
42756955034,67105094
42756955034,67105095
42756955034,67105096
42756955034,67105097
42756955034,67105098
42756955034,67105099
42756955034,67105100
42756955034,67105101
42756955034,67105102
42756955034,67105103
42756955034,67105104
42756955034,67105105
42756955034,67105107
42756955034,67105109
42756955034,67105110
42756955034,67105111
42756955034,67105112
42756955034,67105113
42756955034,67105114
42756955034,67105115
42756955034,67105116
42756955034,67105117
42756955034,67105118
42756955034,67105119
42756955034,67105120
42756955034,67105121
42756955034,67105122
42756955034,67105123
42756955034,67105124
42756955034,67105125
42756955034,67105126
42756955034,67105127
42756955034,67105128
42756955034,67105129
42756955034,67105130
42756955034,67105131
42756955034,67105132
42756955034,67105133
42756955034,67105134
42756955034,67105135
42756955034,67105136
42756955034,67105137
42756955034,67105138
42756955034,67105139
42756955034,67105140
42756955034,67105141
42756955034,67105142
42756955034,67105143
42756955034,67105144
42756955034,67105145
42756955034,67105146
42756955034,67105147
42756955034,67105148
42756955034,67105149
42756955034,67105150
42756955034,67105151
42756955034,67105152
42756955034,67105153
42756955034,67105154
42756955034,67105155
42756955034,67105156
42756955034,67105157
42756955034,67105158
42756955034,67105159
42756955034,67105160
42756955034,67105161
42756955034,67105162
42756955034,67105163
42756955034,67105164
42756955034,67105165
42756955034,67105166
42756955034,67105167
42756955034,67105168
42756955034,67105169
42756955034,67105170
42756955034,67105171
42756955034,67105172
42756955034,67105173
42756955034,67105174
42756955034,67105175
42756955034,67105176
42756955034,67105177
42756955034,67105178
42756955034,67105179
42756955034,67105180
42756955034,67105181
42756955034,67105182
42756955034,67105183
42756955034,67105184
42756955034,67105185
42756955034,67105186
42756955034,67105187
42756955034,67105188
42756955034,67105189
42756955034,67105191
42756955034,67105192
42756955034,67105193
42756955034,67105194
42756955034,67105195
42756955034,67105196
42756955034,67105197
42756955034,67105198
42756955034,67105199
42756955034,67105200
42756955034,67105201
42756955034,67105202
42756955034,67105203
42756955034,67105204
42756955034,67105205
42756955034,67105206
42756955034,67105207
42756955034,67105208
42756955034,67105209
42756955034,67105210
42756955034,67105211
42756955034,67105212
42756955034,67105213
42756955034,67105214
42756955034,67105215
42756955034,67105216
42756955034,67105217
42756955034,67105218
42756955034,67105219
42756955034,67105220
42756955034,67105221
42756955034,67105222
42756955034,67105223
42756955034,67105224
42756955034,67105225
42756955034,67105226
42756955034,67105227
42756955034,67105228
42756955034,67105229
42756955034,67105230
42756955034,67105231
42756955034,67105232
42756955034,67105233
42756955034,67105234
42756955034,67105235
42756955034,67105236
42756955034,67105237
42756955034,67105238
42756955034,67105239
42756955034,67105240
42756955034,67105241
42756955034,67105242
42756955034,67105243
42756955034,67105244
42756955034,67105245
42756955034,67105246
42756955034,67105247
42756955034,67105248
42756955034,67105249
42756955034,67105250
42756955034,67105251
42756955034,67105252
42756955034,67105253
42756955034,67105254
42756955034,67105255
42756955034,67105256
42756955034,67105258
42756955034,67105259
42756955034,67105260
42756955034,67105261
42756955034,67105262
42756955034,67105263
42756955034,67105264
42756955034,67105265
42756955034,67105266
42756955034,67105267
42756955034,67105268
42756955034,67105269
42756955034,67105270
42756955034,67105271
42756955034,67105272
42756955034,67105273
42756955034,67105274
42756955034,67105275
42756955034,67105276
42756955034,67105277
42756955034,67105278
42756955034,67105279
42756955034,67105280
42756955034,67105281
42756955034,67105282
42756955034,67105283
42756955034,67105284
42756955034,67105285
42756955034,67105286
42756955034,67105287
42756955034,67105288
42756955034,67105289
42756955034,67105290
42756955034,67105291
42756955034,67105292
42756955034,67105293
42756955034,67105294
42756955034,67105295
42756955034,67105296
42756955034,67105297
42756955034,67105298
42756955034,67105299
42756955034,67105300
42756955034,67105301
42756955034,67105302
42756955034,67105303
42756955034,67105304
42756955034,67105305
42756955034,67105306
42756955034,67105307
42756955034,67105308
42756955034,67105309
42756955034,67105310
42756955034,67105311
42756955034,67105312
42756955034,67105313
42756955034,67105314
42756955034,67105315
42756955034,67105316
42756955034,67105317
42756955034,67105318
42756955034,67105319
42756955034,67105320
42756955034,67105321
42756955034,67105322
42756955034,67105323
42756955034,67105324
42756955034,67105325
42756955034,67105326
42756955034,67105327
42756955034,67105328
42756955034,67105329
42756955034,67105330
42756955034,67105331
42756955034,67105332
42756955034,67105333
42756955034,67105334
42756955034,67105335
42756955034,67105336
42756955034,67105337
42756955034,67105338
42756955034,67105339
42756955034,67105340
42756955034,67105341
42756955034,67105342
42756955034,67105343
42756955034,67105345
42756955034,67105346
42756955034,67105347
42756955034,67105349
42756955034,67105350
42756955034,67105352
42756955034,67105353
42756955034,67105354
42756955034,67105355
42756955034,67105356
42756955034,67105357
42756955034,67105358
42756955034,67105359
42756955034,67105360
42756955034,67105361
42756955034,67105362
42756955034,67105363
42756955034,67105364
42756955034,67105365
42756955034,67105366
42756955034,67105367
42756955034,67105368
42756955034,67105369
42756955034,67105370
42756955034,67105371
42756955034,67105372
42756955034,67105373
42756955034,67105374
42756955034,67105375
42756955034,67105376
42756955034,67105377
42756955034,67105378
42756955034,67105379
42756955034,67105381
42756955034,67105382
42756955034,67105383
42756955034,67105384
42756955034,67105385
42756955034,67105386
42756955034,67105387
42756955034,67105388
42756955034,67105389
42756955034,67105390
42756955034,67105391
42756955034,67105392
42756955034,67105393
42756955034,67105394
42756955034,67105395
42756955034,67105396
42756955034,67105397
42756955034,67105398
42756955034,67105399
42756955034,67105400
42756955034,67105401
42756955034,67105402
42756955034,67105403
42756955034,67105404
42756955034,67105405
42756955034,67105406
42756955034,67105407
42756955034,67105408
42756955034,67105409
42756955034,67105410
42756955034,67105411
42756955034,67105412
42756955034,67105413
42756955034,67105414
42756955034,67105415
42756955034,67105416
42756955034,67105417
42756955034,67105418
42756955034,67105419
42756955034,67105420
42756955034,67105421
42756955034,67105422
42756955034,67105423
42756955034,67105424
42756955034,67105425
42756955034,67108622
42756955034,67108623
42756955034,67108625
42756955034,67108626
42756955034,67108627
42756955034,67108628
42756955034,67108629
42756955034,67108630
42756955034,67108631
42756955034,67108632
42756955034,67108633
42756955034,67108634
42756955034,67108637
42756955034,67108638
42756955034,67108639
42756955034,67108640
42756955034,67108641
42756955034,67108642
42756955034,67108643
42756955034,67108644
42756955034,67108645
42756955034,67108646
42756955034,67108648
42756955034,67108649
42756955034,67108650
42756955034,67108651
42756955034,67108652
42756955034,67108653
42756955034,67108654
42756955034,67108655
42756955034,67108656
42756955034,67108657
42756955034,67108658
42756955034,67108659
42756955034,67108660
42756955034,67108661
42756955034,67108662
42756955034,67108664
42756955034,67108665
42756955034,67108667
42756955034,67108761
42756955034,67108764
42756955034,67108765
42756955034,67108768
42756955034,67108769
42756955034,67108771
42756955034,67108773
42756955034,67108774
42756955034,67108775
42756955034,67108779
42756955034,67108780
42756955034,67108781
42756955034,67108782
42756955034,67108785
42756955034,67108786
42756955034,67108787
42756955034,67108788
42756955034,67108789
42756955034,67108790
42756955034,67108791
42756955034,67108793
84134653454,67099281
84134653454,67100018
84134653454,67100019
84134653454,67103037
84134653454,67103038
84134653454,67103039
84134653454,67103040
84134653454,67103041
84134653454,67103042
84134653454,67103043
84134653454,67103044
84134653454,67103045
84134653454,67103046
84134653454,67103047
84134653454,67103048
84134653454,67103049
84134653454,67103050
84134653454,67103051
84134653454,67103052
84134653454,67103053
84134653454,67103054
84134653454,67103055
84134653454,67103056
84134653454,67103057
84134653454,67103058
84134653454,67103059
84134653454,67103060
84134653454,67103061
84134653454,67103062
84134653454,67103063
84134653454,67103064
84134653454,67103065
84134653454,67103066
84134653454,67103067
84134653454,67103068
84134653454,67103069
84134653454,67103070
84134653454,67103071
84134653454,67103072
84134653454,67103073
84134653454,67103074
84134653454,67103075
84134653454,67103076
84134653454,67103077
84134653454,67103078
84134653454,67103079
84134653454,67103080
84134653454,67103081
84134653454,67103082
84134653454,67103083
84134653454,67103084
84134653454,67103085
84134653454,67103086
84134653454,67103087
84134653454,67103088
84134653454,67103089
84134653454,67103090
84134653454,67103091
84134653454,67103092
84134653454,67103093
84134653454,67103094
84134653454,67103095
84134653454,67103096
84134653454,67103097
84134653454,67103098
84134653454,67103099
84134653454,67103100
84134653454,67103101
84134653454,67103102
84134653454,67103103
84134653454,67103104
84134653454,67103105
84134653454,67103106
84134653454,67103107
84134653454,67103108
84134653454,67103109
84134653454,67103110
84134653454,67103111
84134653454,67103112
84134653454,67103113
84134653454,67103114
84134653454,67103115
84134653454,67103116
84134653454,67103117
84134653454,67103118
84134653454,67103119
84134653454,67103120
84134653454,67103121
84134653454,67103122
84134653454,67103123
84134653454,67103124
84134653454,67103125
84134653454,67103126
84134653454,67103127
84134653454,67103128
84134653454,67103129
84134653454,67103130
84134653454,67103131
84134653454,67103132
84134653454,67103133
84134653454,67103134
84134653454,67103135
84134653454,67103136
84134653454,67103137
84134653454,67103138
84134653454,67103139
84134653454,67103140
84134653454,67103141
84134653454,67103142
84134653454,67103143
84134653454,67103144
84134653454,67103145
84134653454,67103146
84134653454,67103147
84134653454,67103148
84134653454,67103149
84134653454,67103150
84134653454,67103151
84134653454,67103152
84134653454,67103153
84134653454,67103154
84134653454,67103155
84134653454,67103156
84134653454,67103157
84134653454,67103158
84134653454,67103159
84134653454,67103160
84134653454,67103161
84134653454,67103162
84134653454,67103163
84134653454,67103164
84134653454,67103165
84134653454,67103166
84134653454,67103167
84134653454,67103168
84134653454,67103169
84134653454,67103170
84134653454,67103171
84134653454,67103172
84134653454,67103173
84134653454,67103174
84134653454,67103175
84134653454,67103176
84134653454,67103177
84134653454,67103178
84134653454,67103179
84134653454,67103180
84134653454,67103181
84134653454,67103182
84134653454,67103183
84134653454,67103184
84134653454,67103185
84134653454,67103186
84134653454,67103187
84134653454,67103188
84134653454,67103189
84134653454,67103190
84134653454,67103191
84134653454,67103192
84134653454,67103193
84134653454,67103194
84134653454,67103195
84134653454,67103196
84134653454,67103197
84134653454,67103198
84134653454,67103199
84134653454,67103200
84134653454,67103201
84134653454,67103202
84134653454,67103203
84134653454,67103204
84134653454,67103205
84134653454,67103206
84134653454,67103207
84134653454,67103208
84134653454,67103209
84134653454,67103210
84134653454,67103211
84134653454,67103212
84134653454,67103213
84134653454,67103214
84134653454,67103215
84134653454,67103216
84134653454,67103217
84134653454,67103218
84134653454,67103219
84134653454,67103220
84134653454,67103221
84134653454,67103222
84134653454,67103223
84134653454,67103224
84134653454,67103225
84134653454,67103226
84134653454,67103227
84134653454,67103228
84134653454,67103229
84134653454,67103230
84134653454,67103231
84134653454,67103232
84134653454,67103233
84134653454,67103234
84134653454,67103235
84134653454,67103236
84134653454,67103237
84134653454,67103238
84134653454,67103239
84134653454,67103240
84134653454,67103241
84134653454,67103242
84134653454,67103243
84134653454,67103244
84134653454,67103245
84134653454,67103246
84134653454,67103247
84134653454,67103248
84134653454,67103249
84134653454,67103250
84134653454,67103251
84134653454,67103252
84134653454,67103253
84134653454,67103254
84134653454,67103255
84134653454,67103256
84134653454,67103257
84134653454,67103258
84134653454,67103259
84134653454,67103260
84134653454,67103261
84134653454,67103262
84134653454,67103263
84134653454,67103264
84134653454,67103265
84134653454,67103266
84134653454,67103267
84134653454,67103268
84134653454,67103269
84134653454,67103270
84134653454,67103271
84134653454,67103272
84134653454,67103273
84134653454,67103274
84134653454,67103275
84134653454,67103276
84134653454,67103277
84134653454,67103278
84134653454,67103279
84134653454,67103280
84134653454,67103281
84134653454,67103282
84134653454,67103283
84134653454,67103284
84134653454,67103285
84134653454,67103286
84134653454,67103287
84134653454,67103288
84134653454,67103289
84134653454,67103290
84134653454,67103291
84134653454,67103292
84134653454,67103293
84134653454,67103294
84134653454,67103295
84134653454,67103296
84134653454,67103297
84134653454,67103298
84134653454,67103299
84134653454,67103300
84134653454,67103301
84134653454,67103302
84134653454,67103303
84134653454,67103304
84134653454,67103305
84134653454,67103306
84134653454,67103307
84134653454,67103308
84134653454,67103309
84134653454,67103310
84134653454,67103311
84134653454,67103312
84134653454,67103313
84134653454,67103314
84134653454,67103315
84134653454,67103316
84134653454,67103317
84134653454,67103318
84134653454,67103319
84134653454,67103320
84134653454,67103321
84134653454,67103322
84134653454,67103323
84134653454,67103324
84134653454,67103325
84134653454,67103326
84134653454,67103327
84134653454,67103328
84134653454,67103329
84134653454,67103330
84134653454,67103331
84134653454,67103332
84134653454,67103333
84134653454,67103334
84134653454,67103335
84134653454,67103336
84134653454,67103337
84134653454,67103338
84134653454,67103339
84134653454,67103340
84134653454,67103341
84134653454,67103342
84134653454,67103343
84134653454,67103344
84134653454,67103345
84134653454,67103346
84134653454,67103347
84134653454,67103348
84134653454,67103349
84134653454,67103350
84134653454,67103351
84134653454,67103352
84134653454,67103353
84134653454,67103354
84134653454,67103355
84134653454,67103356
84134653454,67103357
84134653454,67103358
84134653454,67103359
84134653454,67103360
84134653454,67103361
84134653454,67103362
84134653454,67103363
84134653454,67103364
84134653454,67103365
84134653454,67103366
84134653454,67103367
84134653454,67103368
84134653454,67103369
84134653454,67103370
84134653454,67103371
84134653454,67103372
84134653454,67107031
84134653454,67107033
84134653454,67107034
84134653454,67107035
84134653454,67107036
84134653454,67107037
84134653454,67107038
84134653454,67107039
84134653454,67107040
84134653454,67107041
84134653454,67107042
84134653454,67107043
84134653454,67107044
84134653454,67107045
84134653454,67107046
84134653454,67107047
84134653454,67107048
84134653454,67107049
84134653454,67107050
84134653454,67107051
84134653454,67107052
84134653454,67107053
84134653454,67107054
84134653454,67107055
84134653454,67107056
84134653454,67107057
84134653454,67107058
84134653454,67107059
84134653454,67107060
84134653454,67107061
84134653454,67107062
84134653454,67107063
84134653454,67107064
84134653454,67107065
84134653454,67107066
84134653454,67107067
84134653454,67107068
84134653454,67107069
84134653454,67107070
84134653454,67107071
84134653454,67107072
84134653454,67107073
84134653454,67107074
84134653454,67107075
84134653454,67107076
84134653454,67107077
84134653454,67107078
84134653454,67107079
84134653454,67107080
84134653454,67107081
84134653454,67107082
84134653454,67107083
84134653454,67107084
84134653454,67107085
84134653454,67107086
84134653454,67107087
84134653454,67107088
84134653454,67107089
84134653454,67107090
84134653454,67107091
84134653454,67107092
84134653454,67107093
84134653454,67107094
84134653454,67107095
84134653454,67107096
84134653454,67107097
84134653454,67107098
84134653454,67107099
84134653454,67107100
84134653454,67107101
84134653454,67107102
84134653454,67107103
84134653454,67107104
84134653454,67107105
84134653454,67107106
84134653454,67107107
84134653454,67107108
84134653454,67107109
84134653454,67107110
84134653454,67107111
84134653454,67107112
84134653454,67107113
84134653454,67107114
84134653454,67107115
84134653454,67107116
84134653454,67107117
84134653454,67107118
84134653454,67107119
84134653454,67107120
84134653454,67107121
84134653454,67107122
84134653454,67107123
84134653454,67107124
84134653454,67107125
84134653454,67107126
84134653454,67107127
84134653454,67107128
84134653454,67107129
84134653454,67107130
84134653454,67107131
84134653454,67107132
84134653454,67107133
84134653454,67107134
84134653454,67107135
84134653454,67107136
84134653454,67107137
84134653454,67107138
84134653454,67107139
84134653454,67107140
84134653454,67107141
84134653454,67107142
84134653454,67107143
84134653454,67107144
84134653454,67107145
84134653454,67107146
84134653454,67107147
84134653454,67107148
84134653454,67107149
84134653454,67107150
84134653454,67107151
84134653454,67107152
84134653454,67107153
84134653454,67107154
84134653454,67107155
84134653454,67107156
84134653454,67107157
84134653454,67107158
84134653454,67107159
84134653454,67107160
84134653454,67107161
84134653454,67107162
84134653454,67107163
84134653454,67107164
84134653454,67107165
84134653454,67107166
84134653454,67107167
84134653454,67107168
84134653454,67107169
84134653454,67107170
84134653454,67107171
84134653454,67107172
84134653454,67107173
84134653454,67107174
84134653454,67107175
84134653454,67107176
84134653454,67107177
84134653454,67107178
84134653454,67107179
84134653454,67107180
84134653454,67107181
84134653454,67107182
84134653454,67107183
84134653454,67107184
84134653454,67107185
84134653454,67107186
84134653454,67107187
84134653454,67107188
84134653454,67107189
84134653454,67107190
84134653454,67107191
84134653454,67107192
84134653454,67107193
84134653454,67107194
84134653454,67107195
84134653454,67107196
84134653454,67107197
84134653454,67107198
84134653454,67107199
84134653454,67107200
84134653454,67107201
84134653454,67107202
84134653454,67107203
84134653454,67107204
84134653454,67107205
84134653454,67107206
84134653454,67107207
84134653454,67107208
84134653454,67107209
84134653454,67107210
84134653454,67107211
84134653454,67107212
84134653454,67107213
84134653454,67107214
84134653454,67107215
84134653454,67107216
84134653454,67107217
84134653454,67107218
84134653454,67107219
84134653454,67107220
84134653454,67107221
84134653454,67107222
84134653454,67107223
84134653454,67107224
84134653454,67107225
84134653454,67107226
84134653454,67107227
84134653454,67107228
84134653454,67107229
84134653454,67107230
84134653454,67107231
84134653454,67107232
84134653454,67107233
84134653454,67107234
84134653454,67107235
84134653454,67107236
84134653454,67107237
84134653454,67107238
84134653454,67107239
84134653454,67107240
84134653454,67107241
84134653454,67107242
84134653454,67107243
84134653454,67107244
84134653454,67107245
84134653454,67107246
84134653454,67107247
84134653454,67107248
84134653454,67107249
84134653454,67107250
84134653454,67107251
84134653454,67107252
84134653454,67107253
84134653454,67107254
84134653454,67107255
84134653454,67107256
84134653454,67107257
84134653454,67107258
84134653454,67107259
84134653454,67107260
84134653454,67107261
84134653454,67107262
84134653454,67107263
84134653454,67107264
84134653454,67107265
84134653454,67107266
84134653454,67107267
84134653454,67107268
84134653454,67107269
84134653454,67107270
84134653454,67107271
84134653454,67107272
84134653454,67107273
84134653454,67107274
84134653454,67107275
84134653454,67107276
84134653454,67107277
84134653454,67107278
84134653454,67107279
84134653454,67107280
84134653454,67107281
84134653454,67107282
84134653454,67107283
84134653454,67107284
84134653454,67107285
84134653454,67107286
84134653454,67107287
84134653454,67107288
84134653454,67107289
84134653454,67107290
84134653454,67107291
84134653454,67107292
84134653454,67107293
84134653454,67107294
84134653454,67107295
84134653454,67107296
84134653454,67107297
84134653454,67107298
84134653454,67107299
84134653454,67107300
84134653454,67107301
84134653454,67107302
84134653454,67107303
84134653454,67107304
84134653454,67107305
84134653454,67107306
84134653454,67107307
84134653454,67107308
84134653454,67107309
84134653454,67107310
84134653454,67107311
84134653454,67107312
84134653454,67107313
84134653454,67107314
84134653454,67107315
84134653454,67107316
84134653454,67107317
84134653454,67107318
84134653454,67107319
84134653454,67107320
84134653454,67107321
84134653454,67107322
84134653454,67107323
84134653454,67107324
84134653454,67107325
84134653454,67107326
84134653454,67107327
84134653454,67107328
84134653454,67107329
84134653454,67107330
84134653454,67107331
84134653454,67107332
84134653454,67107333
84134653454,67107334
84134653454,67107335
84134653454,67107336
84134653454,67107337
84134653454,67107338
84134653454,67107339
84134653454,67107340
84134653454,67107341
84134653454,67107342
84134653454,67107343
84134653454,67107344
84134653454,67107345
84134653454,67107346
84134653454,67107347
84134653454,67107348
84134653454,67107349
84134653454,67107350
84134653454,67107351
84134653454,67107352
84134653454,67107353
84134653454,67107354
84134653454,67107355
84134653454,67107356
84134653454,67107357
84134653454,67107358
84134653454,67107359
84134653454,67107360
84134653454,67107361
84134653454,67107362
84134653454,67107363
84134653454,67107364
84134653454,67107365
84134653454,67107366
84134653454,67107367
84134653454,67108668
125512351874,67099301
125512351874,67100027
125512351874,67101875
125512351874,67101901
125512351874,67101902
125512351874,67101903
125512351874,67101904
125512351874,67101905
125512351874,67101906
125512351874,67101907
125512351874,67101908
125512351874,67101909
125512351874,67101910
125512351874,67101911
125512351874,67101912
125512351874,67101913
125512351874,67101914
125512351874,67101915
125512351874,67101916
125512351874,67101917
125512351874,67101918
125512351874,67101919
125512351874,67101920
125512351874,67101921
125512351874,67101922
125512351874,67101924
125512351874,67101925
125512351874,67101926
125512351874,67101927
125512351874,67101928
125512351874,67101929
125512351874,67101930
125512351874,67101931
125512351874,67101932
125512351874,67101933
125512351874,67101934
125512351874,67101935
125512351874,67101936
125512351874,67101937
125512351874,67101938
125512351874,67101939
125512351874,67101940
125512351874,67101941
125512351874,67101942
125512351874,67101943
125512351874,67101944
125512351874,67101945
125512351874,67101946
125512351874,67101947
125512351874,67101948
125512351874,67101949
125512351874,67101950
125512351874,67101951
125512351874,67101952
125512351874,67101953
125512351874,67101954
125512351874,67101955
125512351874,67101956
125512351874,67101957
125512351874,67101958
125512351874,67101959
125512351874,67101960
125512351874,67101961
125512351874,67101962
125512351874,67101963
125512351874,67101964
125512351874,67101965
125512351874,67101966
125512351874,67101967
125512351874,67101968
125512351874,67101969
125512351874,67101970
125512351874,67101971
125512351874,67101972
125512351874,67101973
125512351874,67101974
125512351874,67101975
125512351874,67101976
125512351874,67101977
125512351874,67101978
125512351874,67101979
125512351874,67101980
125512351874,67101982
125512351874,67101983
125512351874,67101984
125512351874,67101985
125512351874,67101986
125512351874,67101987
125512351874,67101988
125512351874,67101989
125512351874,67101990
125512351874,67101991
125512351874,67101992
125512351874,67101993
125512351874,67101994
125512351874,67101995
125512351874,67101996
125512351874,67101997
125512351874,67101998
125512351874,67101999
125512351874,67102001
125512351874,67102002
125512351874,67102003
125512351874,67102004
125512351874,67102005
125512351874,67102006
125512351874,67102007
125512351874,67102008
125512351874,67102009
125512351874,67102010
125512351874,67102011
125512351874,67102012
125512351874,67102013
125512351874,67102014
125512351874,67102015
125512351874,67102016
125512351874,67102017
125512351874,67102018
125512351874,67102019
125512351874,67102020
125512351874,67102021
125512351874,67102022
125512351874,67102023
125512351874,67102024
125512351874,67102025
125512351874,67102026
125512351874,67102027
125512351874,67102028
125512351874,67102029
125512351874,67102030
125512351874,67102031
125512351874,67102032
125512351874,67102033
125512351874,67102034
125512351874,67102035
125512351874,67102036
125512351874,67102037
125512351874,67102038
125512351874,67102039
125512351874,67102040
125512351874,67102041
125512351874,67102042
125512351874,67102043
125512351874,67102044
125512351874,67102045
125512351874,67102046
125512351874,67102047
125512351874,67102048
125512351874,67102049
125512351874,67102050
125512351874,67102051
125512351874,67102052
125512351874,67102053
125512351874,67102054
125512351874,67102055
125512351874,67102056
125512351874,67102057
125512351874,67102058
125512351874,67102059
125512351874,67102060
125512351874,67102061
125512351874,67102062
125512351874,67102063
125512351874,67102064
125512351874,67102065
125512351874,67102066
125512351874,67102067
125512351874,67102068
125512351874,67102069
125512351874,67102070
125512351874,67102071
125512351874,67102072
125512351874,67102073
125512351874,67102074
125512351874,67102075
125512351874,67102076
125512351874,67102077
125512351874,67102078
125512351874,67102079
125512351874,67102080
125512351874,67102081
125512351874,67102082
125512351874,67102083
125512351874,67102084
125512351874,67102085
125512351874,67102086
125512351874,67102087
125512351874,67102088
125512351874,67102089
125512351874,67102090
125512351874,67102091
125512351874,67102092
125512351874,67102093
125512351874,67102094
125512351874,67102095
125512351874,67102096
125512351874,67102097
125512351874,67102098
125512351874,67102099
125512351874,67102100
125512351874,67102101
125512351874,67102102
125512351874,67102103
125512351874,67102104
125512351874,67102105
125512351874,67102106
125512351874,67102107
125512351874,67102108
125512351874,67102109
125512351874,67102110
125512351874,67102111
125512351874,67102112
125512351874,67102113
125512351874,67102115
125512351874,67102116
125512351874,67102117
125512351874,67102118
125512351874,67102119
125512351874,67102120
125512351874,67102121
125512351874,67102122
125512351874,67102123
125512351874,67102124
125512351874,67102125
125512351874,67102126
125512351874,67102127
125512351874,67102128
125512351874,67102129
125512351874,67102130
125512351874,67102131
125512351874,67102132
125512351874,67102133
125512351874,67102134
125512351874,67102135
125512351874,67102136
125512351874,67102137
125512351874,67102138
125512351874,67102139
125512351874,67102140
125512351874,67102141
125512351874,67102142
125512351874,67102143
125512351874,67102144
125512351874,67102145
125512351874,67102146
125512351874,67102147
125512351874,67102148
125512351874,67102149
125512351874,67102150
125512351874,67102151
125512351874,67102152
125512351874,67102153
125512351874,67102154
125512351874,67102155
125512351874,67102156
125512351874,67102157
125512351874,67102158
125512351874,67102159
125512351874,67102160
125512351874,67102161
125512351874,67102162
125512351874,67102163
125512351874,67102164
125512351874,67102165
125512351874,67102166
125512351874,67102167
125512351874,67102168
125512351874,67102169
125512351874,67102170
125512351874,67102171
125512351874,67102172
125512351874,67102173
125512351874,67102174
125512351874,67102175
125512351874,67102176
125512351874,67102177
125512351874,67102178
125512351874,67102179
125512351874,67102180
125512351874,67102181
125512351874,67102182
125512351874,67102183
125512351874,67102184
125512351874,67102185
125512351874,67102186
125512351874,67102187
125512351874,67102188
125512351874,67102189
125512351874,67102190
125512351874,67102191
125512351874,67102192
125512351874,67102193
125512351874,67102194
125512351874,67102195
125512351874,67102196
125512351874,67102197
125512351874,67102198
125512351874,67102199
125512351874,67102200
125512351874,67102201
125512351874,67102202
125512351874,67102203
125512351874,67102204
125512351874,67102205
125512351874,67102206
125512351874,67102207
125512351874,67102208
125512351874,67102209
125512351874,67102210
125512351874,67102211
125512351874,67102212
125512351874,67102213
125512351874,67102214
125512351874,67102215
125512351874,67102216
125512351874,67102218
125512351874,67102219
125512351874,67102220
125512351874,67102221
125512351874,67102222
125512351874,67102223
125512351874,67102224
125512351874,67102225
125512351874,67102226
125512351874,67102227
125512351874,67102228
125512351874,67102229
125512351874,67102230
125512351874,67102231
125512351874,67102232
125512351874,67102233
125512351874,67102234
125512351874,67102235
125512351874,67102236
125512351874,67102237
125512351874,67102238
125512351874,67102239
125512351874,67102240
125512351874,67102241
125512351874,67102242
125512351874,67102243
125512351874,67102244
125512351874,67102245
125512351874,67102246
125512351874,67102247
125512351874,67102248
125512351874,67102249
125512351874,67102250
125512351874,67102251
125512351874,67102252
125512351874,67102253
125512351874,67102254
125512351874,67102255
125512351874,67102256
125512351874,67102257
125512351874,67102258
125512351874,67102259
125512351874,67102260
125512351874,67102261
125512351874,67102263
125512351874,67102264
125512351874,67102265
125512351874,67102266
125512351874,67102267
125512351874,67102268
125512351874,67102269
125512351874,67102270
125512351874,67102271
125512351874,67102272
125512351874,67102273
125512351874,67102274
125512351874,67102275
125512351874,67102276
125512351874,67102277
125512351874,67102278
125512351874,67102279
125512351874,67102280
125512351874,67102281
125512351874,67102282
125512351874,67102283
125512351874,67102284
125512351874,67102285
125512351874,67102286
125512351874,67102287
125512351874,67102288
125512351874,67102289
125512351874,67102290
125512351874,67102291
125512351874,67102292
125512351874,67102293
125512351874,67102294
125512351874,67102295
125512351874,67102296
125512351874,67102297
125512351874,67102298
125512351874,67102299
125512351874,67102300
125512351874,67102301
125512351874,67102302
125512351874,67102303
125512351874,67102304
125512351874,67102305
125512351874,67102306
125512351874,67102307
125512351874,67102308
125512351874,67102309
125512351874,67102310
125512351874,67102311
125512351874,67102312
125512351874,67102313
125512351874,67102314
125512351874,67102315
125512351874,67102316
125512351874,67102317
125512351874,67102318
125512351874,67105896
125512351874,67105897
125512351874,67105898
125512351874,67105899
125512351874,67105900
125512351874,67105901
125512351874,67105902
125512351874,67105903
125512351874,67105905
125512351874,67105906
125512351874,67105907
125512351874,67105908
125512351874,67105909
125512351874,67105910
125512351874,67105911
125512351874,67105912
125512351874,67105913
125512351874,67105914
125512351874,67105915
125512351874,67105916
125512351874,67105917
125512351874,67105918
125512351874,67105919
125512351874,67105920
125512351874,67105921
125512351874,67105922
125512351874,67105923
125512351874,67105924
125512351874,67105925
125512351874,67105926
125512351874,67105927
125512351874,67105928
125512351874,67105929
125512351874,67105930
125512351874,67105931
125512351874,67105932
125512351874,67105933
125512351874,67105934
125512351874,67105935
125512351874,67105936
125512351874,67105937
125512351874,67105938
125512351874,67105940
125512351874,67105941
125512351874,67105942
125512351874,67105943
125512351874,67105944
125512351874,67105945
125512351874,67105946
125512351874,67105947
125512351874,67105948
125512351874,67105949
125512351874,67105950
125512351874,67105951
125512351874,67105952
125512351874,67105953
125512351874,67105954
125512351874,67105955
125512351874,67105956
125512351874,67105957
125512351874,67105958
125512351874,67105959
125512351874,67105960
125512351874,67105961
125512351874,67105962
125512351874,67105963
125512351874,67105964
125512351874,67105965
125512351874,67105966
125512351874,67105967
125512351874,67105968
125512351874,67105969
125512351874,67105970
125512351874,67105971
125512351874,67105972
125512351874,67105973
125512351874,67105974
125512351874,67105975
125512351874,67105977
125512351874,67105978
125512351874,67105979
125512351874,67105980
125512351874,67105981
125512351874,67105982
125512351874,67105983
125512351874,67105984
125512351874,67105985
125512351874,67105986
125512351874,67105987
125512351874,67105988
125512351874,67105989
125512351874,67105990
125512351874,67105991
125512351874,67105992
125512351874,67105993
125512351874,67105994
125512351874,67105995
125512351874,67105996
125512351874,67105997
125512351874,67105998
125512351874,67105999
125512351874,67106000
125512351874,67106001
125512351874,67106002
125512351874,67106003
125512351874,67106004
125512351874,67106005
125512351874,67106006
125512351874,67106007
125512351874,67106008
125512351874,67106009
125512351874,67106010
125512351874,67106011
125512351874,67106012
125512351874,67106013
125512351874,67106014
125512351874,67106015
125512351874,67106016
125512351874,67106017
125512351874,67106018
125512351874,67106019
125512351874,67106020
125512351874,67106021
125512351874,67106022
125512351874,67106023
125512351874,67106024
125512351874,67106025
125512351874,67106026
125512351874,67106027
125512351874,67106028
125512351874,67106029
125512351874,67106030
125512351874,67106031
125512351874,67106032
125512351874,67106033
125512351874,67106034
125512351874,67106035
125512351874,67106036
125512351874,67106037
125512351874,67106038
125512351874,67106039
125512351874,67106040
125512351874,67106041
125512351874,67106042
125512351874,67106043
125512351874,67106044
125512351874,67106045
125512351874,67106046
125512351874,67106047
125512351874,67106048
125512351874,67106049
125512351874,67106050
125512351874,67106051
125512351874,67106052
125512351874,67106053
125512351874,67106054
125512351874,67106055
125512351874,67106056
125512351874,67106057
125512351874,67106058
125512351874,67106059
125512351874,67106060
125512351874,67106061
125512351874,67106062
125512351874,67106063
125512351874,67106064
125512351874,67106065
125512351874,67106066
125512351874,67106067
125512351874,67106068
125512351874,67106069
125512351874,67106070
125512351874,67106071
125512351874,67106072
125512351874,67106073
125512351874,67106074
125512351874,67106075
125512351874,67106076
125512351874,67106077
125512351874,67106078
125512351874,67106079
125512351874,67106080
125512351874,67106081
125512351874,67106082
125512351874,67106083
125512351874,67106084
125512351874,67106085
125512351874,67106086
125512351874,67106087
125512351874,67106088
125512351874,67106089
125512351874,67106090
125512351874,67106091
125512351874,67106092
125512351874,67106093
125512351874,67106094
125512351874,67106095
125512351874,67106096
125512351874,67106097
125512351874,67106098
125512351874,67106099
125512351874,67106100
125512351874,67106101
125512351874,67106102
125512351874,67106103
125512351874,67106104
125512351874,67106105
125512351874,67106106
125512351874,67106107
125512351874,67106108
125512351874,67106110
125512351874,67106111
125512351874,67106112
125512351874,67106113
125512351874,67106114
125512351874,67106115
125512351874,67106116
125512351874,67106117
125512351874,67106118
125512351874,67106119
125512351874,67106120
125512351874,67106121
125512351874,67106122
125512351874,67106123
125512351874,67106124
125512351874,67106125
125512351874,67106126
125512351874,67106127
125512351874,67106128
125512351874,67106129
125512351874,67106130
125512351874,67106131
125512351874,67106132
125512351874,67106133
125512351874,67106134
125512351874,67106135
125512351874,67106136
125512351874,67106137
125512351874,67106138
125512351874,67106139
125512351874,67106140
125512351874,67106141
125512351874,67106142
125512351874,67106143
125512351874,67106144
125512351874,67106145
125512351874,67106146
125512351874,67106147
125512351874,67106148
125512351874,67106149
125512351874,67106150
125512351874,67106151
125512351874,67106152
125512351874,67106153
125512351874,67106154
125512351874,67106155
125512351874,67106156
125512351874,67106157
125512351874,67106158
125512351874,67106159
125512351874,67106160
125512351874,67106161
125512351874,67106162
125512351874,67106163
125512351874,67106164
125512351874,67106165
125512351874,67106166
125512351874,67106167
125512351874,67106168
125512351874,67106170
125512351874,67106171
125512351874,67106172
125512351874,67106173
125512351874,67106174
125512351874,67106175
125512351874,67106176
125512351874,67106177
125512351874,67106178
125512351874,67106179
125512351874,67106180
125512351874,67106181
125512351874,67106182
125512351874,67106183
125512351874,67106184
125512351874,67106185
125512351874,67106186
125512351874,67106187
125512351874,67106188
125512351874,67106189
125512351874,67106190
125512351874,67106191
125512351874,67106192
125512351874,67106193
125512351874,67106194
125512351874,67106195
125512351874,67106196
125512351874,67106197
125512351874,67106198
125512351874,67106199
125512351874,67106200
125512351874,67106201
125512351874,67106202
125512351874,67106203
125512351874,67106204
125512351874,67106205
125512351874,67106206
125512351874,67106207
125512351874,67106208
125512351874,67106209
125512351874,67106210
125512351874,67106211
125512351874,67106213
125512351874,67106214
125512351874,67106215
125512351874,67106216
125512351874,67106217
125512351874,67106218
125512351874,67106219
125512351874,67106220
125512351874,67106221
125512351874,67106222
125512351874,67106223
125512351874,67106224
125512351874,67106225
125512351874,67106226
125512351874,67106227
125512351874,67106228
125512351874,67106229
125512351874,67106230
125512351874,67106231
125512351874,67106232
125512351874,67106233
125512351874,67106234
125512351874,67106235
125512351874,67106236
125512351874,67106237
125512351874,67106238
125512351874,67106239
125512351874,67106240
125512351874,67106241
125512351874,67106242
125512351874,67106243
125512351874,67106244
125512351874,67106245
125512351874,67106246
125512351874,67106247
125512351874,67106248
125512351874,67106249
125512351874,67106250
125512351874,67106251
125512351874,67106252
125512351874,67106253
125512351874,67106254
125512351874,67106255
125512351874,67106256
125512351874,67106257
125512351874,67106258
125512351874,67106259
125512351874,67106260
125512351874,67106261
125512351874,67106262
125512351874,67106263
125512351874,67106264
125512351874,67106266
125512351874,67106267
125512351874,67106268
125512351874,67106269
125512351874,67106270
125512351874,67106271
125512351874,67106272
125512351874,67106273
125512351874,67106274
125512351874,67106275
125512351874,67106276
125512351874,67106277
125512351874,67106278
125512351874,67106279
125512351874,67106280
125512351874,67106281
125512351874,67106282
125512351874,67106283
125512351874,67106284
125512351874,67106285
125512351874,67106286
125512351874,67106287
125512351874,67106288
125512351874,67106289
125512351874,67106290
125512351874,67106291
125512351874,67106292
125512351874,67106293
125512351874,67106294
125512351874,67106295
125512351874,67106296
125512351874,67106297
125512351874,67106298
125512351874,67106299
125512351874,67106300
125512351874,67106301
125512351874,67106303
125512351874,67106304
125512351874,67106305
125512351874,67106306
125512351874,67106307
125512351874,67106308
125512351874,67106309
125512351874,67106310
125512351874,67106311
125512351874,67106312
125512351874,67106313
166890050294,131247
166890050294,131248
166890050294,131250
166890050294,131251
166890050294,131252
166890050294,131254
166890050294,131255
166890050294,131256
166890050294,131258
166890050294,131259
166890050294,131260
166890050294,131261
166890050294,67100970
166890050294,67100994
166890050294,67101029
166890050294,67101112
166890050294,67101252
166890050294,67101349
166890050294,67101431
166890050294,67101433
166890050294,67101434
166890050294,67101435
166890050294,67101436
166890050294,67101437
166890050294,67101438
166890050294,67101439
166890050294,67101440
166890050294,67101442
166890050294,67101443
166890050294,67101444
166890050294,67101446
166890050294,67101447
166890050294,67101448
166890050294,67101449
166890050294,67101450
166890050294,67101451
166890050294,67101455
166890050294,67101457
166890050294,67101458
166890050294,67101462
166890050294,67101463
166890050294,67101464
166890050294,67101469
166890050294,67101471
166890050294,67101472
166890050294,67101473
166890050294,67101474
166890050294,67101478
166890050294,67101480
166890050294,67101481
166890050294,67101482
166890050294,67101483
166890050294,67101485
166890050294,67101486
166890050294,67101487
166890050294,67101489
166890050294,67101490
166890050294,67101491
166890050294,67101493
166890050294,67101495
166890050294,67101496
166890050294,67101497
166890050294,67101498
166890050294,67101500
166890050294,67101501
166890050294,67101502
166890050294,67101503
166890050294,67101504
166890050294,67101505
166890050294,67101506
166890050294,67101507
166890050294,67101509
166890050294,67101510
166890050294,67101511
166890050294,67101512
166890050294,67101513
166890050294,67101514
166890050294,67101516
166890050294,67101517
166890050294,67101520
166890050294,67101521
166890050294,67101522
166890050294,67101523
166890050294,67101524
166890050294,67101526
166890050294,67101530
166890050294,67101531
166890050294,67101532
166890050294,67101533
166890050294,67101534
166890050294,67101535
166890050294,67101537
166890050294,67101538
166890050294,67101540
166890050294,67101542
166890050294,67101543
166890050294,67101544
166890050294,67101546
166890050294,67101550
166890050294,67101551
166890050294,67101553
166890050294,67101554
166890050294,67101555
166890050294,67101557
166890050294,67101559
166890050294,67101560
166890050294,67101562
166890050294,67101564
166890050294,67101566
166890050294,67101567
166890050294,67101569
166890050294,67101570
166890050294,67101574
166890050294,67101575
166890050294,67101578
166890050294,67101579
166890050294,67101580
166890050294,67101582
166890050294,67101583
166890050294,67101584
166890050294,67101587
166890050294,67101588
166890050294,67101589
166890050294,67101590
166890050294,67101593
166890050294,67101594
166890050294,67101595
166890050294,67101598
166890050294,67101599
166890050294,67101600
166890050294,67101601
166890050294,67101602
166890050294,67101603
166890050294,67101606
166890050294,67101607
166890050294,67101610
166890050294,67101611
166890050294,67101613
166890050294,67101614
166890050294,67101615
166890050294,67101616
166890050294,67101619
166890050294,67101621
166890050294,67101622
166890050294,67101623
166890050294,67101624
166890050294,67101625
166890050294,67101627
166890050294,67101629
166890050294,67101630
166890050294,67101631
166890050294,67101634
166890050294,67101635
166890050294,67101636
166890050294,67101637
166890050294,67101640
166890050294,67101641
166890050294,67101642
166890050294,67101643
166890050294,67101644
166890050294,67101646
166890050294,67101648
166890050294,67101650
166890050294,67101652
166890050294,67101653
166890050294,67101656
166890050294,67101657
166890050294,67101662
166890050294,67101664
166890050294,67101665
166890050294,67101666
166890050294,67101667
166890050294,67101668
166890050294,67101671
166890050294,67101672
166890050294,67101673
166890050294,67101676
166890050294,67101677
166890050294,67101681
166890050294,67101682
166890050294,67101685
166890050294,67101686
166890050294,67101689
166890050294,67101690
166890050294,67101692
166890050294,67101693
166890050294,67101695
166890050294,67101698
166890050294,67101700
166890050294,67101702
166890050294,67101706
166890050294,67101707
166890050294,67101709
166890050294,67101720
166890050294,67101722
166890050294,67101725
166890050294,67101726
166890050294,67101727
166890050294,67101730
166890050294,67101734
166890050294,67101739
166890050294,67101745
166890050294,67101748
166890050294,67101751
166890050294,67101753
166890050294,67101754
166890050294,67101756
166890050294,67101759
166890050294,67101763
166890050294,67101764
166890050294,67101766
166890050294,67101767
166890050294,67101768
166890050294,67101769
166890050294,67101770
166890050294,67101772
166890050294,67101774
166890050294,67101781
166890050294,67101782
166890050294,67101784
166890050294,67101786
166890050294,67101787
166890050294,67101788
166890050294,67101789
166890050294,67101791
166890050294,67101792
166890050294,67101793
166890050294,67101797
166890050294,67101798
166890050294,67101804
166890050294,67101805
166890050294,67101806
166890050294,67101808
166890050294,67101809
166890050294,67101810
166890050294,67101812
166890050294,67101814
166890050294,67101815
166890050294,67101816
166890050294,67101819
166890050294,67101820
166890050294,67101822
166890050294,67101823
166890050294,67101824
166890050294,67101825
166890050294,67101826
166890050294,67101827
166890050294,67101830
166890050294,67101832
166890050294,67101838
166890050294,67101840
166890050294,67101842
166890050294,67101843
166890050294,67101844
166890050294,67101846
166890050294,67101849
166890050294,67101851
166890050294,67101853
166890050294,67101854
166890050294,67101855
166890050294,67101856
166890050294,67101857
166890050294,67101859
166890050294,67101860
166890050294,67101865
166890050294,67101866
166890050294,67101870
166890050294,67101873
166890050294,67101874
166890050294,67101878
166890050294,67101887
166890050294,67101888
166890050294,67101896
166890050294,67101923
166890050294,67101981
166890050294,67102000
166890050294,67102217
166890050294,67102319
166890050294,67102321
166890050294,67102322
166890050294,67102323
166890050294,67102324
166890050294,67102325
166890050294,67102326
166890050294,67102328
166890050294,67102329
166890050294,67102330
166890050294,67102331
166890050294,67102332
166890050294,67102333
166890050294,67102334
166890050294,67102335
166890050294,67102336
166890050294,67102337
166890050294,67102338
166890050294,67102339
166890050294,67102340
166890050294,67102341
166890050294,67102344
166890050294,67102345
166890050294,67102346
166890050294,67102347
166890050294,67102348
166890050294,67102349
166890050294,67102350
166890050294,67102351
166890050294,67102352
166890050294,67102354
166890050294,67102355
166890050294,67102356
166890050294,67102357
166890050294,67102358
166890050294,67102359
166890050294,67102360
166890050294,67102361
166890050294,67102362
166890050294,67102363
166890050294,67102365
166890050294,67102367
166890050294,67102369
166890050294,67102370
166890050294,67102371
166890050294,67102373
166890050294,67102375
166890050294,67102376
166890050294,67102377
166890050294,67102378
166890050294,67102379
166890050294,67102380
166890050294,67102381
166890050294,67102382
166890050294,67102383
166890050294,67102384
166890050294,67102385
166890050294,67105024
166890050294,67105190
166890050294,67105344
166890050294,67105348
166890050294,67105429
166890050294,67105431
166890050294,67105432
166890050294,67105433
166890050294,67105434
166890050294,67105435
166890050294,67105437
166890050294,67105438
166890050294,67105439
166890050294,67105441
166890050294,67105442
166890050294,67105443
166890050294,67105444
166890050294,67105445
166890050294,67105446
166890050294,67105450
166890050294,67105452
166890050294,67105453
166890050294,67105457
166890050294,67105459
166890050294,67105464
166890050294,67105466
166890050294,67105467
166890050294,67105468
166890050294,67105469
166890050294,67105473
166890050294,67105475
166890050294,67105476
166890050294,67105477
166890050294,67105478
166890050294,67105480
166890050294,67105481
166890050294,67105482
166890050294,67105483
166890050294,67105485
166890050294,67105486
166890050294,67105488
166890050294,67105490
166890050294,67105491
166890050294,67105492
166890050294,67105493
166890050294,67105494
166890050294,67105495
166890050294,67105496
166890050294,67105497
166890050294,67105498
166890050294,67105499
166890050294,67105500
166890050294,67105501
166890050294,67105502
166890050294,67105503
166890050294,67105504
166890050294,67105506
166890050294,67105507
166890050294,67105509
166890050294,67105511
166890050294,67105512
166890050294,67105515
166890050294,67105516
166890050294,67105517
166890050294,67105518
166890050294,67105519
166890050294,67105521
166890050294,67105525
166890050294,67105526
166890050294,67105527
166890050294,67105528
166890050294,67105529
166890050294,67105530
166890050294,67105532
166890050294,67105534
166890050294,67105535
166890050294,67105536
166890050294,67105538
166890050294,67105539
166890050294,67105540
166890050294,67105541
166890050294,67105545
166890050294,67105546
166890050294,67105548
166890050294,67105549
166890050294,67105550
166890050294,67105552
166890050294,67105554
166890050294,67105555
166890050294,67105557
166890050294,67105558
166890050294,67105559
166890050294,67105561
166890050294,67105562
166890050294,67105564
166890050294,67105565
166890050294,67105569
166890050294,67105570
166890050294,67105573
166890050294,67105574
166890050294,67105575
166890050294,67105577
166890050294,67105578
166890050294,67105579
166890050294,67105581
166890050294,67105582
166890050294,67105583
166890050294,67105585
166890050294,67105588
166890050294,67105589
166890050294,67105593
166890050294,67105594
166890050294,67105595
166890050294,67105596
166890050294,67105597
166890050294,67105598
166890050294,67105601
166890050294,67105602
166890050294,67105605
166890050294,67105606
166890050294,67105607
166890050294,67105608
166890050294,67105609
166890050294,67105610
166890050294,67105611
166890050294,67105614
166890050294,67105615
166890050294,67105616
166890050294,67105617
166890050294,67105618
166890050294,67105620
166890050294,67105621
166890050294,67105622
166890050294,67105624
166890050294,67105625
166890050294,67105626
166890050294,67105629
166890050294,67105630
166890050294,67105631
166890050294,67105632
166890050294,67105635
166890050294,67105636
166890050294,67105637
166890050294,67105639
166890050294,67105640
166890050294,67105641
166890050294,67105643
166890050294,67105645
166890050294,67105647
166890050294,67105648
166890050294,67105650
166890050294,67105651
166890050294,67105652
166890050294,67105657
166890050294,67105658
166890050294,67105660
166890050294,67105661
166890050294,67105662
166890050294,67105663
166890050294,67105666
166890050294,67105667
166890050294,67105668
166890050294,67105670
166890050294,67105671
166890050294,67105672
166890050294,67105676
166890050294,67105677
166890050294,67105680
166890050294,67105684
166890050294,67105685
166890050294,67105687
166890050294,67105688
166890050294,67105690
166890050294,67105693
166890050294,67105694
166890050294,67105695
166890050294,67105697
166890050294,67105701
166890050294,67105702
166890050294,67105704
166890050294,67105706
166890050294,67105711
166890050294,67105715
166890050294,67105717
166890050294,67105719
166890050294,67105721
166890050294,67105725
166890050294,67105730
166890050294,67105740
166890050294,67105743
166890050294,67105746
166890050294,67105748
166890050294,67105749
166890050294,67105754
166890050294,67105758
166890050294,67105759
166890050294,67105761
166890050294,67105762
166890050294,67105763
166890050294,67105764
166890050294,67105765
166890050294,67105767
166890050294,67105769
166890050294,67105770
166890050294,67105776
166890050294,67105777
166890050294,67105779
166890050294,67105781
166890050294,67105782
166890050294,67105783
166890050294,67105784
166890050294,67105786
166890050294,67105787
166890050294,67105788
166890050294,67105790
166890050294,67105792
166890050294,67105793
166890050294,67105799
166890050294,67105803
166890050294,67105804
166890050294,67105805
166890050294,67105807
166890050294,67105809
166890050294,67105810
166890050294,67105811
166890050294,67105814
166890050294,67105815
166890050294,67105817
166890050294,67105818
166890050294,67105819
166890050294,67105820
166890050294,67105824
166890050294,67105826
166890050294,67105827
166890050294,67105833
166890050294,67105835
166890050294,67105838
166890050294,67105839
166890050294,67105840
166890050294,67105841
166890050294,67105843
166890050294,67105844
166890050294,67105846
166890050294,67105848
166890050294,67105849
166890050294,67105850
166890050294,67105851
166890050294,67105852
166890050294,67105854
166890050294,67105855
166890050294,67105859
166890050294,67105860
166890050294,67105861
166890050294,67105865
166890050294,67105867
166890050294,67105868
166890050294,67105873
166890050294,67105882
166890050294,67105883
166890050294,67105891
166890050294,67105939
166890050294,67105976
166890050294,67106212
166890050294,67106265
166890050294,67106302
166890050294,67106314
166890050294,67106316
166890050294,67106317
166890050294,67106318
166890050294,67106319
166890050294,67106320
166890050294,67106321
166890050294,67106322
166890050294,67106323
166890050294,67106324
166890050294,67106325
166890050294,67106326
166890050294,67106327
166890050294,67106328
166890050294,67106330
166890050294,67106331
166890050294,67106332
166890050294,67106333
166890050294,67106334
166890050294,67106335
166890050294,67106336
166890050294,67106338
166890050294,67106339
166890050294,67106340
166890050294,67106341
166890050294,67106342
166890050294,67106343
166890050294,67106344
166890050294,67106345
166890050294,67106346
166890050294,67106347
166890050294,67106349
166890050294,67106350
166890050294,67106351
166890050294,67106352
166890050294,67106353
166890050294,67106354
166890050294,67106355
166890050294,67106356
166890050294,67106357
166890050294,67106358
166890050294,67106360
166890050294,67106362
166890050294,67106364
166890050294,67106365
166890050294,67106366
166890050294,67106368
166890050294,67106370
166890050294,67106372
166890050294,67106373
166890050294,67106374
166890050294,67106375
166890050294,67106376
166890050294,67106377
166890050294,67106378
166890050294,67106379
166890050294,67106380
208267748714,67101262
208267748714,67101356
208267748714,67101385
208267748714,67101441
208267748714,67101445
208267748714,67101452
208267748714,67101459
208267748714,67101460
208267748714,67101467
208267748714,67101468
208267748714,67101475
208267748714,67101492
208267748714,67101515
208267748714,67101518
208267748714,67101525
208267748714,67101541
208267748714,67101545
208267748714,67101552
208267748714,67101556
208267748714,67101573
208267748714,67101585
208267748714,67101586
208267748714,67101608
208267748714,67101609
208267748714,67101612
208267748714,67101632
208267748714,67101651
208267748714,67101659
208267748714,67101674
208267748714,67101678
208267748714,67101680
208267748714,67101683
208267748714,67101691
208267748714,67101708
208267748714,67101718
208267748714,67101762
208267748714,67101771
208267748714,67101783
208267748714,67101790
208267748714,67101801
208267748714,67101828
208267748714,67101829
208267748714,67101837
208267748714,67101845
208267748714,67101852
208267748714,67101864
208267748714,67101889
208267748714,67105257
208267748714,67105351
208267748714,67105380
208267748714,67105440
208267748714,67105454
208267748714,67105456
208267748714,67105462
208267748714,67105463
208267748714,67105471
208267748714,67105484
208267748714,67105487
208267748714,67105505
208267748714,67105510
208267748714,67105513
208267748714,67105520
208267748714,67105531
208267748714,67105533
208267748714,67105537
208267748714,67105547
208267748714,67105551
208267748714,67105567
208267748714,67105580
208267748714,67105584
208267748714,67105600
208267748714,67105603
208267748714,67105612
208267748714,67105627
208267748714,67105646
208267748714,67105649
208267748714,67105654
208267748714,67105669
208267748714,67105673
208267748714,67105675
208267748714,67105682
208267748714,67105686
208267748714,67105718
208267748714,67105757
208267748714,67105760
208267748714,67105778
208267748714,67105785
208267748714,67105796
208267748714,67105800
208267748714,67105802
208267748714,67105822
208267748714,67105823
208267748714,67105832
208267748714,67105847
208267748714,67105857
208267748714,67105904
249645447134,131249
249645447134,131257
249645447134,67099354
249645447134,67102512
249645447134,67102573
249645447134,67102862
249645447134,67103381
249645447134,67103442
249645447134,67103455
249645447134,67103463
249645447134,67103561
249645447134,67103682
249645447134,67103774
249645447134,67103822
249645447134,67103823
249645447134,67103826
249645447134,67103832
249645447134,67103848
249645447134,67103859
249645447134,67103868
249645447134,67103966
249645447134,67103999
249645447134,67104021
249645447134,67104035
249645447134,67104061
249645447134,67104073
249645447134,67104078
249645447134,67104147
249645447134,67104157
249645447134,67104173
249645447134,67104174
249645447134,67104190
249645447134,67104193
249645447134,67104194
249645447134,67104201
249645447134,67104202
249645447134,67104203
249645447134,67104206
249645447134,67104210
249645447134,67104212
249645447134,67104214
249645447134,67104228
249645447134,67104229
249645447134,67104236
249645447134,67104248
249645447134,67104249
249645447134,67104250
249645447134,67104254
249645447134,67104262
249645447134,67104264
249645447134,67104265
249645447134,67104267
249645447134,67104270
249645447134,67104272
249645447134,67104287
249645447134,67104289
249645447134,67104290
249645447134,67104291
249645447134,67104295
249645447134,67104301
249645447134,67104316
249645447134,67104319
249645447134,67104320
249645447134,67104328
249645447134,67104330
249645447134,67104345
249645447134,67104352
249645447134,67104356
249645447134,67104357
249645447134,67104358
249645447134,67104359
249645447134,67104364
249645447134,67104365
249645447134,67104367
249645447134,67104377
249645447134,67104380
249645447134,67104381
249645447134,67104392
249645447134,67104401
249645447134,67104415
249645447134,67104420
249645447134,67104421
249645447134,67104432
249645447134,67104434
249645447134,67104435
249645447134,67104441
249645447134,67104447
249645447134,67104451
249645447134,67104452
249645447134,67104456
249645447134,67104457
249645447134,67104504
249645447134,67106507
249645447134,67106568
249645447134,67107376
249645447134,67107437
249645447134,67107458
249645447134,67107522
249645447134,67107677
249645447134,67107821
249645447134,67107827
249645447134,67107843
249645447134,67107849
249645447134,67107851
249645447134,67107946
249645447134,67107961
249645447134,67107975
249645447134,67107994
249645447134,67108016
249645447134,67108037
249645447134,67108039
249645447134,67108056
249645447134,67108068
249645447134,67108073
249645447134,67108142
249645447134,67108152
249645447134,67108168
249645447134,67108169
249645447134,67108177
249645447134,67108185
249645447134,67108196
249645447134,67108197
249645447134,67108201
249645447134,67108205
249645447134,67108208
249645447134,67108220
249645447134,67108222
249645447134,67108223
249645447134,67108224
249645447134,67108229
249645447134,67108231
249645447134,67108234
249645447134,67108243
249645447134,67108249
249645447134,67108257
249645447134,67108258
249645447134,67108259
249645447134,67108260
249645447134,67108262
249645447134,67108265
249645447134,67108278
249645447134,67108286
249645447134,67108290
249645447134,67108293
249645447134,67108296
249645447134,67108308
249645447134,67108311
249645447134,67108314
249645447134,67108315
249645447134,67108317
249645447134,67108321
249645447134,67108325
249645447134,67108336
249645447134,67108340
249645447134,67108343
249645447134,67108346
249645447134,67108347
249645447134,67108350
249645447134,67108351
249645447134,67108352
249645447134,67108353
249645447134,67108355
249645447134,67108359
249645447134,67108360
249645447134,67108372
249645447134,67108373
249645447134,67108375
249645447134,67108376
249645447134,67108385
249645447134,67108387
249645447134,67108390
249645447134,67108406
249645447134,67108410
249645447134,67108412
249645447134,67108414
249645447134,67108415
249645447134,67108416
249645447134,67108427
249645447134,67108429
249645447134,67108430
249645447134,67108436
249645447134,67108440
249645447134,67108442
249645447134,67108446
249645447134,67108451
249645447134,67108453
291023145554,67104998
332400843974,67099965
332400843974,67102391
332400843974,67102859
332400843974,67106385
332400843974,67106545
332400843974,67106772
332400843974,67106854
