1096522560,67091409
1096522560,67092427
1096522560,67093415
1096522560,67093416
1096522560,67093417
1096522560,67093418
1096522560,67093419
1096522560,67093420
1096522560,67093421
1096522560,67093422
1096522560,67093423
1096522560,67093424
1096522560,67093425
1096522560,67093426
1096522560,67093427
1096522560,67093428
1096522560,67093429
1096522560,67093430
1096522560,67093431
1096522560,67093432
1096522560,67093433
1096522560,67093434
1096522560,67093435
1096522560,67093437
1096522560,67093438
1096522560,67093439
1096522560,67093440
1096522560,67093441
1096522560,67093442
1096522560,67093443
1096522560,67093444
1096522560,67093445
1096522560,67093446
1096522560,67093447
1096522560,67093448
1096522560,67093449
1096522560,67093450
1096522560,67093451
1096522560,67093476
1096522560,67093477
1096522560,67093478
1096522560,67093479
1096522560,67093480
1096522560,67093481
1096522560,67093482
1096522560,67093483
1096522560,67093484
1096522560,67093485
1096522560,67093486
1096522560,67093487
1096522560,67093488
1096522560,67093489
1096522560,67093490
1096522560,67093491
1096522560,67093492
1096522560,67093493
1096522560,67093494
1096522560,67093495
1096522560,67093496
1096522560,67093497
1096522560,67093499
1096522560,67093501
1096522560,67093503
1096522560,67093504
1096522560,67093505
1096522560,67093506
1096522560,67093507
1096522560,67093508
1096522560,67093511
1096522560,67093908
1096522560,67101397
33992199360,131231
33992199360,67091421
33992199360,67092595
33992199360,67092596
33992199360,67097289
33992199360,67097383
33992199360,67097384
33992199360,67097396
33992199360,67097404
33992199360,67097420
33992199360,67097451
33992199360,67097452
33992199360,67097589
33992199360,67097902
33992199360,67097903
33992199360,67097922
33992199360,67097929
33992199360,67097930
33992199360,67097932
33992199360,67097936
33992199360,67097939
33992199360,67097954
33992199360,67097955
33992199360,67097963
33992199360,67097981
33992199360,67097982
33992199360,67097983
33992199360,67097989
33992199360,67097990
33992199360,67097993
33992199360,67097994
33992199360,67097995
33992199360,67098001
33992199360,67098005
33992199360,67098015
33992199360,67098017
33992199360,67098018
33992199360,67098019
33992199360,67098020
33992199360,67098021
33992199360,67098022
33992199360,67098024
33992199360,67098025
33992199360,67098027
33992199360,67098028
33992199360,67098029
33992199360,67098030
33992199360,67098032
33992199360,67098033
33992199360,67098034
33992199360,67098035
33992199360,67098036
33992199360,67098037
33992199360,67098038
33992199360,67098039
33992199360,67098040
33992199360,67098042
33992199360,67098043
33992199360,67098046
33992199360,67098047
33992199360,67098048
33992199360,67098049
33992199360,67098050
33992199360,67098051
33992199360,67098053
33992199360,67098054
33992199360,67098055
33992199360,67098056
33992199360,67098057
33992199360,67098058
33992199360,67098059
33992199360,67098060
33992199360,67098062
33992199360,67098063
33992199360,67098064
33992199360,67098066
33992199360,67098067
33992199360,67098069
33992199360,67098070
33992199360,67098072
33992199360,67098073
33992199360,67098074
33992199360,67098075
33992199360,67098076
33992199360,67098077
33992199360,67098078
33992199360,67098080
33992199360,67098081
33992199360,67098082
33992199360,67098084
33992199360,67098085
33992199360,67098086
33992199360,67098088
33992199360,67098089
33992199360,67098090
33992199360,67098091
33992199360,67098092
33992199360,67098093
33992199360,67098094
33992199360,67098095
33992199360,67098096
33992199360,67098097
33992199360,67098098
33992199360,67098099
33992199360,67098100
33992199360,67098101
33992199360,67098102
33992199360,67098103
33992199360,67098104
33992199360,67098105
33992199360,67098106
33992199360,67098107
33992199360,67098108
33992199360,67098109
33992199360,67098110
33992199360,67098111
33992199360,67098112
33992199360,67098113
33992199360,67098114
33992199360,67098115
33992199360,67098116
33992199360,67098117
33992199360,67098118
33992199360,67098119
33992199360,67098120
33992199360,67098121
33992199360,67098122
33992199360,67098123
33992199360,67098124
33992199360,67098125
33992199360,67098126
33992199360,67098127
33992199360,67098128
33992199360,67098129
33992199360,67098130
33992199360,67098131
33992199360,67098132
33992199360,67098133
33992199360,67098134
33992199360,67098135
33992199360,67098136
33992199360,67098137
33992199360,67098138
33992199360,67098139
33992199360,67098140
33992199360,67098141
33992199360,67098142
33992199360,67098143
33992199360,67098144
33992199360,67098145
33992199360,67098146
33992199360,67098147
33992199360,67098148
33992199360,67098149
33992199360,67098150
33992199360,67098152
33992199360,67098153
33992199360,67098154
33992199360,67098155
33992199360,67098156
33992199360,67098157
33992199360,67098158
33992199360,67098159
33992199360,67098160
33992199360,67098161
33992199360,67098162
33992199360,67098163
33992199360,67098164
33992199360,67098165
33992199360,67098166
33992199360,67098167
33992199360,67098168
33992199360,67098169
33992199360,67098170
33992199360,67098171
33992199360,67098172
33992199360,67098173
33992199360,67098174
33992199360,67098175
33992199360,67098176
33992199360,67098177
33992199360,67098178
33992199360,67098179
33992199360,67098180
33992199360,67098181
33992199360,67098182
33992199360,67098186
33992199360,67098187
33992199360,67098188
33992199360,67098189
33992199360,67098190
33992199360,67098191
33992199360,67098192
33992199360,67098193
33992199360,67098194
33992199360,67098195
33992199360,67098196
33992199360,67098197
33992199360,67098198
33992199360,67098199
33992199360,67098200
33992199360,67098201
33992199360,67098202
33992199360,67098203
33992199360,67098204
33992199360,67098205
33992199360,67098206
33992199360,67098207
33992199360,67098208
33992199360,67098209
33992199360,67098210
33992199360,67098211
33992199360,67098212
33992199360,67098213
33992199360,67098214
33992199360,67098215
33992199360,67098216
33992199360,67098217
33992199360,67098218
33992199360,67098219
33992199360,67098220
33992199360,67098221
33992199360,67098222
33992199360,67098223
33992199360,67098224
33992199360,67098225
33992199360,67098226
33992199360,67098227
33992199360,67098228
33992199360,67098229
33992199360,67098230
33992199360,67098231
33992199360,67098235
33992199360,67098236
33992199360,67098237
33992199360,67098238
33992199360,67098239
33992199360,67098240
33992199360,67098241
33992199360,67098242
33992199360,67098243
33992199360,67098244
33992199360,67098245
33992199360,67098246
33992199360,67098247
33992199360,67098248
33992199360,67098249
33992199360,67098250
33992199360,67098251
33992199360,67098252
33992199360,67098253
33992199360,67098254
33992199360,67098255
33992199360,67098256
33992199360,67098257
33992199360,67098258
33992199360,67098259
33992199360,67098262
33992199360,67098263
33992199360,67098266
33992199360,67098267
33992199360,67098268
33992199360,67098269
33992199360,67098270
33992199360,67098271
33992199360,67098272
33992199360,67098273
33992199360,67098274
33992199360,67098275
33992199360,67098276
33992199360,67098277
33992199360,67098278
33992199360,67098279
33992199360,67098281
33992199360,67098284
33992199360,67098286
33992199360,67098287
33992199360,67098288
33992199360,67098289
33992199360,67098291
33992199360,67098292
33992199360,67098293
33992199360,67098294
33992199360,67098295
33992199360,67098296
33992199360,67098298
33992199360,67098299
33992199360,67098300
33992199360,67098302
33992199360,67098303
33992199360,67098304
33992199360,67098308
33992199360,67098309
33992199360,67098310
33992199360,67098312
33992199360,67098315
33992199360,67098316
33992199360,67098317
33992199360,67098318
33992199360,67098319
33992199360,67098320
33992199360,67098322
33992199360,67098324
33992199360,67098325
33992199360,67098326
33992199360,67098327
33992199360,67098619
33992199360,67098620
33992199360,67098621
33992199360,67098622
33992199360,67098623
33992199360,67098624
33992199360,67098625
33992199360,67098626
33992199360,67098627
33992199360,67098628
33992199360,67098629
33992199360,67098630
33992199360,67098631
33992199360,67098632
33992199360,67098633
33992199360,67098634
33992199360,67098635
33992199360,67098636
33992199360,67098637
33992199360,67098638
33992199360,67098639
33992199360,67098640
33992199360,67098641
33992199360,67098642
33992199360,67098643
33992199360,67098644
33992199360,67098645
33992199360,67098646
33992199360,67098647
33992199360,67098648
33992199360,67098649
33992199360,67098650
33992199360,67098651
33992199360,67098652
33992199360,67098653
33992199360,67098654
33992199360,67098655
33992199360,67098656
33992199360,67098657
33992199360,67098658
33992199360,67098659
33992199360,67098661
33992199360,67098662
33992199360,67098663
33992199360,67098664
33992199360,67098665
33992199360,67098666
33992199360,67098667
33992199360,67098668
33992199360,67098669
33992199360,67098670
33992199360,67098671
33992199360,67098672
33992199360,67098673
33992199360,67098674
33992199360,67098675
33992199360,67098676
33992199360,67098677
33992199360,67098678
33992199360,67098679
33992199360,67098680
33992199360,67098681
33992199360,67098682
33992199360,67098683
33992199360,67098684
33992199360,67098685
33992199360,67098686
33992199360,67098687
33992199360,67098688
33992199360,67098689
33992199360,67098690
33992199360,67098691
33992199360,67098692
33992199360,67098693
33992199360,67098694
33992199360,67098695
33992199360,67098696
33992199360,67098697
33992199360,67098698
33992199360,67098699
33992199360,67098700
33992199360,67098701
33992199360,67098702
33992199360,67098703
33992199360,67098704
33992199360,67098705
33992199360,67098706
33992199360,67098707
33992199360,67098708
33992199360,67098709
33992199360,67098710
33992199360,67098711
33992199360,67098712
33992199360,67098713
33992199360,67098714
33992199360,67098715
33992199360,67098716
33992199360,67098717
33992199360,67098718
33992199360,67098719
33992199360,67098720
33992199360,67098721
33992199360,67098722
33992199360,67098723
33992199360,67098724
33992199360,67098725
33992199360,67098726
33992199360,67098727
33992199360,67098728
33992199360,67098729
33992199360,67098730
33992199360,67098731
33992199360,67098732
33992199360,67098733
33992199360,67098734
33992199360,67098735
33992199360,67098736
33992199360,67098737
33992199360,67098738
33992199360,67098739
33992199360,67098740
33992199360,67098741
33992199360,67098742
33992199360,67098743
33992199360,67098744
33992199360,67098745
33992199360,67098746
33992199360,67098747
33992199360,67098748
33992199360,67098749
33992199360,67098750
33992199360,67098751
33992199360,67098752
33992199360,67098753
33992199360,67098754
33992199360,67098755
33992199360,67098756
33992199360,67098757
33992199360,67098758
33992199360,67098759
33992199360,67098760
33992199360,67098761
33992199360,67098762
33992199360,67098763
33992199360,67098764
33992199360,67098765
33992199360,67098766
33992199360,67098767
33992199360,67098768
33992199360,67098769
33992199360,67098770
33992199360,67098771
33992199360,67098772
33992199360,67098773
33992199360,67098774
33992199360,67098775
33992199360,67098776
33992199360,67098777
33992199360,67098778
33992199360,67098779
33992199360,67098780
33992199360,67098781
33992199360,67098782
33992199360,67098783
33992199360,67098784
33992199360,67098785
33992199360,67098786
33992199360,67098787
33992199360,67098788
33992199360,67098789
33992199360,67098790
33992199360,67098791
33992199360,67098792
33992199360,67098793
33992199360,67098794
33992199360,67098795
33992199360,67098796
33992199360,67098797
33992199360,67098798
33992199360,67098799
33992199360,67098800
33992199360,67098801
33992199360,67098802
33992199360,67098803
33992199360,67098804
33992199360,67098805
33992199360,67098806
33992199360,67098807
33992199360,67098808
33992199360,67098809
33992199360,67098810
33992199360,67098811
33992199360,67098812
33992199360,67098813
33992199360,67098814
33992199360,67098815
33992199360,67098816
33992199360,67098817
33992199360,67098818
33992199360,67098819
33992199360,67098820
33992199360,67098821
33992199360,67098822
33992199360,67098823
33992199360,67098824
33992199360,67104778
33992199360,67104790
33992199360,67104873
33992199360,67104909
33992199360,67104940
33992199360,67104941
33992199360,67105078
33992199360,67105391
33992199360,67105411
33992199360,67105419
33992199360,67105420
33992199360,67105421
33992199360,67105436
33992199360,67105443
33992199360,67105445
33992199360,67105447
33992199360,67105452
33992199360,67105461
33992199360,67105462
33992199360,67105471
33992199360,67105472
33992199360,67105479
33992199360,67105483
33992199360,67105490
33992199360,67105495
33992199360,67105501
33992199360,67105504
33992199360,67105505
33992199360,67105506
33992199360,67105507
33992199360,67105508
33992199360,67105509
33992199360,67105510
33992199360,67105511
33992199360,67105512
33992199360,67105513
33992199360,67105514
33992199360,67105516
33992199360,67105517
33992199360,67105518
33992199360,67105519
33992199360,67105520
33992199360,67105521
33992199360,67105522
33992199360,67105523
33992199360,67105524
33992199360,67105526
33992199360,67105527
33992199360,67105528
33992199360,67105529
33992199360,67105531
33992199360,67105532
33992199360,67105533
33992199360,67105535
33992199360,67105536
33992199360,67105537
33992199360,67105538
33992199360,67105539
33992199360,67105541
33992199360,67105542
33992199360,67105543
33992199360,67105544
33992199360,67105545
33992199360,67105546
33992199360,67105547
33992199360,67105548
33992199360,67105549
33992199360,67105551
33992199360,67105552
33992199360,67105553
33992199360,67105555
33992199360,67105556
33992199360,67105558
33992199360,67105559
33992199360,67105560
33992199360,67105561
33992199360,67105562
33992199360,67105563
33992199360,67105564
33992199360,67105565
33992199360,67105567
33992199360,67105569
33992199360,67105570
33992199360,67105571
33992199360,67105573
33992199360,67105575
33992199360,67105576
33992199360,67105577
33992199360,67105578
33992199360,67105579
33992199360,67105580
33992199360,67105581
33992199360,67105582
33992199360,67105583
33992199360,67105584
33992199360,67105585
33992199360,67105586
33992199360,67105587
33992199360,67105588
33992199360,67105589
33992199360,67105590
33992199360,67105591
33992199360,67105592
33992199360,67105593
33992199360,67105594
33992199360,67105595
33992199360,67105596
33992199360,67105597
33992199360,67105598
33992199360,67105599
33992199360,67105600
33992199360,67105601
33992199360,67105602
33992199360,67105603
33992199360,67105604
33992199360,67105605
33992199360,67105606
33992199360,67105607
33992199360,67105608
33992199360,67105609
33992199360,67105610
33992199360,67105611
33992199360,67105612
33992199360,67105613
33992199360,67105614
33992199360,67105615
33992199360,67105616
33992199360,67105617
33992199360,67105618
33992199360,67105620
33992199360,67105621
33992199360,67105622
33992199360,67105623
33992199360,67105624
33992199360,67105625
33992199360,67105626
33992199360,67105627
33992199360,67105629
33992199360,67105630
33992199360,67105631
33992199360,67105632
33992199360,67105633
33992199360,67105634
33992199360,67105635
33992199360,67105636
33992199360,67105637
33992199360,67105638
33992199360,67105639
33992199360,67105642
33992199360,67105643
33992199360,67105644
33992199360,67105645
33992199360,67105646
33992199360,67105647
33992199360,67105648
33992199360,67105649
33992199360,67105650
33992199360,67105651
33992199360,67105652
33992199360,67105653
33992199360,67105654
33992199360,67105655
33992199360,67105656
33992199360,67105657
33992199360,67105658
33992199360,67105659
33992199360,67105660
33992199360,67105661
33992199360,67105662
33992199360,67105663
33992199360,67105664
33992199360,67105665
33992199360,67105666
33992199360,67105667
33992199360,67105668
33992199360,67105669
33992199360,67105670
33992199360,67105671
33992199360,67105672
33992199360,67105675
33992199360,67105676
33992199360,67105677
33992199360,67105678
33992199360,67105679
33992199360,67105680
33992199360,67105681
33992199360,67105682
33992199360,67105684
33992199360,67105685
33992199360,67105686
33992199360,67105687
33992199360,67105688
33992199360,67105689
33992199360,67105690
33992199360,67105691
33992199360,67105692
33992199360,67105693
33992199360,67105694
33992199360,67105695
33992199360,67105696
33992199360,67105697
33992199360,67105698
33992199360,67105699
33992199360,67105700
33992199360,67105701
33992199360,67105702
33992199360,67105703
33992199360,67105704
33992199360,67105705
33992199360,67105706
33992199360,67105707
33992199360,67105708
33992199360,67105709
33992199360,67105710
33992199360,67105711
33992199360,67105713
33992199360,67105714
33992199360,67105715
33992199360,67105716
33992199360,67105717
33992199360,67105718
33992199360,67105719
33992199360,67105720
33992199360,67105724
33992199360,67105725
33992199360,67105726
33992199360,67105727
33992199360,67105728
33992199360,67105729
33992199360,67105730
33992199360,67105731
33992199360,67105732
33992199360,67105733
33992199360,67105734
33992199360,67105735
33992199360,67105736
33992199360,67105737
33992199360,67105738
33992199360,67105739
33992199360,67105740
33992199360,67105741
33992199360,67105742
33992199360,67105743
33992199360,67105744
33992199360,67105745
33992199360,67105746
33992199360,67105747
33992199360,67105748
33992199360,67105751
33992199360,67105752
33992199360,67105753
33992199360,67105755
33992199360,67105756
33992199360,67105757
33992199360,67105758
33992199360,67105759
33992199360,67105760
33992199360,67105761
33992199360,67105762
33992199360,67105763
33992199360,67105764
33992199360,67105765
33992199360,67105766
33992199360,67105767
33992199360,67105768
33992199360,67105770
33992199360,67105773
33992199360,67105775
33992199360,67105776
33992199360,67105778
33992199360,67105779
33992199360,67105780
33992199360,67105781
33992199360,67105782
33992199360,67105783
33992199360,67105784
33992199360,67105785
33992199360,67105786
33992199360,67105788
33992199360,67105789
33992199360,67105790
33992199360,67105791
33992199360,67105792
33992199360,67105793
33992199360,67105794
33992199360,67105797
33992199360,67105798
33992199360,67105799
33992199360,67105800
33992199360,67105801
33992199360,67105803
33992199360,67105804
33992199360,67105805
33992199360,67105806
33992199360,67105808
33992199360,67105810
33992199360,67105813
33992199360,67105814
33992199360,67105815
33992199360,67105816
33992199360,67106108
33992199360,67106109
33992199360,67106110
33992199360,67106111
33992199360,67106112
33992199360,67106113
33992199360,67106114
33992199360,67106115
33992199360,67106116
33992199360,67106117
33992199360,67106118
33992199360,67106119
33992199360,67106120
33992199360,67106121
33992199360,67106122
33992199360,67106123
33992199360,67106124
33992199360,67106125
33992199360,67106126
33992199360,67106127
33992199360,67106128
33992199360,67106129
33992199360,67106130
33992199360,67106131
33992199360,67106132
33992199360,67106133
33992199360,67106134
33992199360,67106135
33992199360,67106136
33992199360,67106137
33992199360,67106138
33992199360,67106139
33992199360,67106140
33992199360,67106141
33992199360,67106142
33992199360,67106143
33992199360,67106144
33992199360,67106145
33992199360,67106146
33992199360,67106147
33992199360,67106148
33992199360,67106150
33992199360,67106151
33992199360,67106152
33992199360,67106153
33992199360,67106154
33992199360,67106155
33992199360,67106156
33992199360,67106157
33992199360,67106158
33992199360,67106159
33992199360,67106160
33992199360,67106161
33992199360,67106162
33992199360,67106163
33992199360,67106164
33992199360,67106165
33992199360,67106166
33992199360,67106167
33992199360,67106168
33992199360,67106169
33992199360,67106170
33992199360,67106171
33992199360,67106172
33992199360,67106173
33992199360,67106174
33992199360,67106175
33992199360,67106176
33992199360,67106177
33992199360,67106178
33992199360,67106179
33992199360,67106180
33992199360,67106181
33992199360,67106182
33992199360,67106183
33992199360,67106184
33992199360,67106185
33992199360,67106186
33992199360,67106187
33992199360,67106188
33992199360,67106189
33992199360,67106190
33992199360,67106191
33992199360,67106192
33992199360,67106193
33992199360,67106194
33992199360,67106195
33992199360,67106196
33992199360,67106197
33992199360,67106198
33992199360,67106199
33992199360,67106200
33992199360,67106201
33992199360,67106202
33992199360,67106203
33992199360,67106204
33992199360,67106205
33992199360,67106206
33992199360,67106207
33992199360,67106208
33992199360,67106209
33992199360,67106210
33992199360,67106211
33992199360,67106212
33992199360,67106213
33992199360,67106214
33992199360,67106215
33992199360,67106216
33992199360,67106217
33992199360,67106218
33992199360,67106219
33992199360,67106220
33992199360,67106221
33992199360,67106222
33992199360,67106223
33992199360,67106224
33992199360,67106225
33992199360,67106226
33992199360,67106227
33992199360,67106228
33992199360,67106229
33992199360,67106230
33992199360,67106231
33992199360,67106232
33992199360,67106233
33992199360,67106234
33992199360,67106235
33992199360,67106236
33992199360,67106237
33992199360,67106238
33992199360,67106239
33992199360,67106240
33992199360,67106241
33992199360,67106242
33992199360,67106243
33992199360,67106244
33992199360,67106245
33992199360,67106246
33992199360,67106247
33992199360,67106248
33992199360,67106249
33992199360,67106250
33992199360,67106251
33992199360,67106252
33992199360,67106253
33992199360,67106254
33992199360,67106255
33992199360,67106256
33992199360,67106257
33992199360,67106258
33992199360,67106259
33992199360,67106260
33992199360,67106261
33992199360,67106262
33992199360,67106263
33992199360,67106264
33992199360,67106265
33992199360,67106266
33992199360,67106267
33992199360,67106268
33992199360,67106269
33992199360,67106270
33992199360,67106271
33992199360,67106272
33992199360,67106273
33992199360,67106274
33992199360,67106275
33992199360,67106276
33992199360,67106277
33992199360,67106278
33992199360,67106279
33992199360,67106280
33992199360,67106281
33992199360,67106282
33992199360,67106283
33992199360,67106284
33992199360,67106285
33992199360,67106286
33992199360,67106287
33992199360,67106288
33992199360,67106289
33992199360,67106290
33992199360,67106291
33992199360,67106292
33992199360,67106293
33992199360,67106294
33992199360,67106295
33992199360,67106296
33992199360,67106297
33992199360,67106298
33992199360,67106299
33992199360,67106300
33992199360,67106301
33992199360,67106302
33992199360,67106303
33992199360,67106304
33992199360,67106305
33992199360,67106306
33992199360,67106307
33992199360,67106308
33992199360,67106309
33992199360,67106310
33992199360,67106311
33992199360,67106312
33992199360,67106313
33992199360,67106314
33992199360,67108595
33992199360,67108596
33992199360,67108597
33992199360,67108598
33992199360,67108599
33992199360,67108600
33992199360,67108601
66887876160,67091411
66887876160,67091412
66887876160,67095215
66887876160,67095223
66887876160,67095224
66887876160,67095228
66887876160,67095232
66887876160,67095234
66887876160,67095235
66887876160,67095238
66887876160,67095239
66887876160,67095253
66887876160,67095257
66887876160,67095267
66887876160,67095296
66887876160,67095299
66887876160,67095300
66887876160,67095302
66887876160,67095303
66887876160,67095306
66887876160,67095308
66887876160,67095309
66887876160,67095314
66887876160,67095315
66887876160,67095319
66887876160,67095321
66887876160,67095326
66887876160,67095327
66887876160,67095329
66887876160,67095330
66887876160,67095333
66887876160,67095334
66887876160,67095335
66887876160,67095339
66887876160,67095340
66887876160,67095349
66887876160,67095350
66887876160,67095351
66887876160,67095352
66887876160,67095353
66887876160,67095355
66887876160,67095356
66887876160,67095357
66887876160,67095360
66887876160,67095361
66887876160,67095365
66887876160,67095368
66887876160,67095370
66887876160,67095371
66887876160,67095376
66887876160,67095377
66887876160,67095378
66887876160,67095380
66887876160,67095382
66887876160,67095384
66887876160,67095392
66887876160,67095393
66887876160,67095394
66887876160,67095395
66887876160,67095398
66887876160,67095400
66887876160,67095403
66887876160,67095404
66887876160,67095406
66887876160,67095408
66887876160,67095409
66887876160,67095410
66887876160,67095411
66887876160,67095413
66887876160,67095414
66887876160,67095415
66887876160,67095416
66887876160,67095417
66887876160,67095418
66887876160,67095420
66887876160,67095422
66887876160,67095424
66887876160,67095425
66887876160,67095426
66887876160,67095427
66887876160,67095429
66887876160,67095430
66887876160,67095431
66887876160,67095437
66887876160,67095439
66887876160,67095440
66887876160,67095441
66887876160,67095442
66887876160,67095443
66887876160,67095444
66887876160,67095445
66887876160,67095446
66887876160,67095447
66887876160,67095448
66887876160,67095449
66887876160,67095451
66887876160,67095452
66887876160,67095453
66887876160,67095454
66887876160,67095456
66887876160,67095457
66887876160,67095458
66887876160,67095459
66887876160,67095460
66887876160,67095462
66887876160,67095463
66887876160,67095464
66887876160,67095465
66887876160,67095466
66887876160,67095467
66887876160,67095468
66887876160,67095469
66887876160,67095470
66887876160,67095471
66887876160,67095472
66887876160,67095473
66887876160,67095474
66887876160,67095475
66887876160,67095476
66887876160,67095477
66887876160,67095478
66887876160,67095479
66887876160,67095481
66887876160,67095482
66887876160,67095484
66887876160,67095485
66887876160,67095486
66887876160,67095487
66887876160,67095488
66887876160,67095489
66887876160,67095490
66887876160,67095491
66887876160,67095493
66887876160,67095496
66887876160,67095497
66887876160,67095498
66887876160,67095499
66887876160,67095500
66887876160,67095501
66887876160,67095502
66887876160,67095503
66887876160,67095506
66887876160,67095507
66887876160,67095508
66887876160,67095510
66887876160,67095511
66887876160,67095512
66887876160,67095513
66887876160,67095514
66887876160,67095515
66887876160,67095516
66887876160,67095517
66887876160,67095522
66887876160,67095525
66887876160,67095526
66887876160,67095527
66887876160,67095529
66887876160,67095530
66887876160,67095531
66887876160,67095532
66887876160,67095533
66887876160,67095534
66887876160,67095535
66887876160,67095536
66887876160,67095537
66887876160,67095538
66887876160,67095539
66887876160,67095540
66887876160,67095541
66887876160,67095542
66887876160,67095543
66887876160,67095544
66887876160,67095545
66887876160,67095546
66887876160,67095547
66887876160,67095548
66887876160,67095549
66887876160,67095551
66887876160,67095552
66887876160,67095553
66887876160,67095554
66887876160,67095555
66887876160,67095557
66887876160,67095558
66887876160,67095559
66887876160,67095560
66887876160,67095561
66887876160,67095562
66887876160,67095563
66887876160,67095564
66887876160,67095565
66887876160,67095566
66887876160,67095567
66887876160,67095568
66887876160,67095570
66887876160,67095571
66887876160,67095573
66887876160,67095575
66887876160,67095576
66887876160,67095578
66887876160,67095579
66887876160,67095580
66887876160,67095581
66887876160,67095582
66887876160,67095583
66887876160,67095584
66887876160,67095585
66887876160,67095586
66887876160,67095588
66887876160,67095590
66887876160,67095591
66887876160,67095592
66887876160,67095593
66887876160,67095594
66887876160,67095596
66887876160,67095597
66887876160,67095598
66887876160,67095599
66887876160,67095600
66887876160,67095601
66887876160,67095602
66887876160,67095603
66887876160,67095604
66887876160,67095605
66887876160,67095607
66887876160,67095611
66887876160,67095612
66887876160,67095613
66887876160,67095614
66887876160,67095615
66887876160,67095616
66887876160,67095620
66887876160,67095621
66887876160,67095622
66887876160,67095623
66887876160,67095624
66887876160,67095626
66887876160,67095627
66887876160,67095630
66887876160,67095631
66887876160,67095632
66887876160,67095633
66887876160,67095634
66887876160,67095636
66887876160,67095638
66887876160,67095639
66887876160,67095640
66887876160,67095641
66887876160,67095642
66887876160,67095644
66887876160,67095645
66887876160,67095647
66887876160,67095648
66887876160,67095650
66887876160,67095651
66887876160,67095652
66887876160,67095654
66887876160,67095655
66887876160,67095656
66887876160,67095657
66887876160,67095658
66887876160,67095660
66887876160,67095661
66887876160,67095662
66887876160,67095663
66887876160,67095664
66887876160,67095665
66887876160,67095666
66887876160,67095667
66887876160,67095668
66887876160,67095670
66887876160,67095671
66887876160,67095672
66887876160,67095673
66887876160,67095674
66887876160,67095676
66887876160,67095677
66887876160,67095678
66887876160,67095679
66887876160,67095681
66887876160,67095682
66887876160,67095683
66887876160,67095684
66887876160,67095685
66887876160,67095686
66887876160,67095687
66887876160,67095688
66887876160,67095691
66887876160,67095693
66887876160,67095694
66887876160,67095695
66887876160,67095696
66887876160,67095697
66887876160,67095698
66887876160,67095699
66887876160,67095700
66887876160,67095703
66887876160,67095704
66887876160,67095705
66887876160,67095706
66887876160,67095707
66887876160,67095708
66887876160,67095711
66887876160,67095713
66887876160,67095714
66887876160,67095715
66887876160,67096133
66887876160,67096135
66887876160,67096136
66887876160,67096137
66887876160,67096138
66887876160,67096139
66887876160,67096140
66887876160,67096141
66887876160,67096142
66887876160,67096143
66887876160,67096144
66887876160,67096145
66887876160,67096146
66887876160,67096147
66887876160,67096148
66887876160,67096149
66887876160,67096150
66887876160,67096152
66887876160,67096153
66887876160,67096154
66887876160,67096155
66887876160,67096156
66887876160,67096157
66887876160,67096158
66887876160,67096159
66887876160,67096160
66887876160,67096161
66887876160,67096162
66887876160,67096163
66887876160,67096164
66887876160,67096165
66887876160,67096166
66887876160,67096167
66887876160,67096168
66887876160,67096169
66887876160,67096170
66887876160,67096171
66887876160,67096172
66887876160,67096173
66887876160,67096174
66887876160,67096175
66887876160,67096176
66887876160,67096177
66887876160,67096178
66887876160,67096179
66887876160,67096180
66887876160,67096181
66887876160,67096182
66887876160,67096183
66887876160,67096184
66887876160,67096185
66887876160,67096186
66887876160,67096187
66887876160,67096188
66887876160,67096189
66887876160,67096190
66887876160,67096191
66887876160,67096192
66887876160,67096193
66887876160,67096194
66887876160,67096195
66887876160,67096196
66887876160,67096197
66887876160,67096198
66887876160,67096199
66887876160,67096200
66887876160,67096201
66887876160,67096202
66887876160,67096203
66887876160,67096204
66887876160,67096205
66887876160,67096206
66887876160,67096207
66887876160,67096208
66887876160,67096209
66887876160,67096210
66887876160,67096211
66887876160,67096212
66887876160,67096213
66887876160,67096214
66887876160,67096215
66887876160,67096216
66887876160,67096217
66887876160,67096218
66887876160,67096219
66887876160,67096220
66887876160,67096221
66887876160,67096222
66887876160,67096223
66887876160,67096224
66887876160,67096225
66887876160,67096226
66887876160,67096227
66887876160,67096228
66887876160,67096229
66887876160,67096230
66887876160,67096231
66887876160,67096232
66887876160,67096233
66887876160,67096234
66887876160,67096235
66887876160,67096236
66887876160,67096237
66887876160,67096238
66887876160,67096239
66887876160,67096240
66887876160,67096241
66887876160,67096242
66887876160,67096243
66887876160,67096244
66887876160,67096245
66887876160,67096246
66887876160,67096247
66887876160,67096248
66887876160,67102704
66887876160,67102713
66887876160,67102714
66887876160,67102716
66887876160,67102717
66887876160,67102721
66887876160,67102723
66887876160,67102724
66887876160,67102728
66887876160,67102785
66887876160,67102787
66887876160,67102788
66887876160,67102789
66887876160,67102791
66887876160,67102792
66887876160,67102795
66887876160,67102796
66887876160,67102798
66887876160,67102804
66887876160,67102808
66887876160,67102810
66887876160,67102811
66887876160,67102812
66887876160,67102815
66887876160,67102816
66887876160,67102817
66887876160,67102819
66887876160,67102823
66887876160,67102824
66887876160,67102828
66887876160,67102830
66887876160,67102839
66887876160,67102840
66887876160,67102841
66887876160,67102842
66887876160,67102844
66887876160,67102845
66887876160,67102846
66887876160,67102849
66887876160,67102854
66887876160,67102857
66887876160,67102860
66887876160,67102863
66887876160,67102865
66887876160,67102866
66887876160,67102867
66887876160,67102868
66887876160,67102869
66887876160,67102870
66887876160,67102871
66887876160,67102873
66887876160,67102875
66887876160,67102882
66887876160,67102883
66887876160,67102885
66887876160,67102887
66887876160,67102889
66887876160,67102891
66887876160,67102893
66887876160,67102897
66887876160,67102898
66887876160,67102899
66887876160,67102900
66887876160,67102903
66887876160,67102904
66887876160,67102905
66887876160,67102906
66887876160,67102907
66887876160,67102913
66887876160,67102914
66887876160,67102915
66887876160,67102918
66887876160,67102919
66887876160,67102921
66887876160,67102925
66887876160,67102928
66887876160,67102929
66887876160,67102930
66887876160,67102931
66887876160,67102932
66887876160,67102933
66887876160,67102934
66887876160,67102935
66887876160,67102936
66887876160,67102938
66887876160,67102939
66887876160,67102940
66887876160,67102941
66887876160,67102942
66887876160,67102943
66887876160,67102946
66887876160,67102947
66887876160,67102949
66887876160,67102950
66887876160,67102951
66887876160,67102952
66887876160,67102953
66887876160,67102954
66887876160,67102955
66887876160,67102956
66887876160,67102957
66887876160,67102958
66887876160,67102959
66887876160,67102960
66887876160,67102961
66887876160,67102962
66887876160,67102963
66887876160,67102964
66887876160,67102965
66887876160,67102966
66887876160,67102967
66887876160,67102968
66887876160,67102970
66887876160,67102971
66887876160,67102973
66887876160,67102974
66887876160,67102975
66887876160,67102976
66887876160,67102977
66887876160,67102979
66887876160,67102980
66887876160,67102982
66887876160,67102983
66887876160,67102985
66887876160,67102986
66887876160,67102987
66887876160,67102988
66887876160,67102989
66887876160,67102990
66887876160,67102991
66887876160,67102992
66887876160,67102993
66887876160,67102995
66887876160,67102996
66887876160,67102997
66887876160,67103000
66887876160,67103001
66887876160,67103002
66887876160,67103003
66887876160,67103004
66887876160,67103005
66887876160,67103006
66887876160,67103010
66887876160,67103011
66887876160,67103013
66887876160,67103015
66887876160,67103016
66887876160,67103018
66887876160,67103019
66887876160,67103020
66887876160,67103021
66887876160,67103022
66887876160,67103023
66887876160,67103024
66887876160,67103025
66887876160,67103026
66887876160,67103027
66887876160,67103028
66887876160,67103029
66887876160,67103030
66887876160,67103031
66887876160,67103032
66887876160,67103033
66887876160,67103034
66887876160,67103035
66887876160,67103036
66887876160,67103037
66887876160,67103038
66887876160,67103039
66887876160,67103040
66887876160,67103041
66887876160,67103043
66887876160,67103044
66887876160,67103046
66887876160,67103047
66887876160,67103048
66887876160,67103049
66887876160,67103050
66887876160,67103051
66887876160,67103052
66887876160,67103053
66887876160,67103054
66887876160,67103055
66887876160,67103056
66887876160,67103057
66887876160,67103059
66887876160,67103060
66887876160,67103062
66887876160,67103064
66887876160,67103067
66887876160,67103068
66887876160,67103069
66887876160,67103070
66887876160,67103071
66887876160,67103072
66887876160,67103073
66887876160,67103074
66887876160,67103075
66887876160,67103076
66887876160,67103077
66887876160,67103080
66887876160,67103081
66887876160,67103082
66887876160,67103083
66887876160,67103084
66887876160,67103085
66887876160,67103086
66887876160,67103088
66887876160,67103089
66887876160,67103090
66887876160,67103091
66887876160,67103092
66887876160,67103093
66887876160,67103094
66887876160,67103096
66887876160,67103099
66887876160,67103100
66887876160,67103101
66887876160,67103102
66887876160,67103104
66887876160,67103105
66887876160,67103109
66887876160,67103110
66887876160,67103111
66887876160,67103112
66887876160,67103115
66887876160,67103116
66887876160,67103119
66887876160,67103120
66887876160,67103121
66887876160,67103122
66887876160,67103123
66887876160,67103124
66887876160,67103125
66887876160,67103127
66887876160,67103128
66887876160,67103129
66887876160,67103130
66887876160,67103131
66887876160,67103133
66887876160,67103134
66887876160,67103135
66887876160,67103137
66887876160,67103138
66887876160,67103140
66887876160,67103141
66887876160,67103143
66887876160,67103144
66887876160,67103145
66887876160,67103146
66887876160,67103147
66887876160,67103149
66887876160,67103150
66887876160,67103151
66887876160,67103152
66887876160,67103153
66887876160,67103154
66887876160,67103155
66887876160,67103156
66887876160,67103157
66887876160,67103159
66887876160,67103160
66887876160,67103161
66887876160,67103162
66887876160,67103163
66887876160,67103164
66887876160,67103165
66887876160,67103167
66887876160,67103168
66887876160,67103169
66887876160,67103170
66887876160,67103171
66887876160,67103172
66887876160,67103173
66887876160,67103174
66887876160,67103175
66887876160,67103176
66887876160,67103177
66887876160,67103180
66887876160,67103182
66887876160,67103184
66887876160,67103185
66887876160,67103186
66887876160,67103187
66887876160,67103188
66887876160,67103189
66887876160,67103190
66887876160,67103192
66887876160,67103193
66887876160,67103194
66887876160,67103195
66887876160,67103196
66887876160,67103202
66887876160,67103203
66887876160,67103204
66887876160,67103622
66887876160,67103624
66887876160,67103625
66887876160,67103626
66887876160,67103627
66887876160,67103628
66887876160,67103629
66887876160,67103630
66887876160,67103631
66887876160,67103632
66887876160,67103633
66887876160,67103634
66887876160,67103635
66887876160,67103636
66887876160,67103637
66887876160,67103638
66887876160,67103639
66887876160,67103640
66887876160,67103641
66887876160,67103642
66887876160,67103643
66887876160,67103644
66887876160,67103645
66887876160,67103646
66887876160,67103647
66887876160,67103648
66887876160,67103649
66887876160,67103650
66887876160,67103651
66887876160,67103652
66887876160,67103653
66887876160,67103654
66887876160,67103655
66887876160,67103656
66887876160,67103657
66887876160,67103658
66887876160,67103659
66887876160,67103660
66887876160,67103661
66887876160,67103662
66887876160,67103663
66887876160,67103664
66887876160,67103665
66887876160,67103666
66887876160,67103667
66887876160,67103668
66887876160,67103669
66887876160,67103670
66887876160,67103671
66887876160,67103672
66887876160,67103673
66887876160,67103674
66887876160,67103675
66887876160,67103676
66887876160,67103677
66887876160,67103678
66887876160,67103679
66887876160,67103680
66887876160,67103681
66887876160,67103682
66887876160,67103683
66887876160,67103684
66887876160,67103685
66887876160,67103686
66887876160,67103687
66887876160,67103688
66887876160,67103689
66887876160,67103690
66887876160,67103691
66887876160,67103692
66887876160,67103693
66887876160,67103694
66887876160,67103695
66887876160,67103696
66887876160,67103697
66887876160,67103698
66887876160,67103699
66887876160,67103700
66887876160,67103701
66887876160,67103702
66887876160,67103703
66887876160,67103704
66887876160,67103705
66887876160,67103706
66887876160,67103707
66887876160,67103708
66887876160,67103709
66887876160,67103710
66887876160,67103711
66887876160,67103712
66887876160,67103713
66887876160,67103714
66887876160,67103715
66887876160,67103716
66887876160,67103717
66887876160,67103718
66887876160,67103719
66887876160,67103720
66887876160,67103721
66887876160,67103722
66887876160,67103723
66887876160,67103724
66887876160,67103725
66887876160,67103726
66887876160,67103727
66887876160,67103728
66887876160,67103729
66887876160,67103730
66887876160,67103731
66887876160,67103732
66887876160,67103733
66887876160,67103734
66887876160,67103735
66887876160,67103736
66887876160,67103737
99783552960,131232
99783552960,131235
99783552960,131236
99783552960,131240
99783552960,131241
99783552960,131242
99783552960,131243
99783552960,131245
99783552960,131246
99783552960,131249
99783552960,131250
99783552960,131251
99783552960,131255
99783552960,131256
99783552960,131257
99783552960,131258
99783552960,131260
99783552960,131261
99783552960,67091452
99783552960,67093910
99783552960,67093921
99783552960,67093972
99783552960,67093977
99783552960,67093986
99783552960,67093987
99783552960,67094002
99783552960,67094012
99783552960,67094042
99783552960,67094050
99783552960,67094067
99783552960,67094093
99783552960,67094120
99783552960,67094122
99783552960,67094123
99783552960,67094125
99783552960,67094126
99783552960,67094137
99783552960,67094141
99783552960,67094144
99783552960,67094146
99783552960,67094151
99783552960,67094158
99783552960,67094165
99783552960,67094169
99783552960,67094172
99783552960,67094192
99783552960,67094196
99783552960,67094197
99783552960,67094198
99783552960,67094218
99783552960,67094243
99783552960,67094255
99783552960,67094260
99783552960,67094265
99783552960,67094280
99783552960,67094334
99783552960,67094337
99783552960,67094348
99783552960,67094352
99783552960,67094377
99783552960,67094379
99783552960,67094383
99783552960,67094386
99783552960,67094415
99783552960,67094419
99783552960,67094421
99783552960,67094423
99783552960,67094427
99783552960,67094428
99783552960,67094429
99783552960,67094451
99783552960,67094458
99783552960,67094464
99783552960,67094465
99783552960,67094467
99783552960,67094469
99783552960,67094471
99783552960,67094472
99783552960,67094484
99783552960,67094486
99783552960,67094487
99783552960,67094489
99783552960,67094493
99783552960,67094496
99783552960,67094497
99783552960,67094498
99783552960,67094506
99783552960,67094508
99783552960,67094513
99783552960,67094523
99783552960,67094535
99783552960,67094537
99783552960,67094540
99783552960,67094543
99783552960,67094545
99783552960,67094551
99783552960,67094552
99783552960,67094553
99783552960,67094556
99783552960,67094568
99783552960,67094570
99783552960,67094573
99783552960,67094574
99783552960,67094578
99783552960,67094581
99783552960,67094584
99783552960,67094588
99783552960,67094593
99783552960,67094594
99783552960,67094596
99783552960,67094597
99783552960,67094599
99783552960,67094603
99783552960,67094607
99783552960,67094610
99783552960,67094611
99783552960,67094613
99783552960,67094614
99783552960,67094617
99783552960,67094622
99783552960,67094623
99783552960,67094629
99783552960,67094638
99783552960,67094640
99783552960,67094642
99783552960,67094645
99783552960,67094656
99783552960,67094657
99783552960,67094659
99783552960,67094663
99783552960,67094668
99783552960,67094669
99783552960,67094674
99783552960,67094675
99783552960,67094678
99783552960,67094680
99783552960,67094682
99783552960,67094683
99783552960,67094684
99783552960,67094686
99783552960,67094688
99783552960,67094693
99783552960,67094695
99783552960,67094696
99783552960,67094698
99783552960,67094700
99783552960,67094704
99783552960,67094705
99783552960,67094712
99783552960,67094715
99783552960,67094717
99783552960,67094720
99783552960,67094722
99783552960,67094723
99783552960,67094725
99783552960,67094726
99783552960,67094727
99783552960,67094729
99783552960,67094730
99783552960,67094731
99783552960,67094733
99783552960,67094734
99783552960,67094735
99783552960,67094736
99783552960,67094737
99783552960,67094738
99783552960,67094739
99783552960,67094740
99783552960,67094741
99783552960,67094742
99783552960,67094743
99783552960,67094744
99783552960,67094745
99783552960,67094746
99783552960,67094747
99783552960,67094748
99783552960,67094749
99783552960,67094750
99783552960,67094759
99783552960,67094767
99783552960,67094769
99783552960,67094773
99783552960,67094774
99783552960,67094785
99783552960,67094786
99783552960,67094787
99783552960,67094796
99783552960,67094799
99783552960,67094801
99783552960,67094802
99783552960,67094804
99783552960,67094806
99783552960,67094807
99783552960,67094808
99783552960,67094809
99783552960,67094810
99783552960,67094812
99783552960,67094814
99783552960,67094816
99783552960,67094824
99783552960,67094826
99783552960,67094831
99783552960,67094832
99783552960,67094833
99783552960,67094837
99783552960,67094842
99783552960,67094843
99783552960,67094844
99783552960,67094845
99783552960,67094847
99783552960,67094849
99783552960,67094850
99783552960,67094851
99783552960,67094856
99783552960,67094860
99783552960,67094867
99783552960,67094868
99783552960,67094869
99783552960,67094870
99783552960,67094871
99783552960,67094875
99783552960,67094877
99783552960,67094878
99783552960,67094881
99783552960,67094882
99783552960,67094883
99783552960,67094884
99783552960,67094887
99783552960,67094888
99783552960,67094889
99783552960,67094890
99783552960,67094893
99783552960,67094894
99783552960,67094895
99783552960,67094896
99783552960,67094897
99783552960,67094898
99783552960,67094902
99783552960,67094905
99783552960,67094907
99783552960,67094914
99783552960,67094917
99783552960,67094919
99783552960,67094921
99783552960,67094924
99783552960,67094925
99783552960,67094926
99783552960,67094929
99783552960,67094932
99783552960,67094936
99783552960,67094937
99783552960,67094938
99783552960,67094941
99783552960,67094958
99783552960,67094962
99783552960,67094967
99783552960,67094971
99783552960,67094972
99783552960,67094973
99783552960,67094974
99783552960,67094978
99783552960,67094980
99783552960,67094981
99783552960,67094982
99783552960,67094983
99783552960,67094984
99783552960,67094986
99783552960,67094990
99783552960,67094991
99783552960,67094992
99783552960,67094994
99783552960,67094995
99783552960,67095000
99783552960,67095004
99783552960,67095011
99783552960,67095014
99783552960,67095015
99783552960,67095017
99783552960,67095035
99783552960,67095037
99783552960,67095042
99783552960,67095044
99783552960,67095045
99783552960,67095047
99783552960,67095049
99783552960,67095060
99783552960,67095062
99783552960,67095066
99783552960,67095073
99783552960,67095079
99783552960,67095084
99783552960,67095087
99783552960,67095090
99783552960,67095094
99783552960,67095101
99783552960,67095107
99783552960,67095110
99783552960,67095112
99783552960,67095113
99783552960,67095114
99783552960,67095118
99783552960,67095119
99783552960,67095120
99783552960,67095121
99783552960,67095127
99783552960,67095128
99783552960,67095130
99783552960,67095131
99783552960,67095132
99783552960,67095133
99783552960,67095136
99783552960,67095139
99783552960,67095144
99783552960,67095146
99783552960,67095148
99783552960,67095150
99783552960,67095151
99783552960,67095154
99783552960,67095156
99783552960,67095158
99783552960,67095168
99783552960,67095175
99783552960,67095176
99783552960,67095177
99783552960,67095179
99783552960,67095181
99783552960,67095182
99783552960,67095184
99783552960,67095188
99783552960,67095189
99783552960,67095367
99783552960,67095737
99783552960,67096541
99783552960,67097413
99783552960,67097422
99783552960,67099263
99783552960,67101399
99783552960,67101410
99783552960,67101461
99783552960,67101466
99783552960,67101467
99783552960,67101474
99783552960,67101475
99783552960,67101476
99783552960,67101491
99783552960,67101532
99783552960,67101539
99783552960,67101556
99783552960,67101582
99783552960,67101609
99783552960,67101611
99783552960,67101612
99783552960,67101615
99783552960,67101626
99783552960,67101630
99783552960,67101633
99783552960,67101636
99783552960,67101640
99783552960,67101647
99783552960,67101658
99783552960,67101661
99783552960,67101681
99783552960,67101685
99783552960,67101687
99783552960,67101688
99783552960,67101707
99783552960,67101733
99783552960,67101744
99783552960,67101749
99783552960,67101754
99783552960,67101769
99783552960,67101823
99783552960,67101827
99783552960,67101837
99783552960,67101865
99783552960,67101868
99783552960,67101872
99783552960,67101875
99783552960,67101898
99783552960,67101904
99783552960,67101908
99783552960,67101910
99783552960,67101912
99783552960,67101917
99783552960,67101918
99783552960,67101940
99783552960,67101947
99783552960,67101953
99783552960,67101954
99783552960,67101957
99783552960,67101958
99783552960,67101961
99783552960,67101973
99783552960,67101975
99783552960,67101976
99783552960,67101979
99783552960,67101982
99783552960,67101985
99783552960,67101986
99783552960,67101987
99783552960,67101995
99783552960,67102002
99783552960,67102013
99783552960,67102024
99783552960,67102027
99783552960,67102030
99783552960,67102033
99783552960,67102035
99783552960,67102040
99783552960,67102042
99783552960,67102043
99783552960,67102045
99783552960,67102054
99783552960,67102057
99783552960,67102059
99783552960,67102062
99783552960,67102063
99783552960,67102064
99783552960,67102067
99783552960,67102071
99783552960,67102074
99783552960,67102078
99783552960,67102082
99783552960,67102083
99783552960,67102086
99783552960,67102087
99783552960,67102088
99783552960,67102093
99783552960,67102097
99783552960,67102099
99783552960,67102100
99783552960,67102102
99783552960,67102103
99783552960,67102106
99783552960,67102112
99783552960,67102118
99783552960,67102127
99783552960,67102129
99783552960,67102132
99783552960,67102134
99783552960,67102145
99783552960,67102146
99783552960,67102148
99783552960,67102152
99783552960,67102157
99783552960,67102158
99783552960,67102159
99783552960,67102163
99783552960,67102165
99783552960,67102167
99783552960,67102170
99783552960,67102171
99783552960,67102172
99783552960,67102173
99783552960,67102175
99783552960,67102178
99783552960,67102183
99783552960,67102184
99783552960,67102185
99783552960,67102187
99783552960,67102189
99783552960,67102193
99783552960,67102194
99783552960,67102201
99783552960,67102206
99783552960,67102209
99783552960,67102211
99783552960,67102212
99783552960,67102214
99783552960,67102215
99783552960,67102216
99783552960,67102218
99783552960,67102219
99783552960,67102220
99783552960,67102222
99783552960,67102223
99783552960,67102224
99783552960,67102225
99783552960,67102226
99783552960,67102227
99783552960,67102228
99783552960,67102229
99783552960,67102230
99783552960,67102231
99783552960,67102232
99783552960,67102233
99783552960,67102235
99783552960,67102236
99783552960,67102237
99783552960,67102238
99783552960,67102239
99783552960,67102256
99783552960,67102262
99783552960,67102263
99783552960,67102264
99783552960,67102274
99783552960,67102275
99783552960,67102276
99783552960,67102285
99783552960,67102288
99783552960,67102290
99783552960,67102291
99783552960,67102293
99783552960,67102296
99783552960,67102298
99783552960,67102299
99783552960,67102302
99783552960,67102303
99783552960,67102305
99783552960,67102313
99783552960,67102315
99783552960,67102320
99783552960,67102321
99783552960,67102322
99783552960,67102323
99783552960,67102326
99783552960,67102329
99783552960,67102331
99783552960,67102333
99783552960,67102334
99783552960,67102337
99783552960,67102338
99783552960,67102339
99783552960,67102340
99783552960,67102345
99783552960,67102349
99783552960,67102356
99783552960,67102357
99783552960,67102358
99783552960,67102360
99783552960,67102361
99783552960,67102364
99783552960,67102366
99783552960,67102367
99783552960,67102370
99783552960,67102371
99783552960,67102372
99783552960,67102373
99783552960,67102377
99783552960,67102378
99783552960,67102380
99783552960,67102382
99783552960,67102383
99783552960,67102384
99783552960,67102386
99783552960,67102388
99783552960,67102391
99783552960,67102392
99783552960,67102394
99783552960,67102396
99783552960,67102403
99783552960,67102406
99783552960,67102408
99783552960,67102410
99783552960,67102413
99783552960,67102415
99783552960,67102418
99783552960,67102421
99783552960,67102425
99783552960,67102426
99783552960,67102428
99783552960,67102430
99783552960,67102446
99783552960,67102447
99783552960,67102456
99783552960,67102460
99783552960,67102462
99783552960,67102463
99783552960,67102468
99783552960,67102469
99783552960,67102470
99783552960,67102471
99783552960,67102472
99783552960,67102474
99783552960,67102475
99783552960,67102479
99783552960,67102480
99783552960,67102481
99783552960,67102483
99783552960,67102484
99783552960,67102489
99783552960,67102490
99783552960,67102493
99783552960,67102500
99783552960,67102503
99783552960,67102505
99783552960,67102506
99783552960,67102524
99783552960,67102525
99783552960,67102526
99783552960,67102531
99783552960,67102533
99783552960,67102534
99783552960,67102536
99783552960,67102538
99783552960,67102539
99783552960,67102551
99783552960,67102552
99783552960,67102555
99783552960,67102562
99783552960,67102568
99783552960,67102573
99783552960,67102576
99783552960,67102579
99783552960,67102580
99783552960,67102584
99783552960,67102590
99783552960,67102591
99783552960,67102596
99783552960,67102599
99783552960,67102601
99783552960,67102603
99783552960,67102607
99783552960,67102609
99783552960,67102610
99783552960,67102616
99783552960,67102617
99783552960,67102618
99783552960,67102620
99783552960,67102621
99783552960,67102622
99783552960,67102624
99783552960,67102625
99783552960,67102628
99783552960,67102633
99783552960,67102634
99783552960,67102635
99783552960,67102636
99783552960,67102637
99783552960,67102640
99783552960,67102644
99783552960,67102645
99783552960,67102657
99783552960,67102664
99783552960,67102665
99783552960,67102666
99783552960,67102668
99783552960,67102670
99783552960,67102671
99783552960,67102673
99783552960,67102678
99783552960,67102856
99783552960,67103226
99783552960,67104030
99783552960,67104902
99783552960,67104903
99783552960,67104911
99783552960,67106752
