1379256614,67100550
1379256614,67100551
1379256614,67100552
1379256614,67100553
1379256614,67100554
1379256614,67100959
1379256614,67104954
42756955034,131245
42756955034,131246
42756955034,131253
42756955034,67099992
42756955034,67100987
42756955034,67101009
42756955034,67101011
42756955034,67101017
42756955034,67101020
42756955034,67101028
42756955034,67101040
42756955034,67101046
42756955034,67101058
42756955034,67101066
42756955034,67101092
42756955034,67101093
42756955034,67101108
42756955034,67101114
42756955034,67101116
42756955034,67101144
42756955034,67101151
42756955034,67101160
42756955034,67101175
42756955034,67101177
42756955034,67101190
42756955034,67101200
42756955034,67101212
42756955034,67101240
42756955034,67101249
42756955034,67101250
42756955034,67101278
42756955034,67101283
42756955034,67101296
42756955034,67101321
42756955034,67101345
42756955034,67101367
42756955034,67101368
42756955034,67101381
42756955034,67101392
42756955034,67101409
42756955034,67101422
42756955034,67101426
42756955034,67104982
42756955034,67105004
42756955034,67105011
42756955034,67105015
42756955034,67105023
42756955034,67105035
42756955034,67105041
42756955034,67105053
42756955034,67105060
42756955034,67105087
42756955034,67105103
42756955034,67105109
42756955034,67105110
42756955034,67105121
42756955034,67105139
42756955034,67105146
42756955034,67105155
42756955034,67105169
42756955034,67105170
42756955034,67105185
42756955034,67105195
42756955034,67105203
42756955034,67105244
42756955034,67105245
42756955034,67105275
42756955034,67105278
42756955034,67105287
42756955034,67105315
42756955034,67105316
42756955034,67105362
42756955034,67105363
42756955034,67105376
42756955034,67105387
42756955034,67105404
42756955034,67105420
42756955034,67105424
42756955034,67108667
