1379256614,67100550
1379256614,67100551
1379256614,67100552
1379256614,67100553
1379256614,67100554
1379256614,67100959
1379256614,67104954
42756955034,131245
42756955034,131246
42756955034,131253
42756955034,67099992
42756955034,67100960
42756955034,67100969
42756955034,67100972
42756955034,67100977
42756955034,67100979
42756955034,67100982
42756955034,67100983
42756955034,67100985
42756955034,67100986
42756955034,67100987
42756955034,67100988
42756955034,67100996
42756955034,67100997
42756955034,67101001
42756955034,67101006
42756955034,67101008
42756955034,67101009
42756955034,67101011
42756955034,67101013
42756955034,67101014
42756955034,67101015
42756955034,67101017
42756955034,67101020
42756955034,67101028
42756955034,67101034
42756955034,67101038
42756955034,67101039
42756955034,67101040
42756955034,67101046
42756955034,67101056
42756955034,67101058
42756955034,67101063
42756955034,67101066
42756955034,67101078
42756955034,67101089
42756955034,67101092
42756955034,67101093
42756955034,67101094
42756955034,67101096
42756955034,67101100
42756955034,67101107
42756955034,67101108
42756955034,67101109
42756955034,67101114
42756955034,67101115
42756955034,67101116
42756955034,67101117
42756955034,67101122
42756955034,67101126
42756955034,67101127
42756955034,67101128
42756955034,67101132
42756955034,67101135
42756955034,67101136
42756955034,67101143
42756955034,67101144
42756955034,67101145
42756955034,67101146
42756955034,67101149
42756955034,67101151
42756955034,67101156
42756955034,67101159
42756955034,67101160
42756955034,67101161
42756955034,67101162
42756955034,67101163
42756955034,67101167
42756955034,67101169
42756955034,67101170
42756955034,67101174
42756955034,67101175
42756955034,67101177
42756955034,67101181
42756955034,67101186
42756955034,67101188
42756955034,67101190
42756955034,67101191
42756955034,67101193
42756955034,67101194
42756955034,67101200
42756955034,67101201
42756955034,67101204
42756955034,67101209
42756955034,67101212
42756955034,67101218
42756955034,67101221
42756955034,67101223
42756955034,67101228
42756955034,67101234
42756955034,67101237
42756955034,67101240
42756955034,67101244
42756955034,67101246
42756955034,67101247
42756955034,67101248
42756955034,67101249
42756955034,67101250
42756955034,67101253
42756955034,67101254
42756955034,67101256
42756955034,67101259
42756955034,67101260
42756955034,67101264
42756955034,67101266
42756955034,67101270
42756955034,67101278
42756955034,67101279
42756955034,67101280
42756955034,67101281
42756955034,67101283
42756955034,67101291
42756955034,67101292
42756955034,67101293
42756955034,67101295
42756955034,67101296
42756955034,67101302
42756955034,67101303
42756955034,67101304
42756955034,67101308
42756955034,67101313
42756955034,67101321
42756955034,67101322
42756955034,67101325
42756955034,67101326
42756955034,67101329
42756955034,67101333
42756955034,67101334
42756955034,67101336
42756955034,67101337
42756955034,67101338
42756955034,67101340
42756955034,67101345
42756955034,67101355
42756955034,67101359
42756955034,67101361
42756955034,67101362
42756955034,67101367
42756955034,67101368
42756955034,67101374
42756955034,67101375
42756955034,67101376
42756955034,67101379
42756955034,67101381
42756955034,67101382
42756955034,67101386
42756955034,67101392
42756955034,67101393
42756955034,67101395
42756955034,67101398
42756955034,67101400
42756955034,67101401
42756955034,67101409
42756955034,67101410
42756955034,67101411
42756955034,67101415
42756955034,67101419
42756955034,67101420
42756955034,67101422
42756955034,67101423
42756955034,67101424
42756955034,67101425
42756955034,67101426
42756955034,67101429
42756955034,67101430
42756955034,67104955
42756955034,67104966
42756955034,67104967
42756955034,67104972
42756955034,67104974
42756955034,67104977
42756955034,67104978
42756955034,67104980
42756955034,67104981
42756955034,67104982
42756955034,67104983
42756955034,67104991
42756955034,67104992
42756955034,67104995
42756955034,67104996
42756955034,67105001
42756955034,67105003
42756955034,67105004
42756955034,67105006
42756955034,67105008
42756955034,67105010
42756955034,67105011
42756955034,67105015
42756955034,67105023
42756955034,67105029
42756955034,67105033
42756955034,67105034
42756955034,67105035
42756955034,67105039
42756955034,67105041
42756955034,67105051
42756955034,67105053
42756955034,67105058
42756955034,67105060
42756955034,67105061
42756955034,67105084
42756955034,67105086
42756955034,67105087
42756955034,67105088
42756955034,67105089
42756955034,67105091
42756955034,67105092
42756955034,67105095
42756955034,67105102
42756955034,67105103
42756955034,67105104
42756955034,67105109
42756955034,67105110
42756955034,67105111
42756955034,67105112
42756955034,67105115
42756955034,67105117
42756955034,67105118
42756955034,67105121
42756955034,67105127
42756955034,67105130
42756955034,67105131
42756955034,67105137
42756955034,67105138
42756955034,67105139
42756955034,67105141
42756955034,67105144
42756955034,67105146
42756955034,67105151
42756955034,67105154
42756955034,67105155
42756955034,67105156
42756955034,67105157
42756955034,67105158
42756955034,67105164
42756955034,67105165
42756955034,67105166
42756955034,67105168
42756955034,67105169
42756955034,67105170
42756955034,67105171
42756955034,67105172
42756955034,67105176
42756955034,67105181
42756955034,67105182
42756955034,67105185
42756955034,67105187
42756955034,67105189
42756955034,67105193
42756955034,67105195
42756955034,67105196
42756955034,67105199
42756955034,67105203
42756955034,67105206
42756955034,67105207
42756955034,67105210
42756955034,67105212
42756955034,67105214
42756955034,67105216
42756955034,67105218
42756955034,67105223
42756955034,67105228
42756955034,67105234
42756955034,67105235
42756955034,67105239
42756955034,67105241
42756955034,67105242
42756955034,67105243
42756955034,67105244
42756955034,67105245
42756955034,67105248
42756955034,67105251
42756955034,67105252
42756955034,67105254
42756955034,67105255
42756955034,67105259
42756955034,67105261
42756955034,67105265
42756955034,67105273
42756955034,67105274
42756955034,67105275
42756955034,67105277
42756955034,67105278
42756955034,67105285
42756955034,67105287
42756955034,67105288
42756955034,67105291
42756955034,67105298
42756955034,67105299
42756955034,67105302
42756955034,67105315
42756955034,67105316
42756955034,67105317
42756955034,67105320
42756955034,67105321
42756955034,67105328
42756955034,67105331
42756955034,67105333
42756955034,67105334
42756955034,67105335
42756955034,67105336
42756955034,67105340
42756955034,67105350
42756955034,67105354
42756955034,67105357
42756955034,67105361
42756955034,67105362
42756955034,67105363
42756955034,67105366
42756955034,67105369
42756955034,67105371
42756955034,67105374
42756955034,67105376
42756955034,67105377
42756955034,67105381
42756955034,67105382
42756955034,67105387
42756955034,67105388
42756955034,67105390
42756955034,67105393
42756955034,67105395
42756955034,67105401
42756955034,67105404
42756955034,67105406
42756955034,67105410
42756955034,67105414
42756955034,67105415
42756955034,67105416
42756955034,67105417
42756955034,67105418
42756955034,67105420
42756955034,67105421
42756955034,67105424
42756955034,67108667
42756955034,67108790
42756955034,67108791
42756955034,67108793
