902036450,67093288
902036450,67093289
902036450,67093290
902036450,67093291
902036450,67093292
902036450,67093293
902036450,67093294
902036450,67093295
902036450,67093296
902036450,67093297
902036450,67093298
902036450,67093299
902036450,67093300
902036450,67093301
902036450,67093302
902036450,67093303
902036450,67093304
902036450,67093305
902036450,67093306
902036450,67093307
902036450,67093308
902036450,67093309
902036450,67093310
902036450,67093311
902036450,67093313
902036450,67093314
902036450,67093315
902036450,67093316
902036450,67093317
902036450,67093318
902036450,67093319
902036450,67093320
902036450,67093321
902036450,67093322
902036450,67093323
902036450,67093324
902036450,67093325
902036450,67093326
902036450,67093327
902036450,67093328
902036450,67093329
902036450,67093330
902036450,67093331
902036450,67093332
902036450,67093333
902036450,67093334
902036450,67093335
902036450,67093336
902036450,67093337
902036450,67093338
902036450,67093339
902036450,67093340
902036450,67093341
902036450,67093342
902036450,67093343
902036450,67093344
902036450,67093345
902036450,67093346
902036450,67093347
902036450,67093348
902036450,67093349
902036450,67093350
902036450,67093351
902036450,67093352
902036450,67093353
902036450,67093354
902036450,67093355
902036450,67093356
902036450,67093357
902036450,67093361
902036450,67093370
902036450,67093372
902036450,67093373
902036450,67093375
902036450,67093382
902036450,67093391
902036450,67093397
902036450,67093401
902036450,67093402
902036450,67093403
902036450,67093405
902036450,67093406
902036450,67093407
902036450,67093408
902036450,67093409
902036450,67093410
902036450,67093411
902036450,67093413
902036450,67093415
902036450,67093416
902036450,67093417
902036450,67093418
902036450,67093422
902036450,67093423
902036450,67093424
902036450,67093425
902036450,67093426
902036450,67093428
902036450,67093433
902036450,67093436
902036450,67093438
902036450,67093439
902036450,67093440
902036450,67093442
902036450,67093443
902036450,67093444
902036450,67093446
902036450,67093451
902036450,67093455
902036450,67093457
902036450,67093458
902036450,67093459
902036450,67093460
902036450,67093461
902036450,67093464
902036450,67093465
902036450,67093467
902036450,67093469
902036450,67093471
902036450,67093472
902036450,67093473
902036450,67093474
902036450,67093475
902036450,67093477
902036450,67093478
902036450,67093480
902036450,67093483
902036450,67093485
902036450,67093487
902036450,67093488
902036450,67093490
902036450,67093491
902036450,67093492
902036450,67093493
902036450,67093494
902036450,67093495
902036450,67093496
902036450,67093499
902036450,67093500
902036450,67093501
902036450,67093504
902036450,67093505
902036450,67093513
902036450,67093516
902036450,67093517
902036450,67093518
902036450,67093519
902036450,67093522
902036450,67093523
902036450,67093524
902036450,67093526
902036450,67093530
902036450,67093531
902036450,67093532
902036450,67093534
902036450,67093535
902036450,67093536
902036450,67093540
902036450,67093541
902036450,67093545
902036450,67093548
902036450,67093549
902036450,67093550
902036450,67093552
902036450,67093553
902036450,67093554
902036450,67093555
902036450,67093556
902036450,67093558
902036450,67093559
902036450,67093560
902036450,67093561
902036450,67093562
902036450,67093563
902036450,67093565
902036450,67093566
902036450,67093567
902036450,67093568
902036450,67093570
902036450,67093573
902036450,67093574
902036450,67093575
902036450,67093576
902036450,67093581
902036450,67093584
902036450,67093585
902036450,67093586
902036450,67093587
902036450,67093589
902036450,67093591
902036450,67093594
902036450,67093595
902036450,67093597
902036450,67093598
902036450,67093599
902036450,67093601
902036450,67093602
902036450,67093603
902036450,67093607
902036450,67093610
902036450,67093612
902036450,67093613
902036450,67093614
902036450,67093615
902036450,67093616
902036450,67093617
902036450,67093618
902036450,67093619
902036450,67093621
902036450,67093622
902036450,67093623
902036450,67093624
902036450,67093626
902036450,67093629
902036450,67093634
902036450,67093636
902036450,67093637
902036450,67093638
902036450,67093639
902036450,67093640
902036450,67093649
902036450,67095395
902036450,67102786
27963129950,131227
27963129950,131231
27963129950,131234
27963129950,131249
27963129950,67090118
27963129950,67093690
27963129950,67093726
27963129950,67093742
27963129950,67093950
27963129950,67093951
27963129950,67093960
27963129950,67093989
27963129950,67093993
27963129950,67093997
27963129950,67094087
27963129950,67094097
27963129950,67094494
27963129950,67094509
27963129950,67094510
27963129950,67094626
27963129950,67094630
27963129950,67094656
27963129950,67094660
27963129950,67094699
27963129950,67094831
27963129950,67094841
27963129950,67095033
27963129950,67095680
27963129950,67095782
27963129950,67095830
27963129950,67095880
27963129950,67095968
27963129950,67095975
27963129950,67096009
27963129950,67096066
27963129950,67096067
27963129950,67096074
27963129950,67096134
27963129950,67096158
27963129950,67096165
27963129950,67096264
27963129950,67096269
27963129950,67096379
27963129950,67096452
27963129950,67096524
27963129950,67096615
27963129950,67096650
27963129950,67096681
27963129950,67096735
27963129950,67096795
27963129950,67096895
27963129950,67096901
27963129950,67096990
27963129950,67097008
27963129950,67097111
27963129950,67097141
27963129950,67097155
27963129950,67097158
27963129950,67097179
27963129950,67097187
27963129950,67097225
27963129950,67097233
27963129950,67097235
27963129950,67097257
27963129950,67097375
27963129950,67097385
27963129950,67097456
27963129950,67097545
27963129950,67097640
27963129950,67097705
27963129950,67097808
27963129950,67097847
27963129950,67097866
27963129950,67097909
27963129950,67097934
27963129950,67097977
27963129950,67098006
27963129950,67098062
27963129950,67098109
27963129950,67098204
27963129950,67098273
27963129950,67098359
27963129950,67098371
27963129950,67098420
27963129950,67098467
27963129950,67098536
27963129950,67098683
27963129950,67098698
27963129950,67098705
27963129950,67098844
27963129950,67098916
27963129950,67098987
27963129950,67098993
27963129950,67099076
27963129950,67099141
27963129950,67099222
27963129950,67099298
27963129950,67099299
27963129950,67099455
27963129950,67099468
27963129950,67099599
27963129950,67099613
27963129950,67099856
27963129950,67099935
27963129950,67099999
27963129950,67100012
27963129950,67100079
27963129950,67100165
27963129950,67100284
27963129950,67100305
27963129950,67100346
27963129950,67100394
27963129950,67100447
27963129950,67100512
27963129950,67100514
27963129950,67100519
27963129950,67100523
27963129950,67100525
27963129950,67100534
27963129950,67100536
27963129950,67100546
27963129950,67100556
27963129950,67100558
27963129950,67100559
27963129950,67100562
27963129950,67100564
27963129950,67100565
27963129950,67100567
27963129950,67100568
27963129950,67100573
27963129950,67100574
27963129950,67100580
27963129950,67100582
27963129950,67100591
27963129950,67100594
27963129950,67100600
27963129950,67100604
27963129950,67100605
27963129950,67100606
27963129950,67100607
27963129950,67100608
27963129950,67100616
27963129950,67100623
27963129950,67100624
27963129950,67100632
27963129950,67100634
27963129950,67100637
27963129950,67100641
27963129950,67100642
27963129950,67100643
27963129950,67100644
27963129950,67100646
27963129950,67100647
27963129950,67100653
27963129950,67100655
27963129950,67100657
27963129950,67100659
27963129950,67100661
27963129950,67100662
27963129950,67100665
27963129950,67100666
27963129950,67100668
27963129950,67100670
27963129950,67100671
27963129950,67100673
27963129950,67100674
27963129950,67100675
27963129950,67100677
27963129950,67100680
27963129950,67100681
27963129950,67100682
27963129950,67100683
27963129950,67100686
27963129950,67100688
27963129950,67100691
27963129950,67100692
27963129950,67100693
27963129950,67100695
27963129950,67100697
27963129950,67100700
27963129950,67100701
27963129950,67100702
27963129950,67100704
27963129950,67100705
27963129950,67100706
27963129950,67100708
27963129950,67100709
27963129950,67100712
27963129950,67100713
27963129950,67100715
27963129950,67100718
27963129950,67100719
27963129950,67100721
27963129950,67100722
27963129950,67100723
27963129950,67100725
27963129950,67100727
27963129950,67100730
27963129950,67100731
27963129950,67100736
27963129950,67100737
27963129950,67100738
27963129950,67100741
27963129950,67100749
27963129950,67100754
27963129950,67100758
27963129950,67100759
27963129950,67100760
27963129950,67100761
27963129950,67100762
27963129950,67100765
27963129950,67100767
27963129950,67100768
27963129950,67100769
27963129950,67100772
27963129950,67100775
27963129950,67100779
27963129950,67100780
27963129950,67100781
27963129950,67100783
27963129950,67100784
27963129950,67100788
27963129950,67100790
27963129950,67100794
27963129950,67100797
27963129950,67100798
27963129950,67100800
27963129950,67100801
27963129950,67100802
27963129950,67100803
27963129950,67100806
27963129950,67100808
27963129950,67100809
27963129950,67100810
27963129950,67100812
27963129950,67100813
27963129950,67100815
27963129950,67100816
27963129950,67100817
27963129950,67100819
27963129950,67100820
27963129950,67100822
27963129950,67100823
27963129950,67100824
27963129950,67100828
27963129950,67100830
27963129950,67100832
27963129950,67100834
27963129950,67100835
27963129950,67100836
27963129950,67100839
27963129950,67100841
27963129950,67100842
27963129950,67100843
27963129950,67100846
27963129950,67100847
27963129950,67100848
27963129950,67100849
27963129950,67100852
27963129950,67100853
27963129950,67100855
27963129950,67100856
27963129950,67100857
27963129950,67100859
27963129950,67100861
27963129950,67100866
27963129950,67100868
27963129950,67100870
27963129950,67100872
27963129950,67100873
27963129950,67100874
27963129950,67100877
27963129950,67100878
27963129950,67100879
27963129950,67100881
27963129950,67100883
27963129950,67100884
27963129950,67100887
27963129950,67100888
27963129950,67100890
27963129950,67100892
27963129950,67100893
27963129950,67100895
27963129950,67100897
27963129950,67100899
27963129950,67100902
27963129950,67100903
27963129950,67100905
27963129950,67100906
27963129950,67100907
27963129950,67100908
27963129950,67100920
27963129950,67100921
27963129950,67100923
27963129950,67100925
27963129950,67100933
27963129950,67100939
27963129950,67100940
27963129950,67100941
27963129950,67100942
27963129950,67100943
27963129950,67100944
27963129950,67100945
27963129950,67100946
27963129950,67100947
27963129950,67100950
27963129950,67100951
27963129950,67100952
27963129950,67100958
27963129950,67100959
27963129950,67100960
27963129950,67100961
27963129950,67100964
27963129950,67100966
27963129950,67100970
27963129950,67100971
27963129950,67100973
27963129950,67100974
27963129950,67100975
27963129950,67100977
27963129950,67100978
27963129950,67100979
27963129950,67100980
27963129950,67100981
27963129950,67100985
27963129950,67100988
27963129950,67100989
27963129950,67100990
27963129950,67100993
27963129950,67100995
27963129950,67100996
27963129950,67100998
27963129950,67100999
27963129950,67101007
27963129950,67101010
27963129950,67101012
27963129950,67101013
27963129950,67101014
27963129950,67101015
27963129950,67101016
27963129950,67101017
27963129950,67101019
27963129950,67101020
27963129950,67101021
27963129950,67101022
27963129950,67101023
27963129950,67101026
27963129950,67101032
27963129950,67101034
27963129950,67101035
27963129950,67101041
27963129950,67101080
27963129950,67101117
27963129950,67101133
27963129950,67101341
27963129950,67101342
27963129950,67101351
27963129950,67101380
27963129950,67101384
27963129950,67101388
27963129950,67101478
27963129950,67101488
27963129950,67101885
27963129950,67101900
27963129950,67101901
27963129950,67102017
27963129950,67102021
27963129950,67102047
27963129950,67102051
27963129950,67102090
27963129950,67102222
27963129950,67102424
27963129950,67103071
27963129950,67103173
27963129950,67103221
27963129950,67103271
27963129950,67103359
27963129950,67103366
27963129950,67103400
27963129950,67103457
27963129950,67103465
27963129950,67103525
27963129950,67103549
27963129950,67103556
27963129950,67103655
27963129950,67103660
27963129950,67103770
27963129950,67103843
27963129950,67103915
27963129950,67104006
27963129950,67104041
27963129950,67104072
27963129950,67104126
27963129950,67104186
27963129950,67104286
27963129950,67104292
27963129950,67104380
27963129950,67104399
27963129950,67104502
27963129950,67104532
27963129950,67104545
27963129950,67104549
27963129950,67104570
27963129950,67104578
27963129950,67104616
27963129950,67104624
27963129950,67104626
27963129950,67104648
27963129950,67104766
27963129950,67104776
27963129950,67104847
27963129950,67104936
27963129950,67105031
27963129950,67105096
27963129950,67105199
27963129950,67105238
27963129950,67105257
27963129950,67105300
27963129950,67105325
27963129950,67105368
27963129950,67105397
27963129950,67105453
27963129950,67105500
27963129950,67105595
27963129950,67105664
27963129950,67105750
27963129950,67105762
27963129950,67105811
27963129950,67105858
27963129950,67105926
27963129950,67106074
27963129950,67106089
27963129950,67106096
27963129950,67106235
27963129950,67106307
27963129950,67106378
27963129950,67106384
27963129950,67106467
27963129950,67106532
27963129950,67106613
27963129950,67106690
27963129950,67106846
27963129950,67106859
27963129950,67106990
27963129950,67107004
27963129950,67107247
27963129950,67107326
27963129950,67107390
27963129950,67107403
27963129950,67107470
27963129950,67107556
27963129950,67107696
27963129950,67107737
27963129950,67107785
27963129950,67107818
27963129950,67107838
27963129950,67107864
27963129950,67107903
27963129950,67107905
27963129950,67107910
27963129950,67107914
27963129950,67107916
27963129950,67107925
27963129950,67107927
27963129950,67107937
27963129950,67107947
27963129950,67107949
27963129950,67107950
27963129950,67107955
27963129950,67107956
27963129950,67107958
27963129950,67107959
27963129950,67107964
27963129950,67107965
27963129950,67107971
27963129950,67107973
27963129950,67107982
27963129950,67107985
27963129950,67107991
27963129950,67107996
27963129950,67107997
27963129950,67107998
27963129950,67107999
27963129950,67108007
27963129950,67108013
27963129950,67108014
27963129950,67108015
27963129950,67108023
27963129950,67108025
27963129950,67108028
27963129950,67108031
27963129950,67108032
27963129950,67108033
27963129950,67108034
27963129950,67108035
27963129950,67108037
27963129950,67108038
27963129950,67108044
27963129950,67108046
27963129950,67108048
27963129950,67108050
27963129950,67108052
27963129950,67108053
27963129950,67108057
27963129950,67108058
27963129950,67108059
27963129950,67108061
27963129950,67108062
27963129950,67108064
27963129950,67108065
27963129950,67108068
27963129950,67108071
27963129950,67108072
27963129950,67108077
27963129950,67108079
27963129950,67108082
27963129950,67108083
27963129950,67108084
27963129950,67108086
27963129950,67108088
27963129950,67108090
27963129950,67108091
27963129950,67108092
27963129950,67108093
27963129950,67108095
27963129950,67108096
27963129950,67108097
27963129950,67108099
27963129950,67108100
27963129950,67108102
27963129950,67108103
27963129950,67108104
27963129950,67108106
27963129950,67108112
27963129950,67108113
27963129950,67108114
27963129950,67108116
27963129950,67108118
27963129950,67108121
27963129950,67108122
27963129950,67108127
27963129950,67108128
27963129950,67108129
27963129950,67108132
27963129950,67108140
27963129950,67108145
27963129950,67108149
27963129950,67108150
27963129950,67108151
27963129950,67108152
27963129950,67108153
27963129950,67108158
27963129950,67108159
27963129950,67108160
27963129950,67108163
27963129950,67108166
27963129950,67108170
27963129950,67108171
27963129950,67108172
27963129950,67108174
27963129950,67108175
27963129950,67108179
27963129950,67108181
27963129950,67108185
27963129950,67108188
27963129950,67108189
27963129950,67108191
27963129950,67108192
27963129950,67108193
27963129950,67108194
27963129950,67108197
27963129950,67108199
27963129950,67108200
27963129950,67108201
27963129950,67108203
27963129950,67108204
27963129950,67108207
27963129950,67108208
27963129950,67108210
27963129950,67108211
27963129950,67108213
27963129950,67108214
27963129950,67108215
27963129950,67108219
27963129950,67108221
27963129950,67108223
27963129950,67108224
27963129950,67108226
27963129950,67108227
27963129950,67108230
27963129950,67108232
27963129950,67108233
27963129950,67108234
27963129950,67108237
27963129950,67108238
27963129950,67108239
27963129950,67108240
27963129950,67108241
27963129950,67108242
27963129950,67108243
27963129950,67108244
27963129950,67108245
27963129950,67108246
27963129950,67108247
27963129950,67108248
27963129950,67108250
27963129950,67108252
27963129950,67108257
27963129950,67108259
27963129950,67108261
27963129950,67108263
27963129950,67108264
27963129950,67108268
27963129950,67108269
27963129950,67108270
27963129950,67108272
27963129950,67108274
27963129950,67108275
27963129950,67108278
27963129950,67108279
27963129950,67108281
27963129950,67108283
27963129950,67108284
27963129950,67108286
27963129950,67108288
27963129950,67108290
27963129950,67108293
27963129950,67108294
27963129950,67108296
27963129950,67108297
27963129950,67108298
27963129950,67108299
27963129950,67108307
27963129950,67108311
27963129950,67108312
27963129950,67108313
27963129950,67108316
27963129950,67108324
27963129950,67108325
27963129950,67108327
27963129950,67108330
27963129950,67108331
27963129950,67108332
27963129950,67108333
27963129950,67108334
27963129950,67108335
27963129950,67108336
27963129950,67108337
27963129950,67108338
27963129950,67108341
27963129950,67108342
27963129950,67108343
27963129950,67108348
27963129950,67108349
27963129950,67108350
27963129950,67108351
27963129950,67108352
27963129950,67108354
27963129950,67108357
27963129950,67108361
27963129950,67108362
27963129950,67108364
27963129950,67108365
27963129950,67108366
27963129950,67108368
27963129950,67108369
27963129950,67108370
27963129950,67108371
27963129950,67108372
27963129950,67108376
27963129950,67108379
27963129950,67108380
27963129950,67108381
27963129950,67108384
27963129950,67108386
27963129950,67108387
27963129950,67108389
27963129950,67108390
27963129950,67108398
27963129950,67108401
27963129950,67108403
27963129950,67108404
27963129950,67108405
27963129950,67108406
27963129950,67108407
27963129950,67108408
27963129950,67108410
27963129950,67108411
27963129950,67108412
27963129950,67108413
27963129950,67108414
27963129950,67108417
27963129950,67108423
27963129950,67108424
27963129950,67108425
27963129950,67108426
27963129950,67108431
27963129950,67108432
27963129950,67108434
27963129950,67108435
27963129950,67108436
27963129950,67108437
27963129950,67108438
27963129950,67108439
27963129950,67108440
27963129950,67108441
27963129950,67108442
27963129950,67108443
27963129950,67108444
27963129950,67108445
27963129950,67108446
27963129950,67108447
27963129950,67108448
27963129950,67108449
27963129950,67108450
27963129950,67108451
27963129950,67108452
27963129950,67108453
27963129950,67108454
27963129950,67108457
27963129950,67108458
27963129950,67108459
27963129950,67108460
27963129950,67108461
27963129950,67108462
27963129950,67108463
27963129950,67108464
27963129950,67108465
27963129950,67108466
27963129950,67108467
27963129950,67108468
27963129950,67108469
27963129950,67108470
27963129950,67108471
27963129950,67108472
27963129950,67108473
27963129950,67108474
27963129950,67108475
27963129950,67108476
27963129950,67108477
27963129950,67108478
27963129950,67108479
27963129950,67108480
27963129950,67108481
27963129950,67108482
27963129950,67108483
27963129950,67108484
27963129950,67108485
27963129950,67108486
27963129950,67108487
27963129950,67108488
27963129950,67108489
27963129950,67108490
27963129950,67108491
27963129950,67108492
27963129950,67108493
27963129950,67108494
27963129950,67108495
27963129950,67108496
27963129950,67108497
27963129950,67108498
27963129950,67108499
27963129950,67108500
27963129950,67108501
27963129950,67108502
27963129950,67108507
27963129950,67108513
27963129950,67108514
27963129950,67108515
27963129950,67108516
27963129950,67108517
27963129950,67108518
27963129950,67108519
27963129950,67108520
27963129950,67108523
27963129950,67108525
27963129950,67108526
27963129950,67108527
27963129950,67108528
27963129950,67108530
27963129950,67108531
27963129950,67108533
27963129950,67108536
27963129950,67108537
27963129950,67108538
27963129950,67108539
27963129950,67108540
27963129950,67108542
27963129950,67108545
27963129950,67108546
27963129950,67108547
27963129950,67108548
27963129950,67108549
27963129950,67108550
27963129950,67108551
27963129950,67108552
27963129950,67108554
27963129950,67108555
27963129950,67108556
27963129950,67108557
27963129950,67108558
27963129950,67108559
27963129950,67108560
27963129950,67108561
27963129950,67108562
27963129950,67108563
27963129950,67108564
27963129950,67108565
27963129950,67108566
27963129950,67108567
27963129950,67108568
27963129950,67108569
27963129950,67108570
27963129950,67108571
27963129950,67108572
27963129950,67108573
27963129950,67108574
27963129950,67108575
27963129950,67108576
27963129950,67108577
27963129950,67108578
27963129950,67108579
27963129950,67108580
27963129950,67108581
27963129950,67108582
27963129950,67108583
27963129950,67108584
27963129950,67108586
27963129950,67108587
27963129950,67108588
27963129950,67108589
27963129950,67108590
27963129950,67108591
27963129950,67108592
27963129950,67108593
27963129950,67108594
27963129950,67108595
27963129950,67108597
27963129950,67108598
27963129950,67108599
27963129950,67108600
27963129950,67108601
27963129950,67108602
27963129950,67108603
27963129950,67108604
27963129950,67108605
27963129950,67108606
27963129950,67108608
27963129950,67108609
27963129950,67108610
27963129950,67108611
27963129950,67108612
27963129950,67108613
27963129950,67108614
27963129950,67108615
27963129950,67108616
27963129950,67108617
27963129950,67108618
27963129950,67108619
27963129950,67108620
27963129950,67108621
27963129950,67108622
27963129950,67108623
27963129950,67108624
27963129950,67108625
27963129950,67108626
27963129950,67108627
27963129950,67108628
27963129950,67108629
27963129950,67108630
27963129950,67108631
27963129950,67108632
27963129950,67108633
27963129950,67108634
27963129950,67108636
27963129950,67108637
27963129950,67108638
27963129950,67108639
27963129950,67108641
27963129950,67108643
27963129950,67108645
27963129950,67108646
27963129950,67108647
27963129950,67108648
27963129950,67108649
27963129950,67108650
27963129950,67108651
27963129950,67108652
27963129950,67108653
27963129950,67108654
27963129950,67108655
27963129950,67108656
27963129950,67108657
27963129950,67108658
27963129950,67108659
27963129950,67108660
27963129950,67108661
27963129950,67108662
27963129950,67108663
27963129950,67108664
27963129950,67108665
27963129950,67108666
27963129950,67108667
27963129950,67108668
27963129950,67108669
27963129950,67108670
27963129950,67108671
27963129950,67108672
27963129950,67108673
27963129950,67108674
27963129950,67108675
27963129950,67108676
27963129950,67108677
27963129950,67108678
27963129950,67108679
27963129950,67108680
27963129950,67108681
27963129950,67108682
27963129950,67108683
27963129950,67108684
27963129950,67108685
27963129950,67108686
27963129950,67108687
27963129950,67108688
27963129950,67108689
27963129950,67108690
27963129950,67108691
27963129950,67108692
27963129950,67108693
27963129950,67108694
27963129950,67108695
27963129950,67108696
27963129950,67108697
27963129950,67108698
27963129950,67108699
27963129950,67108700
27963129950,67108701
27963129950,67108702
27963129950,67108703
27963129950,67108704
27963129950,67108705
27963129950,67108706
27963129950,67108707
27963129950,67108708
27963129950,67108709
27963129950,67108710
27963129950,67108711
27963129950,67108712
27963129950,67108713
27963129950,67108714
27963129950,67108715
27963129950,67108716
27963129950,67108717
27963129950,67108718
27963129950,67108719
27963129950,67108720
27963129950,67108721
27963129950,67108722
27963129950,67108723
27963129950,67108724
27963129950,67108725
27963129950,67108726
27963129950,67108727
27963129950,67108728
27963129950,67108729
27963129950,67108730
27963129950,67108731
27963129950,67108732
27963129950,67108733
27963129950,67108735
27963129950,67108736
27963129950,67108737
27963129950,67108738
27963129950,67108739
27963129950,67108740
27963129950,67108741
27963129950,67108742
27963129950,67108743
27963129950,67108744
27963129950,67108745
27963129950,67108746
27963129950,67108747
27963129950,67108748
27963129950,67108749
27963129950,67108750
27963129950,67108751
27963129950,67108752
27963129950,67108753
27963129950,67108754
27963129950,67108755
27963129950,67108756
27963129950,67108757
27963129950,67108758
27963129950,67108759
27963129950,67108760
27963129950,67108761
27963129950,67108762
27963129950,67108763
27963129950,67108764
27963129950,67108765
27963129950,67108766
27963129950,67108767
27963129950,67108768
27963129950,67108769
27963129950,67108770
27963129950,67108771
27963129950,67108773
27963129950,67108774
27963129950,67108775
27963129950,67108776
27963129950,67108777
27963129950,67108778
27963129950,67108779
27963129950,67108780
27963129950,67108781
27963129950,67108782
27963129950,67108783
27963129950,67108784
27963129950,67108787
27963129950,67108790
27963129950,67108791
27963129950,67108792
27963129950,67108793
27963129950,67108794
55024223450,131242
55024223450,131244
55024223450,131245
55024223450,131246
55024223450,131258
55024223450,131259
55024223450,131260
55024223450,131261
55024223450,67089682
55024223450,67091499
55024223450,67093791
55024223450,67093913
55024223450,67093954
55024223450,67094440
55024223450,67094466
55024223450,67094478
55024223450,67094824
55024223450,67094919
55024223450,67095691
55024223450,67095858
55024223450,67096073
55024223450,67096212
55024223450,67096395
55024223450,67096712
55024223450,67096746
55024223450,67096987
55024223450,67097101
55024223450,67097119
55024223450,67097148
55024223450,67097459
55024223450,67097479
55024223450,67097513
55024223450,67097573
55024223450,67097610
55024223450,67097833
55024223450,67097834
55024223450,67097837
55024223450,67097838
55024223450,67097945
55024223450,67098229
55024223450,67098271
55024223450,67098376
55024223450,67098415
55024223450,67098537
55024223450,67098629
55024223450,67098637
55024223450,67098658
55024223450,67098826
55024223450,67098878
55024223450,67098936
55024223450,67098963
55024223450,67098990
55024223450,67099005
55024223450,67099057
55024223450,67099195
55024223450,67099227
55024223450,67099238
55024223450,67099287
55024223450,67099403
55024223450,67099507
55024223450,67099508
55024223450,67099646
55024223450,67099687
55024223450,67099691
55024223450,67099692
55024223450,67099696
55024223450,67099697
55024223450,67099700
55024223450,67099713
55024223450,67099724
55024223450,67099781
55024223450,67099796
55024223450,67099801
55024223450,67099849
55024223450,67099908
55024223450,67099912
55024223450,67099914
55024223450,67099962
55024223450,67099969
55024223450,67099973
55024223450,67100100
55024223450,67100129
55024223450,67100148
55024223450,67100171
55024223450,67100178
55024223450,67100209
55024223450,67100225
55024223450,67100230
55024223450,67100237
55024223450,67100275
55024223450,67100307
55024223450,67100309
55024223450,67100321
55024223450,67100330
55024223450,67100345
55024223450,67100391
55024223450,67100392
55024223450,67100462
55024223450,67100466
55024223450,67100510
55024223450,67100515
55024223450,67100517
55024223450,67100518
55024223450,67100520
55024223450,67100522
55024223450,67100524
55024223450,67100527
55024223450,67100529
55024223450,67100532
55024223450,67100533
55024223450,67100535
55024223450,67100538
55024223450,67100539
55024223450,67100540
55024223450,67100541
55024223450,67100542
55024223450,67100543
55024223450,67100545
55024223450,67100551
55024223450,67100552
55024223450,67100571
55024223450,67100572
55024223450,67100578
55024223450,67100583
55024223450,67100584
55024223450,67100585
55024223450,67100587
55024223450,67100588
55024223450,67100589
55024223450,67100592
55024223450,67100603
55024223450,67100609
55024223450,67100610
55024223450,67100611
55024223450,67100612
55024223450,67100614
55024223450,67100617
55024223450,67100618
55024223450,67100626
55024223450,67100628
55024223450,67100633
55024223450,67100639
55024223450,67100648
55024223450,67100649
55024223450,67100651
55024223450,67100656
55024223450,67100660
55024223450,67100667
55024223450,67100672
55024223450,67100679
55024223450,67100684
55024223450,67100687
55024223450,67100694
55024223450,67100699
55024223450,67100716
55024223450,67100720
55024223450,67100726
55024223450,67100728
55024223450,67100729
55024223450,67100733
55024223450,67100735
55024223450,67100744
55024223450,67100751
55024223450,67100752
55024223450,67100753
55024223450,67100773
55024223450,67100774
55024223450,67100776
55024223450,67100777
55024223450,67100785
55024223450,67100786
55024223450,67100787
55024223450,67100789
55024223450,67100792
55024223450,67100807
55024223450,67100811
55024223450,67100818
55024223450,67100825
55024223450,67100826
55024223450,67100827
55024223450,67100829
55024223450,67100831
55024223450,67100850
55024223450,67100851
55024223450,67100858
55024223450,67100860
55024223450,67100863
55024223450,67100864
55024223450,67100865
55024223450,67100871
55024223450,67100876
55024223450,67100882
55024223450,67100886
55024223450,67100889
55024223450,67100891
55024223450,67100894
55024223450,67100898
55024223450,67100900
55024223450,67100911
55024223450,67100913
55024223450,67100915
55024223450,67100916
55024223450,67100918
55024223450,67100919
55024223450,67100931
55024223450,67100935
55024223450,67100936
55024223450,67100937
55024223450,67100948
55024223450,67100954
55024223450,67100968
55024223450,67100972
55024223450,67100986
55024223450,67100987
55024223450,67100991
55024223450,67100992
55024223450,67101001
55024223450,67101003
55024223450,67101005
55024223450,67101008
55024223450,67101040
55024223450,67101182
55024223450,67101304
55024223450,67101345
55024223450,67101831
55024223450,67101857
55024223450,67101869
55024223450,67102215
55024223450,67102310
55024223450,67103082
55024223450,67103249
55024223450,67103464
55024223450,67103603
55024223450,67103786
55024223450,67104103
55024223450,67104137
55024223450,67104378
55024223450,67104492
55024223450,67104510
55024223450,67104539
55024223450,67104850
55024223450,67104870
55024223450,67104904
55024223450,67104964
55024223450,67105001
55024223450,67105224
55024223450,67105225
55024223450,67105228
55024223450,67105229
55024223450,67105336
55024223450,67105620
55024223450,67105662
55024223450,67105767
55024223450,67105806
55024223450,67105928
55024223450,67105944
55024223450,67106020
55024223450,67106028
55024223450,67106049
55024223450,67106217
55024223450,67106269
55024223450,67106327
55024223450,67106381
55024223450,67106396
55024223450,67106448
55024223450,67106586
55024223450,67106618
55024223450,67106629
55024223450,67106678
55024223450,67106794
55024223450,67106898
55024223450,67106899
55024223450,67107037
55024223450,67107078
55024223450,67107082
55024223450,67107083
55024223450,67107087
55024223450,67107091
55024223450,67107114
55024223450,67107115
55024223450,67107172
55024223450,67107187
55024223450,67107192
55024223450,67107240
55024223450,67107299
55024223450,67107303
55024223450,67107305
55024223450,67107353
55024223450,67107360
55024223450,67107364
55024223450,67107491
55024223450,67107520
55024223450,67107562
55024223450,67107569
55024223450,67107595
55024223450,67107600
55024223450,67107616
55024223450,67107621
55024223450,67107628
55024223450,67107666
55024223450,67107670
55024223450,67107700
55024223450,67107712
55024223450,67107721
55024223450,67107736
55024223450,67107782
55024223450,67107853
55024223450,67107857
55024223450,67107901
55024223450,67107906
55024223450,67107907
55024223450,67107908
55024223450,67107909
55024223450,67107911
55024223450,67107913
55024223450,67107915
55024223450,67107918
55024223450,67107920
55024223450,67107923
55024223450,67107924
55024223450,67107926
55024223450,67107929
55024223450,67107930
55024223450,67107931
55024223450,67107932
55024223450,67107933
55024223450,67107934
55024223450,67107936
55024223450,67107942
55024223450,67107943
55024223450,67107953
55024223450,67107962
55024223450,67107963
55024223450,67107969
55024223450,67107974
55024223450,67107975
55024223450,67107976
55024223450,67107978
55024223450,67107979
55024223450,67107980
55024223450,67107983
55024223450,67107984
55024223450,67107994
55024223450,67107995
55024223450,67108000
55024223450,67108001
55024223450,67108002
55024223450,67108003
55024223450,67108005
55024223450,67108008
55024223450,67108009
55024223450,67108017
55024223450,67108019
55024223450,67108024
55024223450,67108030
55024223450,67108039
55024223450,67108040
55024223450,67108042
55024223450,67108047
55024223450,67108051
55024223450,67108060
55024223450,67108063
55024223450,67108070
55024223450,67108075
55024223450,67108078
55024223450,67108085
55024223450,67108107
55024223450,67108109
55024223450,67108111
55024223450,67108117
55024223450,67108119
55024223450,67108120
55024223450,67108124
55024223450,67108126
55024223450,67108135
55024223450,67108142
55024223450,67108143
55024223450,67108144
55024223450,67108156
55024223450,67108164
55024223450,67108165
55024223450,67108167
55024223450,67108168
55024223450,67108176
55024223450,67108177
55024223450,67108178
55024223450,67108180
55024223450,67108183
55024223450,67108198
55024223450,67108202
55024223450,67108209
55024223450,67108216
55024223450,67108217
55024223450,67108218
55024223450,67108222
55024223450,67108249
55024223450,67108251
55024223450,67108254
55024223450,67108255
55024223450,67108256
55024223450,67108262
55024223450,67108267
55024223450,67108273
55024223450,67108277
55024223450,67108280
55024223450,67108282
55024223450,67108285
55024223450,67108289
55024223450,67108291
55024223450,67108302
55024223450,67108304
55024223450,67108306
55024223450,67108309
55024223450,67108310
55024223450,67108314
55024223450,67108322
55024223450,67108326
55024223450,67108328
55024223450,67108339
55024223450,67108345
55024223450,67108359
55024223450,67108360
55024223450,67108363
55024223450,67108377
55024223450,67108378
55024223450,67108382
55024223450,67108383
55024223450,67108392
55024223450,67108394
55024223450,67108396
55024223450,67108399
55024223450,67108421
55024223450,67108455
55024223450,67108456
55024223450,67108505
55024223450,67108509
55024223450,67108512
55024223450,67108521
55024223450,67108522
55024223450,67108524
55024223450,67108529
55024223450,67108532
55024223450,67108535
55024223450,67108541
55024223450,67108553
55024223450,67108585
55024223450,67108607
55024223450,67108635
55024223450,67108640
55024223450,67108642
55024223450,67108644
55024223450,67108734
55024223450,67108772
55024223450,67108789
82085316950,131240
82085316950,131241
82085316950,131243
82085316950,131255
82085316950,131256
82085316950,131257
82085316950,67089787
82085316950,67091596
82085316950,67093827
82085316950,67093935
82085316950,67093945
82085316950,67094037
82085316950,67094165
82085316950,67094337
82085316950,67094385
82085316950,67094949
82085316950,67095023
82085316950,67095764
82085316950,67095927
82085316950,67095967
82085316950,67096263
82085316950,67096539
82085316950,67096588
82085316950,67097644
82085316950,67097733
82085316950,67098609
82085316950,67098666
82085316950,67098758
82085316950,67099050
82085316950,67099070
82085316950,67099148
82085316950,67099181
82085316950,67099277
82085316950,67099370
82085316950,67099421
82085316950,67099437
82085316950,67099550
82085316950,67099614
82085316950,67099720
82085316950,67099810
82085316950,67099834
82085316950,67099867
82085316950,67099951
82085316950,67099977
82085316950,67100013
82085316950,67100019
82085316950,67100025
82085316950,67100029
82085316950,67100035
82085316950,67100075
82085316950,67100098
82085316950,67100118
82085316950,67100149
82085316950,67100160
82085316950,67100190
82085316950,67100202
82085316950,67100216
82085316950,67100222
82085316950,67100227
82085316950,67100234
82085316950,67100238
82085316950,67100242
82085316950,67100243
82085316950,67100256
82085316950,67100264
82085316950,67100268
82085316950,67100276
82085316950,67100283
82085316950,67100293
82085316950,67100296
82085316950,67100314
82085316950,67100317
82085316950,67100319
82085316950,67100372
82085316950,67100385
82085316950,67100390
82085316950,67100395
82085316950,67100405
82085316950,67100406
82085316950,67100407
82085316950,67100408
82085316950,67100409
82085316950,67100422
82085316950,67100428
82085316950,67100429
82085316950,67100432
82085316950,67100438
82085316950,67100441
82085316950,67100444
82085316950,67100445
82085316950,67100446
82085316950,67100460
82085316950,67100461
82085316950,67100464
82085316950,67100469
82085316950,67100495
82085316950,67100496
82085316950,67100502
82085316950,67100513
82085316950,67100516
82085316950,67100530
82085316950,67100537
82085316950,67100544
82085316950,67100547
82085316950,67100548
82085316950,67100550
82085316950,67100554
82085316950,67100560
82085316950,67100575
82085316950,67100576
82085316950,67100581
82085316950,67100598
82085316950,67100601
82085316950,67100602
82085316950,67100620
82085316950,67100631
82085316950,67100635
82085316950,67100636
82085316950,67100645
82085316950,67100650
82085316950,67100652
82085316950,67100654
82085316950,67100663
82085316950,67100678
82085316950,67100685
82085316950,67100689
82085316950,67100690
82085316950,67100696
82085316950,67100698
82085316950,67100707
82085316950,67100710
82085316950,67100711
82085316950,67100717
82085316950,67100724
82085316950,67100742
82085316950,67100743
82085316950,67100745
82085316950,67100748
82085316950,67100755
82085316950,67100757
82085316950,67100763
82085316950,67100770
82085316950,67100778
82085316950,67100793
82085316950,67100796
82085316950,67100799
82085316950,67100976
82085316950,67101218
82085316950,67101326
82085316950,67101336
82085316950,67101428
82085316950,67101556
82085316950,67101728
82085316950,67101776
82085316950,67102340
82085316950,67102414
82085316950,67103155
82085316950,67103318
82085316950,67103358
82085316950,67103654
82085316950,67103930
82085316950,67103964
82085316950,67103979
82085316950,67105035
82085316950,67106000
82085316950,67106057
82085316950,67106149
82085316950,67106441
82085316950,67106461
82085316950,67106539
82085316950,67106572
82085316950,67106612
82085316950,67106668
82085316950,67106812
82085316950,67106828
82085316950,67106941
82085316950,67107111
82085316950,67107118
82085316950,67107201
82085316950,67107225
82085316950,67107258
82085316950,67107342
82085316950,67107345
82085316950,67107359
82085316950,67107368
82085316950,67107404
82085316950,67107410
82085316950,67107416
82085316950,67107420
82085316950,67107426
82085316950,67107466
82085316950,67107489
82085316950,67107509
82085316950,67107540
82085316950,67107551
82085316950,67107581
82085316950,67107593
82085316950,67107596
82085316950,67107607
82085316950,67107613
82085316950,67107618
82085316950,67107625
82085316950,67107629
82085316950,67107633
82085316950,67107634
82085316950,67107647
82085316950,67107655
82085316950,67107659
82085316950,67107667
82085316950,67107674
82085316950,67107687
82085316950,67107705
82085316950,67107708
82085316950,67107710
82085316950,67107763
82085316950,67107781
82085316950,67107786
82085316950,67107796
82085316950,67107797
82085316950,67107798
82085316950,67107799
82085316950,67107800
82085316950,67107813
82085316950,67107819
82085316950,67107820
82085316950,67107823
82085316950,67107829
82085316950,67107835
82085316950,67107836
82085316950,67107851
82085316950,67107855
82085316950,67107859
82085316950,67107886
82085316950,67107887
82085316950,67107893
82085316950,67107904
82085316950,67107917
82085316950,67107921
82085316950,67107928
82085316950,67107935
82085316950,67107938
82085316950,67107941
82085316950,67107945
82085316950,67107948
82085316950,67107951
82085316950,67107966
82085316950,67107967
82085316950,67107972
82085316950,67107989
82085316950,67107992
82085316950,67108011
82085316950,67108021
82085316950,67108022
82085316950,67108026
82085316950,67108027
82085316950,67108036
82085316950,67108041
82085316950,67108043
82085316950,67108045
82085316950,67108056
82085316950,67108066
82085316950,67108069
82085316950,67108073
82085316950,67108076
82085316950,67108080
82085316950,67108081
82085316950,67108087
82085316950,67108101
82085316950,67108108
82085316950,67108115
82085316950,67108125
82085316950,67108133
82085316950,67108134
82085316950,67108136
82085316950,67108139
82085316950,67108146
82085316950,67108148
82085316950,67108154
82085316950,67108157
82085316950,67108161
82085316950,67108182
82085316950,67108184
82085316950,67108187
82085316950,67108190
82085316950,67108196
82085316950,67108205
82085316950,67108206
82085316950,67108367
82085316950,67108504
82085316950,67108506
82085316950,67108510
82085316950,67108544
109146410450,131235
109146410450,131239
109146410450,131254
109146410450,67089927
109146410450,67094147
109146410450,67094281
109146410450,67095616
109146410450,67095683
109146410450,67095799
109146410450,67096396
109146410450,67096517
109146410450,67097325
109146410450,67097473
109146410450,67097482
109146410450,67097514
109146410450,67097964
109146410450,67097969
109146410450,67098148
109146410450,67098232
109146410450,67098718
109146410450,67099191
109146410450,67099278
109146410450,67099598
109146410450,67099611
109146410450,67099612
109146410450,67099710
109146410450,67099726
109146410450,67099875
109146410450,67099910
109146410450,67100187
109146410450,67100285
109146410450,67100287
109146410450,67100340
109146410450,67100795
109146410450,67100833
109146410450,67100845
109146410450,67100854
109146410450,67100862
109146410450,67100867
109146410450,67100904
109146410450,67100922
109146410450,67100924
109146410450,67100929
109146410450,67100994
109146410450,67101538
109146410450,67101672
109146410450,67103007
109146410450,67103074
109146410450,67103190
109146410450,67103787
109146410450,67103908
109146410450,67104716
109146410450,67104864
109146410450,67104873
109146410450,67104905
109146410450,67105355
109146410450,67105360
109146410450,67105539
109146410450,67105623
109146410450,67106109
109146410450,67106582
109146410450,67106669
109146410450,67106989
109146410450,67107002
109146410450,67107003
109146410450,67107101
109146410450,67107117
109146410450,67107266
109146410450,67107301
109146410450,67107578
109146410450,67107676
109146410450,67107731
109146410450,67108186
109146410450,67108236
109146410450,67108253
109146410450,67108258
109146410450,67108295
109146410450,67108300
109146410450,67108315
109146410450,67108320
136207503950,131232
136207503950,131236
136207503950,131237
136207503950,131251
136207503950,67090083
136207503950,67091719
136207503950,67093675
136207503950,67093718
136207503950,67093722
136207503950,67093776
136207503950,67093786
136207503950,67093926
136207503950,67093947
136207503950,67094010
136207503950,67094028
136207503950,67094071
136207503950,67094073
136207503950,67094113
136207503950,67094256
136207503950,67094363
136207503950,67094375
136207503950,67094441
136207503950,67094524
136207503950,67094675
136207503950,67094724
136207503950,67094741
136207503950,67094755
136207503950,67094770
136207503950,67094813
136207503950,67094826
136207503950,67094848
136207503950,67094864
136207503950,67094872
136207503950,67094877
136207503950,67095271
136207503950,67095631
136207503950,67095635
136207503950,67095710
136207503950,67095791
136207503950,67095796
136207503950,67095904
136207503950,67096113
136207503950,67096153
136207503950,67096250
136207503950,67096319
136207503950,67096320
136207503950,67096352
136207503950,67096425
136207503950,67096435
136207503950,67096448
136207503950,67096449
136207503950,67096471
136207503950,67096483
136207503950,67096501
136207503950,67096514
136207503950,67096516
136207503950,67096736
136207503950,67097060
136207503950,67097096
136207503950,67097195
136207503950,67097315
136207503950,67097451
136207503950,67097452
136207503950,67097686
136207503950,67097693
136207503950,67097697
136207503950,67097701
136207503950,67097812
136207503950,67097851
136207503950,67097858
136207503950,67097864
136207503950,67097913
136207503950,67098018
136207503950,67098027
136207503950,67098083
136207503950,67098140
136207503950,67098195
136207503950,67098210
136207503950,67098237
136207503950,67098238
136207503950,67098243
136207503950,67098246
136207503950,67098270
136207503950,67098279
136207503950,67098280
136207503950,67098281
136207503950,67098290
136207503950,67098306
136207503950,67098333
136207503950,67098335
136207503950,67098339
136207503950,67098344
136207503950,67098351
136207503950,67098373
136207503950,67098383
136207503950,67098391
136207503950,67098392
136207503950,67098403
136207503950,67098411
136207503950,67098412
136207503950,67098419
136207503950,67098423
136207503950,67098426
136207503950,67098458
136207503950,67098463
136207503950,67098481
136207503950,67098489
136207503950,67098490
136207503950,67098491
136207503950,67098493
136207503950,67098496
136207503950,67098498
136207503950,67098501
136207503950,67098503
136207503950,67098514
136207503950,67098516
136207503950,67098518
136207503950,67098541
136207503950,67098602
136207503950,67098606
136207503950,67098608
136207503950,67098612
136207503950,67098613
136207503950,67098627
136207503950,67098634
136207503950,67098635
136207503950,67098644
136207503950,67098655
136207503950,67098689
136207503950,67098701
136207503950,67098713
136207503950,67098722
136207503950,67098738
136207503950,67098740
136207503950,67098757
136207503950,67098772
136207503950,67098777
136207503950,67098782
136207503950,67098791
136207503950,67098793
136207503950,67098799
136207503950,67098820
136207503950,67098821
136207503950,67098823
136207503950,67098845
136207503950,67098848
136207503950,67098850
136207503950,67098851
136207503950,67098852
136207503950,67098856
136207503950,67098857
136207503950,67098862
136207503950,67098863
136207503950,67098865
136207503950,67098866
136207503950,67098871
136207503950,67098872
136207503950,67098873
136207503950,67098876
136207503950,67098879
136207503950,67098880
136207503950,67098888
136207503950,67098889
136207503950,67098890
136207503950,67098891
136207503950,67098893
136207503950,67098894
136207503950,67098895
136207503950,67098898
136207503950,67098902
136207503950,67098905
136207503950,67098922
136207503950,67098923
136207503950,67098924
136207503950,67098929
136207503950,67098931
136207503950,67098938
136207503950,67098945
136207503950,67098949
136207503950,67098954
136207503950,67098967
136207503950,67098976
136207503950,67098979
136207503950,67098986
136207503950,67098991
136207503950,67098992
136207503950,67098998
136207503950,67099004
136207503950,67099018
136207503950,67099019
136207503950,67099022
136207503950,67099032
136207503950,67099033
136207503950,67099038
136207503950,67099053
136207503950,67099058
136207503950,67099064
136207503950,67099067
136207503950,67099068
136207503950,67099071
136207503950,67099075
136207503950,67099077
136207503950,67099080
136207503950,67099082
136207503950,67099085
136207503950,67099086
136207503950,67099090
136207503950,67099093
136207503950,67099094
136207503950,67099099
136207503950,67099100
136207503950,67099105
136207503950,67099108
136207503950,67099110
136207503950,67099112
136207503950,67099116
136207503950,67099147
136207503950,67099150
136207503950,67099155
136207503950,67099156
136207503950,67099158
136207503950,67099159
136207503950,67099160
136207503950,67099161
136207503950,67099162
136207503950,67099163
136207503950,67099164
136207503950,67099168
136207503950,67099177
136207503950,67099193
136207503950,67099208
136207503950,67099209
136207503950,67099216
136207503950,67099226
136207503950,67099228
136207503950,67099248
136207503950,67099249
136207503950,67099251
136207503950,67099262
136207503950,67099263
136207503950,67099264
136207503950,67099265
136207503950,67099268
136207503950,67099269
136207503950,67099273
136207503950,67099290
136207503950,67099292
136207503950,67099294
136207503950,67099295
136207503950,67099301
136207503950,67099304
136207503950,67099314
136207503950,67099316
136207503950,67099320
136207503950,67099321
136207503950,67099326
136207503950,67099327
136207503950,67099340
136207503950,67099367
136207503950,67099372
136207503950,67099373
136207503950,67099381
136207503950,67099393
136207503950,67099400
136207503950,67099401
136207503950,67099412
136207503950,67099424
136207503950,67099431
136207503950,67099438
136207503950,67099441
136207503950,67099448
136207503950,67099450
136207503950,67099451
136207503950,67099456
136207503950,67099457
136207503950,67099461
136207503950,67099463
136207503950,67099464
136207503950,67099469
136207503950,67099489
136207503950,67099490
136207503950,67099491
136207503950,67099492
136207503950,67099542
136207503950,67099558
136207503950,67099570
136207503950,67099581
136207503950,67099586
136207503950,67099587
136207503950,67099621
136207503950,67099623
136207503950,67099712
136207503950,67099715
136207503950,67099737
136207503950,67100065
136207503950,67100962
136207503950,67100963
136207503950,67101029
136207503950,67101066
136207503950,67101109
136207503950,67101113
136207503950,67101167
136207503950,67101177
136207503950,67101317
136207503950,67101338
136207503950,67101401
136207503950,67101419
136207503950,67101462
136207503950,67101463
136207503950,67101504
136207503950,67101647
136207503950,67101754
136207503950,67101766
136207503950,67101832
136207503950,67101915
136207503950,67102066
136207503950,67102115
136207503950,67102132
136207503950,67102146
136207503950,67102161
136207503950,67102204
136207503950,67102217
136207503950,67102239
136207503950,67102255
136207503950,67102263
136207503950,67102268
136207503950,67103022
136207503950,67103026
136207503950,67103101
136207503950,67103182
136207503950,67103187
136207503950,67103295
136207503950,67103504
136207503950,67103544
136207503950,67103597
136207503950,67103641
136207503950,67103710
136207503950,67103711
136207503950,67103743
136207503950,67103816
136207503950,67103826
136207503950,67103839
136207503950,67103840
136207503950,67103862
136207503950,67103874
136207503950,67103892
136207503950,67103905
136207503950,67103907
136207503950,67104127
136207503950,67104451
136207503950,67104487
136207503950,67104585
136207503950,67104670
136207503950,67104706
136207503950,67104842
136207503950,67104843
136207503950,67105077
136207503950,67105084
136207503950,67105088
136207503950,67105092
136207503950,67105203
136207503950,67105242
136207503950,67105249
136207503950,67105255
136207503950,67105304
136207503950,67105409
136207503950,67105417
136207503950,67105418
136207503950,67105474
136207503950,67105531
136207503950,67105601
136207503950,67105628
136207503950,67105629
136207503950,67105634
136207503950,67105637
136207503950,67105661
136207503950,67105670
136207503950,67105681
136207503950,67105697
136207503950,67105724
136207503950,67105726
136207503950,67105730
136207503950,67105735
136207503950,67105742
136207503950,67105764
136207503950,67105774
136207503950,67105782
136207503950,67105783
136207503950,67105794
136207503950,67105802
136207503950,67105803
136207503950,67105810
136207503950,67105814
136207503950,67105817
136207503950,67105849
136207503950,67105854
136207503950,67105872
136207503950,67105880
136207503950,67105881
136207503950,67105882
136207503950,67105884
136207503950,67105887
136207503950,67105889
136207503950,67105892
136207503950,67105894
136207503950,67105900
136207503950,67105905
136207503950,67105907
136207503950,67105909
136207503950,67105932
136207503950,67105993
136207503950,67105997
136207503950,67105999
136207503950,67106003
136207503950,67106004
136207503950,67106018
136207503950,67106025
136207503950,67106035
136207503950,67106046
136207503950,67106080
136207503950,67106092
136207503950,67106104
136207503950,67106113
136207503950,67106129
136207503950,67106131
136207503950,67106148
136207503950,67106163
136207503950,67106168
136207503950,67106173
136207503950,67106182
136207503950,67106184
136207503950,67106189
136207503950,67106211
136207503950,67106213
136207503950,67106214
136207503950,67106236
136207503950,67106241
136207503950,67106243
136207503950,67106247
136207503950,67106248
136207503950,67106253
136207503950,67106254
136207503950,67106256
136207503950,67106257
136207503950,67106262
136207503950,67106263
136207503950,67106264
136207503950,67106267
136207503950,67106270
136207503950,67106271
136207503950,67106279
136207503950,67106280
136207503950,67106281
136207503950,67106282
136207503950,67106284
136207503950,67106285
136207503950,67106286
136207503950,67106289
136207503950,67106293
136207503950,67106295
136207503950,67106296
136207503950,67106313
136207503950,67106314
136207503950,67106315
136207503950,67106322
136207503950,67106329
136207503950,67106336
136207503950,67106340
136207503950,67106345
136207503950,67106358
136207503950,67106367
136207503950,67106377
136207503950,67106382
136207503950,67106383
136207503950,67106389
136207503950,67106395
136207503950,67106401
136207503950,67106409
136207503950,67106410
136207503950,67106413
136207503950,67106423
136207503950,67106424
136207503950,67106429
136207503950,67106444
136207503950,67106449
136207503950,67106455
136207503950,67106458
136207503950,67106459
136207503950,67106462
136207503950,67106466
136207503950,67106472
136207503950,67106473
136207503950,67106476
136207503950,67106481
136207503950,67106484
136207503950,67106485
136207503950,67106490
136207503950,67106491
136207503950,67106496
136207503950,67106499
136207503950,67106501
136207503950,67106503
136207503950,67106507
136207503950,67106538
136207503950,67106541
136207503950,67106546
136207503950,67106549
136207503950,67106550
136207503950,67106551
136207503950,67106552
136207503950,67106553
136207503950,67106554
136207503950,67106555
136207503950,67106559
136207503950,67106568
136207503950,67106584
136207503950,67106599
136207503950,67106600
136207503950,67106607
136207503950,67106617
136207503950,67106619
136207503950,67106639
136207503950,67106640
136207503950,67106642
136207503950,67106653
136207503950,67106654
136207503950,67106655
136207503950,67106656
136207503950,67106658
136207503950,67106659
136207503950,67106660
136207503950,67106664
136207503950,67106681
136207503950,67106683
136207503950,67106685
136207503950,67106692
136207503950,67106695
136207503950,67106705
136207503950,67106707
136207503950,67106711
136207503950,67106712
136207503950,67106717
136207503950,67106718
136207503950,67106731
136207503950,67106752
136207503950,67106758
136207503950,67106763
136207503950,67106764
136207503950,67106771
136207503950,67106772
136207503950,67106784
136207503950,67106791
136207503950,67106792
136207503950,67106803
136207503950,67106815
136207503950,67106822
136207503950,67106829
136207503950,67106832
136207503950,67106837
136207503950,67106839
136207503950,67106841
136207503950,67106842
136207503950,67106847
136207503950,67106848
136207503950,67106854
136207503950,67106855
136207503950,67106860
136207503950,67106880
136207503950,67106881
136207503950,67106882
136207503950,67106883
136207503950,67106933
136207503950,67106949
136207503950,67106961
136207503950,67106972
136207503950,67106977
136207503950,67106978
136207503950,67107012
136207503950,67107014
136207503950,67107128
136207503950,67107922
136207503950,67108353
136207503950,67108420
