732856447,67100605
732856447,67100606
732856447,67100607
732856447,67100608
732856447,67100794
732856447,67104789
22718549857,67099933
22718549857,67099934
22718549857,67103443
22718549857,67103527
22718549857,67103774
22718549857,67103792
22718549857,67104067
22718549857,67104070
22718549857,67104072
22718549857,67104074
22718549857,67104082
22718549857,67104086
22718549857,67104087
22718549857,67104088
22718549857,67104097
22718549857,67104114
22718549857,67104115
22718549857,67104118
22718549857,67104121
22718549857,67104130
22718549857,67104135
22718549857,67104137
22718549857,67104142
22718549857,67104143
22718549857,67104149
22718549857,67104151
22718549857,67104155
22718549857,67104156
22718549857,67104157
22718549857,67104160
22718549857,67104165
22718549857,67104166
22718549857,67104174
22718549857,67104178
22718549857,67104179
22718549857,67104180
22718549857,67104198
22718549857,67104203
22718549857,67104205
22718549857,67104209
22718549857,67104212
22718549857,67104213
22718549857,67104215
22718549857,67107694
22718549857,67107769
22718549857,67108062
22718549857,67108065
22718549857,67108067
22718549857,67108069
22718549857,67108077
22718549857,67108081
22718549857,67108082
22718549857,67108083
22718549857,67108092
22718549857,67108108
22718549857,67108109
22718549857,67108110
22718549857,67108125
22718549857,67108130
22718549857,67108132
22718549857,67108138
22718549857,67108144
22718549857,67108146
22718549857,67108149
22718549857,67108150
22718549857,67108151
22718549857,67108152
22718549857,67108155
22718549857,67108160
22718549857,67108161
22718549857,67108169
22718549857,67108172
22718549857,67108174
22718549857,67108193
22718549857,67108197
22718549857,67108204
22718549857,67108207
22718549857,67108208
22718549857,67108210
22718549857,67108213
