732856447,67100605
732856447,67100606
732856447,67100607
732856447,67100608
732856447,67100794
732856447,67104789
22718549857,67099933
22718549857,67099934
22718549857,67103443
22718549857,67103527
22718549857,67103738
22718549857,67103774
22718549857,67103792
22718549857,67103862
22718549857,67103972
22718549857,67104062
22718549857,67104067
22718549857,67104068
22718549857,67104070
22718549857,67104072
22718549857,67104074
22718549857,67104075
22718549857,67104081
22718549857,67104082
22718549857,67104086
22718549857,67104087
22718549857,67104088
22718549857,67104092
22718549857,67104097
22718549857,67104098
22718549857,67104099
22718549857,67104100
22718549857,67104106
22718549857,67104107
22718549857,67104109
22718549857,67104114
22718549857,67104115
22718549857,67104118
22718549857,67104119
22718549857,67104120
22718549857,67104121
22718549857,67104122
22718549857,67104125
22718549857,67104130
22718549857,67104133
22718549857,67104135
22718549857,67104137
22718549857,67104142
22718549857,67104143
22718549857,67104145
22718549857,67104146
22718549857,67104147
22718549857,67104149
22718549857,67104151
22718549857,67104152
22718549857,67104155
22718549857,67104156
22718549857,67104157
22718549857,67104158
22718549857,67104160
22718549857,67104165
22718549857,67104166
22718549857,67104167
22718549857,67104168
22718549857,67104169
22718549857,67104171
22718549857,67104174
22718549857,67104177
22718549857,67104178
22718549857,67104179
22718549857,67104180
22718549857,67104182
22718549857,67104183
22718549857,67104185
22718549857,67104198
22718549857,67104199
22718549857,67104200
22718549857,67104203
22718549857,67104205
22718549857,67104206
22718549857,67104209
22718549857,67104210
22718549857,67104212
22718549857,67104213
22718549857,67104215
22718549857,67104216
22718549857,67104218
22718549857,67107438
22718549857,67107522
22718549857,67107590
22718549857,67107694
22718549857,67107769
22718549857,67107787
22718549857,67107857
22718549857,67107960
22718549857,67107967
22718549857,67107985
22718549857,67108004
22718549857,67108014
22718549857,67108062
22718549857,67108065
22718549857,67108067
22718549857,67108069
22718549857,67108070
22718549857,67108076
22718549857,67108077
22718549857,67108081
22718549857,67108082
22718549857,67108083
22718549857,67108087
22718549857,67108092
22718549857,67108093
22718549857,67108095
22718549857,67108100
22718549857,67108101
22718549857,67108104
22718549857,67108108
22718549857,67108109
22718549857,67108110
22718549857,67108113
22718549857,67108114
22718549857,67108115
22718549857,67108116
22718549857,67108117
22718549857,67108120
22718549857,67108124
22718549857,67108125
22718549857,67108130
22718549857,67108131
22718549857,67108132
22718549857,67108137
22718549857,67108138
22718549857,67108140
22718549857,67108141
22718549857,67108142
22718549857,67108144
22718549857,67108146
22718549857,67108147
22718549857,67108149
22718549857,67108150
22718549857,67108151
22718549857,67108152
22718549857,67108155
22718549857,67108158
22718549857,67108160
22718549857,67108161
22718549857,67108162
22718549857,67108163
22718549857,67108164
22718549857,67108165
22718549857,67108166
22718549857,67108169
22718549857,67108171
22718549857,67108172
22718549857,67108173
22718549857,67108174
22718549857,67108175
22718549857,67108177
22718549857,67108178
22718549857,67108180
22718549857,67108193
22718549857,67108195
22718549857,67108197
22718549857,67108198
22718549857,67108199
22718549857,67108200
22718549857,67108201
22718549857,67108204
22718549857,67108207
22718549857,67108208
22718549857,67108210
22718549857,67108213
