732856447,67100605
732856447,67100606
732856447,67100607
732856447,67100608
732856447,67100794
732856447,67104789
22718549857,131251
22718549857,131252
22718549857,131259
22718549857,131260
22718549857,67099933
22718549857,67099934
22718549857,67103203
22718549857,67103254
22718549857,67103396
22718549857,67103398
22718549857,67103404
22718549857,67103415
22718549857,67103416
22718549857,67103417
22718549857,67103419
22718549857,67103421
22718549857,67103422
22718549857,67103423
22718549857,67103428
22718549857,67103431
22718549857,67103432
22718549857,67103437
22718549857,67103438
22718549857,67103440
22718549857,67103441
22718549857,67103443
22718549857,67103448
22718549857,67103449
22718549857,67103452
22718549857,67103454
22718549857,67103457
22718549857,67103458
22718549857,67103459
22718549857,67103460
22718549857,67103463
22718549857,67103465
22718549857,67103466
22718549857,67103467
22718549857,67103468
22718549857,67103472
22718549857,67103473
22718549857,67103474
22718549857,67103476
22718549857,67103479
22718549857,67103480
22718549857,67103482
22718549857,67103484
22718549857,67103488
22718549857,67103490
22718549857,67103492
22718549857,67103493
22718549857,67103496
22718549857,67103500
22718549857,67103501
22718549857,67103504
22718549857,67103509
22718549857,67103510
22718549857,67103511
22718549857,67103512
22718549857,67103513
22718549857,67103514
22718549857,67103515
22718549857,67103517
22718549857,67103518
22718549857,67103520
22718549857,67103523
22718549857,67103524
22718549857,67103527
22718549857,67103529
22718549857,67103531
22718549857,67103533
22718549857,67103542
22718549857,67103543
22718549857,67103544
22718549857,67103546
22718549857,67103548
22718549857,67103550
22718549857,67103552
22718549857,67103553
22718549857,67103555
22718549857,67103556
22718549857,67103557
22718549857,67103558
22718549857,67103565
22718549857,67103568
22718549857,67103571
22718549857,67103572
22718549857,67103574
22718549857,67103575
22718549857,67103576
22718549857,67103577
22718549857,67103580
22718549857,67103581
22718549857,67103583
22718549857,67103584
22718549857,67103585
22718549857,67103586
22718549857,67103587
22718549857,67103588
22718549857,67103591
22718549857,67103592
22718549857,67103593
22718549857,67103595
22718549857,67103596
22718549857,67103598
22718549857,67103599
22718549857,67103611
22718549857,67103615
22718549857,67103616
22718549857,67103618
22718549857,67103622
22718549857,67103623
22718549857,67103626
22718549857,67103627
22718549857,67103628
22718549857,67103630
22718549857,67103631
22718549857,67103633
22718549857,67103634
22718549857,67103635
22718549857,67103637
22718549857,67103641
22718549857,67103642
22718549857,67103644
22718549857,67103647
22718549857,67103648
22718549857,67103649
22718549857,67103651
22718549857,67103654
22718549857,67103657
22718549857,67103659
22718549857,67103660
22718549857,67103663
22718549857,67103667
22718549857,67103670
22718549857,67103671
22718549857,67103672
22718549857,67103673
22718549857,67103674
22718549857,67103676
22718549857,67103677
22718549857,67103678
22718549857,67103683
22718549857,67103685
22718549857,67103686
22718549857,67103687
22718549857,67103689
22718549857,67103690
22718549857,67103692
22718549857,67103696
22718549857,67103698
22718549857,67103699
22718549857,67103700
22718549857,67103701
22718549857,67103704
22718549857,67103705
22718549857,67103706
22718549857,67103709
22718549857,67103710
22718549857,67103711
22718549857,67103712
22718549857,67103713
22718549857,67103718
22718549857,67103719
22718549857,67103720
22718549857,67103725
22718549857,67103726
22718549857,67103728
22718549857,67103729
22718549857,67103730
22718549857,67103731
22718549857,67103734
22718549857,67103735
22718549857,67103738
22718549857,67103739
22718549857,67103741
22718549857,67103742
22718549857,67103745
22718549857,67103748
22718549857,67103753
22718549857,67103754
22718549857,67103756
22718549857,67103757
22718549857,67103758
22718549857,67103759
22718549857,67103760
22718549857,67103762
22718549857,67103764
22718549857,67103766
22718549857,67103767
22718549857,67103772
22718549857,67103773
22718549857,67103774
22718549857,67103775
22718549857,67103777
22718549857,67103782
22718549857,67103786
22718549857,67103787
22718549857,67103788
22718549857,67103789
22718549857,67103790
22718549857,67103791
22718549857,67103792
22718549857,67103793
22718549857,67103794
22718549857,67103795
22718549857,67103796
22718549857,67103798
22718549857,67103800
22718549857,67103802
22718549857,67103803
22718549857,67103805
22718549857,67103806
22718549857,67103807
22718549857,67103808
22718549857,67103809
22718549857,67103812
22718549857,67103817
22718549857,67103818
22718549857,67103819
22718549857,67103822
22718549857,67103823
22718549857,67103825
22718549857,67103826
22718549857,67103828
22718549857,67103829
22718549857,67103831
22718549857,67103833
22718549857,67103835
22718549857,67103837
22718549857,67103838
22718549857,67103839
22718549857,67103840
22718549857,67103842
22718549857,67103843
22718549857,67103844
22718549857,67103846
22718549857,67103847
22718549857,67103848
22718549857,67103849
22718549857,67103850
22718549857,67103851
22718549857,67103852
22718549857,67103853
22718549857,67103854
22718549857,67103856
22718549857,67103857
22718549857,67103861
22718549857,67103862
22718549857,67103863
22718549857,67103866
22718549857,67103869
22718549857,67103871
22718549857,67103873
22718549857,67103874
22718549857,67103875
22718549857,67103876
22718549857,67103878
22718549857,67103879
22718549857,67103881
22718549857,67103884
22718549857,67103885
22718549857,67103887
22718549857,67103889
22718549857,67103891
22718549857,67103892
22718549857,67103893
22718549857,67103894
22718549857,67103896
22718549857,67103897
22718549857,67103898
22718549857,67103899
22718549857,67103902
22718549857,67103905
22718549857,67103906
22718549857,67103908
22718549857,67103909
22718549857,67103910
22718549857,67103911
22718549857,67103912
22718549857,67103914
22718549857,67103915
22718549857,67103916
22718549857,67103918
22718549857,67103920
22718549857,67103923
22718549857,67103924
22718549857,67103925
22718549857,67103927
22718549857,67103928
22718549857,67103929
22718549857,67103930
22718549857,67103931
22718549857,67103934
22718549857,67103935
22718549857,67103936
22718549857,67103937
22718549857,67103941
22718549857,67103943
22718549857,67103944
22718549857,67103945
22718549857,67103946
22718549857,67103947
22718549857,67103948
22718549857,67103949
22718549857,67103954
22718549857,67103955
22718549857,67103958
22718549857,67103961
22718549857,67103962
22718549857,67103963
22718549857,67103964
22718549857,67103965
22718549857,67103966
22718549857,67103967
22718549857,67103969
22718549857,67103970
22718549857,67103972
22718549857,67103973
22718549857,67103974
22718549857,67103975
22718549857,67103976
22718549857,67103977
22718549857,67103978
22718549857,67103980
22718549857,67103981
22718549857,67103982
22718549857,67103983
22718549857,67103984
22718549857,67103985
22718549857,67103986
22718549857,67103988
22718549857,67103989
22718549857,67103990
22718549857,67103991
22718549857,67103992
22718549857,67103993
22718549857,67103994
22718549857,67103995
22718549857,67103996
22718549857,67103999
22718549857,67104000
22718549857,67104001
22718549857,67104002
22718549857,67104003
22718549857,67104004
22718549857,67104005
22718549857,67104006
22718549857,67104007
22718549857,67104008
22718549857,67104009
22718549857,67104010
22718549857,67104011
22718549857,67104012
22718549857,67104013
22718549857,67104014
22718549857,67104015
22718549857,67104017
22718549857,67104018
22718549857,67104020
22718549857,67104021
22718549857,67104022
22718549857,67104023
22718549857,67104024
22718549857,67104025
22718549857,67104026
22718549857,67104027
22718549857,67104028
22718549857,67104030
22718549857,67104031
22718549857,67104032
22718549857,67104033
22718549857,67104034
22718549857,67104035
22718549857,67104036
22718549857,67104037
22718549857,67104038
22718549857,67104040
22718549857,67104041
22718549857,67104043
22718549857,67104044
22718549857,67104045
22718549857,67104046
22718549857,67104047
22718549857,67104048
22718549857,67104049
22718549857,67104050
22718549857,67104051
22718549857,67104052
22718549857,67104053
22718549857,67104054
22718549857,67104055
22718549857,67104056
22718549857,67104057
22718549857,67104058
22718549857,67104062
22718549857,67104063
22718549857,67104064
22718549857,67104066
22718549857,67104067
22718549857,67104068
22718549857,67104069
22718549857,67104070
22718549857,67104071
22718549857,67104072
22718549857,67104073
22718549857,67104074
22718549857,67104075
22718549857,67104076
22718549857,67104081
22718549857,67104082
22718549857,67104083
22718549857,67104084
22718549857,67104086
22718549857,67104087
22718549857,67104088
22718549857,67104089
22718549857,67104090
22718549857,67104091
22718549857,67104092
22718549857,67104096
22718549857,67104097
22718549857,67104098
22718549857,67104099
22718549857,67104100
22718549857,67104103
22718549857,67104105
22718549857,67104106
22718549857,67104107
22718549857,67104108
22718549857,67104109
22718549857,67104110
22718549857,67104113
22718549857,67104114
22718549857,67104115
22718549857,67104118
22718549857,67104119
22718549857,67104120
22718549857,67104121
22718549857,67104122
22718549857,67104123
22718549857,67104125
22718549857,67104126
22718549857,67104128
22718549857,67104129
22718549857,67104130
22718549857,67104132
22718549857,67104133
22718549857,67104135
22718549857,67104136
22718549857,67104137
22718549857,67104139
22718549857,67104140
22718549857,67104142
22718549857,67104143
22718549857,67104144
22718549857,67104145
22718549857,67104146
22718549857,67104147
22718549857,67104149
22718549857,67104150
22718549857,67104151
22718549857,67104152
22718549857,67104153
22718549857,67104154
22718549857,67104155
22718549857,67104156
22718549857,67104157
22718549857,67104158
22718549857,67104159
22718549857,67104160
22718549857,67104161
22718549857,67104164
22718549857,67104165
22718549857,67104166
22718549857,67104167
22718549857,67104168
22718549857,67104169
22718549857,67104170
22718549857,67104171
22718549857,67104173
22718549857,67104174
22718549857,67104175
22718549857,67104176
22718549857,67104177
22718549857,67104178
22718549857,67104179
22718549857,67104180
22718549857,67104181
22718549857,67104182
22718549857,67104183
22718549857,67104184
22718549857,67104185
22718549857,67104186
22718549857,67104198
22718549857,67104199
22718549857,67104200
22718549857,67104201
22718549857,67104202
22718549857,67104203
22718549857,67104204
22718549857,67104205
22718549857,67104206
22718549857,67104207
22718549857,67104209
22718549857,67104210
22718549857,67104212
22718549857,67104213
22718549857,67104214
22718549857,67104215
22718549857,67104216
22718549857,67104218
22718549857,67107198
22718549857,67107251
22718549857,67107254
22718549857,67107391
22718549857,67107393
22718549857,67107410
22718549857,67107411
22718549857,67107413
22718549857,67107414
22718549857,67107416
22718549857,67107417
22718549857,67107418
22718549857,67107423
22718549857,67107426
22718549857,67107427
22718549857,67107428
22718549857,67107432
22718549857,67107433
22718549857,67107436
22718549857,67107437
22718549857,67107438
22718549857,67107443
22718549857,67107444
22718549857,67107447
22718549857,67107449
22718549857,67107452
22718549857,67107453
22718549857,67107460
22718549857,67107461
22718549857,67107462
22718549857,67107463
22718549857,67107467
22718549857,67107469
22718549857,67107470
22718549857,67107471
22718549857,67107474
22718549857,67107475
22718549857,67107476
22718549857,67107477
22718549857,67107479
22718549857,67107482
22718549857,67107484
22718549857,67107485
22718549857,67107486
22718549857,67107487
22718549857,67107488
22718549857,67107491
22718549857,67107494
22718549857,67107495
22718549857,67107499
22718549857,67107504
22718549857,67107505
22718549857,67107506
22718549857,67107507
22718549857,67107508
22718549857,67107509
22718549857,67107511
22718549857,67107512
22718549857,67107513
22718549857,67107516
22718549857,67107518
22718549857,67107519
22718549857,67107520
22718549857,67107522
22718549857,67107524
22718549857,67107527
22718549857,67107528
22718549857,67107536
22718549857,67107537
22718549857,67107538
22718549857,67107539
22718549857,67107540
22718549857,67107541
22718549857,67107543
22718549857,67107545
22718549857,67107547
22718549857,67107548
22718549857,67107550
22718549857,67107551
22718549857,67107552
22718549857,67107553
22718549857,67107560
22718549857,67107563
22718549857,67107566
22718549857,67107567
22718549857,67107568
22718549857,67107569
22718549857,67107570
22718549857,67107571
22718549857,67107572
22718549857,67107575
22718549857,67107576
22718549857,67107578
22718549857,67107579
22718549857,67107580
22718549857,67107581
22718549857,67107582
22718549857,67107586
22718549857,67107587
22718549857,67107588
22718549857,67107589
22718549857,67107590
22718549857,67107593
22718549857,67107597
22718549857,67107599
22718549857,67107601
22718549857,67107606
22718549857,67107610
22718549857,67107611
22718549857,67107613
22718549857,67107617
22718549857,67107621
22718549857,67107622
22718549857,67107623
22718549857,67107625
22718549857,67107626
22718549857,67107627
22718549857,67107628
22718549857,67107629
22718549857,67107630
22718549857,67107633
22718549857,67107636
22718549857,67107637
22718549857,67107638
22718549857,67107643
22718549857,67107644
22718549857,67107645
22718549857,67107649
22718549857,67107652
22718549857,67107654
22718549857,67107655
22718549857,67107657
22718549857,67107659
22718549857,67107662
22718549857,67107664
22718549857,67107667
22718549857,67107668
22718549857,67107669
22718549857,67107673
22718549857,67107676
22718549857,67107677
22718549857,67107678
22718549857,67107680
22718549857,67107681
22718549857,67107682
22718549857,67107684
22718549857,67107685
22718549857,67107686
22718549857,67107687
22718549857,67107691
22718549857,67107693
22718549857,67107694
22718549857,67107695
22718549857,67107696
22718549857,67107699
22718549857,67107700
22718549857,67107701
22718549857,67107704
22718549857,67107705
22718549857,67107706
22718549857,67107707
22718549857,67107708
22718549857,67107713
22718549857,67107714
22718549857,67107715
22718549857,67107719
22718549857,67107720
22718549857,67107723
22718549857,67107724
22718549857,67107726
22718549857,67107729
22718549857,67107730
22718549857,67107733
22718549857,67107734
22718549857,67107736
22718549857,67107737
22718549857,67107738
22718549857,67107740
22718549857,67107743
22718549857,67107748
22718549857,67107749
22718549857,67107751
22718549857,67107752
22718549857,67107753
22718549857,67107754
22718549857,67107755
22718549857,67107757
22718549857,67107759
22718549857,67107761
22718549857,67107765
22718549857,67107766
22718549857,67107767
22718549857,67107769
22718549857,67107772
22718549857,67107777
22718549857,67107781
22718549857,67107782
22718549857,67107783
22718549857,67107784
22718549857,67107785
22718549857,67107786
22718549857,67107787
22718549857,67107788
22718549857,67107789
22718549857,67107790
22718549857,67107791
22718549857,67107792
22718549857,67107793
22718549857,67107795
22718549857,67107797
22718549857,67107798
22718549857,67107799
22718549857,67107800
22718549857,67107802
22718549857,67107803
22718549857,67107804
22718549857,67107805
22718549857,67107807
22718549857,67107812
22718549857,67107813
22718549857,67107814
22718549857,67107816
22718549857,67107817
22718549857,67107818
22718549857,67107820
22718549857,67107821
22718549857,67107823
22718549857,67107824
22718549857,67107826
22718549857,67107828
22718549857,67107830
22718549857,67107832
22718549857,67107833
22718549857,67107834
22718549857,67107835
22718549857,67107837
22718549857,67107839
22718549857,67107841
22718549857,67107842
22718549857,67107843
22718549857,67107844
22718549857,67107845
22718549857,67107846
22718549857,67107847
22718549857,67107848
22718549857,67107851
22718549857,67107854
22718549857,67107856
22718549857,67107857
22718549857,67107858
22718549857,67107861
22718549857,67107864
22718549857,67107866
22718549857,67107868
22718549857,67107869
22718549857,67107870
22718549857,67107871
22718549857,67107873
22718549857,67107875
22718549857,67107879
22718549857,67107880
22718549857,67107882
22718549857,67107884
22718549857,67107886
22718549857,67107887
22718549857,67107888
22718549857,67107889
22718549857,67107890
22718549857,67107891
22718549857,67107892
22718549857,67107893
22718549857,67107894
22718549857,67107897
22718549857,67107900
22718549857,67107901
22718549857,67107903
22718549857,67107904
22718549857,67107905
22718549857,67107906
22718549857,67107907
22718549857,67107909
22718549857,67107910
22718549857,67107911
22718549857,67107913
22718549857,67107914
22718549857,67107918
22718549857,67107919
22718549857,67107920
22718549857,67107921
22718549857,67107922
22718549857,67107923
22718549857,67107924
22718549857,67107925
22718549857,67107926
22718549857,67107929
22718549857,67107930
22718549857,67107931
22718549857,67107932
22718549857,67107935
22718549857,67107937
22718549857,67107938
22718549857,67107939
22718549857,67107940
22718549857,67107941
22718549857,67107942
22718549857,67107943
22718549857,67107944
22718549857,67107947
22718549857,67107949
22718549857,67107950
22718549857,67107953
22718549857,67107956
22718549857,67107957
22718549857,67107958
22718549857,67107959
22718549857,67107960
22718549857,67107961
22718549857,67107962
22718549857,67107964
22718549857,67107965
22718549857,67107966
22718549857,67107967
22718549857,67107968
22718549857,67107969
22718549857,67107970
22718549857,67107971
22718549857,67107972
22718549857,67107973
22718549857,67107975
22718549857,67107976
22718549857,67107977
22718549857,67107978
22718549857,67107979
22718549857,67107980
22718549857,67107981
22718549857,67107982
22718549857,67107983
22718549857,67107984
22718549857,67107985
22718549857,67107988
22718549857,67107989
22718549857,67107990
22718549857,67107991
22718549857,67107994
22718549857,67107995
22718549857,67107996
22718549857,67107997
22718549857,67107998
22718549857,67107999
22718549857,67108000
22718549857,67108001
22718549857,67108002
22718549857,67108003
22718549857,67108004
22718549857,67108005
22718549857,67108006
22718549857,67108007
22718549857,67108008
22718549857,67108009
22718549857,67108010
22718549857,67108012
22718549857,67108014
22718549857,67108015
22718549857,67108016
22718549857,67108017
22718549857,67108019
22718549857,67108020
22718549857,67108021
22718549857,67108022
22718549857,67108024
22718549857,67108025
22718549857,67108026
22718549857,67108027
22718549857,67108028
22718549857,67108029
22718549857,67108030
22718549857,67108031
22718549857,67108032
22718549857,67108035
22718549857,67108036
22718549857,67108038
22718549857,67108039
22718549857,67108040
22718549857,67108041
22718549857,67108042
22718549857,67108043
22718549857,67108044
22718549857,67108045
22718549857,67108046
22718549857,67108047
22718549857,67108048
22718549857,67108049
22718549857,67108050
22718549857,67108051
22718549857,67108052
22718549857,67108053
22718549857,67108058
22718549857,67108060
22718549857,67108061
22718549857,67108062
22718549857,67108063
22718549857,67108064
22718549857,67108065
22718549857,67108066
22718549857,67108067
22718549857,67108068
22718549857,67108069
22718549857,67108070
22718549857,67108071
22718549857,67108076
22718549857,67108077
22718549857,67108078
22718549857,67108079
22718549857,67108081
22718549857,67108082
22718549857,67108083
22718549857,67108084
22718549857,67108085
22718549857,67108086
22718549857,67108087
22718549857,67108091
22718549857,67108092
22718549857,67108093
22718549857,67108094
22718549857,67108095
22718549857,67108097
22718549857,67108098
22718549857,67108100
22718549857,67108101
22718549857,67108102
22718549857,67108103
22718549857,67108104
22718549857,67108108
22718549857,67108109
22718549857,67108110
22718549857,67108113
22718549857,67108114
22718549857,67108115
22718549857,67108116
22718549857,67108117
22718549857,67108118
22718549857,67108120
22718549857,67108121
22718549857,67108123
22718549857,67108124
22718549857,67108125
22718549857,67108127
22718549857,67108130
22718549857,67108131
22718549857,67108132
22718549857,67108134
22718549857,67108135
22718549857,67108137
22718549857,67108138
22718549857,67108139
22718549857,67108140
22718549857,67108141
22718549857,67108142
22718549857,67108144
22718549857,67108145
22718549857,67108146
22718549857,67108147
22718549857,67108148
22718549857,67108149
22718549857,67108150
22718549857,67108151
22718549857,67108152
22718549857,67108153
22718549857,67108154
22718549857,67108155
22718549857,67108156
22718549857,67108158
22718549857,67108159
22718549857,67108160
22718549857,67108161
22718549857,67108162
22718549857,67108163
22718549857,67108164
22718549857,67108165
22718549857,67108166
22718549857,67108168
22718549857,67108169
22718549857,67108170
22718549857,67108171
22718549857,67108172
22718549857,67108173
22718549857,67108174
22718549857,67108175
22718549857,67108176
22718549857,67108177
22718549857,67108178
22718549857,67108179
22718549857,67108180
22718549857,67108181
22718549857,67108193
22718549857,67108194
22718549857,67108195
22718549857,67108196
22718549857,67108197
22718549857,67108198
22718549857,67108199
22718549857,67108200
22718549857,67108201
22718549857,67108202
22718549857,67108204
22718549857,67108205
22718549857,67108207
22718549857,67108208
22718549857,67108209
22718549857,67108210
22718549857,67108212
22718549857,67108213
44704243267,131245
44704243267,131250
44704243267,131253
44704243267,131257
44704243267,131258
44704243267,131261
44704243267,67099273
44704243267,67099960
44704243267,67100678
44704243267,67100681
44704243267,67100682
44704243267,67100683
44704243267,67100684
44704243267,67100685
44704243267,67100688
44704243267,67100689
44704243267,67100691
44704243267,67100692
44704243267,67100693
44704243267,67100694
44704243267,67100695
44704243267,67100696
44704243267,67100697
44704243267,67100698
44704243267,67100699
44704243267,67100700
44704243267,67100701
44704243267,67100703
44704243267,67100704
44704243267,67100706
44704243267,67100707
44704243267,67100708
44704243267,67100709
44704243267,67100710
44704243267,67100711
44704243267,67100712
44704243267,67100713
44704243267,67100714
44704243267,67100715
44704243267,67100716
44704243267,67100717
44704243267,67100718
44704243267,67100719
44704243267,67100720
44704243267,67100721
44704243267,67100722
44704243267,67100724
44704243267,67100725
44704243267,67100726
44704243267,67100727
44704243267,67100730
44704243267,67100732
44704243267,67100733
44704243267,67100734
44704243267,67100735
44704243267,67100736
44704243267,67100737
44704243267,67100738
44704243267,67100739
44704243267,67100741
44704243267,67100742
44704243267,67100743
44704243267,67100744
44704243267,67100745
44704243267,67100746
44704243267,67100747
44704243267,67100748
44704243267,67100749
44704243267,67100751
44704243267,67100752
44704243267,67100754
44704243267,67100755
44704243267,67100757
44704243267,67100758
44704243267,67100831
44704243267,67101011
44704243267,67101326
44704243267,67101331
44704243267,67102501
44704243267,67102503
44704243267,67102862
44704243267,67102873
44704243267,67102905
44704243267,67102921
44704243267,67103007
44704243267,67103051
44704243267,67103059
44704243267,67103061
44704243267,67103081
44704243267,67103099
44704243267,67103112
44704243267,67103117
44704243267,67103128
44704243267,67103139
44704243267,67103183
44704243267,67103198
44704243267,67103201
44704243267,67103208
44704243267,67103252
44704243267,67103304
44704243267,67103314
44704243267,67103318
44704243267,67103341
44704243267,67103347
44704243267,67103352
44704243267,67103376
44704243267,67103393
44704243267,67103429
44704243267,67103430
44704243267,67103481
44704243267,67103540
44704243267,67103563
44704243267,67103578
44704243267,67103601
44704243267,67103603
44704243267,67103605
44704243267,67103614
44704243267,67103620
44704243267,67103638
44704243267,67103640
44704243267,67103643
44704243267,67103646
44704243267,67103661
44704243267,67103680
44704243267,67103684
44704243267,67103688
44704243267,67103697
44704243267,67103703
44704243267,67103707
44704243267,67103724
44704243267,67103727
44704243267,67103743
44704243267,67103751
44704243267,67103765
44704243267,67103769
44704243267,67103770
44704243267,67103771
44704243267,67103778
44704243267,67103780
44704243267,67103783
44704243267,67103785
44704243267,67103801
44704243267,67103804
44704243267,67103810
44704243267,67103815
44704243267,67103821
44704243267,67103824
44704243267,67103830
44704243267,67103834
44704243267,67103841
44704243267,67103859
44704243267,67103907
44704243267,67103913
44704243267,67103919
44704243267,67103922
44704243267,67103926
44704243267,67103938
44704243267,67103940
44704243267,67103942
44704243267,67103957
44704243267,67103987
44704243267,67104187
44704243267,67104188
44704243267,67104189
44704243267,67104190
44704243267,67104191
44704243267,67104192
44704243267,67104194
44704243267,67104195
44704243267,67104196
44704243267,67104220
44704243267,67104221
44704243267,67104222
44704243267,67104224
44704243267,67104225
44704243267,67104226
44704243267,67104227
44704243267,67104228
44704243267,67104229
44704243267,67104230
44704243267,67104232
44704243267,67104233
44704243267,67104234
44704243267,67104235
44704243267,67104236
44704243267,67104238
44704243267,67104241
44704243267,67104242
44704243267,67104243
44704243267,67104245
44704243267,67104246
44704243267,67104248
44704243267,67104249
44704243267,67104250
44704243267,67104251
44704243267,67104252
44704243267,67104253
44704243267,67104254
44704243267,67104255
44704243267,67104256
44704243267,67104257
44704243267,67104259
44704243267,67104260
44704243267,67104261
44704243267,67104263
44704243267,67104265
44704243267,67104266
44704243267,67104267
44704243267,67104268
44704243267,67104269
44704243267,67104270
44704243267,67104271
44704243267,67104272
44704243267,67104273
44704243267,67104277
44704243267,67104278
44704243267,67104281
44704243267,67104282
44704243267,67104283
44704243267,67104284
44704243267,67104286
44704243267,67104287
44704243267,67104288
44704243267,67104289
44704243267,67104290
44704243267,67104291
44704243267,67104292
44704243267,67104293
44704243267,67104294
44704243267,67104296
44704243267,67104299
44704243267,67104300
44704243267,67104301
44704243267,67104302
44704243267,67104303
44704243267,67104304
44704243267,67104305
44704243267,67104306
44704243267,67104307
44704243267,67104308
44704243267,67104309
44704243267,67104310
44704243267,67104311
44704243267,67104312
44704243267,67104316
44704243267,67104320
44704243267,67104321
44704243267,67104322
44704243267,67104325
44704243267,67104326
44704243267,67104327
44704243267,67104328
44704243267,67104330
44704243267,67104331
44704243267,67104332
44704243267,67104333
44704243267,67104335
44704243267,67104336
44704243267,67104337
44704243267,67104338
44704243267,67104339
44704243267,67104342
44704243267,67104343
44704243267,67104344
44704243267,67104346
44704243267,67104347
44704243267,67104348
44704243267,67104349
44704243267,67104352
44704243267,67104356
44704243267,67104357
44704243267,67104358
44704243267,67104359
44704243267,67104360
44704243267,67104361
44704243267,67104362
44704243267,67104364
44704243267,67104366
44704243267,67104367
44704243267,67104368
44704243267,67104369
44704243267,67104371
44704243267,67104374
44704243267,67104375
44704243267,67104377
44704243267,67104380
44704243267,67104381
44704243267,67104382
44704243267,67104383
44704243267,67104384
44704243267,67104385
44704243267,67104386
44704243267,67104387
44704243267,67104388
44704243267,67104390
44704243267,67104392
44704243267,67104393
44704243267,67104394
44704243267,67104395
44704243267,67104397
44704243267,67104398
44704243267,67104400
44704243267,67104401
44704243267,67104402
44704243267,67104404
44704243267,67104405
44704243267,67104406
44704243267,67104408
44704243267,67104409
44704243267,67104410
44704243267,67104413
44704243267,67104414
44704243267,67104415
44704243267,67104417
44704243267,67104419
44704243267,67104420
44704243267,67104423
44704243267,67104424
44704243267,67104426
44704243267,67104427
44704243267,67104428
44704243267,67104429
44704243267,67104430
44704243267,67104432
44704243267,67104434
44704243267,67104436
44704243267,67104438
44704243267,67104439
44704243267,67104441
44704243267,67104442
44704243267,67104444
44704243267,67104446
44704243267,67104447
44704243267,67104448
44704243267,67104449
44704243267,67104450
44704243267,67104453
44704243267,67104454
44704243267,67104455
44704243267,67104457
44704243267,67104458
44704243267,67104460
44704243267,67104461
44704243267,67104462
44704243267,67104464
44704243267,67104465
44704243267,67104466
44704243267,67104467
44704243267,67104471
44704243267,67104472
44704243267,67104473
44704243267,67104474
44704243267,67104475
44704243267,67104476
44704243267,67104479
44704243267,67104483
44704243267,67104484
44704243267,67104485
44704243267,67104487
44704243267,67104488
44704243267,67104490
44704243267,67104491
44704243267,67104492
44704243267,67104494
44704243267,67104497
44704243267,67104498
44704243267,67104499
44704243267,67104500
44704243267,67104501
44704243267,67104502
44704243267,67104503
44704243267,67104504
44704243267,67104505
44704243267,67104506
44704243267,67104507
44704243267,67104508
44704243267,67104509
44704243267,67104511
44704243267,67104513
44704243267,67104514
44704243267,67104515
44704243267,67104518
44704243267,67104520
44704243267,67104521
44704243267,67104523
44704243267,67104525
44704243267,67104526
44704243267,67104527
44704243267,67104528
44704243267,67104529
44704243267,67104532
44704243267,67104533
44704243267,67104534
44704243267,67104535
44704243267,67104537
44704243267,67104538
44704243267,67104540
44704243267,67104542
44704243267,67104543
44704243267,67104544
44704243267,67104545
44704243267,67104546
44704243267,67104547
44704243267,67104548
44704243267,67104549
44704243267,67104550
44704243267,67104551
44704243267,67104552
44704243267,67104553
44704243267,67104554
44704243267,67104555
44704243267,67104556
44704243267,67104557
44704243267,67104558
44704243267,67104560
44704243267,67104563
44704243267,67104566
44704243267,67104567
44704243267,67104569
44704243267,67104570
44704243267,67104571
44704243267,67104572
44704243267,67104574
44704243267,67104576
44704243267,67104579
44704243267,67104580
44704243267,67104581
44704243267,67104582
44704243267,67104583
44704243267,67104584
44704243267,67104585
44704243267,67104586
44704243267,67104589
44704243267,67104593
44704243267,67104594
44704243267,67104595
44704243267,67104597
44704243267,67104599
44704243267,67104601
44704243267,67104602
44704243267,67104603
44704243267,67104605
44704243267,67104610
44704243267,67104613
44704243267,67104614
44704243267,67104617
44704243267,67104618
44704243267,67104619
44704243267,67104620
44704243267,67104621
44704243267,67104622
44704243267,67104625
44704243267,67104626
44704243267,67104627
44704243267,67104628
44704243267,67104629
44704243267,67104630
44704243267,67104631
44704243267,67104632
44704243267,67104633
44704243267,67104635
44704243267,67104636
44704243267,67104637
44704243267,67104638
44704243267,67104639
44704243267,67104640
44704243267,67104641
44704243267,67104642
44704243267,67104644
44704243267,67104646
44704243267,67104648
44704243267,67104649
44704243267,67104650
44704243267,67104651
44704243267,67104652
44704243267,67104653
44704243267,67104654
44704243267,67104655
44704243267,67104656
44704243267,67104658
44704243267,67104659
44704243267,67104660
44704243267,67104663
44704243267,67104668
44704243267,67104671
44704243267,67104672
44704243267,67104673
44704243267,67104676
44704243267,67104677
44704243267,67104678
44704243267,67104679
44704243267,67104680
44704243267,67104685
44704243267,67104686
44704243267,67104687
44704243267,67104688
44704243267,67104689
44704243267,67104690
44704243267,67104691
44704243267,67104692
44704243267,67104693
44704243267,67104694
44704243267,67104695
44704243267,67104696
44704243267,67104698
44704243267,67104699
44704243267,67104701
44704243267,67104702
44704243267,67104703
44704243267,67104704
44704243267,67104705
44704243267,67104706
44704243267,67104707
44704243267,67104708
44704243267,67104709
44704243267,67104710
44704243267,67104711
44704243267,67104712
44704243267,67104713
44704243267,67104714
44704243267,67104715
44704243267,67104716
44704243267,67104717
44704243267,67104719
44704243267,67104720
44704243267,67104721
44704243267,67104723
44704243267,67104726
44704243267,67104727
44704243267,67104728
44704243267,67104729
44704243267,67104730
44704243267,67104731
44704243267,67104732
44704243267,67104733
44704243267,67104734
44704243267,67104736
44704243267,67104737
44704243267,67104738
44704243267,67104739
44704243267,67104740
44704243267,67104741
44704243267,67104742
44704243267,67104743
44704243267,67104744
44704243267,67104746
44704243267,67104747
44704243267,67104749
44704243267,67104750
44704243267,67104752
44704243267,67104753
44704243267,67104906
44704243267,67105006
44704243267,67105321
44704243267,67105326
44704243267,67106496
44704243267,67106857
44704243267,67106868
44704243267,67106916
44704243267,67107002
44704243267,67107046
44704243267,67107054
44704243267,67107056
44704243267,67107076
44704243267,67107078
44704243267,67107094
44704243267,67107107
44704243267,67107112
44704243267,67107122
44704243267,67107134
44704243267,67107193
44704243267,67107195
44704243267,67107203
44704243267,67107258
44704243267,67107283
44704243267,67107299
44704243267,67107309
44704243267,67107313
44704243267,67107341
44704243267,67107371
44704243267,67107379
44704243267,67107388
44704243267,67107424
44704243267,67107425
44704243267,67107483
44704243267,67107534
44704243267,67107557
44704243267,67107573
44704243267,67107592
44704243267,67107594
44704243267,67107596
44704243267,67107598
44704243267,67107609
44704243267,67107615
44704243267,67107635
44704243267,67107641
44704243267,67107642
44704243267,67107646
44704243267,67107666
44704243267,67107679
44704243267,67107683
44704243267,67107692
44704243267,67107698
44704243267,67107721
44704243267,67107746
44704243267,67107760
44704243267,67107763
44704243267,67107764
44704243267,67107768
44704243267,67107773
44704243267,67107775
44704243267,67107778
44704243267,67107780
44704243267,67107801
44704243267,67107810
44704243267,67107825
44704243267,67107829
44704243267,67107836
44704243267,67107838
44704243267,67107849
44704243267,67107852
44704243267,67107853
44704243267,67107902
44704243267,67107908
44704243267,67107915
44704243267,67107916
44704243267,67107917
44704243267,67107933
44704243267,67107952
44704243267,67107986
44704243267,67107987
44704243267,67108018
44704243267,67108182
44704243267,67108183
44704243267,67108184
44704243267,67108185
44704243267,67108186
44704243267,67108187
44704243267,67108188
44704243267,67108189
44704243267,67108190
44704243267,67108191
44704243267,67108215
44704243267,67108216
44704243267,67108217
44704243267,67108219
44704243267,67108220
44704243267,67108221
44704243267,67108222
44704243267,67108223
44704243267,67108224
44704243267,67108226
44704243267,67108227
44704243267,67108229
44704243267,67108230
44704243267,67108231
44704243267,67108235
44704243267,67108236
44704243267,67108237
44704243267,67108238
44704243267,67108240
44704243267,67108241
44704243267,67108243
44704243267,67108244
44704243267,67108245
44704243267,67108246
44704243267,67108247
44704243267,67108248
44704243267,67108249
44704243267,67108250
44704243267,67108251
44704243267,67108252
44704243267,67108254
44704243267,67108255
44704243267,67108256
44704243267,67108258
44704243267,67108260
44704243267,67108261
44704243267,67108263
44704243267,67108264
44704243267,67108265
44704243267,67108266
44704243267,67108267
44704243267,67108268
44704243267,67108271
44704243267,67108272
44704243267,67108273
44704243267,67108276
44704243267,67108277
44704243267,67108278
44704243267,67108279
44704243267,67108281
44704243267,67108282
44704243267,67108283
44704243267,67108284
44704243267,67108285
44704243267,67108286
44704243267,67108287
44704243267,67108288
44704243267,67108289
44704243267,67108291
44704243267,67108293
44704243267,67108295
44704243267,67108296
44704243267,67108297
44704243267,67108298
44704243267,67108299
44704243267,67108300
44704243267,67108301
44704243267,67108302
44704243267,67108303
44704243267,67108304
44704243267,67108305
44704243267,67108306
44704243267,67108308
44704243267,67108311
44704243267,67108312
44704243267,67108313
44704243267,67108315
44704243267,67108316
44704243267,67108317
44704243267,67108320
44704243267,67108321
44704243267,67108322
44704243267,67108323
44704243267,67108325
44704243267,67108326
44704243267,67108327
44704243267,67108328
44704243267,67108330
44704243267,67108331
44704243267,67108332
44704243267,67108333
44704243267,67108334
44704243267,67108337
44704243267,67108338
44704243267,67108341
44704243267,67108342
44704243267,67108343
44704243267,67108344
44704243267,67108345
44704243267,67108347
44704243267,67108350
44704243267,67108351
44704243267,67108352
44704243267,67108353
44704243267,67108354
44704243267,67108355
44704243267,67108356
44704243267,67108357
44704243267,67108359
44704243267,67108361
44704243267,67108362
44704243267,67108363
44704243267,67108364
44704243267,67108366
44704243267,67108369
44704243267,67108370
44704243267,67108372
44704243267,67108375
44704243267,67108376
44704243267,67108377
44704243267,67108378
44704243267,67108379
44704243267,67108380
44704243267,67108381
44704243267,67108382
44704243267,67108383
44704243267,67108385
44704243267,67108387
44704243267,67108388
44704243267,67108389
44704243267,67108390
44704243267,67108392
44704243267,67108393
44704243267,67108395
44704243267,67108396
44704243267,67108397
44704243267,67108399
44704243267,67108400
44704243267,67108403
44704243267,67108404
44704243267,67108405
44704243267,67108408
44704243267,67108409
44704243267,67108410
44704243267,67108412
44704243267,67108414
44704243267,67108415
44704243267,67108418
44704243267,67108419
44704243267,67108421
44704243267,67108422
44704243267,67108423
44704243267,67108424
44704243267,67108427
44704243267,67108429
44704243267,67108431
44704243267,67108432
44704243267,67108433
44704243267,67108434
44704243267,67108435
44704243267,67108436
44704243267,67108437
44704243267,67108439
44704243267,67108441
44704243267,67108442
44704243267,67108443
44704243267,67108444
44704243267,67108445
44704243267,67108447
44704243267,67108448
44704243267,67108449
44704243267,67108450
44704243267,67108452
44704243267,67108453
44704243267,67108454
44704243267,67108455
44704243267,67108456
44704243267,67108457
44704243267,67108459
44704243267,67108460
44704243267,67108461
44704243267,67108466
44704243267,67108467
44704243267,67108468
44704243267,67108469
44704243267,67108470
44704243267,67108474
44704243267,67108477
44704243267,67108478
44704243267,67108479
44704243267,67108480
44704243267,67108482
44704243267,67108483
44704243267,67108485
44704243267,67108487
44704243267,67108490
44704243267,67108493
44704243267,67108494
44704243267,67108495
44704243267,67108496
44704243267,67108497
44704243267,67108498
44704243267,67108499
44704243267,67108500
44704243267,67108501
44704243267,67108502
44704243267,67108503
44704243267,67108504
44704243267,67108505
44704243267,67108506
44704243267,67108507
44704243267,67108508
44704243267,67108509
44704243267,67108510
44704243267,67108512
44704243267,67108513
44704243267,67108515
44704243267,67108517
44704243267,67108518
44704243267,67108520
44704243267,67108521
44704243267,67108522
44704243267,67108523
44704243267,67108524
44704243267,67108527
44704243267,67108528
44704243267,67108530
44704243267,67108532
44704243267,67108533
44704243267,67108535
44704243267,67108537
44704243267,67108538
44704243267,67108539
44704243267,67108540
44704243267,67108541
44704243267,67108542
44704243267,67108543
44704243267,67108545
44704243267,67108546
44704243267,67108547
44704243267,67108548
44704243267,67108549
44704243267,67108550
44704243267,67108551
44704243267,67108552
44704243267,67108555
44704243267,67108557
44704243267,67108558
44704243267,67108561
44704243267,67108562
44704243267,67108564
44704243267,67108565
44704243267,67108566
44704243267,67108567
44704243267,67108568
44704243267,67108569
44704243267,67108570
44704243267,67108571
44704243267,67108574
44704243267,67108575
44704243267,67108576
44704243267,67108577
44704243267,67108578
44704243267,67108579
44704243267,67108580
44704243267,67108584
44704243267,67108588
44704243267,67108589
44704243267,67108590
44704243267,67108592
44704243267,67108594
44704243267,67108596
44704243267,67108597
44704243267,67108598
44704243267,67108600
44704243267,67108601
44704243267,67108603
44704243267,67108605
44704243267,67108607
44704243267,67108608
44704243267,67108612
44704243267,67108613
44704243267,67108614
44704243267,67108615
44704243267,67108616
44704243267,67108617
44704243267,67108620
44704243267,67108621
44704243267,67108622
44704243267,67108623
44704243267,67108624
44704243267,67108625
44704243267,67108626
44704243267,67108627
44704243267,67108628
44704243267,67108630
44704243267,67108631
44704243267,67108632
44704243267,67108633
44704243267,67108634
44704243267,67108635
44704243267,67108636
44704243267,67108637
44704243267,67108639
44704243267,67108641
44704243267,67108643
44704243267,67108644
44704243267,67108645
44704243267,67108646
44704243267,67108647
44704243267,67108648
44704243267,67108649
44704243267,67108650
44704243267,67108652
44704243267,67108653
44704243267,67108654
44704243267,67108655
44704243267,67108657
44704243267,67108658
44704243267,67108662
44704243267,67108664
44704243267,67108671
44704243267,67108672
44704243267,67108673
44704243267,67108674
44704243267,67108675
44704243267,67108676
44704243267,67108677
44704243267,67108678
44704243267,67108679
44704243267,67108680
44704243267,67108681
44704243267,67108682
44704243267,67108683
44704243267,67108684
44704243267,67108685
44704243267,67108686
44704243267,67108687
44704243267,67108688
44704243267,67108689
44704243267,67108690
44704243267,67108691
44704243267,67108692
44704243267,67108693
44704243267,67108694
44704243267,67108695
44704243267,67108696
44704243267,67108697
44704243267,67108698
44704243267,67108699
44704243267,67108701
44704243267,67108703
44704243267,67108704
44704243267,67108705
44704243267,67108706
44704243267,67108708
44704243267,67108709
44704243267,67108710
44704243267,67108711
44704243267,67108712
44704243267,67108713
44704243267,67108714
44704243267,67108715
44704243267,67108716
44704243267,67108717
44704243267,67108718
44704243267,67108719
44704243267,67108720
44704243267,67108721
44704243267,67108723
44704243267,67108724
44704243267,67108725
44704243267,67108726
44704243267,67108727
44704243267,67108728
44704243267,67108729
44704243267,67108731
44704243267,67108733
66689936677,131249
66689936677,67099278
66689936677,67099971
66689936677,67100761
66689936677,67100763
66689936677,67100764
66689936677,67100767
66689936677,67100768
66689936677,67100769
66689936677,67100770
66689936677,67100771
66689936677,67100772
66689936677,67100773
66689936677,67100774
66689936677,67100775
66689936677,67100776
66689936677,67100777
66689936677,67100778
66689936677,67100779
66689936677,67100780
66689936677,67100781
66689936677,67100782
66689936677,67100785
66689936677,67100786
66689936677,67100787
66689936677,67100789
66689936677,67100792
66689936677,67100826
66689936677,67101190
66689936677,67101209
66689936677,67101394
66689936677,67101712
66689936677,67101719
66689936677,67101767
66689936677,67101838
66689936677,67101903
66689936677,67101951
66689936677,67102046
66689936677,67102073
66689936677,67102119
66689936677,67102129
66689936677,67102165
66689936677,67102205
66689936677,67102233
66689936677,67102627
66689936677,67102691
66689936677,67102889
66689936677,67102890
66689936677,67103012
66689936677,67103124
66689936677,67103153
66689936677,67103323
66689936677,67103356
66689936677,67103387
66689936677,67104262
66689936677,67104276
66689936677,67104317
66689936677,67104416
66689936677,67104437
66689936677,67104440
66689936677,67104459
66689936677,67104463
66689936677,67104482
66689936677,67104512
66689936677,67104541
66689936677,67104568
66689936677,67104573
66689936677,67104606
66689936677,67104608
66689936677,67104611
66689936677,67104616
66689936677,67104756
66689936677,67104758
66689936677,67104759
66689936677,67104760
66689936677,67104762
66689936677,67104763
66689936677,67104764
66689936677,67104765
66689936677,67104766
66689936677,67104767
66689936677,67104768
66689936677,67104769
66689936677,67104770
66689936677,67104771
66689936677,67104772
66689936677,67104773
66689936677,67104774
66689936677,67104775
66689936677,67104776
66689936677,67104777
66689936677,67104780
66689936677,67104781
66689936677,67104783
66689936677,67104821
66689936677,67105185
66689936677,67105204
66689936677,67105707
66689936677,67105712
66689936677,67105714
66689936677,67105762
66689936677,67105898
66689936677,67105946
66689936677,67106041
66689936677,67106068
66689936677,67106114
66689936677,67106124
66689936677,67106200
66689936677,67106228
66689936677,67106506
66689936677,67106528
66689936677,67106550
66689936677,67106571
66689936677,67106622
66689936677,67106686
66689936677,67106688
66689936677,67106884
66689936677,67107119
66689936677,67107148
66689936677,67107351
66689936677,67108257
66689936677,67108270
66689936677,67108402
66689936677,67108411
66689936677,67108417
66689936677,67108481
66689936677,67108486
66689936677,67108492
66689936677,67108529
66689936677,67108536
66689936677,67108544
66689936677,67108553
66689936677,67108609
66689936677,67108610
66689936677,67108611
66689936677,67108700
66689936677,67108702
66689936677,67108707
66689936677,67108722
66689936677,67108730
66689936677,67108732
88675630087,131246
88675630087,131247
88675630087,131248
88675630087,131254
88675630087,131255
88675630087,131256
88675630087,67099288
88675630087,67100795
88675630087,67100800
88675630087,67100808
88675630087,67100809
88675630087,67100813
88675630087,67100817
88675630087,67100818
88675630087,67100822
88675630087,67100827
88675630087,67100835
88675630087,67100841
88675630087,67100846
88675630087,67100858
88675630087,67100859
88675630087,67100861
88675630087,67100862
88675630087,67100863
88675630087,67100866
88675630087,67100869
88675630087,67100870
88675630087,67100884
88675630087,67100893
88675630087,67100895
88675630087,67100897
88675630087,67100899
88675630087,67100907
88675630087,67100909
88675630087,67100915
88675630087,67100916
88675630087,67100920
88675630087,67100926
88675630087,67100929
88675630087,67100934
88675630087,67100939
88675630087,67100941
88675630087,67100943
88675630087,67100952
88675630087,67100955
88675630087,67100966
88675630087,67100970
88675630087,67100971
88675630087,67100975
88675630087,67100978
88675630087,67100981
88675630087,67100989
88675630087,67100991
88675630087,67100999
88675630087,67101002
88675630087,67101007
88675630087,67101009
88675630087,67101015
88675630087,67101022
88675630087,67101024
88675630087,67101028
88675630087,67101032
88675630087,67101034
88675630087,67101042
88675630087,67101043
88675630087,67101049
88675630087,67101050
88675630087,67101052
88675630087,67101054
88675630087,67101058
88675630087,67101059
88675630087,67101061
88675630087,67101065
88675630087,67101066
88675630087,67101067
88675630087,67101068
88675630087,67101070
88675630087,67101071
88675630087,67101074
88675630087,67101079
88675630087,67101085
88675630087,67101089
88675630087,67101091
88675630087,67101094
88675630087,67101101
88675630087,67101102
88675630087,67101110
88675630087,67101113
88675630087,67101114
88675630087,67101117
88675630087,67101118
88675630087,67101119
88675630087,67101125
88675630087,67101129
88675630087,67101130
88675630087,67101136
88675630087,67101142
88675630087,67101143
88675630087,67101150
88675630087,67101151
88675630087,67101157
88675630087,67101158
88675630087,67101159
88675630087,67101162
88675630087,67101163
88675630087,67101168
88675630087,67101171
88675630087,67101174
88675630087,67101175
88675630087,67101180
88675630087,67101183
88675630087,67101188
88675630087,67101195
88675630087,67101202
88675630087,67101208
88675630087,67101210
88675630087,67101222
88675630087,67101231
88675630087,67101235
88675630087,67101236
88675630087,67101241
88675630087,67101242
88675630087,67101244
88675630087,67101248
88675630087,67101252
88675630087,67101256
88675630087,67101260
88675630087,67101261
88675630087,67101264
88675630087,67101284
88675630087,67101290
88675630087,67101292
88675630087,67101296
88675630087,67101297
88675630087,67101300
88675630087,67101305
88675630087,67101306
88675630087,67101310
88675630087,67101317
88675630087,67101319
88675630087,67101322
88675630087,67101325
88675630087,67101333
88675630087,67101342
88675630087,67101345
88675630087,67101350
88675630087,67101353
88675630087,67101357
88675630087,67101365
88675630087,67101367
88675630087,67101370
88675630087,67101376
88675630087,67101380
88675630087,67101383
88675630087,67101385
88675630087,67101387
88675630087,67101391
88675630087,67101397
88675630087,67101404
88675630087,67101406
88675630087,67101417
88675630087,67101419
88675630087,67101420
88675630087,67101423
88675630087,67101432
88675630087,67101433
88675630087,67101435
88675630087,67101437
88675630087,67101442
88675630087,67101445
88675630087,67101448
88675630087,67101449
88675630087,67101452
88675630087,67101463
88675630087,67101465
88675630087,67101470
88675630087,67101474
88675630087,67101475
88675630087,67101484
88675630087,67101485
88675630087,67101489
88675630087,67101490
88675630087,67101492
88675630087,67101495
88675630087,67101502
88675630087,67101504
88675630087,67101515
88675630087,67101517
88675630087,67101518
88675630087,67101521
88675630087,67101530
88675630087,67101536
88675630087,67101553
88675630087,67101561
88675630087,67101566
88675630087,67101567
88675630087,67101571
88675630087,67101572
88675630087,67101580
88675630087,67101581
88675630087,67101582
88675630087,67101583
88675630087,67101584
88675630087,67101591
88675630087,67101598
88675630087,67101599
88675630087,67101605
88675630087,67101607
88675630087,67101617
88675630087,67101619
88675630087,67101633
88675630087,67101634
88675630087,67101650
88675630087,67101657
88675630087,67101668
88675630087,67101669
88675630087,67101670
88675630087,67101673
88675630087,67101674
88675630087,67101680
88675630087,67101681
88675630087,67101686
88675630087,67101698
88675630087,67101711
88675630087,67101725
88675630087,67101731
88675630087,67101752
88675630087,67101756
88675630087,67101784
88675630087,67101788
88675630087,67101805
88675630087,67101815
88675630087,67101828
88675630087,67101832
88675630087,67101844
88675630087,67101860
88675630087,67101865
88675630087,67101872
88675630087,67101889
88675630087,67101900
88675630087,67101906
88675630087,67101908
88675630087,67101953
88675630087,67101976
88675630087,67101981
88675630087,67102141
88675630087,67102143
88675630087,67102231
88675630087,67102272
88675630087,67102294
88675630087,67102305
88675630087,67102315
88675630087,67102327
88675630087,67102491
88675630087,67102527
88675630087,67102573
88675630087,67102596
88675630087,67102600
88675630087,67102696
88675630087,67102729
88675630087,67102732
88675630087,67102741
88675630087,67102763
88675630087,67102767
88675630087,67102869
88675630087,67102904
88675630087,67103019
88675630087,67103027
88675630087,67103030
88675630087,67103066
88675630087,67103108
88675630087,67103273
88675630087,67103292
88675630087,67103305
88675630087,67103344
88675630087,67103375
88675630087,67103547
88675630087,67103716
88675630087,67104324
88675630087,67104795
88675630087,67104802
88675630087,67104805
88675630087,67104808
88675630087,67104812
88675630087,67104813
88675630087,67104817
88675630087,67104822
88675630087,67104824
88675630087,67104830
88675630087,67104836
88675630087,67104841
88675630087,67104852
88675630087,67104854
88675630087,67104856
88675630087,67104857
88675630087,67104858
88675630087,67104861
88675630087,67104864
88675630087,67104865
88675630087,67104879
88675630087,67104886
88675630087,67104888
88675630087,67104890
88675630087,67104891
88675630087,67104892
88675630087,67104894
88675630087,67104898
88675630087,67104902
88675630087,67104903
88675630087,67104904
88675630087,67104911
88675630087,67104915
88675630087,67104921
88675630087,67104924
88675630087,67104929
88675630087,67104934
88675630087,67104936
88675630087,67104938
88675630087,67104947
88675630087,67104950
88675630087,67104961
88675630087,67104964
88675630087,67104965
88675630087,67104966
88675630087,67104970
88675630087,67104973
88675630087,67104976
88675630087,67104984
88675630087,67104985
88675630087,67104988
88675630087,67104994
88675630087,67104996
88675630087,67105002
88675630087,67105004
88675630087,67105009
88675630087,67105014
88675630087,67105017
88675630087,67105023
88675630087,67105026
88675630087,67105029
88675630087,67105035
88675630087,67105037
88675630087,67105038
88675630087,67105044
88675630087,67105045
88675630087,67105047
88675630087,67105049
88675630087,67105053
88675630087,67105054
88675630087,67105056
88675630087,67105060
88675630087,67105061
88675630087,67105062
88675630087,67105063
88675630087,67105064
88675630087,67105065
88675630087,67105068
88675630087,67105074
88675630087,67105080
88675630087,67105081
88675630087,67105084
88675630087,67105096
88675630087,67105105
88675630087,67105108
88675630087,67105109
88675630087,67105110
88675630087,67105112
88675630087,67105113
88675630087,67105124
88675630087,67105125
88675630087,67105131
88675630087,67105138
88675630087,67105143
88675630087,67105145
88675630087,67105146
88675630087,67105152
88675630087,67105153
88675630087,67105154
88675630087,67105157
88675630087,67105158
88675630087,67105162
88675630087,67105170
88675630087,67105174
88675630087,67105175
88675630087,67105178
88675630087,67105180
88675630087,67105183
88675630087,67105190
88675630087,67105197
88675630087,67105202
88675630087,67105203
88675630087,67105205
88675630087,67105208
88675630087,67105211
88675630087,67105217
88675630087,67105226
88675630087,67105230
88675630087,67105231
88675630087,67105233
88675630087,67105236
88675630087,67105237
88675630087,67105239
88675630087,67105243
88675630087,67105247
88675630087,67105251
88675630087,67105253
88675630087,67105255
88675630087,67105256
88675630087,67105259
88675630087,67105279
88675630087,67105285
88675630087,67105286
88675630087,67105287
88675630087,67105291
88675630087,67105292
88675630087,67105295
88675630087,67105300
88675630087,67105301
88675630087,67105305
88675630087,67105312
88675630087,67105313
88675630087,67105317
88675630087,67105320
88675630087,67105340
88675630087,67105345
88675630087,67105348
88675630087,67105349
88675630087,67105351
88675630087,67105360
88675630087,67105365
88675630087,67105371
88675630087,67105375
88675630087,67105378
88675630087,67105380
88675630087,67105381
88675630087,67105386
88675630087,67105400
88675630087,67105412
88675630087,67105413
88675630087,67105415
88675630087,67105418
88675630087,67105427
88675630087,67105428
88675630087,67105430
88675630087,67105432
88675630087,67105437
88675630087,67105440
88675630087,67105443
88675630087,67105444
88675630087,67105447
88675630087,67105458
88675630087,67105460
88675630087,67105469
88675630087,67105470
88675630087,67105479
88675630087,67105480
88675630087,67105484
88675630087,67105485
88675630087,67105487
88675630087,67105490
88675630087,67105497
88675630087,67105499
88675630087,67105510
88675630087,67105512
88675630087,67105513
88675630087,67105525
88675630087,67105531
88675630087,67105548
88675630087,67105556
88675630087,67105561
88675630087,67105562
88675630087,67105566
88675630087,67105567
88675630087,67105575
88675630087,67105576
88675630087,67105577
88675630087,67105578
88675630087,67105585
88675630087,67105589
88675630087,67105593
88675630087,67105594
88675630087,67105602
88675630087,67105606
88675630087,67105612
88675630087,67105614
88675630087,67105622
88675630087,67105627
88675630087,67105628
88675630087,67105629
88675630087,67105632
88675630087,67105645
88675630087,67105651
88675630087,67105663
88675630087,67105665
88675630087,67105668
88675630087,67105669
88675630087,67105675
88675630087,67105676
88675630087,67105681
88675630087,67105694
88675630087,67105698
88675630087,67105706
88675630087,67105720
88675630087,67105725
88675630087,67105727
88675630087,67105746
88675630087,67105751
88675630087,67105779
88675630087,67105783
88675630087,67105800
88675630087,67105808
88675630087,67105810
88675630087,67105823
88675630087,67105827
88675630087,67105839
88675630087,67105854
88675630087,67105859
88675630087,67105867
88675630087,67105877
88675630087,67105895
88675630087,67105901
88675630087,67105903
88675630087,67105948
88675630087,67105971
88675630087,67105976
88675630087,67106040
88675630087,67106065
88675630087,67106136
88675630087,67106138
88675630087,67106226
88675630087,67106289
88675630087,67106300
88675630087,67106310
88675630087,67106322
88675630087,67106398
88675630087,67106445
88675630087,67106486
88675630087,67106522
88675630087,67106568
88675630087,67106586
88675630087,67106591
88675630087,67106595
88675630087,67106691
88675630087,67106698
88675630087,67106723
88675630087,67106727
88675630087,67106736
88675630087,67106758
88675630087,67106762
88675630087,67106783
88675630087,67106864
88675630087,67106899
88675630087,67106902
88675630087,67106939
88675630087,67106998
88675630087,67107014
88675630087,67107022
88675630087,67107061
88675630087,67107103
88675630087,67107199
88675630087,67107287
88675630087,67107339
88675630087,67107355
88675630087,67107370
88675630087,67108262
88675630087,67108319
