1093269888,67093415
1093269888,67093416
1093269888,67093417
1093269888,67093418
1093269888,67093419
1093269888,67093420
1093269888,67093421
1093269888,67093422
1093269888,67093423
1093269888,67093424
1093269888,67093425
1093269888,67093426
1093269888,67093427
1093269888,67093428
1093269888,67093429
1093269888,67093430
1093269888,67093431
1093269888,67093432
1093269888,67093433
1093269888,67093434
1093269888,67093435
1093269888,67093436
1093269888,67093439
1093269888,67093440
1093269888,67093441
1093269888,67093442
1093269888,67093915
1093269888,67101404
33891366528,131231
33891366528,67091420
33891366528,67092594
33891366528,67098452
33891366528,67098453
33891366528,67098454
33891366528,67098455
33891366528,67105942
33891366528,67105943
33891366528,67105944
33891366528,67108630
66689463168,131232
66689463168,131246
66689463168,67093925
66689463168,67093960
66689463168,67093974
66689463168,67093979
66689463168,67093984
66689463168,67093985
66689463168,67094017
66689463168,67094020
66689463168,67094027
66689463168,67094105
66689463168,67094138
66689463168,67094301
66689463168,67094326
66689463168,67094343
66689463168,67094356
66689463168,67094359
66689463168,67094384
66689463168,67094386
66689463168,67094387
66689463168,67094390
66689463168,67094391
66689463168,67094395
66689463168,67094432
66689463168,67094443
66689463168,67094447
66689463168,67094448
66689463168,67094451
66689463168,67094457
66689463168,67094461
66689463168,67094470
66689463168,67094473
66689463168,67094475
66689463168,67094478
66689463168,67094479
66689463168,67094483
66689463168,67094484
66689463168,67094489
66689463168,67094492
66689463168,67094493
66689463168,67094497
66689463168,67094500
66689463168,67094503
66689463168,67094505
66689463168,67094518
66689463168,67094524
66689463168,67094527
66689463168,67094529
66689463168,67094536
66689463168,67094537
66689463168,67094540
66689463168,67094544
66689463168,67094545
66689463168,67094549
66689463168,67094550
66689463168,67094560
66689463168,67094564
66689463168,67094565
66689463168,67094569
66689463168,67094572
66689463168,67096475
66689463168,67096476
66689463168,67101414
66689463168,67101450
66689463168,67101463
66689463168,67101468
66689463168,67101473
66689463168,67101474
66689463168,67101506
66689463168,67101516
66689463168,67101730
66689463168,67101790
66689463168,67101815
66689463168,67101816
66689463168,67101832
66689463168,67101845
66689463168,67101857
66689463168,67101873
66689463168,67101876
66689463168,67101880
66689463168,67101881
66689463168,67101882
66689463168,67101884
66689463168,67101932
66689463168,67101936
66689463168,67101937
66689463168,67101940
66689463168,67101950
66689463168,67101959
66689463168,67101963
66689463168,67101964
66689463168,67101967
66689463168,67101973
66689463168,67101978
66689463168,67101981
66689463168,67101982
66689463168,67101986
66689463168,67101990
66689463168,67101992
66689463168,67101994
66689463168,67102000
66689463168,67102003
66689463168,67102007
66689463168,67102012
66689463168,67102017
66689463168,67102018
66689463168,67102025
66689463168,67102026
66689463168,67102027
66689463168,67102030
66689463168,67102033
66689463168,67102034
66689463168,67102038
66689463168,67102039
66689463168,67102047
66689463168,67102049
66689463168,67102053
66689463168,67102054
66689463168,67102058
66689463168,67103965
