1093269888,67093415
1093269888,67093416
1093269888,67093417
1093269888,67093418
1093269888,67093419
1093269888,67093420
1093269888,67093421
1093269888,67093422
1093269888,67093423
1093269888,67093424
1093269888,67093425
1093269888,67093426
1093269888,67093427
1093269888,67093428
1093269888,67093429
1093269888,67093430
1093269888,67093431
1093269888,67093432
1093269888,67093433
1093269888,67093434
1093269888,67093435
1093269888,67093436
1093269888,67093439
1093269888,67093440
1093269888,67093441
1093269888,67093442
1093269888,67093915
1093269888,67101404
33891366528,131231
33891366528,67091420
33891366528,67092594
33891366528,67098452
33891366528,67098453
33891366528,67098454
33891366528,67098455
33891366528,67105942
33891366528,67105943
33891366528,67105944
33891366528,67108630
66689463168,131232
66689463168,131233
66689463168,131246
66689463168,131247
66689463168,67091412
66689463168,67093916
66689463168,67093918
66689463168,67093920
66689463168,67093921
66689463168,67093922
66689463168,67093923
66689463168,67093924
66689463168,67093925
66689463168,67093926
66689463168,67093927
66689463168,67093929
66689463168,67093930
66689463168,67093932
66689463168,67093933
66689463168,67093934
66689463168,67093935
66689463168,67093937
66689463168,67093938
66689463168,67093939
66689463168,67093940
66689463168,67093941
66689463168,67093942
66689463168,67093943
66689463168,67093944
66689463168,67093945
66689463168,67093946
66689463168,67093947
66689463168,67093948
66689463168,67093949
66689463168,67093950
66689463168,67093951
66689463168,67093952
66689463168,67093953
66689463168,67093954
66689463168,67093955
66689463168,67093956
66689463168,67093957
66689463168,67093958
66689463168,67093959
66689463168,67093960
66689463168,67093961
66689463168,67093962
66689463168,67093964
66689463168,67093965
66689463168,67093967
66689463168,67093969
66689463168,67093970
66689463168,67093971
66689463168,67093972
66689463168,67093973
66689463168,67093974
66689463168,67093975
66689463168,67093976
66689463168,67093977
66689463168,67093978
66689463168,67093979
66689463168,67093980
66689463168,67093981
66689463168,67093983
66689463168,67093984
66689463168,67093985
66689463168,67093986
66689463168,67093987
66689463168,67093988
66689463168,67093989
66689463168,67093990
66689463168,67093991
66689463168,67093992
66689463168,67093993
66689463168,67093994
66689463168,67093995
66689463168,67093996
66689463168,67093997
66689463168,67093998
66689463168,67093999
66689463168,67094002
66689463168,67094004
66689463168,67094005
66689463168,67094006
66689463168,67094007
66689463168,67094008
66689463168,67094009
66689463168,67094010
66689463168,67094011
66689463168,67094012
66689463168,67094013
66689463168,67094014
66689463168,67094016
66689463168,67094017
66689463168,67094018
66689463168,67094019
66689463168,67094020
66689463168,67094021
66689463168,67094022
66689463168,67094023
66689463168,67094024
66689463168,67094025
66689463168,67094026
66689463168,67094027
66689463168,67094028
66689463168,67094029
66689463168,67094030
66689463168,67094031
66689463168,67094032
66689463168,67094033
66689463168,67094034
66689463168,67094035
66689463168,67094036
66689463168,67094037
66689463168,67094038
66689463168,67094040
66689463168,67094041
66689463168,67094042
66689463168,67094043
66689463168,67094044
66689463168,67094045
66689463168,67094047
66689463168,67094048
66689463168,67094049
66689463168,67094050
66689463168,67094052
66689463168,67094054
66689463168,67094055
66689463168,67094056
66689463168,67094057
66689463168,67094058
66689463168,67094059
66689463168,67094060
66689463168,67094061
66689463168,67094062
66689463168,67094063
66689463168,67094064
66689463168,67094066
66689463168,67094067
66689463168,67094068
66689463168,67094069
66689463168,67094070
66689463168,67094071
66689463168,67094072
66689463168,67094073
66689463168,67094076
66689463168,67094079
66689463168,67094082
66689463168,67094084
66689463168,67094085
66689463168,67094086
66689463168,67094088
66689463168,67094089
66689463168,67094090
66689463168,67094091
66689463168,67094092
66689463168,67094093
66689463168,67094095
66689463168,67094097
66689463168,67094098
66689463168,67094099
66689463168,67094100
66689463168,67094101
66689463168,67094104
66689463168,67094105
66689463168,67094106
66689463168,67094108
66689463168,67094110
66689463168,67094113
66689463168,67094115
66689463168,67094116
66689463168,67094118
66689463168,67094121
66689463168,67094122
66689463168,67094124
66689463168,67094127
66689463168,67094129
66689463168,67094130
66689463168,67094131
66689463168,67094138
66689463168,67094139
66689463168,67094140
66689463168,67094143
66689463168,67094146
66689463168,67094147
66689463168,67094148
66689463168,67094149
66689463168,67094150
66689463168,67094152
66689463168,67094153
66689463168,67094155
66689463168,67094156
66689463168,67094161
66689463168,67094162
66689463168,67094164
66689463168,67094166
66689463168,67094167
66689463168,67094168
66689463168,67094169
66689463168,67094170
66689463168,67094174
66689463168,67094175
66689463168,67094183
66689463168,67094186
66689463168,67094191
66689463168,67094194
66689463168,67094195
66689463168,67094198
66689463168,67094199
66689463168,67094202
66689463168,67094204
66689463168,67094206
66689463168,67094207
66689463168,67094208
66689463168,67094209
66689463168,67094211
66689463168,67094212
66689463168,67094213
66689463168,67094214
66689463168,67094215
66689463168,67094216
66689463168,67094218
66689463168,67094220
66689463168,67094221
66689463168,67094225
66689463168,67094226
66689463168,67094227
66689463168,67094228
66689463168,67094229
66689463168,67094231
66689463168,67094234
66689463168,67094237
66689463168,67094240
66689463168,67094241
66689463168,67094244
66689463168,67094245
66689463168,67094247
66689463168,67094249
66689463168,67094251
66689463168,67094253
66689463168,67094257
66689463168,67094259
66689463168,67094260
66689463168,67094261
66689463168,67094262
66689463168,67094263
66689463168,67094265
66689463168,67094266
66689463168,67094268
66689463168,67094270
66689463168,67094271
66689463168,67094272
66689463168,67094273
66689463168,67094274
66689463168,67094275
66689463168,67094276
66689463168,67094277
66689463168,67094279
66689463168,67094281
66689463168,67094282
66689463168,67094283
66689463168,67094284
66689463168,67094288
66689463168,67094289
66689463168,67094290
66689463168,67094291
66689463168,67094292
66689463168,67094295
66689463168,67094296
66689463168,67094297
66689463168,67094298
66689463168,67094299
66689463168,67094300
66689463168,67094301
66689463168,67094302
66689463168,67094304
66689463168,67094305
66689463168,67094306
66689463168,67094307
66689463168,67094308
66689463168,67094309
66689463168,67094310
66689463168,67094311
66689463168,67094312
66689463168,67094313
66689463168,67094314
66689463168,67094316
66689463168,67094317
66689463168,67094318
66689463168,67094319
66689463168,67094320
66689463168,67094321
66689463168,67094323
66689463168,67094324
66689463168,67094325
66689463168,67094326
66689463168,67094327
66689463168,67094329
66689463168,67094330
66689463168,67094331
66689463168,67094332
66689463168,67094333
66689463168,67094334
66689463168,67094336
66689463168,67094337
66689463168,67094338
66689463168,67094340
66689463168,67094341
66689463168,67094342
66689463168,67094343
66689463168,67094345
66689463168,67094346
66689463168,67094347
66689463168,67094348
66689463168,67094350
66689463168,67094352
66689463168,67094356
66689463168,67094357
66689463168,67094358
66689463168,67094359
66689463168,67094362
66689463168,67094363
66689463168,67094364
66689463168,67094365
66689463168,67094366
66689463168,67094367
66689463168,67094369
66689463168,67094370
66689463168,67094371
66689463168,67094372
66689463168,67094373
66689463168,67094374
66689463168,67094376
66689463168,67094377
66689463168,67094378
66689463168,67094379
66689463168,67094380
66689463168,67094381
66689463168,67094382
66689463168,67094383
66689463168,67094384
66689463168,67094385
66689463168,67094386
66689463168,67094387
66689463168,67094388
66689463168,67094389
66689463168,67094390
66689463168,67094391
66689463168,67094392
66689463168,67094393
66689463168,67094394
66689463168,67094395
66689463168,67094396
66689463168,67094397
66689463168,67094398
66689463168,67094401
66689463168,67094402
66689463168,67094403
66689463168,67094404
66689463168,67094405
66689463168,67094406
66689463168,67094411
66689463168,67094414
66689463168,67094415
66689463168,67094416
66689463168,67094417
66689463168,67094419
66689463168,67094420
66689463168,67094421
66689463168,67094424
66689463168,67094425
66689463168,67094427
66689463168,67094428
66689463168,67094429
66689463168,67094431
66689463168,67094432
66689463168,67094434
66689463168,67094435
66689463168,67094436
66689463168,67094437
66689463168,67094439
66689463168,67094440
66689463168,67094441
66689463168,67094442
66689463168,67094443
66689463168,67094444
66689463168,67094445
66689463168,67094446
66689463168,67094447
66689463168,67094448
66689463168,67094449
66689463168,67094450
66689463168,67094451
66689463168,67094452
66689463168,67094453
66689463168,67094455
66689463168,67094456
66689463168,67094457
66689463168,67094458
66689463168,67094459
66689463168,67094460
66689463168,67094461
66689463168,67094462
66689463168,67094463
66689463168,67094464
66689463168,67094465
66689463168,67094466
66689463168,67094467
66689463168,67094468
66689463168,67094469
66689463168,67094470
66689463168,67094471
66689463168,67094472
66689463168,67094473
66689463168,67094474
66689463168,67094475
66689463168,67094476
66689463168,67094477
66689463168,67094478
66689463168,67094479
66689463168,67094481
66689463168,67094482
66689463168,67094483
66689463168,67094484
66689463168,67094485
66689463168,67094486
66689463168,67094487
66689463168,67094488
66689463168,67094489
66689463168,67094490
66689463168,67094491
66689463168,67094492
66689463168,67094493
66689463168,67094494
66689463168,67094495
66689463168,67094497
66689463168,67094498
66689463168,67094499
66689463168,67094500
66689463168,67094501
66689463168,67094502
66689463168,67094503
66689463168,67094504
66689463168,67094505
66689463168,67094506
66689463168,67094507
66689463168,67094508
66689463168,67094509
66689463168,67094510
66689463168,67094511
66689463168,67094512
66689463168,67094513
66689463168,67094514
66689463168,67094516
66689463168,67094517
66689463168,67094518
66689463168,67094519
66689463168,67094520
66689463168,67094521
66689463168,67094522
66689463168,67094523
66689463168,67094524
66689463168,67094525
66689463168,67094526
66689463168,67094527
66689463168,67094528
66689463168,67094529
66689463168,67094530
66689463168,67094531
66689463168,67094532
66689463168,67094533
66689463168,67094534
66689463168,67094535
66689463168,67094536
66689463168,67094537
66689463168,67094538
66689463168,67094539
66689463168,67094540
66689463168,67094541
66689463168,67094542
66689463168,67094543
66689463168,67094544
66689463168,67094545
66689463168,67094546
66689463168,67094547
66689463168,67094548
66689463168,67094549
66689463168,67094550
66689463168,67094551
66689463168,67094552
66689463168,67094553
66689463168,67094554
66689463168,67094555
66689463168,67094556
66689463168,67094557
66689463168,67094558
66689463168,67094559
66689463168,67094560
66689463168,67094561
66689463168,67094562
66689463168,67094563
66689463168,67094564
66689463168,67094565
66689463168,67094566
66689463168,67094567
66689463168,67094568
66689463168,67094569
66689463168,67094570
66689463168,67094571
66689463168,67094572
66689463168,67094573
66689463168,67094574
66689463168,67096474
66689463168,67096475
66689463168,67096476
66689463168,67101405
66689463168,67101406
66689463168,67101407
66689463168,67101409
66689463168,67101410
66689463168,67101411
66689463168,67101412
66689463168,67101413
66689463168,67101414
66689463168,67101415
66689463168,67101416
66689463168,67101419
66689463168,67101421
66689463168,67101422
66689463168,67101423
66689463168,67101424
66689463168,67101425
66689463168,67101426
66689463168,67101427
66689463168,67101428
66689463168,67101429
66689463168,67101430
66689463168,67101431
66689463168,67101432
66689463168,67101433
66689463168,67101434
66689463168,67101435
66689463168,67101436
66689463168,67101437
66689463168,67101438
66689463168,67101439
66689463168,67101440
66689463168,67101442
66689463168,67101443
66689463168,67101444
66689463168,67101445
66689463168,67101446
66689463168,67101447
66689463168,67101448
66689463168,67101450
66689463168,67101451
66689463168,67101453
66689463168,67101454
66689463168,67101456
66689463168,67101458
66689463168,67101459
66689463168,67101460
66689463168,67101461
66689463168,67101462
66689463168,67101463
66689463168,67101464
66689463168,67101465
66689463168,67101466
66689463168,67101467
66689463168,67101468
66689463168,67101469
66689463168,67101470
66689463168,67101472
66689463168,67101473
66689463168,67101474
66689463168,67101475
66689463168,67101476
66689463168,67101477
66689463168,67101478
66689463168,67101479
66689463168,67101480
66689463168,67101482
66689463168,67101483
66689463168,67101484
66689463168,67101485
66689463168,67101486
66689463168,67101487
66689463168,67101488
66689463168,67101491
66689463168,67101492
66689463168,67101493
66689463168,67101494
66689463168,67101495
66689463168,67101496
66689463168,67101497
66689463168,67101498
66689463168,67101499
66689463168,67101500
66689463168,67101501
66689463168,67101502
66689463168,67101504
66689463168,67101506
66689463168,67101507
66689463168,67101509
66689463168,67101510
66689463168,67101511
66689463168,67101512
66689463168,67101513
66689463168,67101514
66689463168,67101515
66689463168,67101516
66689463168,67101517
66689463168,67101518
66689463168,67101519
66689463168,67101520
66689463168,67101521
66689463168,67101522
66689463168,67101523
66689463168,67101524
66689463168,67101525
66689463168,67101526
66689463168,67101527
66689463168,67101528
66689463168,67101529
66689463168,67101530
66689463168,67101531
66689463168,67101532
66689463168,67101533
66689463168,67101535
66689463168,67101537
66689463168,67101538
66689463168,67101539
66689463168,67101540
66689463168,67101542
66689463168,67101543
66689463168,67101544
66689463168,67101545
66689463168,67101546
66689463168,67101547
66689463168,67101548
66689463168,67101549
66689463168,67101550
66689463168,67101551
66689463168,67101552
66689463168,67101553
66689463168,67101555
66689463168,67101556
66689463168,67101557
66689463168,67101558
66689463168,67101559
66689463168,67101560
66689463168,67101561
66689463168,67101562
66689463168,67101565
66689463168,67101568
66689463168,67101571
66689463168,67101572
66689463168,67101573
66689463168,67101574
66689463168,67101575
66689463168,67101577
66689463168,67101578
66689463168,67101579
66689463168,67101580
66689463168,67101581
66689463168,67101582
66689463168,67101584
66689463168,67101587
66689463168,67101588
66689463168,67101589
66689463168,67101590
66689463168,67101593
66689463168,67101594
66689463168,67101595
66689463168,67101596
66689463168,67101597
66689463168,67101599
66689463168,67101603
66689463168,67101604
66689463168,67101605
66689463168,67101606
66689463168,67101607
66689463168,67101610
66689463168,67101611
66689463168,67101613
66689463168,67101616
66689463168,67101618
66689463168,67101619
66689463168,67101620
66689463168,67101627
66689463168,67101628
66689463168,67101629
66689463168,67101632
66689463168,67101635
66689463168,67101636
66689463168,67101637
66689463168,67101639
66689463168,67101641
66689463168,67101642
66689463168,67101644
66689463168,67101645
66689463168,67101650
66689463168,67101651
66689463168,67101653
66689463168,67101655
66689463168,67101656
66689463168,67101657
66689463168,67101659
66689463168,67101661
66689463168,67101663
66689463168,67101664
66689463168,67101672
66689463168,67101676
66689463168,67101681
66689463168,67101684
66689463168,67101687
66689463168,67101688
66689463168,67101691
66689463168,67101693
66689463168,67101695
66689463168,67101697
66689463168,67101698
66689463168,67101700
66689463168,67101701
66689463168,67101702
66689463168,67101704
66689463168,67101705
66689463168,67101707
66689463168,67101709
66689463168,67101710
66689463168,67101714
66689463168,67101715
66689463168,67101716
66689463168,67101717
66689463168,67101719
66689463168,67101720
66689463168,67101721
66689463168,67101723
66689463168,67101726
66689463168,67101729
66689463168,67101730
66689463168,67101734
66689463168,67101736
66689463168,67101738
66689463168,67101739
66689463168,67101740
66689463168,67101742
66689463168,67101746
66689463168,67101748
66689463168,67101749
66689463168,67101750
66689463168,67101751
66689463168,67101752
66689463168,67101755
66689463168,67101757
66689463168,67101759
66689463168,67101760
66689463168,67101761
66689463168,67101762
66689463168,67101763
66689463168,67101764
66689463168,67101765
66689463168,67101767
66689463168,67101769
66689463168,67101770
66689463168,67101771
66689463168,67101772
66689463168,67101773
66689463168,67101774
66689463168,67101777
66689463168,67101778
66689463168,67101779
66689463168,67101780
66689463168,67101781
66689463168,67101785
66689463168,67101786
66689463168,67101787
66689463168,67101788
66689463168,67101789
66689463168,67101790
66689463168,67101791
66689463168,67101792
66689463168,67101793
66689463168,67101794
66689463168,67101795
66689463168,67101796
66689463168,67101797
66689463168,67101798
66689463168,67101799
66689463168,67101800
66689463168,67101801
66689463168,67101802
66689463168,67101803
66689463168,67101805
66689463168,67101807
66689463168,67101808
66689463168,67101809
66689463168,67101810
66689463168,67101812
66689463168,67101813
66689463168,67101814
66689463168,67101815
66689463168,67101816
66689463168,67101819
66689463168,67101820
66689463168,67101822
66689463168,67101823
66689463168,67101825
66689463168,67101826
66689463168,67101827
66689463168,67101829
66689463168,67101831
66689463168,67101832
66689463168,67101834
66689463168,67101835
66689463168,67101836
66689463168,67101837
66689463168,67101838
66689463168,67101840
66689463168,67101841
66689463168,67101842
66689463168,67101845
66689463168,67101846
66689463168,67101847
66689463168,67101848
66689463168,67101849
66689463168,67101851
66689463168,67101853
66689463168,67101854
66689463168,67101855
66689463168,67101856
66689463168,67101857
66689463168,67101859
66689463168,67101860
66689463168,67101861
66689463168,67101862
66689463168,67101863
66689463168,67101865
66689463168,67101866
66689463168,67101867
66689463168,67101868
66689463168,67101869
66689463168,67101870
66689463168,67101871
66689463168,67101872
66689463168,67101873
66689463168,67101874
66689463168,67101875
66689463168,67101876
66689463168,67101877
66689463168,67101878
66689463168,67101879
66689463168,67101880
66689463168,67101881
66689463168,67101882
66689463168,67101883
66689463168,67101884
66689463168,67101885
66689463168,67101886
66689463168,67101887
66689463168,67101888
66689463168,67101890
66689463168,67101891
66689463168,67101892
66689463168,67101893
66689463168,67101895
66689463168,67101896
66689463168,67101901
66689463168,67101903
66689463168,67101905
66689463168,67101906
66689463168,67101908
66689463168,67101909
66689463168,67101910
66689463168,67101913
66689463168,67101914
66689463168,67101916
66689463168,67101917
66689463168,67101918
66689463168,67101920
66689463168,67101921
66689463168,67101922
66689463168,67101923
66689463168,67101924
66689463168,67101925
66689463168,67101926
66689463168,67101928
66689463168,67101930
66689463168,67101931
66689463168,67101932
66689463168,67101933
66689463168,67101934
66689463168,67101935
66689463168,67101936
66689463168,67101937
66689463168,67101938
66689463168,67101939
66689463168,67101940
66689463168,67101941
66689463168,67101942
66689463168,67101943
66689463168,67101944
66689463168,67101945
66689463168,67101946
66689463168,67101947
66689463168,67101948
66689463168,67101949
66689463168,67101950
66689463168,67101951
66689463168,67101952
66689463168,67101953
66689463168,67101954
66689463168,67101955
66689463168,67101956
66689463168,67101957
66689463168,67101958
66689463168,67101959
66689463168,67101960
66689463168,67101961
66689463168,67101962
66689463168,67101963
66689463168,67101964
66689463168,67101965
66689463168,67101966
66689463168,67101967
66689463168,67101968
66689463168,67101969
66689463168,67101971
66689463168,67101972
66689463168,67101973
66689463168,67101974
66689463168,67101975
66689463168,67101976
66689463168,67101977
66689463168,67101978
66689463168,67101980
66689463168,67101981
66689463168,67101982
66689463168,67101983
66689463168,67101984
66689463168,67101985
66689463168,67101986
66689463168,67101987
66689463168,67101988
66689463168,67101989
66689463168,67101990
66689463168,67101991
66689463168,67101992
66689463168,67101993
66689463168,67101994
66689463168,67101995
66689463168,67101996
66689463168,67101997
66689463168,67101998
66689463168,67101999
66689463168,67102000
66689463168,67102001
66689463168,67102002
66689463168,67102003
66689463168,67102004
66689463168,67102005
66689463168,67102006
66689463168,67102007
66689463168,67102008
66689463168,67102009
66689463168,67102010
66689463168,67102011
66689463168,67102012
66689463168,67102013
66689463168,67102014
66689463168,67102015
66689463168,67102016
66689463168,67102017
66689463168,67102018
66689463168,67102019
66689463168,67102020
66689463168,67102021
66689463168,67102022
66689463168,67102023
66689463168,67102024
66689463168,67102025
66689463168,67102026
66689463168,67102027
66689463168,67102028
66689463168,67102029
66689463168,67102030
66689463168,67102031
66689463168,67102032
66689463168,67102033
66689463168,67102034
66689463168,67102035
66689463168,67102036
66689463168,67102037
66689463168,67102038
66689463168,67102039
66689463168,67102040
66689463168,67102041
66689463168,67102042
66689463168,67102043
66689463168,67102044
66689463168,67102045
66689463168,67102046
66689463168,67102047
66689463168,67102048
66689463168,67102049
66689463168,67102050
66689463168,67102051
66689463168,67102052
66689463168,67102053
66689463168,67102054
66689463168,67102055
66689463168,67102056
66689463168,67102057
66689463168,67102058
66689463168,67102059
66689463168,67102060
66689463168,67102061
66689463168,67102062
66689463168,67102063
66689463168,67103963
66689463168,67103964
66689463168,67103965
99487559808,131248
99487559808,67091452
99487559808,67094081
99487559808,67094083
99487559808,67094107
99487559808,67094112
99487559808,67094178
99487559808,67094181
99487559808,67094235
99487559808,67094238
99487559808,67094239
99487559808,67094285
99487559808,67094580
99487559808,67094595
99487559808,67094601
99487559808,67094603
99487559808,67094610
99487559808,67094611
99487559808,67094614
99487559808,67094619
99487559808,67094621
99487559808,67094634
99487559808,67094636
99487559808,67094639
99487559808,67094641
99487559808,67094656
99487559808,67094659
99487559808,67094667
99487559808,67094670
99487559808,67094671
99487559808,67094684
99487559808,67094687
99487559808,67094695
99487559808,67094696
99487559808,67094700
99487559808,67094708
99487559808,67094710
99487559808,67094711
99487559808,67094716
99487559808,67094721
99487559808,67094727
99487559808,67094733
99487559808,67094738
99487559808,67094740
99487559808,67094752
99487559808,67094754
99487559808,67094755
99487559808,67094757
99487559808,67094758
99487559808,67094759
99487559808,67094763
99487559808,67094765
99487559808,67094769
99487559808,67094771
99487559808,67094772
99487559808,67094773
99487559808,67094778
99487559808,67094787
99487559808,67094791
99487559808,67094793
99487559808,67094797
99487559808,67094798
99487559808,67094815
99487559808,67094816
99487559808,67094824
99487559808,67094867
99487559808,67094870
99487559808,67094876
99487559808,67094910
99487559808,67094949
99487559808,67094953
99487559808,67094958
99487559808,67094970
99487559808,67094975
99487559808,67094976
99487559808,67095006
99487559808,67095038
99487559808,67095064
99487559808,67095074
99487559808,67095078
99487559808,67095088
99487559808,67095092
99487559808,67095101
99487559808,67095103
99487559808,67095153
99487559808,67095205
99487559808,67095218
99487559808,67095222
99487559808,67095224
99487559808,67095236
99487559808,67095369
99487559808,67095389
99487559808,67095392
99487559808,67095393
99487559808,67095394
99487559808,67095395
99487559808,67095399
99487559808,67095413
99487559808,67095502
99487559808,67095506
99487559808,67095526
99487559808,67095608
99487559808,67095627
99487559808,67095711
99487559808,67095763
99487559808,67095764
99487559808,67095765
99487559808,67095771
99487559808,67095839
99487559808,67095847
99487559808,67095891
99487559808,67095936
99487559808,67095950
99487559808,67096933
99487559808,67096934
99487559808,67096935
99487559808,67101570
99487559808,67101601
99487559808,67101621
99487559808,67101646
99487559808,67101667
99487559808,67101670
99487559808,67101724
99487559808,67101727
99487559808,67101728
99487559808,67101768
99487559808,67101775
99487559808,67101864
99487559808,67101979
99487559808,67102069
99487559808,67102084
99487559808,67102090
99487559808,67102092
99487559808,67102099
99487559808,67102100
99487559808,67102103
99487559808,67102108
99487559808,67102110
99487559808,67102123
99487559808,67102126
99487559808,67102128
99487559808,67102130
99487559808,67102145
99487559808,67102149
99487559808,67102156
99487559808,67102160
99487559808,67102174
99487559808,67102176
99487559808,67102185
99487559808,67102186
99487559808,67102190
99487559808,67102197
99487559808,67102200
99487559808,67102205
99487559808,67102210
99487559808,67102216
99487559808,67102223
99487559808,67102227
99487559808,67102229
99487559808,67102241
99487559808,67102244
99487559808,67102245
99487559808,67102246
99487559808,67102248
99487559808,67102252
99487559808,67102254
99487559808,67102260
99487559808,67102261
99487559808,67102262
99487559808,67102267
99487559808,67102276
99487559808,67102280
99487559808,67102282
99487559808,67102286
99487559808,67102287
99487559808,67102305
99487559808,67102357
99487559808,67102359
99487559808,67102365
99487559808,67102400
99487559808,67102438
99487559808,67102442
99487559808,67102460
99487559808,67102464
99487559808,67102495
99487559808,67102528
99487559808,67102553
99487559808,67102567
99487559808,67102577
99487559808,67102578
99487559808,67102581
99487559808,67102628
99487559808,67102642
99487559808,67102643
99487559808,67102707
99487559808,67102713
99487559808,67102715
99487559808,67102726
99487559808,67102859
99487559808,67102878
99487559808,67102881
99487559808,67102883
99487559808,67102884
99487559808,67102888
99487559808,67102902
99487559808,67102906
99487559808,67102991
99487559808,67102995
99487559808,67103012
99487559808,67103015
99487559808,67103037
99487559808,67103094
99487559808,67103097
99487559808,67103116
99487559808,67103131
99487559808,67103200
99487559808,67103254
99487559808,67103256
99487559808,67103260
99487559808,67103300
99487559808,67103337
99487559808,67103380
99487559808,67103425
99487559808,67104422
99487559808,67104423
99487559808,67104424
