827860087,67089667
827860087,67091526
827860087,67093289
827860087,67093290
827860087,67093291
827860087,67093292
827860087,67093293
827860087,67093294
827860087,67093295
827860087,67093296
827860087,67093297
827860087,67093298
827860087,67093299
827860087,67093300
827860087,67093301
827860087,67093302
827860087,67093303
827860087,67093304
827860087,67093305
827860087,67093306
827860087,67093307
827860087,67093308
827860087,67093309
827860087,67093310
827860087,67093311
827860087,67093312
827860087,67093313
827860087,67093314
827860087,67093315
827860087,67093316
827860087,67093317
827860087,67093318
827860087,67093319
827860087,67093320
827860087,67093321
827860087,67093322
827860087,67093323
827860087,67093324
827860087,67093325
827860087,67093326
827860087,67093327
827860087,67093328
827860087,67093330
827860087,67093331
827860087,67093332
827860087,67093333
827860087,67093334
827860087,67093335
827860087,67093336
827860087,67093337
827860087,67093338
827860087,67093339
827860087,67093340
827860087,67093341
827860087,67093342
827860087,67093343
827860087,67093344
827860087,67093345
827860087,67093346
827860087,67093347
827860087,67093348
827860087,67093349
827860087,67093350
827860087,67093351
827860087,67093352
827860087,67093353
827860087,67093354
827860087,67093355
827860087,67093356
827860087,67093357
827860087,67093358
827860087,67093359
827860087,67093360
827860087,67093361
827860087,67093362
827860087,67093363
827860087,67093364
827860087,67093365
827860087,67093366
827860087,67093367
827860087,67093368
827860087,67093369
827860087,67093370
827860087,67093371
827860087,67093372
827860087,67093373
827860087,67093374
827860087,67093375
827860087,67093376
827860087,67093377
827860087,67093378
827860087,67093379
827860087,67093380
827860087,67093381
827860087,67093382
827860087,67093383
827860087,67093384
827860087,67093385
827860087,67093386
827860087,67093387
827860087,67093388
827860087,67093389
827860087,67093390
827860087,67093391
827860087,67093392
827860087,67093393
827860087,67093394
827860087,67093395
827860087,67093396
827860087,67093397
827860087,67093398
827860087,67093399
827860087,67093400
827860087,67093401
827860087,67093402
827860087,67093403
827860087,67093404
827860087,67093405
827860087,67093406
827860087,67093407
827860087,67093408
827860087,67093409
827860087,67093410
827860087,67093411
827860087,67093412
827860087,67093413
827860087,67093414
827860087,67093415
827860087,67093416
827860087,67093417
827860087,67093418
827860087,67093419
827860087,67093420
827860087,67093421
827860087,67093422
827860087,67093423
827860087,67093424
827860087,67093425
827860087,67093426
827860087,67093427
827860087,67093428
827860087,67093429
827860087,67093430
827860087,67093431
827860087,67093432
827860087,67093433
827860087,67093434
827860087,67093435
827860087,67093436
827860087,67093437
827860087,67093438
827860087,67093439
827860087,67093440
827860087,67093441
827860087,67093442
827860087,67093443
827860087,67093444
827860087,67093445
827860087,67093446
827860087,67093447
827860087,67093448
827860087,67093449
827860087,67093450
827860087,67093451
827860087,67093452
827860087,67093453
827860087,67093454
827860087,67093455
827860087,67093456
827860087,67093457
827860087,67093458
827860087,67093459
827860087,67093460
827860087,67093461
827860087,67093462
827860087,67093463
827860087,67093464
827860087,67093465
827860087,67093466
827860087,67093467
827860087,67093468
827860087,67093469
827860087,67093470
827860087,67093471
827860087,67093472
827860087,67093473
827860087,67093474
827860087,67093475
827860087,67093476
827860087,67093477
827860087,67093478
827860087,67093479
827860087,67093480
827860087,67093481
827860087,67093482
827860087,67093483
827860087,67093484
827860087,67093485
827860087,67093486
827860087,67093487
827860087,67093488
827860087,67093489
827860087,67093490
827860087,67093491
827860087,67093492
827860087,67093493
827860087,67093494
827860087,67093495
827860087,67093496
827860087,67093497
827860087,67093498
827860087,67093499
827860087,67093500
827860087,67093501
827860087,67093502
827860087,67093503
827860087,67093504
827860087,67093505
827860087,67093506
827860087,67093507
827860087,67093508
827860087,67093509
827860087,67093510
827860087,67093511
827860087,67093512
827860087,67093513
827860087,67093514
827860087,67093515
827860087,67093516
827860087,67093517
827860087,67093518
827860087,67093519
827860087,67093520
827860087,67093521
827860087,67093522
827860087,67093523
827860087,67093524
827860087,67093525
827860087,67093526
827860087,67093527
827860087,67093528
827860087,67093529
827860087,67093530
827860087,67093531
827860087,67093532
827860087,67093533
827860087,67093534
827860087,67093535
827860087,67093536
827860087,67093537
827860087,67093538
827860087,67093539
827860087,67093540
827860087,67093541
827860087,67093542
827860087,67093543
827860087,67093544
827860087,67093545
827860087,67093546
827860087,67093547
827860087,67093548
827860087,67093549
827860087,67093550
827860087,67093551
827860087,67093552
827860087,67093553
827860087,67093554
827860087,67093555
827860087,67093556
827860087,67093557
827860087,67093558
827860087,67093559
827860087,67093560
827860087,67093561
827860087,67093562
827860087,67093563
827860087,67093564
827860087,67093565
827860087,67093566
827860087,67093567
827860087,67093568
827860087,67093569
827860087,67093570
827860087,67093571
827860087,67093572
827860087,67093573
827860087,67093574
827860087,67093575
827860087,67093576
827860087,67093577
827860087,67093578
827860087,67093579
827860087,67093580
827860087,67093581
827860087,67093582
827860087,67093583
827860087,67093584
827860087,67093585
827860087,67093586
827860087,67093587
827860087,67093588
827860087,67093589
827860087,67093590
827860087,67093591
827860087,67093592
827860087,67093593
827860087,67093594
827860087,67093595
827860087,67093596
827860087,67093597
827860087,67093598
827860087,67093599
827860087,67093600
827860087,67093601
827860087,67093602
827860087,67093603
827860087,67093604
827860087,67093605
827860087,67093606
827860087,67093607
827860087,67093608
827860087,67093609
827860087,67093610
827860087,67093611
827860087,67093612
827860087,67093613
827860087,67093614
827860087,67093615
827860087,67093616
827860087,67093617
827860087,67093618
827860087,67093619
827860087,67093620
827860087,67093621
827860087,67093622
827860087,67093623
827860087,67093624
827860087,67093625
827860087,67093626
827860087,67093627
827860087,67093628
827860087,67093629
827860087,67093630
827860087,67093631
827860087,67093632
827860087,67093633
827860087,67093634
827860087,67093635
827860087,67093636
827860087,67093637
827860087,67093638
827860087,67093639
827860087,67093640
827860087,67093641
827860087,67093642
827860087,67093643
827860087,67093644
827860087,67093645
827860087,67093646
827860087,67093647
827860087,67093648
827860087,67093649
827860087,67093650
827860087,67095809
827860087,67095810
827860087,67095811
827860087,67095812
827860087,67095813
827860087,67095814
827860087,67103200
827860087,67103201
827860087,67103202
827860087,67103203
827860087,67103204
827860087,67103205
827860087,67108543
25663662697,131231
25663662697,131235
25663662697,131236
25663662697,131249
25663662697,131250
25663662697,131260
25663662697,131261
25663662697,67090069
25663662697,67093682
25663662697,67093727
25663662697,67093895
25663662697,67093943
25663662697,67093960
25663662697,67093983
25663662697,67093987
25663662697,67094017
25663662697,67094067
25663662697,67094081
25663662697,67094086
25663662697,67094116
25663662697,67094117
25663662697,67094138
25663662697,67094139
25663662697,67094149
25663662697,67094150
25663662697,67094151
25663662697,67094153
25663662697,67094154
25663662697,67094157
25663662697,67094236
25663662697,67094268
25663662697,67094281
25663662697,67094291
25663662697,67094296
25663662697,67094302
25663662697,67094317
25663662697,67094357
25663662697,67094400
25663662697,67094446
25663662697,67094452
25663662697,67094470
25663662697,67094526
25663662697,67094533
25663662697,67094543
25663662697,67094564
25663662697,67094612
25663662697,67094646
25663662697,67094648
25663662697,67094649
25663662697,67094666
25663662697,67094672
25663662697,67094725
25663662697,67094728
25663662697,67094732
25663662697,67094738
25663662697,67094769
25663662697,67094776
25663662697,67094795
25663662697,67094910
25663662697,67094978
25663662697,67094980
25663662697,67094982
25663662697,67095013
25663662697,67095070
25663662697,67095072
25663662697,67095074
25663662697,67095097
25663662697,67095098
25663662697,67095102
25663662697,67095145
25663662697,67095162
25663662697,67095165
25663662697,67095172
25663662697,67095196
25663662697,67095220
25663662697,67095224
25663662697,67095264
25663662697,67095313
25663662697,67095324
25663662697,67095327
25663662697,67095349
25663662697,67095353
25663662697,67095354
25663662697,67095355
25663662697,67095360
25663662697,67095366
25663662697,67095395
25663662697,67095429
25663662697,67095454
25663662697,67095818
25663662697,67095819
25663662697,67095824
25663662697,67095826
25663662697,67095830
25663662697,67095832
25663662697,67095837
25663662697,67095865
25663662697,67095869
25663662697,67095871
25663662697,67095885
25663662697,67095897
25663662697,67095898
25663662697,67095901
25663662697,67095907
25663662697,67095910
25663662697,67095911
25663662697,67095914
25663662697,67095919
25663662697,67095920
25663662697,67095922
25663662697,67095929
25663662697,67095938
25663662697,67095942
25663662697,67095944
25663662697,67095948
25663662697,67095952
25663662697,67095961
25663662697,67095962
25663662697,67095963
25663662697,67095964
25663662697,67095965
25663662697,67095966
25663662697,67095967
25663662697,67095968
25663662697,67095969
25663662697,67096027
25663662697,67096067
25663662697,67096069
25663662697,67096103
25663662697,67096114
25663662697,67096125
25663662697,67096135
25663662697,67096148
25663662697,67096155
25663662697,67096159
25663662697,67096163
25663662697,67096164
25663662697,67096169
25663662697,67096171
25663662697,67096198
25663662697,67096282
25663662697,67096293
25663662697,67096294
25663662697,67096327
25663662697,67096328
25663662697,67096329
25663662697,67096358
25663662697,67096403
25663662697,67096443
25663662697,67096450
25663662697,67096546
25663662697,67096618
25663662697,67096663
25663662697,67096695
25663662697,67096775
25663662697,67096776
25663662697,67096813
25663662697,67096819
25663662697,67096861
25663662697,67096871
25663662697,67096873
25663662697,67096877
25663662697,67096888
25663662697,67096891
25663662697,67096895
25663662697,67096897
25663662697,67096920
25663662697,67096921
25663662697,67096922
25663662697,67096923
25663662697,67096936
25663662697,67096973
25663662697,67096992
25663662697,67097007
25663662697,67097038
25663662697,67097041
25663662697,67097047
25663662697,67097053
25663662697,67097054
25663662697,67097056
25663662697,67097062
25663662697,67097063
25663662697,67097064
25663662697,67097080
25663662697,67097123
25663662697,67097146
25663662697,67097153
25663662697,67097207
25663662697,67097412
25663662697,67097472
25663662697,67097513
25663662697,67097515
25663662697,67097583
25663662697,67097644
25663662697,67097645
25663662697,67097747
25663662697,67097765
25663662697,67097770
25663662697,67097827
25663662697,67097834
25663662697,67097862
25663662697,67097914
25663662697,67097954
25663662697,67097982
25663662697,67097986
25663662697,67098020
25663662697,67098030
25663662697,67098062
25663662697,67098075
25663662697,67098081
25663662697,67098092
25663662697,67098137
25663662697,67098193
25663662697,67098251
25663662697,67098258
25663662697,67098361
25663662697,67098370
25663662697,67098373
25663662697,67098384
25663662697,67098392
25663662697,67098410
25663662697,67098439
25663662697,67098444
25663662697,67098456
25663662697,67098457
25663662697,67098476
25663662697,67098487
25663662697,67098601
25663662697,67098707
25663662697,67098721
25663662697,67098726
25663662697,67098753
25663662697,67098816
25663662697,67098852
25663662697,67098896
25663662697,67098918
25663662697,67099001
25663662697,67099019
25663662697,67099049
25663662697,67099066
25663662697,67099075
25663662697,67099104
25663662697,67099123
25663662697,67099131
25663662697,67099148
25663662697,67099178
25663662697,67099202
25663662697,67099203
25663662697,67099288
25663662697,67099290
25663662697,67099291
25663662697,67099295
25663662697,67099297
25663662697,67099345
25663662697,67099350
25663662697,67099368
25663662697,67099455
25663662697,67099459
25663662697,67099498
25663662697,67099520
25663662697,67099528
25663662697,67099547
25663662697,67099558
25663662697,67099634
25663662697,67099643
25663662697,67099737
25663662697,67099786
25663662697,67099795
25663662697,67099830
25663662697,67099849
25663662697,67099869
25663662697,67099878
25663662697,67099947
25663662697,67099969
25663662697,67099971
25663662697,67099985
25663662697,67100020
25663662697,67100058
25663662697,67100153
25663662697,67100154
25663662697,67100157
25663662697,67100186
25663662697,67100282
25663662697,67100289
25663662697,67100311
25663662697,67100398
25663662697,67100408
25663662697,67100435
25663662697,67100436
25663662697,67100437
25663662697,67100449
25663662697,67100470
25663662697,67100471
25663662697,67100473
25663662697,67100526
25663662697,67100537
25663662697,67100598
25663662697,67100606
25663662697,67100669
25663662697,67100692
25663662697,67100693
25663662697,67100709
25663662697,67100765
25663662697,67100802
25663662697,67100847
25663662697,67100849
25663662697,67100851
25663662697,67100865
25663662697,67100935
25663662697,67101017
25663662697,67101072
25663662697,67101118
25663662697,67101286
25663662697,67101334
25663662697,67101351
25663662697,67101374
25663662697,67101378
25663662697,67101408
25663662697,67101458
25663662697,67101472
25663662697,67101477
25663662697,67101507
25663662697,67101508
25663662697,67101529
25663662697,67101540
25663662697,67101542
25663662697,67101544
25663662697,67101545
25663662697,67101548
25663662697,67101627
25663662697,67101659
25663662697,67101672
25663662697,67101682
25663662697,67101693
25663662697,67101708
25663662697,67101748
25663662697,67101791
25663662697,67101837
25663662697,67101843
25663662697,67101861
25663662697,67101917
25663662697,67101924
25663662697,67101934
25663662697,67101955
25663662697,67102003
25663662697,67102037
25663662697,67102039
25663662697,67102040
25663662697,67102057
25663662697,67102063
25663662697,67102116
25663662697,67102119
25663662697,67102123
25663662697,67102129
25663662697,67102160
25663662697,67102167
25663662697,67102186
25663662697,67102227
25663662697,67102301
25663662697,67102369
25663662697,67102371
25663662697,67102390
25663662697,67102398
25663662697,67102404
25663662697,67102461
25663662697,67102463
25663662697,67102464
25663662697,67102488
25663662697,67102536
25663662697,67102553
25663662697,67102563
25663662697,67102587
25663662697,67102611
25663662697,67102615
25663662697,67102655
25663662697,67102704
25663662697,67102718
25663662697,67102723
25663662697,67102740
25663662697,67102744
25663662697,67102745
25663662697,67102751
25663662697,67102757
25663662697,67102786
25663662697,67102820
25663662697,67102845
25663662697,67103209
25663662697,67103210
25663662697,67103215
25663662697,67103217
25663662697,67103221
25663662697,67103223
25663662697,67103228
25663662697,67103256
25663662697,67103260
25663662697,67103262
25663662697,67103276
25663662697,67103288
25663662697,67103289
25663662697,67103292
25663662697,67103298
25663662697,67103301
25663662697,67103302
25663662697,67103304
25663662697,67103305
25663662697,67103310
25663662697,67103311
25663662697,67103313
25663662697,67103320
25663662697,67103329
25663662697,67103333
25663662697,67103335
25663662697,67103339
25663662697,67103352
25663662697,67103353
25663662697,67103354
25663662697,67103355
25663662697,67103356
25663662697,67103357
25663662697,67103358
25663662697,67103359
25663662697,67103360
25663662697,67103372
25663662697,67103418
25663662697,67103458
25663662697,67103460
25663662697,67103494
25663662697,67103505
25663662697,67103516
25663662697,67103526
25663662697,67103539
25663662697,67103546
25663662697,67103550
25663662697,67103554
25663662697,67103555
25663662697,67103560
25663662697,67103562
25663662697,67103589
25663662697,67103673
25663662697,67103683
25663662697,67103684
25663662697,67103685
25663662697,67103718
25663662697,67103719
25663662697,67103720
25663662697,67103749
25663662697,67103794
25663662697,67103834
25663662697,67103841
25663662697,67103936
25663662697,67103937
25663662697,67104009
25663662697,67104054
25663662697,67104086
25663662697,67104166
25663662697,67104167
25663662697,67104204
25663662697,67104210
25663662697,67104261
25663662697,67104262
25663662697,67104264
25663662697,67104268
25663662697,67104279
25663662697,67104282
25663662697,67104286
25663662697,67104288
25663662697,67104289
25663662697,67104311
25663662697,67104312
25663662697,67104313
25663662697,67104314
25663662697,67104327
25663662697,67104364
25663662697,67104383
25663662697,67104398
25663662697,67104429
25663662697,67104432
25663662697,67104438
25663662697,67104444
25663662697,67104447
25663662697,67104453
25663662697,67104454
25663662697,67104455
25663662697,67104471
25663662697,67104514
25663662697,67104537
25663662697,67104544
25663662697,67104598
25663662697,67104803
25663662697,67104814
25663662697,67104862
25663662697,67104904
25663662697,67104906
25663662697,67104941
25663662697,67104974
25663662697,67105035
25663662697,67105036
25663662697,67105138
25663662697,67105156
25663662697,67105161
25663662697,67105218
25663662697,67105225
25663662697,67105253
25663662697,67105305
25663662697,67105345
25663662697,67105373
25663662697,67105377
25663662697,67105411
25663662697,67105421
25663662697,67105452
25663662697,67105466
25663662697,67105472
25663662697,67105483
25663662697,67105528
25663662697,67105569
25663662697,67105584
25663662697,67105642
25663662697,67105649
25663662697,67105752
25663662697,67105761
25663662697,67105764
25663662697,67105775
25663662697,67105783
25663662697,67105801
25663662697,67105830
25663662697,67105835
25663662697,67105847
25663662697,67105848
25663662697,67105867
25663662697,67105878
25663662697,67105992
25663662697,67106098
25663662697,67106112
25663662697,67106117
25663662697,67106144
25663662697,67106207
25663662697,67106243
25663662697,67106287
25663662697,67106309
25663662697,67106392
25663662697,67106410
25663662697,67106440
25663662697,67106457
25663662697,67106466
25663662697,67106495
25663662697,67106514
25663662697,67106521
25663662697,67106539
25663662697,67106569
25663662697,67106593
25663662697,67106594
25663662697,67106679
25663662697,67106681
25663662697,67106682
25663662697,67106686
25663662697,67106688
25663662697,67106736
25663662697,67106741
25663662697,67106759
25663662697,67106846
25663662697,67106850
25663662697,67106889
25663662697,67106911
25663662697,67106919
25663662697,67106938
25663662697,67106949
25663662697,67107034
25663662697,67107128
25663662697,67107177
25663662697,67107178
25663662697,67107186
25663662697,67107221
25663662697,67107240
25663662697,67107269
25663662697,67107338
25663662697,67107360
25663662697,67107362
25663662697,67107376
25663662697,67107449
25663662697,67107544
25663662697,67107545
25663662697,67107548
25663662697,67107577
25663662697,67107680
25663662697,67107702
25663662697,67107742
25663662697,67107789
25663662697,67107799
25663662697,67107826
25663662697,67107827
25663662697,67107840
25663662697,67107861
25663662697,67107862
25663662697,67107864
25663662697,67107917
25663662697,67107928
25663662697,67107989
25663662697,67107997
25663662697,67108060
25663662697,67108083
25663662697,67108084
25663662697,67108100
25663662697,67108156
25663662697,67108193
25663662697,67108238
25663662697,67108240
25663662697,67108242
25663662697,67108256
25663662697,67108326
25663662697,67108408
25663662697,67108434
25663662697,67108435
25663662697,67108437
25663662697,67108438
25663662697,67108439
25663662697,67108440
25663662697,67108442
25663662697,67108443
25663662697,67108444
25663662697,67108445
25663662697,67108446
25663662697,67108447
25663662697,67108448
25663662697,67108449
25663662697,67108450
25663662697,67108451
25663662697,67108452
25663662697,67108453
25663662697,67108454
25663662697,67108455
25663662697,67108456
25663662697,67108457
25663662697,67108458
25663662697,67108459
25663662697,67108460
25663662697,67108461
25663662697,67108462
25663662697,67108463
25663662697,67108464
25663662697,67108465
25663662697,67108466
25663662697,67108467
25663662697,67108468
25663662697,67108469
25663662697,67108470
25663662697,67108471
25663662697,67108472
25663662697,67108474
25663662697,67108475
25663662697,67108476
25663662697,67108477
25663662697,67108478
25663662697,67108479
25663662697,67108480
25663662697,67108481
25663662697,67108482
25663662697,67108483
25663662697,67108485
25663662697,67108486
25663662697,67108487
25663662697,67108488
25663662697,67108489
25663662697,67108490
25663662697,67108491
25663662697,67108492
25663662697,67108493
25663662697,67108494
25663662697,67108495
25663662697,67108496
25663662697,67108497
25663662697,67108498
25663662697,67108499
25663662697,67108500
25663662697,67108501
25663662697,67108502
25663662697,67108503
25663662697,67108504
25663662697,67108505
25663662697,67108506
25663662697,67108507
25663662697,67108508
25663662697,67108509
25663662697,67108510
25663662697,67108511
25663662697,67108512
25663662697,67108513
25663662697,67108514
25663662697,67108515
25663662697,67108516
25663662697,67108517
25663662697,67108518
25663662697,67108519
25663662697,67108520
25663662697,67108521
25663662697,67108522
25663662697,67108523
25663662697,67108524
25663662697,67108525
25663662697,67108526
25663662697,67108544
25663662697,67108545
25663662697,67108546
25663662697,67108547
25663662697,67108548
25663662697,67108549
25663662697,67108550
25663662697,67108551
25663662697,67108552
25663662697,67108553
25663662697,67108554
25663662697,67108555
25663662697,67108556
25663662697,67108557
25663662697,67108558
25663662697,67108559
25663662697,67108560
25663662697,67108561
25663662697,67108562
25663662697,67108563
25663662697,67108564
25663662697,67108565
25663662697,67108566
25663662697,67108567
25663662697,67108568
25663662697,67108569
25663662697,67108570
25663662697,67108571
25663662697,67108572
25663662697,67108573
25663662697,67108574
25663662697,67108575
25663662697,67108576
25663662697,67108577
25663662697,67108578
25663662697,67108579
25663662697,67108580
25663662697,67108581
25663662697,67108582
25663662697,67108583
25663662697,67108584
25663662697,67108585
25663662697,67108586
25663662697,67108587
25663662697,67108588
25663662697,67108589
25663662697,67108590
25663662697,67108591
25663662697,67108592
25663662697,67108593
25663662697,67108594
25663662697,67108595
25663662697,67108596
25663662697,67108597
25663662697,67108598
25663662697,67108599
25663662697,67108600
25663662697,67108601
25663662697,67108602
25663662697,67108603
25663662697,67108604
25663662697,67108605
25663662697,67108606
25663662697,67108607
25663662697,67108608
25663662697,67108609
25663662697,67108610
25663662697,67108611
25663662697,67108612
25663662697,67108613
25663662697,67108614
25663662697,67108615
25663662697,67108616
25663662697,67108617
25663662697,67108618
25663662697,67108619
25663662697,67108620
25663662697,67108621
25663662697,67108622
25663662697,67108623
25663662697,67108624
25663662697,67108625
25663662697,67108626
25663662697,67108627
25663662697,67108628
25663662697,67108629
25663662697,67108630
25663662697,67108631
25663662697,67108632
25663662697,67108633
25663662697,67108634
25663662697,67108635
25663662697,67108636
25663662697,67108637
25663662697,67108638
25663662697,67108639
25663662697,67108640
25663662697,67108641
25663662697,67108642
25663662697,67108643
25663662697,67108644
25663662697,67108645
25663662697,67108646
25663662697,67108647
25663662697,67108648
25663662697,67108649
25663662697,67108650
25663662697,67108651
25663662697,67108652
25663662697,67108653
25663662697,67108654
25663662697,67108655
25663662697,67108656
25663662697,67108657
25663662697,67108658
25663662697,67108659
25663662697,67108660
25663662697,67108661
25663662697,67108662
25663662697,67108663
25663662697,67108664
25663662697,67108665
25663662697,67108666
25663662697,67108667
25663662697,67108668
25663662697,67108669
25663662697,67108670
25663662697,67108671
25663662697,67108672
25663662697,67108673
25663662697,67108674
25663662697,67108675
25663662697,67108676
25663662697,67108677
25663662697,67108678
25663662697,67108679
25663662697,67108680
25663662697,67108681
25663662697,67108682
25663662697,67108683
25663662697,67108684
25663662697,67108685
25663662697,67108686
25663662697,67108687
25663662697,67108688
25663662697,67108689
25663662697,67108690
25663662697,67108691
25663662697,67108692
25663662697,67108693
25663662697,67108694
25663662697,67108695
25663662697,67108696
25663662697,67108697
25663662697,67108698
25663662697,67108699
25663662697,67108700
25663662697,67108701
25663662697,67108702
25663662697,67108703
25663662697,67108704
25663662697,67108705
25663662697,67108706
25663662697,67108707
25663662697,67108708
25663662697,67108709
25663662697,67108710
25663662697,67108711
25663662697,67108712
25663662697,67108713
25663662697,67108714
25663662697,67108715
25663662697,67108716
25663662697,67108717
25663662697,67108718
25663662697,67108719
25663662697,67108720
25663662697,67108721
25663662697,67108722
25663662697,67108723
25663662697,67108724
25663662697,67108725
25663662697,67108726
25663662697,67108727
25663662697,67108728
25663662697,67108729
25663662697,67108730
25663662697,67108731
25663662697,67108732
25663662697,67108733
25663662697,67108734
25663662697,67108735
25663662697,67108736
25663662697,67108737
25663662697,67108738
25663662697,67108739
25663662697,67108740
25663662697,67108741
25663662697,67108742
25663662697,67108743
25663662697,67108744
25663662697,67108745
25663662697,67108746
25663662697,67108747
25663662697,67108748
25663662697,67108749
25663662697,67108750
25663662697,67108751
25663662697,67108752
25663662697,67108753
25663662697,67108754
25663662697,67108755
25663662697,67108756
25663662697,67108757
25663662697,67108758
25663662697,67108759
25663662697,67108760
25663662697,67108761
25663662697,67108762
25663662697,67108763
25663662697,67108764
25663662697,67108765
25663662697,67108766
25663662697,67108767
25663662697,67108768
25663662697,67108769
25663662697,67108770
25663662697,67108771
25663662697,67108772
25663662697,67108773
25663662697,67108774
25663662697,67108775
25663662697,67108776
25663662697,67108777
25663662697,67108778
25663662697,67108779
25663662697,67108780
25663662697,67108781
25663662697,67108782
25663662697,67108783
25663662697,67108784
25663662697,67108785
25663662697,67108786
25663662697,67108788
25663662697,67108789
25663662697,67108790
25663662697,67108791
25663662697,67108792
25663662697,67108793
25663662697,67108794
