827860087,67093303
827860087,67093306
827860087,67093307
827860087,67093319
827860087,67093320
827860087,67093322
827860087,67093324
827860087,67093325
827860087,67093342
827860087,67093345
827860087,67093348
827860087,67093350
827860087,67093360
827860087,67093361
827860087,67093362
827860087,67093366
827860087,67093367
827860087,67093368
827860087,67093369
827860087,67093370
827860087,67093371
827860087,67093372
827860087,67093373
827860087,67093375
827860087,67093376
827860087,67093377
827860087,67093378
827860087,67093382
827860087,67093383
827860087,67093386
827860087,67093388
827860087,67093397
827860087,67093398
827860087,67093399
827860087,67093400
827860087,67093402
827860087,67093403
827860087,67093404
827860087,67093406
827860087,67093407
827860087,67093408
827860087,67093409
827860087,67093416
827860087,67093419
827860087,67093420
827860087,67093421
827860087,67093424
827860087,67093426
827860087,67093427
827860087,67093429
827860087,67093430
827860087,67093431
827860087,67093433
827860087,67093434
827860087,67093439
827860087,67093440
827860087,67093441
827860087,67093442
827860087,67093443
827860087,67093446
827860087,67093447
827860087,67093448
827860087,67093449
827860087,67093450
827860087,67093451
827860087,67093452
827860087,67093453
827860087,67093454
827860087,67093455
827860087,67093456
827860087,67093457
827860087,67093458
827860087,67093460
827860087,67093480
827860087,67093482
827860087,67093484
827860087,67093486
827860087,67093488
827860087,67093499
827860087,67093500
827860087,67093501
827860087,67093503
827860087,67093504
827860087,67093505
827860087,67093506
827860087,67093508
827860087,67093509
827860087,67093511
827860087,67093512
827860087,67093513
827860087,67093517
827860087,67093518
827860087,67093519
827860087,67093520
827860087,67093521
827860087,67093523
827860087,67093524
827860087,67093525
827860087,67093526
827860087,67093527
827860087,67093529
827860087,67093530
827860087,67093531
827860087,67093532
827860087,67093533
827860087,67093535
827860087,67093536
827860087,67093537
827860087,67093539
827860087,67093540
827860087,67093542
827860087,67093543
827860087,67093549
827860087,67093556
827860087,67093558
827860087,67093561
827860087,67093563
827860087,67093569
827860087,67093570
827860087,67093571
827860087,67093578
827860087,67093580
827860087,67093582
827860087,67093583
827860087,67093585
827860087,67093586
827860087,67093587
827860087,67093588
827860087,67093589
827860087,67093592
827860087,67093600
827860087,67093601
827860087,67093602
827860087,67093603
827860087,67093605
827860087,67093606
827860087,67093607
827860087,67093608
827860087,67093613
827860087,67093614
827860087,67093615
827860087,67093617
827860087,67093618
827860087,67093619
827860087,67093620
827860087,67093621
827860087,67093622
827860087,67093626
827860087,67093627
827860087,67093628
827860087,67093629
827860087,67093630
827860087,67093631
827860087,67093632
827860087,67093633
827860087,67093634
827860087,67093635
827860087,67093636
827860087,67093637
827860087,67093638
827860087,67093640
827860087,67095813
827860087,67095814
827860087,67103204
827860087,67103205
