1379256614,67104634
1379256614,67104635
1379256614,67104636
1379256614,67104637
1379256614,67104638
1379256614,67104639
1379256614,67104640
1379256614,67104641
44136211648,67104642
44136211648,67104643
44136211648,67104644
44136211648,67104645
44136211648,67104646
44136211648,67104647
44136211648,67104648
44136211648,67104649
86893166682,67104029
86893166682,67104544
86893166682,67104545
86893166682,67104546
86893166682,67104547
86893166682,67104548
86893166682,67104549
86893166682,67104550
129650121716,67104030
129650121716,67104031
129650121716,67104032
129650121716,67104033
129650121716,67104034
129650121716,67104035
129650121716,67104036
129650121716,67104037
172407076750,67104038
172407076750,67104039
172407076750,67104040
172407076750,67104041
172407076750,67104042
172407076750,67104043
172407076750,67104044
172407076750,67104045
215164031784,67104046
215164031784,67104047
215164031784,67104048
215164031784,67104049
215164031784,67104050
215164031784,67104051
