1379256614,67104634
1379256614,67104635
1379256614,67104636
1379256614,67104637
1379256614,67104638
1379256614,67104639
1379256614,67104640
1379256614,67104641
44136211648,67104642
44136211648,67104643
44136211648,67104644
44136211648,67104645
44136211648,67104646
44136211648,67104647
44136211648,67104648
44136211648,67104649
86893166682,67104029
86893166682,67104544
86893166682,67104545
86893166682,67104546
86893166682,67104547
86893166682,67104548
86893166682,67104549
86893166682,67104550
129650121716,67104030
129650121716,67104031
129650121716,67104032
129650121716,67104033
129650121716,67104034
129650121716,67104035
129650121716,67104036
129650121716,67104037
172407076750,67104038
172407076750,67104039
172407076750,67104040
172407076750,67104041
172407076750,67104042
172407076750,67104043
172407076750,67104044
172407076750,67104045
215164031784,67104046
215164031784,67104047
215164031784,67104048
215164031784,67104049
215164031784,67104050
215164031784,67104051
215164031784,67104052
215164031784,67104053
257920986818,67104054
257920986818,67104055
257920986818,67104056
257920986818,67104057
257920986818,67104058
257920986818,67104059
257920986818,67104060
257920986818,67104061
300677941852,67104286
300677941852,67104287
300677941852,67104288
300677941852,67104289
300677941852,67104290
300677941852,67104551
300677941852,67104552
300677941852,67104553
343434896886,67104554
343434896886,67104555
343434896886,67104556
343434896886,67104557
343434896886,67104558
343434896886,67104559
343434896886,67104560
343434896886,67104561
386191851920,67104562
386191851920,67104563
386191851920,67104564
386191851920,67104565
386191851920,67104566
386191851920,67104567
386191851920,67104568
386191851920,67104569
428948806954,67104570
428948806954,67104571
428948806954,67104572
428948806954,67104573
428948806954,67104574
428948806954,67104575
428948806954,67104576
428948806954,67104577
471705761988,67104578
471705761988,67104579
471705761988,67104580
471705761988,67104581
471705761988,67104582
471705761988,67104583
471705761988,67104584
471705761988,67104585
514462717022,67104586
514462717022,67104587
514462717022,67104588
514462717022,67104589
514462717022,67104590
514462717022,67104591
514462717022,67104592
514462717022,67104593
557219672056,67104594
557219672056,67104595
557219672056,67104596
557219672056,67104597
557219672056,67104598
557219672056,67104599
557219672056,67104600
557219672056,67104601
599976627090,67104602
599976627090,67104603
599976627090,67104604
599976627090,67104605
599976627090,67104606
599976627090,67104607
599976627090,67104608
599976627090,67104609
642733582124,67104610
642733582124,67104611
642733582124,67104612
642733582124,67104613
642733582124,67104614
642733582124,67104615
642733582124,67104616
642733582124,67104617
685490537158,67104618
685490537158,67104619
685490537158,67104620
685490537158,67104621
685490537158,67104622
685490537158,67104623
685490537158,67104624
685490537158,67104625
728247492192,67104626
728247492192,67104627
728247492192,67104628
728247492192,67104629
728247492192,67104630
728247492192,67104631
728247492192,67104632
728247492192,67104633
771004447226,67104650
771004447226,67104651
771004447226,67104652
771004447226,67104653
771004447226,67104654
771004447226,67104655
771004447226,67104656
771004447226,67104657
