902036450,67100822
902036450,67100823
902036450,67100824
902036450,67100825
902036450,67100826
902036450,67100829
902036450,67100830
902036450,67100832
28865166400,67100833
28865166400,67100834
28865166400,67100835
28865166400,67100836
28865166400,67100837
28865166400,67100838
28865166400,67100839
28865166400,67100840
56828296350,67100843
56828296350,67100844
56828296350,67100845
56828296350,67100846
56828296350,67100847
56828296350,67100848
56828296350,67100849
56828296350,67100850
84791426300,67100851
84791426300,67100852
84791426300,67100853
84791426300,67100854
84791426300,67100855
84791426300,67100856
84791426300,67100857
84791426300,67100858
112754556250,67100859
112754556250,67100860
112754556250,67100861
112754556250,67100862
112754556250,67100863
112754556250,67100864
112754556250,67100865
112754556250,67100866
140717686200,67100867
140717686200,67100868
140717686200,67100869
140717686200,67100870
140717686200,67100871
140717686200,67100872
140717686200,67100873
140717686200,67100874
168680816150,67100681
168680816150,67100682
168680816150,67100683
168680816150,67100684
168680816150,67100685
168680816150,67100688
168680816150,67100690
168680816150,67100691
196643946100,67100692
196643946100,67100693
196643946100,67100694
196643946100,67100695
196643946100,67100696
196643946100,67100697
196643946100,67100698
196643946100,67100699
224607076050,67100705
224607076050,67100706
224607076050,67100708
224607076050,67100710
224607076050,67100711
224607076050,67100712
224607076050,67100713
224607076050,67100714
252570206000,67100715
252570206000,67100716
252570206000,67100717
252570206000,67100719
252570206000,67100720
252570206000,67101041
252570206000,67101042
252570206000,67101043
280533335950,67101044
280533335950,67101045
280533335950,67101046
280533335950,67101047
280533335950,67101048
280533335950,67101049
280533335950,67101050
280533335950,67101051
308496465900,67101052
308496465900,67101053
308496465900,67101054
308496465900,67101055
308496465900,67101056
308496465900,67101057
308496465900,67101058
308496465900,67101059
336459595850,67101060
336459595850,67101061
336459595850,67101062
336459595850,67101063
336459595850,67101064
336459595850,67101065
336459595850,67101066
336459595850,67101067
364422725800,67101068
364422725800,67101069
364422725800,67101070
364422725800,67101071
364422725800,67101072
364422725800,67101073
364422725800,67101074
364422725800,67101075
