732856447,67104634
732856447,67104635
732856447,67104636
732856447,67104637
732856447,67104638
732856447,67104639
732856447,67104640
732856447,67104641
23451406304,67104642
23451406304,67104643
23451406304,67104644
23451406304,67104645
23451406304,67104646
23451406304,67104647
23451406304,67104648
23451406304,67104649
46169956161,67104650
46169956161,67104651
46169956161,67104652
46169956161,67104653
46169956161,67104654
46169956161,67104655
46169956161,67104656
46169956161,67104657
68888506018,67104658
68888506018,67104659
68888506018,67104660
68888506018,67104661
68888506018,67104662
68888506018,67104663
68888506018,67104664
68888506018,67104665
91607055875,67104544
91607055875,67104545
91607055875,67104546
91607055875,67104666
91607055875,67104667
91607055875,67104668
91607055875,67104669
91607055875,67104670
114325605732,67104547
114325605732,67104548
114325605732,67104549
114325605732,67104550
114325605732,67104551
114325605732,67104552
114325605732,67104553
114325605732,67104554
137044155589,67104555
137044155589,67104556
137044155589,67104557
137044155589,67104558
137044155589,67104559
137044155589,67104560
137044155589,67104561
137044155589,67104562
159762705446,67104568
159762705446,67104613
159762705446,67104619
159762705446,67104633
159762705446,67104671
159762705446,67104672
159762705446,67104673
159762705446,67104674
182481255303,67104675
182481255303,67104676
182481255303,67104677
182481255303,67104678
182481255303,67104679
182481255303,67104680
182481255303,67104681
182481255303,67104682
205199805160,67104683
205199805160,67104684
205199805160,67104685
205199805160,67104686
205199805160,67104687
205199805160,67104688
205199805160,67104689
205199805160,67104690
227918355017,67104691
227918355017,67104692
227918355017,67104693
227918355017,67104694
227918355017,67104695
227918355017,67104696
227918355017,67104697
227918355017,67104698
250636904874,67104699
250636904874,67104700
250636904874,67104701
250636904874,67104702
250636904874,67104703
