1093269888,67100904
1093269888,67100905
1093269888,67100906
1093269888,67100907
1093269888,67100908
1093269888,67100909
1093269888,67100910
1093269888,67100911
34984636416,67100912
34984636416,67100913
34984636416,67100914
34984636416,67100915
34984636416,67100916
34984636416,67100917
34984636416,67100918
34984636416,67100919
68876002944,67100920
68876002944,67100921
68876002944,67100922
68876002944,67100923
68876002944,67100924
68876002944,67100925
68876002944,67100926
68876002944,67100927
102767369472,67100928
102767369472,67100929
102767369472,67100930
102767369472,67100931
102767369472,67100932
102767369472,67100933
102767369472,67100934
102767369472,67100935
136658736000,67101008
136658736000,67101105
136658736000,67101106
136658736000,67101107
136658736000,67101108
136658736000,67101109
136658736000,67101110
136658736000,67101111
170550102528,67101112
170550102528,67101113
170550102528,67101114
170550102528,67101115
170550102528,67101116
170550102528,67101117
170550102528,67101118
170550102528,67101119
204441469056,67101120
204441469056,67101121
204441469056,67101122
204441469056,67101123
204441469056,67101124
204441469056,67101125
204441469056,67101126
204441469056,67101127
238332835584,67101128
238332835584,67101129
238332835584,67101130
238332835584,67101131
238332835584,67101132
238332835584,67101133
238332835584,67101134
238332835584,67101135
272224202112,67101136
272224202112,67101137
272224202112,67101138
272224202112,67101139
272224202112,67101140
272224202112,67101141
272224202112,67101142
272224202112,67101143
306115568640,67101144
306115568640,67101145
306115568640,67101146
306115568640,67101147
306115568640,67101148
306115568640,67101149
306115568640,67101150
306115568640,67101151
340006935168,67101152
340006935168,67101153
340006935168,67101154
340006935168,67101155
340006935168,67101156
340006935168,67101157
340006935168,67101158
340006935168,67101159
373898301696,67101160
373898301696,67101161
373898301696,67101162
373898301696,67101163
373898301696,67101164
373898301696,67101165
373898301696,67101166
373898301696,67101167
407789668224,67101168
407789668224,67101169
407789668224,67101170
407789668224,67101171
407789668224,67101172
407789668224,67101173
407789668224,67101174
407789668224,67101175
441681034752,67101176
441681034752,67101177
441681034752,67101178
441681034752,67101179
441681034752,67101180
441681034752,67101181
441681034752,67101182
441681034752,67101183
475572401280,67101184
475572401280,67101185
475572401280,67101186
475572401280,67101187
475572401280,67101188
475572401280,67101189
475572401280,67101190
475572401280,67101191
509463767808,67101192
509463767808,67101193
509463767808,67101194
509463767808,67101195
509463767808,67101196
509463767808,67101197
509463767808,67101198
509463767808,67101199
543355134336,67101200
543355134336,67101201
543355134336,67101202
543355134336,67101203
543355134336,67101204
543355134336,67101205
543355134336,67101206
543355134336,67101207
577246500864,67101208
577246500864,67101209
577246500864,67101210
577246500864,67101211
577246500864,67101212
577246500864,67101213
577246500864,67101214
577246500864,67101215
611137867392,67101216
611137867392,67101217
611137867392,67101218
611137867392,67101219
611137867392,67101220
611137867392,67101221
611137867392,67101222
611137867392,67101223
645029233920,67101224
645029233920,67101225
645029233920,67101226
645029233920,67101227
645029233920,67101228
645029233920,67101229
645029233920,67101230
645029233920,67101231
678920600448,67101232
678920600448,67101233
678920600448,67101234
678920600448,67101235
678920600448,67101236
678920600448,67101237
678920600448,67101238
678920600448,67101239
712811966976,67101240
712811966976,67101241
712811966976,67101242
712811966976,67101243
712811966976,67101244
712811966976,67101245
712811966976,67101246
712811966976,67101247
746703333504,67101248
746703333504,67101249
746703333504,67101250
746703333504,67101251
746703333504,67101252
746703333504,67101253
746703333504,67101254
746703333504,67101255
780594700032,67101256
780594700032,67101257
780594700032,67101258
780594700032,67101259
780594700032,67101260
780594700032,67101261
780594700032,67101262
780594700032,67101263
814486066560,67100501
814486066560,67101264
814486066560,67101265
814486066560,67101266
814486066560,67101267
814486066560,67101268
814486066560,67101269
814486066560,67101270
848377433088,67100502
848377433088,67100503
848377433088,67100504
848377433088,67100505
848377433088,67101271
848377433088,67101272
848377433088,67101273
848377433088,67101274
882268799616,67100506
882268799616,67100507
882268799616,67100508
882268799616,67100509
882268799616,67101275
882268799616,67101276
882268799616,67101277
882268799616,67101278
916160166144,67100510
916160166144,67100511
916160166144,67100512
916160166144,67100513
916160166144,67100514
916160166144,67100515
916160166144,67101279
916160166144,67101280
