827860087,67100822
827860087,67100823
827860087,67100824
827860087,67100825
827860087,67100826
827860087,67100827
827860087,67100828
827860087,67100829
26491522784,67100830
26491522784,67100831
26491522784,67100832
26491522784,67100833
26491522784,67100834
26491522784,67100835
26491522784,67100836
26491522784,67100837
52155185481,67100838
52155185481,67100839
52155185481,67100842
52155185481,67100843
52155185481,67100844
52155185481,67100845
52155185481,67100846
52155185481,67100847
77818848178,67100868
77818848178,67100870
77818848178,67100871
77818848178,67100872
77818848178,67100874
77818848178,67100876
77818848178,67100880
77818848178,67100886
103482510875,67100888
103482510875,67100891
103482510875,67100893
103482510875,67100896
103482510875,67100897
103482510875,67100902
103482510875,67100903
103482510875,67100905
129146173572,67100908
129146173572,67100909
129146173572,67100910
129146173572,67100911
129146173572,67100913
129146173572,67100914
129146173572,67100916
129146173572,67100917
154809836269,67100920
154809836269,67100921
154809836269,67100924
154809836269,67100925
154809836269,67100927
154809836269,67100928
154809836269,67100931
154809836269,67100936
180473498966,67100937
180473498966,67100939
180473498966,67100940
180473498966,67100942
180473498966,67100945
180473498966,67100946
180473498966,67100948
180473498966,67100949
206137161663,67100951
206137161663,67100961
206137161663,67100963
206137161663,67100973
206137161663,67100974
206137161663,67100975
206137161663,67100977
206137161663,67100995
231800824360,67100996
231800824360,67100997
231800824360,67100998
231800824360,67101007
231800824360,67101009
231800824360,67101010
231800824360,67101012
231800824360,67101014
257464487057,67100693
257464487057,67100697
257464487057,67100699
257464487057,67100700
257464487057,67100701
257464487057,67101017
257464487057,67101021
257464487057,67101024
283128149754,67101041
283128149754,67101042
283128149754,67101043
283128149754,67101044
283128149754,67101045
283128149754,67101046
283128149754,67101047
283128149754,67101048
308791812451,67101049
308791812451,67101050
308791812451,67101051
308791812451,67101052
308791812451,67101053
308791812451,67101054
308791812451,67101055
308791812451,67101056
334455475148,67101057
334455475148,67101058
334455475148,67101059
334455475148,67101060
334455475148,67101061
334455475148,67101062
334455475148,67101063
334455475148,67101064
360119137845,67101065
360119137845,67101066
360119137845,67101067
360119137845,67101068
360119137845,67101069
360119137845,67101070
360119137845,67101071
360119137845,67101072
385782800542,67101073
385782800542,67101074
385782800542,67101075
385782800542,67101076
385782800542,67101077
385782800542,67101078
385782800542,67101079
385782800542,67101080
