1096522560,193
1096522560,67100099
1096522560,67100300
1096522560,67100516
1096522560,67100703
1096522560,67100904
1096522560,67100905
1096522560,67100906
1096522560,67100907
1096522560,67100908
1096522560,67100909
1096522560,67100910
1096522560,67100911
1096522560,67100912
1096522560,67100913
1096522560,67100914
1096522560,67100915
1096522560,67100917
1096522560,67100918
1096522560,67100919
1096522560,67100920
1096522560,67100921
1096522560,67100922
1096522560,67100923
1096522560,67100927
1096522560,67100928
1096522560,67100929
1096522560,67100930
1096522560,67100931
1096522560,67100932
1096522560,67100933
1096522560,67100934
1096522560,67100935
1096522560,67100936
1096522560,67100965
1096522560,67100966
1096522560,67100967
1096522560,67100968
1096522560,67100969
1096522560,67100970
1096522560,67100971
1096522560,67100972
1096522560,67100973
1096522560,67100974
1096522560,67100975
1096522560,67100976
1096522560,67100977
1096522560,67100978
1096522560,67100979
1096522560,67100980
1096522560,67100981
1096522560,67100982
1096522560,67100983
1096522560,67101211
1096522560,67101212
1096522560,67101213
1096522560,67101214
1096522560,67101215
1096522560,67101216
1096522560,67101217
1096522560,67101218
1096522560,67101219
1096522560,67101220
1096522560,67101221
1096522560,67101222
1096522560,67101223
1096522560,67101224
1096522560,67101225
1096522560,67101226
1096522560,67101227
1096522560,67101228
1096522560,67101229
1096522560,67101230
1096522560,67101231
1096522560,67101232
1096522560,67101233
1096522560,67101234
1096522560,67101235
1096522560,67101236
1096522560,67101237
1096522560,67101238
1096522560,67101239
1096522560,67101240
1096522560,67101241
1096522560,67101242
1096522560,67101243
1096522560,67101244
1096522560,67101245
1096522560,67101246
1096522560,67101247
1096522560,67101248
1096522560,67101249
1096522560,67101250
1096522560,67101251
1096522560,67101252
1096522560,67101253
1096522560,67101254
1096522560,67101255
1096522560,67101256
1096522560,67101257
1096522560,67101258
1096522560,67101259
1096522560,67101260
1096522560,67101261
1096522560,67101262
1096522560,67101263
1096522560,67101264
1096522560,67101265
1096522560,67101266
1096522560,67101267
1096522560,67101268
1096522560,67101269
1096522560,67101270
1096522560,67101271
1096522560,67101272
1096522560,67101273
1096522560,67101274
1096522560,67101275
1096522560,67101276
1096522560,67101277
1096522560,67101278
1096522560,67101279
1096522560,67101280
1096522560,67101281
1096522560,67101282
1096522560,67101283
1096522560,67108594
1096522560,67109053
33992199360,67100315
33992199360,67100547
33992199360,67100718
33992199360,67100916
33992199360,67100924
33992199360,67100925
33992199360,67100926
33992199360,67100937
33992199360,67100938
33992199360,67100939
33992199360,67100940
33992199360,67100941
33992199360,67100942
33992199360,67100943
33992199360,67100944
33992199360,67100945
33992199360,67100946
33992199360,67100947
33992199360,67100948
33992199360,67100949
33992199360,67100950
33992199360,67100951
33992199360,67100952
33992199360,67100953
33992199360,67100954
33992199360,67100955
33992199360,67100956
33992199360,67100957
33992199360,67100960
33992199360,67100963
33992199360,67100984
33992199360,67100985
33992199360,67100986
33992199360,67100987
33992199360,67100988
33992199360,67100989
33992199360,67100990
33992199360,67100991
33992199360,67100992
33992199360,67100993
33992199360,67100994
33992199360,67100995
33992199360,67100996
33992199360,67100997
33992199360,67100998
33992199360,67100999
33992199360,67101000
33992199360,67101001
33992199360,67101002
33992199360,67101003
33992199360,67101004
33992199360,67101005
33992199360,67101006
33992199360,67101007
33992199360,67101008
33992199360,67101009
33992199360,67101010
33992199360,67101011
33992199360,67101012
33992199360,67101013
33992199360,67101014
33992199360,67101015
33992199360,67101016
33992199360,67101017
33992199360,67101018
33992199360,67101019
33992199360,67101020
33992199360,67101021
33992199360,67101022
33992199360,67101023
33992199360,67101024
33992199360,67101025
33992199360,67101026
33992199360,67101027
33992199360,67101028
33992199360,67101029
33992199360,67101030
33992199360,67101031
33992199360,67101032
33992199360,67101033
33992199360,67101034
33992199360,67101035
33992199360,67101036
33992199360,67101037
33992199360,67101038
33992199360,67101039
33992199360,67101040
33992199360,67101041
33992199360,67101042
33992199360,67101043
33992199360,67101044
33992199360,67101045
33992199360,67101046
33992199360,67101047
33992199360,67101048
33992199360,67101049
33992199360,67101050
33992199360,67101051
33992199360,67101052
33992199360,67101053
33992199360,67101054
33992199360,67101056
33992199360,67101057
33992199360,67101058
33992199360,67101059
33992199360,67101060
33992199360,67101062
33992199360,67101063
33992199360,67101064
33992199360,67101069
33992199360,67101070
33992199360,67101071
33992199360,67101072
33992199360,67101074
33992199360,67101075
33992199360,67101077
33992199360,67101078
33992199360,67101080
33992199360,67101081
33992199360,67101082
33992199360,67101083
33992199360,67101085
33992199360,67101089
33992199360,67101100
33992199360,67106800
33992199360,67106801
33992199360,67106802
33992199360,67108609
66887876160,67100100
66887876160,67100101
66887876160,67100102
66887876160,67100103
66887876160,67100104
66887876160,67100105
66887876160,67100106
66887876160,67100107
66887876160,67100108
66887876160,67100109
66887876160,67100110
66887876160,67100111
66887876160,67100112
66887876160,67100113
66887876160,67100114
66887876160,67100115
66887876160,67100116
66887876160,67100117
66887876160,67100118
66887876160,67100119
66887876160,67100120
66887876160,67100121
66887876160,67100122
66887876160,67100123
66887876160,67100124
66887876160,67100125
66887876160,67100126
66887876160,67100127
66887876160,67100128
66887876160,67100129
66887876160,67100130
66887876160,67100131
66887876160,67100132
66887876160,67100133
66887876160,67100134
66887876160,67100135
66887876160,67100136
66887876160,67100137
66887876160,67100138
66887876160,67100139
66887876160,67100140
66887876160,67100141
66887876160,67100143
66887876160,67100144
66887876160,67100149
66887876160,67100160
66887876160,67100161
66887876160,67100162
66887876160,67100163
66887876160,67100164
66887876160,67100165
66887876160,67100166
66887876160,67100167
66887876160,67100168
66887876160,67100169
66887876160,67100170
66887876160,67100171
66887876160,67100172
66887876160,67100173
66887876160,67100174
66887876160,67100175
66887876160,67100176
66887876160,67100177
66887876160,67100178
66887876160,67100179
66887876160,67100180
66887876160,67100181
66887876160,67100182
66887876160,67100183
66887876160,67100184
66887876160,67100185
66887876160,67100186
66887876160,67100187
66887876160,67100188
66887876160,67100190
66887876160,67100191
66887876160,67100192
66887876160,67100193
66887876160,67100194
66887876160,67100195
66887876160,67100197
66887876160,67100198
66887876160,67100199
66887876160,67100200
66887876160,67100201
66887876160,67100203
66887876160,67100204
66887876160,67100205
66887876160,67100209
66887876160,67100210
66887876160,67100211
66887876160,67100213
66887876160,67100214
66887876160,67100216
66887876160,67100217
66887876160,67100221
66887876160,67100224
66887876160,67100226
66887876160,67100227
66887876160,67100229
66887876160,67100230
66887876160,67100239
66887876160,67100301
66887876160,67100302
66887876160,67100304
66887876160,67100308
66887876160,67100309
66887876160,67100732
66887876160,67101897
66887876160,67103639
66887876160,67103660
66887876160,67103678
66887876160,67103856
66887876160,67103908
66887876160,67103938
66887876160,67103968
66887876160,67104571
66887876160,67104730
66887876160,67104764
66887876160,67105439
66887876160,67106172
66887876160,67106267
66887876160,67106809
66887876160,67108595
66887876160,67108596
66887876160,67108598
66887876160,67108602
66887876160,67108603
99783552960,131244
99783552960,131246
99783552960,67100530
99783552960,67100958
99783552960,67100959
99783552960,67100961
99783552960,67100962
99783552960,67100964
99783552960,67101055
99783552960,67101061
99783552960,67101067
99783552960,67101068
99783552960,67101073
99783552960,67101076
99783552960,67101079
99783552960,67101084
99783552960,67101086
99783552960,67101087
99783552960,67101088
99783552960,67101090
99783552960,67101091
99783552960,67101092
99783552960,67101097
99783552960,67101150
99783552960,67101504
99783552960,67101533
99783552960,67101544
99783552960,67101669
99783552960,67101689
99783552960,67101791
99783552960,67101851
99783552960,67101944
99783552960,67102023
99783552960,67102033
99783552960,67102035
99783552960,67102043
99783552960,67102059
99783552960,67102064
99783552960,67102069
99783552960,67102072
99783552960,67102074
99783552960,67102085
99783552960,67102110
99783552960,67102112
99783552960,67102116
99783552960,67102134
99783552960,67102141
99783552960,67102153
99783552960,67102154
99783552960,67102156
99783552960,67102157
99783552960,67102161
99783552960,67102173
99783552960,67102174
99783552960,67102250
99783552960,67102416
99783552960,67102445
99783552960,67102465
99783552960,67102469
99783552960,67102474
99783552960,67102475
99783552960,67102478
99783552960,67102479
99783552960,67102493
99783552960,67102551
99783552960,67102568
99783552960,67102572
99783552960,67102628
99783552960,67102634
99783552960,67102639
99783552960,67102655
99783552960,67102691
99783552960,67102720
99783552960,67102724
99783552960,67102737
99783552960,67102765
99783552960,67102788
99783552960,67102790
99783552960,67102853
99783552960,67102854
99783552960,67102938
99783552960,67103017
99783552960,67103071
99783552960,67103964
99783552960,67103989
99783552960,67104681
99783552960,67104706
99783552960,67104748
99783552960,67104791
99783552960,67104942
99783552960,67105085
99783552960,67105438
99783552960,67105469
99783552960,67105471
99783552960,67105477
99783552960,67105501
99783552960,67105533
99783552960,67105674
99783552960,67105675
99783552960,67105822
99783552960,67105823
99783552960,67105824
99783552960,67105825
99783552960,67105826
99783552960,67105886
99783552960,67105887
99783552960,67105930
99783552960,67105967
99783552960,67105968
99783552960,67105975
99783552960,67106150
99783552960,67106152
99783552960,67106192
99783552960,67106243
99783552960,67106483
99783552960,67106938
99783552960,67107128
99783552960,67107245
99783552960,67107386
99783552960,67107387
99783552960,67107388
99783552960,67107640
99783552960,67107641
99783552960,67107663
99783552960,67107664
99783552960,67107665
99783552960,67108362
99783552960,67108380
132679229760,67100142
132679229760,67100145
132679229760,67100146
132679229760,67100147
132679229760,67100148
132679229760,67100150
132679229760,67100151
132679229760,67100152
132679229760,67100153
132679229760,67100154
132679229760,67100155
132679229760,67100156
132679229760,67100157
132679229760,67100158
132679229760,67100159
132679229760,67100189
132679229760,67100196
132679229760,67100202
132679229760,67100206
132679229760,67100207
132679229760,67100208
132679229760,67100212
132679229760,67100215
132679229760,67100218
132679229760,67100219
132679229760,67100220
132679229760,67100222
132679229760,67100223
132679229760,67100225
132679229760,67100228
132679229760,67100231
132679229760,67100232
132679229760,67100233
132679229760,67100234
132679229760,67100235
132679229760,67100236
132679229760,67100237
132679229760,67100238
132679229760,67100240
132679229760,67100241
132679229760,67100242
132679229760,67100243
132679229760,67100244
132679229760,67100247
132679229760,67100248
132679229760,67100251
132679229760,67100253
132679229760,67100254
132679229760,67100255
132679229760,67100256
132679229760,67100257
132679229760,67100258
132679229760,67100263
132679229760,67100264
132679229760,67100267
132679229760,67100270
132679229760,67100276
132679229760,67100277
132679229760,67100278
132679229760,67100279
132679229760,67100280
132679229760,67100281
132679229760,67100282
132679229760,67100283
132679229760,67100284
132679229760,67100285
132679229760,67100286
132679229760,67100287
132679229760,67101193
132679229760,67101396
132679229760,67101757
132679229760,67102084
132679229760,67102249
132679229760,67102309
132679229760,67102311
132679229760,67102330
132679229760,67102440
132679229760,67102468
132679229760,67102482
132679229760,67102491
132679229760,67102554
132679229760,67102577
132679229760,67102601
132679229760,67102656
132679229760,67102741
132679229760,67102763
132679229760,67102764
132679229760,67102784
132679229760,67102791
132679229760,67102807
132679229760,67102808
132679229760,67102810
132679229760,67102817
132679229760,67102843
132679229760,67102861
132679229760,67102863
132679229760,67102899
132679229760,67102926
132679229760,67102929
132679229760,67102931
132679229760,67102932
132679229760,67102953
132679229760,67102965
132679229760,67102982
132679229760,67102986
132679229760,67102994
132679229760,67103004
132679229760,67103022
132679229760,67103047
132679229760,67103053
132679229760,67103057
132679229760,67103083
132679229760,67103085
132679229760,67103087
132679229760,67103090
132679229760,67103124
132679229760,67103163
132679229760,67103167
132679229760,67103681
132679229760,67103720
132679229760,67103835
132679229760,67103965
132679229760,67104006
132679229760,67104680
132679229760,67104717
132679229760,67105454
132679229760,67105608
132679229760,67107262
165574906560,67100316
165574906560,67100323
165574906560,67100361
165574906560,67101169
165574906560,67101432
165574906560,67101506
165574906560,67101663
165574906560,67101703
165574906560,67101720
165574906560,67101764
165574906560,67101813
165574906560,67101885
165574906560,67101898
165574906560,67101907
165574906560,67101975
165574906560,67102008
165574906560,67102016
165574906560,67102027
165574906560,67102046
165574906560,67102053
165574906560,67102086
165574906560,67102095
165574906560,67102100
165574906560,67102106
165574906560,67102107
165574906560,67102122
165574906560,67102125
165574906560,67102132
165574906560,67102137
165574906560,67102144
165574906560,67102148
165574906560,67102149
165574906560,67102168
165574906560,67102193
165574906560,67102243
165574906560,67102293
165574906560,67102294
165574906560,67102304
165574906560,67102305
165574906560,67102384
165574906560,67102457
165574906560,67102534
165574906560,67102549
165574906560,67102550
165574906560,67102646
165574906560,67102679
165574906560,67102809
165574906560,67105603
165574906560,67108062
165574906560,67108063
165574906560,67108610
165574906560,67108618
165574906560,67108655
