1096522560,193
1096522560,67100099
1096522560,67100300
1096522560,67100516
1096522560,67100703
1096522560,67100904
1096522560,67100905
1096522560,67100906
1096522560,67100907
1096522560,67100908
1096522560,67100909
1096522560,67100910
1096522560,67100911
1096522560,67100912
1096522560,67100913
1096522560,67100914
1096522560,67100915
1096522560,67100917
1096522560,67100918
1096522560,67100919
1096522560,67100920
1096522560,67100921
1096522560,67100922
1096522560,67100923
1096522560,67100927
1096522560,67100928
1096522560,67100929
1096522560,67100930
1096522560,67100931
1096522560,67100932
1096522560,67100933
1096522560,67100934
1096522560,67100935
1096522560,67100936
1096522560,67100965
1096522560,67100966
1096522560,67100967
1096522560,67100968
1096522560,67100969
1096522560,67100970
1096522560,67100971
1096522560,67100972
1096522560,67100973
1096522560,67100974
1096522560,67100975
1096522560,67100976
1096522560,67100977
1096522560,67100978
1096522560,67100979
1096522560,67100980
1096522560,67100981
1096522560,67100982
1096522560,67100983
1096522560,67101211
1096522560,67101212
1096522560,67101213
1096522560,67101214
1096522560,67101215
1096522560,67101216
1096522560,67101217
1096522560,67101218
1096522560,67101219
1096522560,67101220
1096522560,67101221
1096522560,67101222
1096522560,67101223
1096522560,67101224
1096522560,67101225
1096522560,67101226
1096522560,67101227
1096522560,67101228
1096522560,67101229
1096522560,67101230
1096522560,67101231
1096522560,67101232
1096522560,67101233
1096522560,67101234
1096522560,67101235
1096522560,67101236
1096522560,67101237
1096522560,67101238
1096522560,67101239
1096522560,67101240
1096522560,67101241
1096522560,67101242
1096522560,67101243
1096522560,67101244
1096522560,67101245
1096522560,67101246
1096522560,67101247
1096522560,67101248
1096522560,67101249
1096522560,67101250
1096522560,67101251
1096522560,67101252
1096522560,67101253
1096522560,67101254
1096522560,67101255
1096522560,67101256
1096522560,67101257
1096522560,67101258
1096522560,67101259
1096522560,67101260
1096522560,67101261
1096522560,67101262
1096522560,67101263
1096522560,67101264
1096522560,67101265
1096522560,67101266
1096522560,67101267
1096522560,67101268
1096522560,67101269
1096522560,67101270
1096522560,67101271
1096522560,67101272
1096522560,67101273
1096522560,67101274
1096522560,67101275
1096522560,67101276
1096522560,67101277
1096522560,67101278
1096522560,67101279
1096522560,67101280
1096522560,67101281
1096522560,67101282
1096522560,67101283
1096522560,67108594
1096522560,67109053
33992199360,67100916
33992199360,67100924
33992199360,67100925
33992199360,67100926
33992199360,67100937
33992199360,67100938
33992199360,67100939
33992199360,67100940
33992199360,67100941
33992199360,67100942
33992199360,67100943
33992199360,67100944
33992199360,67100984
33992199360,67100985
33992199360,67100986
33992199360,67100987
33992199360,67100988
33992199360,67100989
33992199360,67100990
33992199360,67100991
33992199360,67100992
33992199360,67100993
33992199360,67100994
33992199360,67100995
33992199360,67100996
33992199360,67100997
33992199360,67100998
33992199360,67100999
33992199360,67101000
33992199360,67101001
33992199360,67101002
33992199360,67101003
33992199360,67101004
33992199360,67101005
33992199360,67101006
33992199360,67101007
33992199360,67101008
33992199360,67101009
33992199360,67101010
33992199360,67101012
33992199360,67101013
33992199360,67101015
33992199360,67101016
33992199360,67106801
33992199360,67106802
