1379256614,67104543
1379256614,67104544
1379256614,67104545
1379256614,67104546
1379256614,67104547
1379256614,67104548
1379256614,67104549
1379256614,67104550
1379256614,67104551
1379256614,67104552
1379256614,67104553
1379256614,67104554
1379256614,67104555
1379256614,67104556
1379256614,67104557
1379256614,67104558
1379256614,67104559
1379256614,67104560
1379256614,67104561
1379256614,67104562
1379256614,67104563
1379256614,67104564
1379256614,67104565
1379256614,67104566
1379256614,67104567
1379256614,67104568
1379256614,67104569
1379256614,67104570
1379256614,67104571
1379256614,67104572
1379256614,67104573
1379256614,67104574
1379256614,67104575
1379256614,67104576
1379256614,67104577
1379256614,67104578
1379256614,67104579
1379256614,67104580
1379256614,67104581
1379256614,67104582
1379256614,67104583
1379256614,67104584
1379256614,67104585
1379256614,67104586
1379256614,67104587
1379256614,67104588
1379256614,67104589
1379256614,67104590
1379256614,67104591
1379256614,67104592
1379256614,67104593
1379256614,67104594
1379256614,67104595
1379256614,67104596
1379256614,67104597
1379256614,67104598
1379256614,67104599
1379256614,67104600
1379256614,67104601
1379256614,67104602
1379256614,67104603
1379256614,67104604
1379256614,67104605
1379256614,67104606
1379256614,67104607
1379256614,67104608
1379256614,67104609
1379256614,67104610
1379256614,67104611
1379256614,67104612
1379256614,67104613
1379256614,67104614
1379256614,67104615
1379256614,67104616
1379256614,67104617
1379256614,67104618
1379256614,67104619
1379256614,67104620
1379256614,67104621
1379256614,67104622
1379256614,67104623
1379256614,67104624
1379256614,67104625
1379256614,67104626
1379256614,67104627
1379256614,67104628
1379256614,67104629
1379256614,67104630
1379256614,67104631
1379256614,67104632
1379256614,67104633
1379256614,67104634
1379256614,67104635
1379256614,67104636
1379256614,67104637
1379256614,67104639
1379256614,67104640
1379256614,67104641
1379256614,67104642
1379256614,67104643
1379256614,67104644
1379256614,67104645
1379256614,67104646
1379256614,67104647
1379256614,67104648
1379256614,67104649
1379256614,67104650
1379256614,67104651
1379256614,67104652
1379256614,67104653
1379256614,67104654
1379256614,67104655
1379256614,67104656
1379256614,67104657
1379256614,67104658
1379256614,67104659
1379256614,67104660
1379256614,67104661
1379256614,67104662
1379256614,67104663
1379256614,67104664
1379256614,67104665
1379256614,67104666
1379256614,67104667
1379256614,67104668
1379256614,67104669
1379256614,67104670
1379256614,67104902
42756955034,192
42756955034,67104028
42756955034,67104029
42756955034,67104030
42756955034,67104031
42756955034,67104032
42756955034,67104033
42756955034,67104034
42756955034,67104035
42756955034,67104036
42756955034,67104037
42756955034,67104038
42756955034,67104039
42756955034,67104040
42756955034,67104041
42756955034,67104042
42756955034,67104043
42756955034,67104044
42756955034,67104045
42756955034,67104046
42756955034,67104047
42756955034,67104048
42756955034,67104049
42756955034,67104051
42756955034,67104054
42756955034,67104055
42756955034,67104056
42756955034,67104057
42756955034,67104058
42756955034,67104059
42756955034,67104060
42756955034,67104061
42756955034,67104063
42756955034,67104064
42756955034,67104065
42756955034,67104066
42756955034,67104068
42756955034,67104069
42756955034,67104070
42756955034,67104071
42756955034,67104072
42756955034,67104073
42756955034,67104075
42756955034,67104076
42756955034,67104077
42756955034,67104078
42756955034,67104079
42756955034,67104080
42756955034,67104081
42756955034,67104083
42756955034,67104084
42756955034,67104086
42756955034,67104087
42756955034,67104088
42756955034,67104089
42756955034,67104090
42756955034,67104091
42756955034,67104092
42756955034,67104093
42756955034,67104094
42756955034,67104096
42756955034,67104097
42756955034,67104098
42756955034,67104100
42756955034,67104102
42756955034,67104104
42756955034,67104105
42756955034,67104107
42756955034,67104108
42756955034,67104109
42756955034,67104110
42756955034,67104113
42756955034,67104114
42756955034,67104116
42756955034,67104117
42756955034,67104118
42756955034,67104119
42756955034,67104120
42756955034,67104121
42756955034,67104122
42756955034,67104123
42756955034,67104124
42756955034,67104125
42756955034,67104126
42756955034,67104129
42756955034,67104130
42756955034,67104132
42756955034,67104133
42756955034,67104134
42756955034,67104136
42756955034,67104137
42756955034,67104138
42756955034,67104139
42756955034,67104141
42756955034,67104142
42756955034,67104143
42756955034,67104144
42756955034,67104146
42756955034,67104147
42756955034,67104148
42756955034,67104149
42756955034,67104150
42756955034,67104151
42756955034,67104152
42756955034,67104153
42756955034,67104154
42756955034,67104157
42756955034,67104158
42756955034,67104159
42756955034,67104161
42756955034,67104162
42756955034,67107061
42756955034,67107062
42756955034,67107070
42756955034,67107117
42756955034,67107148
42756955034,67107192
42756955034,67107894
42756955034,67107915
42756955034,67107920
42756955034,67107986
42756955034,67108011
42756955034,67108034
42756955034,67108666
42756955034,67108667
42756955034,67108668
42756955034,67108670
42756955034,67108671
84134653454,67104050
84134653454,67104052
84134653454,67104053
84134653454,67104062
84134653454,67104067
84134653454,67104074
84134653454,67104082
84134653454,67104085
84134653454,67104095
84134653454,67104099
84134653454,67104101
84134653454,67104103
84134653454,67104106
84134653454,67104111
84134653454,67104112
84134653454,67104115
84134653454,67104127
84134653454,67104128
84134653454,67104131
84134653454,67104135
84134653454,67104140
84134653454,67104145
84134653454,67104155
84134653454,67104738
84134653454,67104774
84134653454,67104791
84134653454,67104807
84134653454,67104827
84134653454,67104846
84134653454,67104874
84134653454,67104883
84134653454,67104936
84134653454,67104952
84134653454,67104954
84134653454,67104957
84134653454,67104960
84134653454,67104968
84134653454,67104979
84134653454,67105002
84134653454,67105028
84134653454,67105031
84134653454,67105067
84134653454,67105090
84134653454,67105117
84134653454,67105119
84134653454,67105132
84134653454,67105144
84134653454,67105157
84134653454,67105173
84134653454,67105224
84134653454,67105250
84134653454,67105253
84134653454,67105267
84134653454,67105277
84134653454,67105293
84134653454,67105313
84134653454,67105340
84134653454,67105356
84134653454,67105362
84134653454,67105364
84134653454,67105366
84134653454,67105374
84134653454,67105377
84134653454,67105378
84134653454,67105403
84134653454,67105418
84134653454,67105420
84134653454,67105440
84134653454,67105442
84134653454,67105456
84134653454,67105457
84134653454,67105468
84134653454,67105469
84134653454,67105495
84134653454,67105505
84134653454,67105520
84134653454,67105524
84134653454,67105533
84134653454,67105580
84134653454,67105591
84134653454,67105611
84134653454,67105612
84134653454,67105637
84134653454,67105661
84134653454,67105662
84134653454,67105670
84134653454,67105672
84134653454,67105684
84134653454,67105691
84134653454,67105696
84134653454,67105711
84134653454,67105712
84134653454,67105724
84134653454,67105726
84134653454,67105744
84134653454,67105761
84134653454,67105766
84134653454,67105783
84134653454,67105795
84134653454,67105827
84134653454,67105829
84134653454,67105831
84134653454,67105835
84134653454,67105842
84134653454,67105844
84134653454,67105879
84134653454,67105909
84134653454,67105910
84134653454,67105951
84134653454,67105985
84134653454,67105995
84134653454,67105998
84134653454,67106001
84134653454,67106015
84134653454,67106018
84134653454,67106027
84134653454,67106033
84134653454,67106034
84134653454,67106038
84134653454,67106039
84134653454,67106044
84134653454,67106052
84134653454,67106056
84134653454,67106726
84134653454,67106783
84134653454,67106881
84134653454,67107022
84134653454,67108665
125512351874,67104684
125512351874,67104707
125512351874,67104727
125512351874,67104740
125512351874,67104779
125512351874,67104789
125512351874,67104797
125512351874,67104820
125512351874,67104826
125512351874,67104829
125512351874,67104839
125512351874,67104860
125512351874,67104869
125512351874,67104897
125512351874,67104920
125512351874,67104928
125512351874,67104947
125512351874,67104949
125512351874,67105033
125512351874,67105045
125512351874,67105048
125512351874,67105051
125512351874,67105063
125512351874,67105137
125512351874,67105175
125512351874,67105179
125512351874,67105229
125512351874,67105258
125512351874,67105263
125512351874,67105280
125512351874,67105292
125512351874,67105299
125512351874,67105310
125512351874,67105312
125512351874,67105319
125512351874,67105327
125512351874,67105331
125512351874,67105333
125512351874,67105336
125512351874,67105355
125512351874,67105379
125512351874,67105405
125512351874,67105435
125512351874,67105460
125512351874,67105461
125512351874,67105490
125512351874,67105493
125512351874,67105518
125512351874,67105534
125512351874,67105586
125512351874,67105592
125512351874,67105602
125512351874,67105620
125512351874,67105631
125512351874,67105632
125512351874,67105652
125512351874,67105655
125512351874,67105729
125512351874,67105736
125512351874,67105759
125512351874,67105817
125512351874,67105850
125512351874,67105882
125512351874,67105919
125512351874,67105942
125512351874,67105963
125512351874,67105975
125512351874,67106061
125512351874,67106111
125512351874,67106112
125512351874,67106121
125512351874,67106136
125512351874,67106258
125512351874,67106268
125512351874,67106305
125512351874,67106339
125512351874,67106362
125512351874,67106370
125512351874,67106385
125512351874,67106406
125512351874,67106450
125512351874,67106521
125512351874,67106529
125512351874,67106535
125512351874,67106574
125512351874,67106598
125512351874,67106616
125512351874,67106617
125512351874,67106620
125512351874,67106627
125512351874,67106630
125512351874,67106645
125512351874,67106648
125512351874,67106664
125512351874,67106671
125512351874,67106684
125512351874,67106688
125512351874,67106701
125512351874,67106703
125512351874,67106712
125512351874,67106759
125512351874,67106764
125512351874,67106778
125512351874,67106780
125512351874,67106789
125512351874,67106830
125512351874,67106834
125512351874,67106840
125512351874,67106849
125512351874,67106868
125512351874,67106882
125512351874,67106917
125512351874,67106935
125512351874,67106937
125512351874,67106941
125512351874,67106947
125512351874,67106952
125512351874,67106968
125512351874,67106979
125512351874,67106984
125512351874,67106992
125512351874,67106995
125512351874,67106996
125512351874,67106999
125512351874,67107014
125512351874,67107016
125512351874,67107030
125512351874,67107037
166890050294,131251
166890050294,131252
166890050294,67104163
166890050294,67104164
166890050294,67104165
166890050294,67104166
166890050294,67104167
166890050294,67104168
166890050294,67104169
166890050294,67104170
166890050294,67104171
166890050294,67104638
166890050294,67108163
166890050294,67108164
166890050294,67108168
166890050294,67108169
166890050294,67108174
166890050294,67108175
166890050294,67108176
166890050294,67108177
166890050294,67108178
166890050294,67108179
166890050294,67108181
166890050294,67108182
166890050294,67108184
166890050294,67108188
166890050294,67108190
166890050294,67108192
166890050294,67108193
166890050294,67108194
166890050294,67108197
166890050294,67108201
166890050294,67108204
166890050294,67108208
166890050294,67108210
166890050294,67108212
166890050294,67108213
166890050294,67108214
166890050294,67108216
166890050294,67108218
166890050294,67108220
166890050294,67108223
166890050294,67108224
166890050294,67108225
166890050294,67108226
166890050294,67108228
166890050294,67108231
166890050294,67108232
166890050294,67108234
166890050294,67108235
166890050294,67108236
166890050294,67108239
166890050294,67108241
166890050294,67108243
166890050294,67108244
166890050294,67108246
166890050294,67108247
166890050294,67108248
166890050294,67108249
166890050294,67108253
166890050294,67108254
166890050294,67108255
166890050294,67108256
166890050294,67108257
166890050294,67108260
166890050294,67108261
166890050294,67108266
166890050294,67108269
166890050294,67108273
166890050294,67108274
166890050294,67108275
166890050294,67108277
166890050294,67108278
166890050294,67108282
166890050294,67108283
166890050294,67108284
166890050294,67108285
166890050294,67108287
166890050294,67108288
166890050294,67108291
166890050294,67108293
166890050294,67108296
166890050294,67108298
166890050294,67108304
166890050294,67108305
166890050294,67108306
166890050294,67108307
166890050294,67108308
166890050294,67108309
166890050294,67108311
166890050294,67108315
166890050294,67108316
166890050294,67108318
166890050294,67108319
166890050294,67108322
166890050294,67108325
166890050294,67108327
166890050294,67108332
166890050294,67108333
166890050294,67108337
166890050294,67108339
166890050294,67108340
166890050294,67108344
166890050294,67108345
166890050294,67108346
166890050294,67108349
166890050294,67108355
166890050294,67108359
166890050294,67108361
166890050294,67108362
166890050294,67108368
166890050294,67108370
166890050294,67108372
166890050294,67108378
166890050294,67108391
166890050294,67108399
166890050294,67108403
166890050294,67108406
166890050294,67108410
166890050294,67108447
166890050294,67108672
166890050294,67108673
166890050294,67108674
166890050294,67108675
166890050294,67108676
166890050294,67108677
166890050294,67108678
166890050294,67108679
208267748714,67107059
208267748714,67107064
208267748714,67107069
208267748714,67107071
208267748714,67107073
208267748714,67107075
208267748714,67107077
208267748714,67107078
208267748714,67107080
208267748714,67107085
208267748714,67107091
208267748714,67107094
208267748714,67107098
208267748714,67107102
208267748714,67107105
208267748714,67107115
208267748714,67107126
208267748714,67107131
208267748714,67107134
208267748714,67107137
208267748714,67107142
208267748714,67107143
208267748714,67107145
208267748714,67107146
208267748714,67107156
208267748714,67107162
208267748714,67107165
208267748714,67107167
208267748714,67107171
208267748714,67107176
208267748714,67107179
208267748714,67107181
208267748714,67107185
208267748714,67107187
208267748714,67107190
208267748714,67107197
208267748714,67107200
208267748714,67107201
208267748714,67107207
208267748714,67107219
208267748714,67107232
208267748714,67107233
208267748714,67107234
208267748714,67107237
208267748714,67107238
208267748714,67107239
208267748714,67107240
208267748714,67107241
208267748714,67107242
208267748714,67107249
208267748714,67107263
208267748714,67107265
208267748714,67107277
208267748714,67107278
208267748714,67107279
208267748714,67107280
208267748714,67107284
208267748714,67107285
208267748714,67107286
208267748714,67107291
208267748714,67107302
208267748714,67107308
208267748714,67107310
208267748714,67107313
208267748714,67107319
208267748714,67107328
208267748714,67107332
208267748714,67107338
208267748714,67107343
208267748714,67107346
208267748714,67107356
208267748714,67107358
208267748714,67107366
208267748714,67107369
208267748714,67107370
208267748714,67107373
208267748714,67107374
208267748714,67107385
208267748714,67107391
208267748714,67107399
208267748714,67107412
208267748714,67107424
208267748714,67107456
208267748714,67107457
208267748714,67107466
208267748714,67107467
208267748714,67107471
208267748714,67107473
208267748714,67107478
208267748714,67107482
208267748714,67107483
208267748714,67107485
208267748714,67107487
208267748714,67107492
208267748714,67107493
208267748714,67107499
208267748714,67107500
208267748714,67107508
208267748714,67107512
208267748714,67107513
208267748714,67107514
208267748714,67107517
208267748714,67107530
208267748714,67107537
208267748714,67107543
208267748714,67107547
208267748714,67107548
208267748714,67107553
208267748714,67107564
208267748714,67107568
208267748714,67107571
208267748714,67107572
208267748714,67107576
208267748714,67107578
208267748714,67107579
208267748714,67107584
208267748714,67107594
208267748714,67107597
208267748714,67107605
208267748714,67107616
208267748714,67107622
208267748714,67107645
208267748714,67107657
208267748714,67107662
208267748714,67107675
208267748714,67107694
249645447134,67104677
249645447134,67104773
249645447134,67104801
249645447134,67104844
249645447134,67104907
249645447134,67104918
249645447134,67104926
249645447134,67104933
249645447134,67104973
249645447134,67105012
249645447134,67105013
249645447134,67105069
249645447134,67105072
249645447134,67105099
249645447134,67105129
249645447134,67105154
249645447134,67105190
249645447134,67105191
249645447134,67105211
249645447134,67105217
249645447134,67105221
249645447134,67105245
249645447134,67105261
249645447134,67105291
249645447134,67105314
249645447134,67105341
249645447134,67105348
249645447134,67105358
249645447134,67105368
249645447134,67105375
249645447134,67105402
249645447134,67105408
249645447134,67105448
249645447134,67105465
249645447134,67105482
249645447134,67105499
249645447134,67105531
249645447134,67105563
249645447134,67105574
249645447134,67105587
249645447134,67105610
249645447134,67105646
249645447134,67105650
249645447134,67105678
249645447134,67105709
249645447134,67105723
249645447134,67105737
249645447134,67105752
249645447134,67105760
249645447134,67105801
249645447134,67105805
249645447134,67105815
249645447134,67105825
249645447134,67105830
249645447134,67105863
249645447134,67105869
249645447134,67105874
249645447134,67105892
249645447134,67105936
249645447134,67105944
249645447134,67105970
249645447134,67105972
249645447134,67106000
249645447134,67106002
249645447134,67106031
249645447134,67106042
249645447134,67106047
249645447134,67106064
249645447134,67106078
249645447134,67106088
249645447134,67106089
249645447134,67106095
249645447134,67106104
249645447134,67106108
249645447134,67106130
249645447134,67106162
249645447134,67106169
249645447134,67106180
249645447134,67106181
249645447134,67106183
249645447134,67106228
249645447134,67106249
249645447134,67106251
249645447134,67106289
249645447134,67106302
249645447134,67106334
249645447134,67106347
249645447134,67106351
249645447134,67106363
249645447134,67106404
249645447134,67106444
249645447134,67106446
249645447134,67106494
249645447134,67106505
249645447134,67106512
249645447134,67106513
249645447134,67106517
249645447134,67106520
249645447134,67106672
249645447134,67106689
249645447134,67106710
249645447134,67106720
249645447134,67106749
249645447134,67106765
249645447134,67106774
249645447134,67106807
249645447134,67106811
249645447134,67106817
249645447134,67106827
249645447134,67106845
249645447134,67106855
249645447134,67106857
249645447134,67106858
249645447134,67106871
249645447134,67106874
249645447134,67106887
249645447134,67106895
249645447134,67106896
249645447134,67106902
249645447134,67106925
249645447134,67106930
249645447134,67106933
249645447134,67106948
249645447134,67106955
249645447134,67106965
249645447134,67107025
249645447134,67107038
249645447134,67107058
291023145554,67104671
291023145554,67104679
291023145554,67104709
291023145554,67104710
291023145554,67104720
291023145554,67104725
291023145554,67104728
291023145554,67104729
291023145554,67104737
291023145554,67104764
291023145554,67104837
291023145554,67104847
291023145554,67104856
291023145554,67104882
291023145554,67104892
291023145554,67104896
291023145554,67104924
291023145554,67104934
291023145554,67104943
291023145554,67104946
291023145554,67104961
291023145554,67104974
291023145554,67104986
291023145554,67104989
291023145554,67104994
291023145554,67105016
291023145554,67105024
291023145554,67105044
291023145554,67105047
291023145554,67105050
291023145554,67105057
291023145554,67105078
291023145554,67105080
291023145554,67105093
291023145554,67105130
291023145554,67105148
291023145554,67105161
291023145554,67105165
291023145554,67105167
291023145554,67105176
291023145554,67105186
291023145554,67105194
291023145554,67105213
291023145554,67105215
291023145554,67105218
291023145554,67105251
291023145554,67105284
291023145554,67105286
291023145554,67105287
291023145554,67105353
291023145554,67105373
291023145554,67105382
291023145554,67105413
291023145554,67105441
291023145554,67105453
291023145554,67105471
291023145554,67105487
291023145554,67105526
291023145554,67105537
291023145554,67105558
291023145554,67105605
291023145554,67105640
291023145554,67105654
291023145554,67105719
291023145554,67105734
291023145554,67105742
291023145554,67105747
291023145554,67105764
291023145554,67105765
291023145554,67105792
291023145554,67105803
291023145554,67105811
291023145554,67105820
291023145554,67105854
291023145554,67105859
291023145554,67105890
291023145554,67105899
291023145554,67105933
291023145554,67105949
291023145554,67105959
291023145554,67105979
291023145554,67106008
291023145554,67106011
291023145554,67106014
291023145554,67106035
291023145554,67106067
291023145554,67106069
291023145554,67106070
291023145554,67106072
291023145554,67106083
291023145554,67106087
291023145554,67106097
291023145554,67106101
291023145554,67106143
291023145554,67106164
291023145554,67106172
291023145554,67106221
291023145554,67106269
291023145554,67106283
291023145554,67106349
291023145554,67106392
291023145554,67106416
291023145554,67106437
291023145554,67106484
291023145554,67106493
291023145554,67106504
291023145554,67106511
291023145554,67106531
291023145554,67106549
291023145554,67106551
291023145554,67106570
291023145554,67106590
291023145554,67106615
291023145554,67106659
291023145554,67106679
291023145554,67106685
291023145554,67106758
291023145554,67106854
291023145554,67106864
291023145554,67106927
291023145554,67106940
291023145554,67106943
291023145554,67106991
291023145554,67107011
291023145554,67107029
291023145554,67107042
332400843974,131259
332400843974,67104673
332400843974,67104690
332400843974,67104713
332400843974,67104714
332400843974,67104716
332400843974,67104717
332400843974,67104721
332400843974,67104734
332400843974,67104748
332400843974,67104757
332400843974,67104768
332400843974,67104790
332400843974,67104800
332400843974,67104803
332400843974,67104804
332400843974,67104810
332400843974,67104819
332400843974,67104830
332400843974,67104833
332400843974,67104835
332400843974,67104853
332400843974,67104859
332400843974,67104864
332400843974,67104886
332400843974,67104894
332400843974,67104906
332400843974,67104910
332400843974,67104912
332400843974,67104917
332400843974,67104923
332400843974,67104964
332400843974,67104966
332400843974,67104977
332400843974,67104978
332400843974,67105010
332400843974,67105042
332400843974,67105102
332400843974,67105118
332400843974,67105131
332400843974,67105139
332400843974,67105162
332400843974,67105166
332400843974,67105181
332400843974,67105219
332400843974,67105248
332400843974,67105272
332400843974,67105283
332400843974,67105289
332400843974,67105297
332400843974,67105302
332400843974,67105334
332400843974,67105386
332400843974,67105393
332400843974,67105432
332400843974,67105476
332400843974,67105502
332400843974,67105516
332400843974,67105559
332400843974,67105618
332400843974,67105622
332400843974,67105682
332400843974,67105692
332400843974,67105702
332400843974,67105756
332400843974,67105772
332400843974,67105778
332400843974,67105812
332400843974,67105813
332400843974,67105816
332400843974,67105834
332400843974,67105839
332400843974,67105851
332400843974,67105856
332400843974,67105867
332400843974,67105883
332400843974,67105924
332400843974,67105931
332400843974,67105953
332400843974,67105986
332400843974,67106010
332400843974,67106043
332400843974,67106046
332400843974,67106054
332400843974,67106128
332400843974,67106148
332400843974,67106156
332400843974,67106234
332400843974,67106237
332400843974,67106244
332400843974,67106254
332400843974,67106272
332400843974,67106275
332400843974,67106298
332400843974,67106299
332400843974,67106308
332400843974,67106335
332400843974,67106344
332400843974,67106355
332400843974,67106373
332400843974,67106394
332400843974,67106402
332400843974,67106419
332400843974,67106424
332400843974,67106447
332400843974,67106456
332400843974,67106468
332400843974,67106492
332400843974,67106550
332400843974,67106562
332400843974,67106565
332400843974,67106602
332400843974,67106603
332400843974,67106618
332400843974,67106623
332400843974,67106650
332400843974,67106663
332400843974,67106690
332400843974,67106694
332400843974,67106702
332400843974,67106716
332400843974,67106735
332400843974,67106784
332400843974,67106836
332400843974,67106939
332400843974,67106980
332400843974,67107009
373778542394,67104688
373778542394,67104696
373778542394,67104706
373778542394,67104735
373778542394,67104739
373778542394,67104745
373778542394,67104756
373778542394,67104760
373778542394,67104767
373778542394,67104770
373778542394,67104772
373778542394,67104788
373778542394,67104821
373778542394,67104858
373778542394,67104861
373778542394,67104870
373778542394,67104873
373778542394,67104884
373778542394,67104885
373778542394,67104921
373778542394,67104930
373778542394,67104932
373778542394,67104969
373778542394,67104970
373778542394,67104984
373778542394,67105009
373778542394,67105017
373778542394,67105022
373778542394,67105027
373778542394,67105061
373778542394,67105073
373778542394,67105075
373778542394,67105088
373778542394,67105095
373778542394,67105116
373778542394,67105135
373778542394,67105159
373778542394,67105160
373778542394,67105168
373778542394,67105169
373778542394,67105184
373778542394,67105192
373778542394,67105199
373778542394,67105206
373778542394,67105214
373778542394,67105223
373778542394,67105231
373778542394,67105237
373778542394,67105262
373778542394,67105266
373778542394,67105274
373778542394,67105278
373778542394,67105304
373778542394,67105315
373778542394,67105316
373778542394,67105318
373778542394,67105322
373778542394,67105329
373778542394,67105339
373778542394,67105401
373778542394,67105422
373778542394,67105427
373778542394,67105478
373778542394,67105479
373778542394,67105481
373778542394,67105500
373778542394,67105504
373778542394,67105517
373778542394,67105519
373778542394,67105525
373778542394,67105532
373778542394,67105614
373778542394,67105644
373778542394,67105657
373778542394,67105739
373778542394,67105751
373778542394,67105786
373778542394,67105787
373778542394,67105824
373778542394,67105847
373778542394,67105862
373778542394,67105893
373778542394,67105939
373778542394,67105947
373778542394,67105976
373778542394,67105984
373778542394,67105997
373778542394,67106109
373778542394,67106113
373778542394,67106147
373778542394,67106163
373778542394,67106204
373778542394,67106262
373778542394,67106311
373778542394,67106317
373778542394,67106333
373778542394,67106336
373778542394,67106367
373778542394,67106413
373778542394,67106417
373778542394,67106418
373778542394,67106458
373778542394,67106461
373778542394,67106472
373778542394,67106473
373778542394,67106483
373778542394,67106514
373778542394,67106527
373778542394,67106588
373778542394,67106657
373778542394,67106678
373778542394,67106681
373778542394,67106697
373778542394,67106717
373778542394,67106734
373778542394,67106740
373778542394,67106775
373778542394,67106852
373778542394,67106907
373778542394,67106918
373778542394,67106922
373778542394,67106981
373778542394,67106983
373778542394,67106985
373778542394,67106997
373778542394,67107051
373778542394,67107055
415156240814,67104736
415156240814,67104744
415156240814,67104776
415156240814,67104778
415156240814,67104795
415156240814,67104816
415156240814,67104831
415156240814,67104895
415156240814,67104915
415156240814,67104991
415156240814,67105011
415156240814,67105035
415156240814,67105059
415156240814,67105071
415156240814,67105103
415156240814,67105136
415156240814,67105146
415156240814,67105147
415156240814,67105153
415156240814,67105187
415156240814,67105210
415156240814,67105225
415156240814,67105255
415156240814,67105276
415156240814,67105330
415156240814,67105344
415156240814,67105349
415156240814,67105367
415156240814,67105381
415156240814,67105385
415156240814,67105404
415156240814,67105411
415156240814,67105412
415156240814,67105449
415156240814,67105483
415156240814,67105541
415156240814,67105544
415156240814,67105547
415156240814,67105577
415156240814,67105589
415156240814,67105594
415156240814,67105598
415156240814,67105601
415156240814,67105642
415156240814,67105676
415156240814,67105686
415156240814,67105694
415156240814,67105700
415156240814,67105733
415156240814,67105735
415156240814,67105753
415156240814,67105762
415156240814,67105763
415156240814,67105770
415156240814,67105793
415156240814,67105797
415156240814,67105806
415156240814,67105865
415156240814,67105891
415156240814,67105902
415156240814,67105911
415156240814,67105929
415156240814,67105961
415156240814,67105977
415156240814,67105981
415156240814,67106003
415156240814,67106012
415156240814,67106019
415156240814,67106028
415156240814,67106049
415156240814,67106073
415156240814,67106080
415156240814,67106170
415156240814,67106194
415156240814,67106205
415156240814,67106212
415156240814,67106229
415156240814,67106250
415156240814,67106263
415156240814,67106271
415156240814,67106300
415156240814,67106315
415156240814,67106322
415156240814,67106359
415156240814,67106366
415156240814,67106375
415156240814,67106379
415156240814,67106391
415156240814,67106395
415156240814,67106400
415156240814,67106407
415156240814,67106423
415156240814,67106463
415156240814,67106480
415156240814,67106525
415156240814,67106541
415156240814,67106544
415156240814,67106561
415156240814,67106578
415156240814,67106582
415156240814,67106631
415156240814,67106654
415156240814,67106661
415156240814,67106682
415156240814,67106686
415156240814,67106696
415156240814,67106715
415156240814,67106757
415156240814,67106776
415156240814,67106777
415156240814,67106828
415156240814,67106835
415156240814,67106837
415156240814,67106842
415156240814,67106880
415156240814,67106899
415156240814,67106905
415156240814,67106923
415156240814,67106926
415156240814,67106929
415156240814,67106957
415156240814,67106964
415156240814,67106998
415156240814,67107004
415156240814,67107026
415156240814,67107034
415156240814,67107046
456533939234,67104160
456533939234,67104681
456533939234,67104695
456533939234,67104698
456533939234,67104746
456533939234,67104752
456533939234,67104783
456533939234,67104784
456533939234,67104792
456533939234,67104794
456533939234,67104798
456533939234,67104802
456533939234,67104811
456533939234,67104814
456533939234,67104818
456533939234,67104822
456533939234,67104842
456533939234,67104889
456533939234,67104898
456533939234,67104913
456533939234,67104914
456533939234,67104919
456533939234,67104941
456533939234,67104942
456533939234,67104950
456533939234,67104972
456533939234,67104992
456533939234,67104993
456533939234,67105005
456533939234,67105036
456533939234,67105049
456533939234,67105053
456533939234,67105068
456533939234,67105082
456533939234,67105084
456533939234,67105104
456533939234,67105106
456533939234,67105115
456533939234,67105125
456533939234,67105143
456533939234,67105150
456533939234,67105151
456533939234,67105170
456533939234,67105178
456533939234,67105183
456533939234,67105188
456533939234,67105202
456533939234,67105220
456533939234,67105268
456533939234,67105363
456533939234,67105474
456533939234,67105480
456533939234,67105498
456533939234,67105506
456533939234,67105521
456533939234,67105535
456533939234,67105548
456533939234,67105551
456533939234,67105567
456533939234,67105629
456533939234,67105636
456533939234,67105645
456533939234,67105677
456533939234,67105679
456533939234,67105683
456533939234,67105685
456533939234,67105746
456533939234,67105758
456533939234,67105775
456533939234,67105789
456533939234,67105798
456533939234,67105838
456533939234,67105864
456533939234,67105894
456533939234,67105901
456533939234,67105925
456533939234,67105927
456533939234,67105968
456533939234,67105978
456533939234,67105982
456533939234,67105988
456533939234,67106025
456533939234,67106071
456533939234,67106094
456533939234,67106096
456533939234,67106099
456533939234,67106116
456533939234,67106119
456533939234,67106123
456533939234,67106150
456533939234,67106198
456533939234,67106218
456533939234,67106223
456533939234,67106265
456533939234,67106266
456533939234,67106297
456533939234,67106303
456533939234,67106314
456533939234,67106356
456533939234,67106380
456533939234,67106382
456533939234,67106403
456533939234,67106442
456533939234,67106457
456533939234,67106509
456533939234,67106597
456533939234,67106612
456533939234,67106621
456533939234,67106643
456533939234,67106692
456533939234,67106731
456533939234,67106762
456533939234,67106812
456533939234,67106870
456533939234,67106878
456533939234,67106897
456533939234,67106911
456533939234,67106963
456533939234,67106978
456533939234,67106994
456533939234,67107019
456533939234,67107021
456533939234,67107024
456533939234,67107027
456533939234,67107041
456533939234,67108669
497911637654,131253
497911637654,131254
497911637654,67104172
497911637654,67104686
497911637654,67104726
497911637654,67104762
497911637654,67104780
497911637654,67104785
497911637654,67104796
497911637654,67104823
497911637654,67104863
497911637654,67104877
497911637654,67104893
497911637654,67104903
497911637654,67104922
497911637654,67104948
497911637654,67104981
497911637654,67105000
497911637654,67105001
497911637654,67105026
497911637654,67105030
497911637654,67105032
497911637654,67105046
497911637654,67105052
497911637654,67105081
497911637654,67105121
497911637654,67105142
497911637654,67105152
497911637654,67105164
497911637654,67105172
497911637654,67105182
497911637654,67105195
497911637654,67105198
497911637654,67105243
497911637654,67105254
497911637654,67105259
497911637654,67105275
497911637654,67105279
497911637654,67105305
497911637654,67105321
497911637654,67105328
497911637654,67105335
497911637654,67105342
497911637654,67105345
497911637654,67105347
497911637654,67105387
497911637654,67105410
497911637654,67105415
497911637654,67105428
497911637654,67105437
497911637654,67105438
497911637654,67105439
497911637654,67105443
497911637654,67105511
497911637654,67105527
497911637654,67105542
497911637654,67105553
497911637654,67105613
497911637654,67105616
497911637654,67105621
497911637654,67105630
497911637654,67105635
497911637654,67105648
497911637654,67105666
497911637654,67105703
497911637654,67105730
497911637654,67105768
497911637654,67105776
497911637654,67105800
497911637654,67105819
497911637654,67105846
497911637654,67105872
497911637654,67105877
497911637654,67105912
497911637654,67105914
497911637654,67105923
497911637654,67105945
497911637654,67105967
497911637654,67106021
497911637654,67106022
497911637654,67106063
497911637654,67106079
497911637654,67106117
497911637654,67106124
497911637654,67106142
497911637654,67106146
497911637654,67106177
497911637654,67106182
497911637654,67106189
497911637654,67106192
497911637654,67106193
497911637654,67106202
497911637654,67106208
497911637654,67106231
497911637654,67106290
497911637654,67106295
497911637654,67106306
497911637654,67106320
497911637654,67106325
497911637654,67106342
497911637654,67106354
497911637654,67106358
497911637654,67106438
497911637654,67106453
497911637654,67106482
497911637654,67106487
497911637654,67106585
497911637654,67106594
497911637654,67106601
497911637654,67106606
497911637654,67106713
497911637654,67106767
497911637654,67106788
497911637654,67106833
497911637654,67106869
497911637654,67106932
497911637654,67106942
497911637654,67106945
497911637654,67106949
497911637654,67106958
497911637654,67106962
497911637654,67106970
497911637654,67107031
497911637654,67108680
497911637654,67108681
539289336074,131255
539289336074,67104672
539289336074,67104723
539289336074,67104766
539289336074,67104840
539289336074,67104868
539289336074,67104872
539289336074,67104890
539289336074,67104905
539289336074,67104944
539289336074,67104955
539289336074,67104990
539289336074,67104995
539289336074,67104998
539289336074,67105004
539289336074,67105008
539289336074,67105109
539289336074,67105124
539289336074,67105126
539289336074,67105189
539289336074,67105264
539289336074,67105298
539289336074,67105325
539289336074,67105369
539289336074,67105370
539289336074,67105397
539289336074,67105399
539289336074,67105409
539289336074,67105430
539289336074,67105431
539289336074,67105447
539289336074,67105458
539289336074,67105463
539289336074,67105475
539289336074,67105507
539289336074,67105550
539289336074,67105556
539289336074,67105557
539289336074,67105562
539289336074,67105566
539289336074,67105570
539289336074,67105571
539289336074,67105575
539289336074,67105604
539289336074,67105606
539289336074,67105653
539289336074,67105688
539289336074,67105690
539289336074,67105718
539289336074,67105750
539289336074,67105754
539289336074,67105790
539289336074,67105807
539289336074,67105823
539289336074,67105841
539289336074,67105887
539289336074,67105900
539289336074,67105908
539289336074,67105954
539289336074,67105962
539289336074,67105965
539289336074,67105966
539289336074,67105991
539289336074,67105999
539289336074,67106074
539289336074,67106075
539289336074,67106086
539289336074,67106118
539289336074,67106145
539289336074,67106153
539289336074,67106159
539289336074,67106167
539289336074,67106173
539289336074,67106201
539289336074,67106225
539289336074,67106247
539289336074,67106256
539289336074,67106259
539289336074,67106270
539289336074,67106294
539289336074,67106301
539289336074,67106326
539289336074,67106337
539289336074,67106345
539289336074,67106348
539289336074,67106435
539289336074,67106441
539289336074,67106464
539289336074,67106495
539289336074,67106503
539289336074,67106510
539289336074,67106516
539289336074,67106534
539289336074,67106543
539289336074,67106552
539289336074,67106560
539289336074,67106604
539289336074,67106608
539289336074,67106609
539289336074,67106611
539289336074,67106635
539289336074,67106656
539289336074,67106666
539289336074,67106675
539289336074,67106677
539289336074,67106691
539289336074,67106725
539289336074,67106766
539289336074,67106795
539289336074,67106798
539289336074,67106805
539289336074,67106808
539289336074,67106818
539289336074,67106823
539289336074,67106848
539289336074,67106856
539289336074,67106865
539289336074,67106884
539289336074,67106901
539289336074,67106944
539289336074,67106950
539289336074,67106982
539289336074,67107028
580667034494,131257
580667034494,131258
580667034494,131260
580667034494,67104692
580667034494,67104731
580667034494,67104753
580667034494,67104754
580667034494,67104775
580667034494,67104793
580667034494,67104849
580667034494,67104850
580667034494,67104865
580667034494,67104878
580667034494,67104891
580667034494,67104937
580667034494,67104940
580667034494,67104975
580667034494,67105020
580667034494,67105034
580667034494,67105039
580667034494,67105062
580667034494,67105065
580667034494,67105105
580667034494,67105111
580667034494,67105140
580667034494,67105145
580667034494,67105200
580667034494,67105228
580667034494,67105249
580667034494,67105252
580667034494,67105256
580667034494,67105288
580667034494,67105303
580667034494,67105309
580667034494,67105357
580667034494,67105421
580667034494,67105426
580667034494,67105452
580667034494,67105464
580667034494,67105467
580667034494,67105496
580667034494,67105497
580667034494,67105536
580667034494,67105549
580667034494,67105564
580667034494,67105565
580667034494,67105581
580667034494,67105628
580667034494,67105643
580667034494,67105675
580667034494,67105705
580667034494,67105706
580667034494,67105722
580667034494,67105773
580667034494,67105826
580667034494,67105833
580667034494,67105843
580667034494,67105868
580667034494,67105876
580667034494,67105878
580667034494,67105916
580667034494,67105920
580667034494,67105921
580667034494,67105937
580667034494,67105938
580667034494,67105941
580667034494,67105971
580667034494,67106016
580667034494,67106048
580667034494,67106066
580667034494,67106077
580667034494,67106090
580667034494,67106098
580667034494,67106107
580667034494,67106213
580667034494,67106226
580667034494,67106274
580667034494,67106279
580667034494,67106287
580667034494,67106292
580667034494,67106307
580667034494,67106319
580667034494,67106324
580667034494,67106327
580667034494,67106329
580667034494,67106332
580667034494,67106381
580667034494,67106401
580667034494,67106420
580667034494,67106422
580667034494,67106425
580667034494,67106426
580667034494,67106428
580667034494,67106432
580667034494,67106449
580667034494,67106452
580667034494,67106460
580667034494,67106476
580667034494,67106477
580667034494,67106506
580667034494,67106508
580667034494,67106536
580667034494,67106577
580667034494,67106629
580667034494,67106640
580667034494,67106673
580667034494,67106698
580667034494,67106711
580667034494,67106732
580667034494,67106738
580667034494,67106739
580667034494,67106773
580667034494,67106794
580667034494,67106804
580667034494,67106806
580667034494,67106813
580667034494,67106814
580667034494,67106826
580667034494,67106891
580667034494,67106946
580667034494,67106951
580667034494,67106976
580667034494,67107007
580667034494,67107043
580667034494,67107056
580667034494,67108128
622044732914,67104680
622044732914,67104704
622044732914,67104705
622044732914,67104805
622044732914,67104812
622044732914,67104813
622044732914,67104832
622044732914,67104838
622044732914,67104841
622044732914,67104862
622044732914,67104908
622044732914,67104925
622044732914,67104945
622044732914,67104953
622044732914,67104962
622044732914,67104967
622044732914,67104971
622044732914,67104996
622044732914,67105006
622044732914,67105056
622044732914,67105091
622044732914,67105100
622044732914,67105128
622044732914,67105138
622044732914,67105163
622044732914,67105171
622044732914,67105222
622044732914,67105233
622044732914,67105281
622044732914,67105285
622044732914,67105359
622044732914,67105372
622044732914,67105384
622044732914,67105389
622044732914,67105390
622044732914,67105396
622044732914,67105459
622044732914,67105485
622044732914,67105501
622044732914,67105503
622044732914,67105510
622044732914,67105512
622044732914,67105543
622044732914,67105545
622044732914,67105554
622044732914,67105569
622044732914,67105579
622044732914,67105597
622044732914,67105667
622044732914,67105673
622044732914,67105674
622044732914,67105749
622044732914,67105769
622044732914,67105777
622044732914,67105794
622044732914,67105822
622044732914,67105866
622044732914,67105870
622044732914,67105873
622044732914,67105875
622044732914,67105880
622044732914,67105888
622044732914,67105930
622044732914,67105943
622044732914,67105952
622044732914,67105992
622044732914,67106004
622044732914,67106024
622044732914,67106051
622044732914,67106134
622044732914,67106135
622044732914,67106154
622044732914,67106155
622044732914,67106160
622044732914,67106176
622044732914,67106207
622044732914,67106219
622044732914,67106236
622044732914,67106246
622044732914,67106309
622044732914,67106310
622044732914,67106340
622044732914,67106374
622044732914,67106376
622044732914,67106397
622044732914,67106430
622044732914,67106443
622044732914,67106485
622044732914,67106497
622044732914,67106500
622044732914,67106501
622044732914,67106524
622044732914,67106539
622044732914,67106546
622044732914,67106548
622044732914,67106555
622044732914,67106563
622044732914,67106580
622044732914,67106584
622044732914,67106605
622044732914,67106634
622044732914,67106639
622044732914,67106647
622044732914,67106699
622044732914,67106705
622044732914,67106706
622044732914,67106729
622044732914,67106730
622044732914,67106748
622044732914,67106785
622044732914,67106787
622044732914,67106790
622044732914,67106802
622044732914,67106809
622044732914,67106839
622044732914,67106859
622044732914,67106877
622044732914,67106900
622044732914,67106912
622044732914,67106931
622044732914,67106971
622044732914,67106974
622044732914,67106987
622044732914,67107018
663422431334,67104682
663422431334,67104683
663422431334,67104715
663422431334,67104724
663422431334,67104769
663422431334,67104875
663422431334,67104899
663422431334,67104909
663422431334,67104982
663422431334,67104983
663422431334,67105018
663422431334,67105029
663422431334,67105040
663422431334,67105058
663422431334,67105079
663422431334,67105114
663422431334,67105122
663422431334,67105201
663422431334,67105232
663422431334,67105235
663422431334,67105240
663422431334,67105247
663422431334,67105324
663422431334,67105346
663422431334,67105391
663422431334,67105398
663422431334,67105444
663422431334,67105492
663422431334,67105514
663422431334,67105576
663422431334,67105588
663422431334,67105593
663422431334,67105595
663422431334,67105617
663422431334,67105623
663422431334,67105638
663422431334,67105649
663422431334,67105665
663422431334,67105681
663422431334,67105695
663422431334,67105701
663422431334,67105731
663422431334,67105741
663422431334,67105782
663422431334,67105840
663422431334,67105857
663422431334,67105860
663422431334,67105871
663422431334,67105885
663422431334,67105886
663422431334,67105907
663422431334,67105932
663422431334,67106005
663422431334,67106007
663422431334,67106020
663422431334,67106029
663422431334,67106032
663422431334,67106036
663422431334,67106065
663422431334,67106115
663422431334,67106120
663422431334,67106126
663422431334,67106127
663422431334,67106144
663422431334,67106161
663422431334,67106171
663422431334,67106175
663422431334,67106187
663422431334,67106206
663422431334,67106214
663422431334,67106216
663422431334,67106220
663422431334,67106227
663422431334,67106240
663422431334,67106278
663422431334,67106281
663422431334,67106288
663422431334,67106304
663422431334,67106313
663422431334,67106318
663422431334,67106350
663422431334,67106361
663422431334,67106398
663422431334,67106405
663422431334,67106415
663422431334,67106434
663422431334,67106445
663422431334,67106454
663422431334,67106489
663422431334,67106502
663422431334,67106519
663422431334,67106526
663422431334,67106532
663422431334,67106542
663422431334,67106556
663422431334,67106558
663422431334,67106573
663422431334,67106632
663422431334,67106644
663422431334,67106649
663422431334,67106728
663422431334,67106737
663422431334,67106741
663422431334,67106744
663422431334,67106746
663422431334,67106747
663422431334,67106751
663422431334,67106772
663422431334,67106781
663422431334,67106786
663422431334,67106792
663422431334,67106799
663422431334,67106820
663422431334,67106822
663422431334,67106841
663422431334,67106872
663422431334,67106879
663422431334,67106888
663422431334,67106898
663422431334,67106908
663422431334,67106915
663422431334,67106959
663422431334,67107006
663422431334,67107008
663422431334,67107023
663422431334,67107044
704800129754,131256
704800129754,67104685
704800129754,67104694
704800129754,67104712
704800129754,67104722
704800129754,67104743
704800129754,67104751
704800129754,67104758
704800129754,67104771
704800129754,67104777
704800129754,67104808
704800129754,67104817
704800129754,67104824
704800129754,67104851
704800129754,67104857
704800129754,67104927
704800129754,67104938
704800129754,67104959
704800129754,67105015
704800129754,67105037
704800129754,67105038
704800129754,67105060
704800129754,67105070
704800129754,67105083
704800129754,67105089
704800129754,67105096
704800129754,67105127
704800129754,67105177
704800129754,67105226
704800129754,67105241
704800129754,67105242
704800129754,67105244
704800129754,67105337
704800129754,67105400
704800129754,67105416
704800129754,67105417
704800129754,67105462
704800129754,67105477
704800129754,67105494
704800129754,67105528
704800129754,67105529
704800129754,67105530
704800129754,67105539
704800129754,67105540
704800129754,67105582
704800129754,67105584
704800129754,67105607
704800129754,67105671
704800129754,67105717
704800129754,67105721
704800129754,67105725
704800129754,67105743
704800129754,67105745
704800129754,67105781
704800129754,67105802
704800129754,67105836
704800129754,67105858
704800129754,67105861
704800129754,67105897
704800129754,67105913
704800129754,67105922
704800129754,67105928
704800129754,67105934
704800129754,67105948
704800129754,67105973
704800129754,67105990
704800129754,67106030
704800129754,67106057
704800129754,67106059
704800129754,67106076
704800129754,67106084
704800129754,67106100
704800129754,67106131
704800129754,67106132
704800129754,67106137
704800129754,67106141
704800129754,67106151
704800129754,67106174
704800129754,67106178
704800129754,67106184
704800129754,67106188
704800129754,67106197
704800129754,67106211
704800129754,67106253
704800129754,67106257
704800129754,67106261
704800129754,67106273
704800129754,67106286
704800129754,67106323
704800129754,67106390
704800129754,67106396
704800129754,67106414
704800129754,67106433
704800129754,67106436
704800129754,67106448
704800129754,67106455
704800129754,67106462
704800129754,67106470
704800129754,67106475
704800129754,67106496
704800129754,67106498
704800129754,67106515
704800129754,67106522
704800129754,67106547
704800129754,67106575
704800129754,67106593
704800129754,67106600
704800129754,67106633
704800129754,67106641
704800129754,67106642
704800129754,67106824
704800129754,67106850
704800129754,67106916
704800129754,67106924
704800129754,67106928
704800129754,67106934
704800129754,67106938
704800129754,67106961
704800129754,67106975
704800129754,67107017
704800129754,67107049
704800129754,67107053
704800129754,67107596
746177828174,67104703
746177828174,67104730
746177828174,67104732
746177828174,67104763
746177828174,67104799
746177828174,67104815
746177828174,67104828
746177828174,67104834
746177828174,67104845
746177828174,67104852
746177828174,67104901
746177828174,67104935
746177828174,67104963
746177828174,67105003
746177828174,67105019
746177828174,67105023
746177828174,67105043
746177828174,67105077
746177828174,67105149
746177828174,67105197
746177828174,67105203
746177828174,67105208
746177828174,67105216
746177828174,67105227
746177828174,67105343
746177828174,67105351
746177828174,67105365
746177828174,67105376
746177828174,67105380
746177828174,67105419
746177828174,67105425
746177828174,67105429
746177828174,67105450
746177828174,67105486
746177828174,67105578
746177828174,67105583
746177828174,67105585
746177828174,67105615
746177828174,67105633
746177828174,67105641
746177828174,67105687
746177828174,67105693
746177828174,67105697
746177828174,67105708
746177828174,67105748
746177828174,67105767
746177828174,67105784
746177828174,67105814
746177828174,67105855
746177828174,67105915
746177828174,67105994
746177828174,67106026
746177828174,67106037
746177828174,67106041
746177828174,67106050
746177828174,67106062
746177828174,67106122
746177828174,67106139
746177828174,67106179
746177828174,67106203
746177828174,67106238
746177828174,67106239
746177828174,67106245
746177828174,67106264
746177828174,67106316
746177828174,67106338
746177828174,67106365
746177828174,67106369
746177828174,67106378
746177828174,67106386
746177828174,67106388
746177828174,67106393
746177828174,67106408
746177828174,67106410
746177828174,67106427
746177828174,67106451
746177828174,67106459
746177828174,67106474
746177828174,67106481
746177828174,67106490
746177828174,67106491
746177828174,67106537
746177828174,67106559
746177828174,67106564
746177828174,67106568
746177828174,67106571
746177828174,67106572
746177828174,67106576
746177828174,67106581
746177828174,67106589
746177828174,67106591
746177828174,67106614
746177828174,67106619
746177828174,67106628
746177828174,67106651
746177828174,67106687
746177828174,67106693
746177828174,67106695
746177828174,67106704
746177828174,67106707
746177828174,67106733
746177828174,67106760
746177828174,67106791
746177828174,67106797
746177828174,67106800
746177828174,67106801
746177828174,67106810
746177828174,67106819
746177828174,67106838
746177828174,67106851
746177828174,67106853
746177828174,67106860
746177828174,67106867
746177828174,67106890
746177828174,67106969
746177828174,67106973
746177828174,67106989
746177828174,67107000
746177828174,67107020
746177828174,67107040
746177828174,67108630
787555526594,67104675
787555526594,67104676
787555526594,67104697
787555526594,67104702
787555526594,67104708
787555526594,67104711
787555526594,67104755
787555526594,67104761
787555526594,67104806
787555526594,67104809
787555526594,67104848
787555526594,67104866
787555526594,67104881
787555526594,67104931
787555526594,67104939
787555526594,67104958
787555526594,67104987
787555526594,67104988
787555526594,67105025
787555526594,67105054
787555526594,67105074
787555526594,67105086
787555526594,67105087
787555526594,67105108
787555526594,67105112
787555526594,67105113
787555526594,67105134
787555526594,67105141
787555526594,67105155
787555526594,67105158
787555526594,67105174
787555526594,67105196
787555526594,67105205
787555526594,67105265
787555526594,67105270
787555526594,67105273
787555526594,67105308
787555526594,67105311
787555526594,67105352
787555526594,67105354
787555526594,67105371
787555526594,67105423
787555526594,67105433
787555526594,67105445
787555526594,67105446
787555526594,67105489
787555526594,67105523
787555526594,67105561
787555526594,67105624
787555526594,67105626
787555526594,67105698
787555526594,67105715
787555526594,67105738
787555526594,67105853
787555526594,67105881
787555526594,67105895
787555526594,67105896
787555526594,67105946
787555526594,67105955
787555526594,67105956
787555526594,67105983
787555526594,67105989
787555526594,67105993
787555526594,67105996
787555526594,67106017
787555526594,67106023
787555526594,67106045
787555526594,67106055
787555526594,67106081
787555526594,67106082
787555526594,67106085
787555526594,67106092
787555526594,67106102
787555526594,67106106
787555526594,67106185
787555526594,67106190
787555526594,67106200
787555526594,67106209
787555526594,67106230
787555526594,67106233
787555526594,67106235
787555526594,67106260
787555526594,67106276
787555526594,67106284
787555526594,67106312
787555526594,67106328
787555526594,67106343
787555526594,67106346
787555526594,67106353
787555526594,67106364
787555526594,67106377
787555526594,67106411
787555526594,67106466
787555526594,67106499
787555526594,67106528
787555526594,67106557
787555526594,67106624
787555526594,67106625
787555526594,67106636
787555526594,67106660
787555526594,67106676
787555526594,67106708
787555526594,67106724
787555526594,67106727
787555526594,67106752
787555526594,67106753
787555526594,67106756
787555526594,67106761
787555526594,67106770
787555526594,67106779
787555526594,67106782
787555526594,67106803
787555526594,67106821
787555526594,67106844
787555526594,67106893
787555526594,67106906
787555526594,67106936
787555526594,67106954
787555526594,67106960
787555526594,67107035
787555526594,67107036
787555526594,67107050
