732856447,192
732856447,67104289
732856447,67104544
732856447,67104545
732856447,67104546
732856447,67104547
732856447,67104548
732856447,67104549
732856447,67104550
732856447,67104551
732856447,67104552
732856447,67104553
732856447,67104554
732856447,67104555
732856447,67104556
732856447,67104557
732856447,67104558
732856447,67104559
732856447,67104560
732856447,67104561
732856447,67104562
732856447,67104563
732856447,67104564
732856447,67104565
732856447,67104566
732856447,67104567
732856447,67104568
732856447,67104569
732856447,67104570
732856447,67104571
732856447,67104572
732856447,67104573
732856447,67104574
732856447,67104575
732856447,67104576
732856447,67104577
732856447,67104578
732856447,67104579
732856447,67104580
732856447,67104581
732856447,67104582
732856447,67104583
732856447,67104584
732856447,67104585
732856447,67104586
732856447,67104587
732856447,67104588
732856447,67104589
732856447,67104590
732856447,67104591
732856447,67104592
732856447,67104593
732856447,67104594
732856447,67104595
732856447,67104596
732856447,67104597
732856447,67104598
732856447,67104599
732856447,67104600
732856447,67104601
732856447,67104602
732856447,67104603
732856447,67104604
732856447,67104605
732856447,67104606
732856447,67104607
732856447,67104608
732856447,67104609
732856447,67104610
732856447,67104611
732856447,67104612
732856447,67104613
732856447,67104614
732856447,67104615
732856447,67104616
732856447,67104617
732856447,67104618
732856447,67104619
732856447,67104620
732856447,67104621
732856447,67104622
732856447,67104623
732856447,67104624
732856447,67104625
732856447,67104626
732856447,67104627
732856447,67104628
732856447,67104629
732856447,67104630
732856447,67104631
732856447,67104632
732856447,67104634
732856447,67104635
732856447,67104636
732856447,67104637
732856447,67104638
732856447,67104639
732856447,67104640
732856447,67104642
732856447,67104643
732856447,67104644
732856447,67104645
732856447,67104646
732856447,67104647
732856447,67104648
732856447,67104649
732856447,67104650
732856447,67104651
732856447,67104652
732856447,67104653
732856447,67104654
732856447,67104655
732856447,67104656
732856447,67104657
732856447,67104658
732856447,67104659
732856447,67104660
732856447,67104661
732856447,67104662
732856447,67104663
732856447,67104664
732856447,67104665
732856447,67104666
732856447,67104667
732856447,67104668
732856447,67104669
732856447,67104670
732856447,67104787
22718549857,131252
22718549857,67104138
22718549857,67104139
22718549857,67104140
22718549857,67104141
22718549857,67104142
22718549857,67104267
22718549857,67104268
22718549857,67104269
22718549857,67104270
22718549857,67104271
22718549857,67104315
22718549857,67104525
22718549857,67104526
22718549857,67104527
22718549857,67104528
22718549857,67104529
22718549857,67104543
22718549857,67104633
22718549857,67104641
22718549857,67104671
22718549857,67108128
22718549857,67108129
22718549857,67108130
22718549857,67108131
22718549857,67108132
22718549857,67108133
22718549857,67108134
22718549857,67108135
22718549857,67108136
22718549857,67108137
22718549857,67108138
22718549857,67108139
22718549857,67108140
22718549857,67108141
22718549857,67108142
22718549857,67108143
22718549857,67108144
22718549857,67108145
22718549857,67108146
22718549857,67108147
22718549857,67108148
22718549857,67108149
22718549857,67108150
22718549857,67108151
22718549857,67108152
22718549857,67108153
22718549857,67108154
22718549857,67108155
22718549857,67108156
22718549857,67108157
22718549857,67108158
22718549857,67108159
22718549857,67108160
22718549857,67108161
22718549857,67108162
22718549857,67108163
22718549857,67108164
22718549857,67108165
22718549857,67108166
22718549857,67108167
22718549857,67108168
22718549857,67108169
22718549857,67108170
22718549857,67108171
22718549857,67108172
22718549857,67108173
22718549857,67108174
22718549857,67108175
22718549857,67108176
22718549857,67108177
22718549857,67108178
22718549857,67108179
22718549857,67108180
22718549857,67108181
22718549857,67108182
22718549857,67108183
22718549857,67108184
22718549857,67108185
22718549857,67108186
22718549857,67108187
22718549857,67108188
22718549857,67108189
22718549857,67108190
22718549857,67108191
22718549857,67108192
22718549857,67108193
22718549857,67108194
22718549857,67108195
22718549857,67108196
22718549857,67108197
22718549857,67108198
22718549857,67108199
22718549857,67108200
22718549857,67108201
22718549857,67108202
22718549857,67108203
22718549857,67108204
22718549857,67108205
22718549857,67108206
22718549857,67108207
22718549857,67108208
22718549857,67108209
22718549857,67108210
22718549857,67108211
22718549857,67108212
22718549857,67108213
22718549857,67108214
22718549857,67108215
22718549857,67108216
22718549857,67108217
22718549857,67108218
22718549857,67108219
22718549857,67108220
22718549857,67108221
22718549857,67108222
22718549857,67108223
22718549857,67108224
22718549857,67108225
22718549857,67108226
22718549857,67108227
22718549857,67108228
22718549857,67108229
22718549857,67108776
22718549857,67108777
22718549857,67108778
22718549857,67108779
22718549857,67109052
44704243267,131251
44704243267,67104028
44704243267,67104029
44704243267,67104030
44704243267,67104031
44704243267,67104032
44704243267,67104033
44704243267,67104034
44704243267,67104035
44704243267,67104036
44704243267,67104037
44704243267,67104038
44704243267,67104039
44704243267,67104040
44704243267,67104041
44704243267,67104042
44704243267,67104043
44704243267,67104044
44704243267,67104045
44704243267,67104046
44704243267,67104047
44704243267,67104048
44704243267,67104049
44704243267,67104050
44704243267,67104051
44704243267,67104052
44704243267,67104053
44704243267,67104054
44704243267,67104055
44704243267,67104056
44704243267,67104057
44704243267,67104058
44704243267,67104059
44704243267,67104060
44704243267,67104061
44704243267,67104062
44704243267,67104063
44704243267,67104064
44704243267,67104065
44704243267,67104066
44704243267,67104067
44704243267,67104068
44704243267,67104069
44704243267,67104070
44704243267,67104071
44704243267,67104072
44704243267,67104073
44704243267,67104074
44704243267,67104075
44704243267,67104076
44704243267,67104077
44704243267,67104078
44704243267,67104079
44704243267,67104080
44704243267,67104081
44704243267,67104082
44704243267,67104083
44704243267,67104084
44704243267,67104085
44704243267,67104086
44704243267,67104087
44704243267,67104088
44704243267,67104089
44704243267,67104090
44704243267,67104091
44704243267,67104092
44704243267,67104093
44704243267,67104094
44704243267,67104095
44704243267,67104096
44704243267,67104097
44704243267,67104098
44704243267,67104099
44704243267,67104100
44704243267,67104101
44704243267,67104102
44704243267,67104103
44704243267,67104104
44704243267,67104105
44704243267,67104106
44704243267,67104107
44704243267,67104108
44704243267,67104109
44704243267,67104110
44704243267,67104111
44704243267,67104112
44704243267,67104113
44704243267,67104114
44704243267,67104115
44704243267,67104116
44704243267,67104117
44704243267,67104118
44704243267,67104119
44704243267,67104120
44704243267,67104121
44704243267,67104122
44704243267,67104123
44704243267,67104124
44704243267,67104125
44704243267,67104126
44704243267,67104127
44704243267,67104128
44704243267,67104129
44704243267,67104130
44704243267,67104131
44704243267,67104132
44704243267,67104133
44704243267,67104134
44704243267,67104135
44704243267,67104136
44704243267,67104137
44704243267,67104143
44704243267,67104144
44704243267,67104145
44704243267,67104146
44704243267,67104147
44704243267,67104148
44704243267,67104149
44704243267,67104150
44704243267,67104151
44704243267,67104152
44704243267,67104153
44704243267,67104154
44704243267,67104155
44704243267,67104159
44704243267,67105692
44704243267,67108668
66689936677,67104677
66689936677,67104763
66689936677,67104777
66689936677,67104911
66689936677,67104950
66689936677,67105075
66689936677,67105539
66689936677,67105689
66689936677,67105703
66689936677,67105709
66689936677,67105712
66689936677,67105720
66689936677,67105856
66689936677,67105878
66689936677,67105916
66689936677,67105998
66689936677,67106022
66689936677,67106027
66689936677,67106029
66689936677,67106048
66689936677,67106062
66689936677,67106067
66689936677,67106068
66689936677,67106074
66689936677,67106077
66689936677,67106081
66689936677,67106094
66689936677,67106097
66689936677,67106105
66689936677,67106117
66689936677,67106136
66689936677,67106143
66689936677,67106161
66689936677,67106168
66689936677,67106171
66689936677,67106176
66689936677,67106190
66689936677,67106193
66689936677,67106203
66689936677,67106205
66689936677,67106208
66689936677,67106211
66689936677,67106219
66689936677,67106223
66689936677,67106226
66689936677,67106228
66689936677,67106230
66689936677,67106236
66689936677,67106242
66689936677,67106243
66689936677,67106255
66689936677,67106261
66689936677,67106268
66689936677,67106270
66689936677,67106281
66689936677,67106287
66689936677,67106305
66689936677,67106325
66689936677,67106326
66689936677,67106342
66689936677,67106362
66689936677,67106372
66689936677,67106381
66689936677,67106384
66689936677,67106385
66689936677,67106410
66689936677,67106412
66689936677,67106436
66689936677,67106492
66689936677,67106522
66689936677,67106548
66689936677,67106553
66689936677,67106565
66689936677,67106571
66689936677,67106585
66689936677,67106602
66689936677,67106609
66689936677,67106652
66689936677,67106693
66689936677,67106695
66689936677,67106711
66689936677,67106725
66689936677,67106753
66689936677,67106831
66689936677,67106869
66689936677,67106875
66689936677,67107024
66689936677,67107035
66689936677,67107056
66689936677,67107129
66689936677,67107206
66689936677,67107212
66689936677,67107226
66689936677,67107261
66689936677,67107390
66689936677,67107450
66689936677,67107474
66689936677,67107514
66689936677,67107552
66689936677,67107762
66689936677,67107985
66689936677,67108018
66689936677,67108058
66689936677,67108090
66689936677,67108106
66689936677,67108110
66689936677,67108117
66689936677,67108119
66689936677,67108122
66689936677,67108125
66689936677,67108272
66689936677,67108280
66689936677,67108318
66689936677,67108415
66689936677,67108462
66689936677,67108480
66689936677,67108489
66689936677,67108535
66689936677,67108543
66689936677,67108561
66689936677,67108567
66689936677,67108568
66689936677,67108573
66689936677,67108579
66689936677,67108591
66689936677,67108619
66689936677,67108634
66689936677,67108661
88675630087,67104692
88675630087,67104717
88675630087,67104812
88675630087,67104837
88675630087,67104839
88675630087,67104841
88675630087,67104844
88675630087,67104858
88675630087,67104866
88675630087,67104913
88675630087,67104923
88675630087,67104925
88675630087,67104933
88675630087,67104936
88675630087,67104938
88675630087,67104943
88675630087,67104974
88675630087,67104985
88675630087,67104988
88675630087,67105025
88675630087,67105056
88675630087,67105063
88675630087,67105088
88675630087,67105099
88675630087,67105109
88675630087,67105119
88675630087,67105123
88675630087,67105127
88675630087,67105128
88675630087,67105146
88675630087,67105151
88675630087,67105187
88675630087,67105189
88675630087,67105206
88675630087,67105240
88675630087,67105241
88675630087,67105245
88675630087,67105254
88675630087,67105304
88675630087,67105325
88675630087,67105331
88675630087,67105347
88675630087,67105371
88675630087,67105376
88675630087,67105382
88675630087,67105392
88675630087,67105422
88675630087,67105428
88675630087,67105436
88675630087,67105459
88675630087,67105463
88675630087,67105464
88675630087,67105510
88675630087,67105520
88675630087,67105536
88675630087,67105548
88675630087,67105620
88675630087,67105700
88675630087,67105728
88675630087,67105742
88675630087,67105825
88675630087,67105831
88675630087,67105841
88675630087,67105875
88675630087,67105891
88675630087,67105904
88675630087,67105909
88675630087,67105937
88675630087,67105939
88675630087,67105950
88675630087,67106042
88675630087,67106148
88675630087,67106207
88675630087,67106241
88675630087,67106296
88675630087,67106312
88675630087,67106314
88675630087,67106352
88675630087,67106397
88675630087,67106485
88675630087,67106495
88675630087,67106547
88675630087,67106613
88675630087,67106634
88675630087,67106683
88675630087,67106686
88675630087,67106699
88675630087,67106710
88675630087,67106769
88675630087,67106777
88675630087,67106856
88675630087,67106879
88675630087,67106896
88675630087,67106905
88675630087,67106944
88675630087,67106963
88675630087,67106983
88675630087,67106994
88675630087,67107040
88675630087,67107074
88675630087,67107127
88675630087,67107217
88675630087,67107234
88675630087,67107264
88675630087,67107269
88675630087,67107299
88675630087,67107312
88675630087,67107313
88675630087,67107361
88675630087,67107485
88675630087,67107542
88675630087,67107594
88675630087,67107694
88675630087,67107716
88675630087,67107724
88675630087,67107808
88675630087,67107879
88675630087,67107917
88675630087,67107922
88675630087,67107980
88675630087,67107981
88675630087,67108069
88675630087,67108123
88675630087,67108300
88675630087,67108410
88675630087,67108559
88675630087,67108630
88675630087,67108691
110661323497,131259
110661323497,131260
110661323497,67104182
110661323497,67104743
110661323497,67104745
110661323497,67104826
110661323497,67104890
110661323497,67104915
110661323497,67105061
110661323497,67105070
110661323497,67105083
110661323497,67105089
110661323497,67105117
110661323497,67105144
110661323497,67105221
110661323497,67105285
110661323497,67105437
110661323497,67105450
110661323497,67105545
110661323497,67105643
110661323497,67105668
110661323497,67105765
110661323497,67105770
110661323497,67105771
110661323497,67105780
110661323497,67105786
110661323497,67105797
110661323497,67105801
110661323497,67105811
110661323497,67105815
110661323497,67105837
110661323497,67105838
110661323497,67105840
110661323497,67105845
110661323497,67105858
110661323497,67105869
110661323497,67105895
110661323497,67105898
110661323497,67105902
110661323497,67105905
110661323497,67105912
110661323497,67105913
110661323497,67105925
110661323497,67105933
110661323497,67105936
110661323497,67105944
110661323497,67105951
110661323497,67105957
110661323497,67105972
110661323497,67105984
110661323497,67105987
110661323497,67105990
110661323497,67105991
110661323497,67106003
110661323497,67106086
110661323497,67106089
110661323497,67106126
110661323497,67106131
110661323497,67106133
110661323497,67106151
110661323497,67106152
110661323497,67106156
110661323497,67106157
110661323497,67106167
110661323497,67106189
110661323497,67106216
110661323497,67106239
110661323497,67106240
110661323497,67106254
110661323497,67106273
110661323497,67106278
110661323497,67106289
110661323497,67106307
110661323497,67106330
110661323497,67106420
110661323497,67106477
110661323497,67106483
110661323497,67106514
110661323497,67106543
110661323497,67106557
110661323497,67106566
110661323497,67106583
110661323497,67106588
110661323497,67106594
110661323497,67106608
110661323497,67106808
110661323497,67106841
110661323497,67106851
110661323497,67106948
110661323497,67106988
110661323497,67107003
110661323497,67107042
110661323497,67107055
110661323497,67107075
110661323497,67107095
110661323497,67107126
110661323497,67107140
110661323497,67107172
110661323497,67107241
110661323497,67107265
110661323497,67107420
110661323497,67107547
110661323497,67107620
110661323497,67107674
110661323497,67107735
110661323497,67107773
110661323497,67107790
110661323497,67107950
110661323497,67108001
110661323497,67108104
110661323497,67108112
110661323497,67108115
110661323497,67108120
110661323497,67108234
110661323497,67108241
110661323497,67108244
110661323497,67108249
110661323497,67108250
110661323497,67108287
110661323497,67108476
110661323497,67108499
110661323497,67108649
110661323497,67108780
