732856447,192
732856447,67104289
732856447,67104544
732856447,67104545
732856447,67104546
732856447,67104547
732856447,67104548
732856447,67104549
732856447,67104550
732856447,67104551
732856447,67104552
732856447,67104553
732856447,67104554
732856447,67104555
732856447,67104556
732856447,67104557
732856447,67104558
732856447,67104559
732856447,67104560
732856447,67104561
732856447,67104562
732856447,67104563
732856447,67104564
732856447,67104565
732856447,67104566
732856447,67104567
732856447,67104568
732856447,67104569
732856447,67104570
732856447,67104571
732856447,67104572
732856447,67104573
732856447,67104574
732856447,67104575
732856447,67104576
732856447,67104577
732856447,67104578
732856447,67104579
732856447,67104580
732856447,67104581
732856447,67104582
732856447,67104583
732856447,67104584
732856447,67104585
732856447,67104586
732856447,67104587
732856447,67104588
732856447,67104589
732856447,67104590
732856447,67104591
732856447,67104592
732856447,67104593
732856447,67104594
732856447,67104595
732856447,67104596
732856447,67104597
732856447,67104598
732856447,67104599
732856447,67104600
732856447,67104601
732856447,67104602
732856447,67104603
732856447,67104604
732856447,67104605
732856447,67104606
732856447,67104607
732856447,67104608
732856447,67104609
732856447,67104610
732856447,67104611
732856447,67104612
732856447,67104613
732856447,67104614
732856447,67104615
732856447,67104616
732856447,67104617
732856447,67104618
732856447,67104619
732856447,67104620
732856447,67104621
732856447,67104622
732856447,67104623
732856447,67104624
732856447,67104625
732856447,67104626
732856447,67104627
732856447,67104628
732856447,67104629
732856447,67104630
732856447,67104631
732856447,67104632
732856447,67104634
732856447,67104635
732856447,67104636
732856447,67104637
732856447,67104638
732856447,67104639
732856447,67104640
732856447,67104642
732856447,67104643
732856447,67104644
732856447,67104645
732856447,67104646
732856447,67104647
732856447,67104648
732856447,67104649
732856447,67104650
732856447,67104651
732856447,67104652
732856447,67104653
732856447,67104654
732856447,67104655
732856447,67104656
732856447,67104657
732856447,67104658
732856447,67104659
732856447,67104660
732856447,67104661
732856447,67104662
732856447,67104663
732856447,67104664
732856447,67104665
732856447,67104666
732856447,67104667
732856447,67104668
732856447,67104669
732856447,67104670
732856447,67104787
22718549857,131252
22718549857,67104140
22718549857,67104141
22718549857,67104142
22718549857,67104269
22718549857,67104270
22718549857,67104271
22718549857,67104315
22718549857,67104527
22718549857,67104528
22718549857,67104529
22718549857,67104543
22718549857,67104633
22718549857,67104641
22718549857,67104671
22718549857,67108186
22718549857,67108187
22718549857,67108188
22718549857,67108189
22718549857,67108190
22718549857,67108191
22718549857,67108192
22718549857,67108193
22718549857,67108194
22718549857,67108195
22718549857,67108196
22718549857,67108197
22718549857,67108198
22718549857,67108199
22718549857,67108200
22718549857,67108201
22718549857,67108202
22718549857,67108203
22718549857,67108204
22718549857,67108205
22718549857,67108206
22718549857,67108207
22718549857,67108208
22718549857,67108209
22718549857,67108210
22718549857,67108211
22718549857,67108212
22718549857,67108213
22718549857,67108214
22718549857,67108215
22718549857,67108216
22718549857,67108217
22718549857,67108218
22718549857,67108219
22718549857,67108220
22718549857,67108221
22718549857,67108222
22718549857,67108223
22718549857,67108224
22718549857,67108225
22718549857,67108226
22718549857,67108227
22718549857,67108228
22718549857,67108229
22718549857,67108778
22718549857,67108779
22718549857,67109052
