1093269888,193
1093269888,67100099
1093269888,67100300
1093269888,67100516
1093269888,67100517
1093269888,67100703
1093269888,67100904
1093269888,67100905
1093269888,67100906
1093269888,67100907
1093269888,67100908
1093269888,67100909
1093269888,67100910
1093269888,67100911
1093269888,67100912
1093269888,67100913
1093269888,67100914
1093269888,67100915
1093269888,67100916
1093269888,67100917
1093269888,67100918
1093269888,67100919
1093269888,67100920
1093269888,67100921
1093269888,67100922
1093269888,67100923
1093269888,67100924
1093269888,67100925
1093269888,67100926
1093269888,67100927
1093269888,67100928
1093269888,67100929
1093269888,67100930
1093269888,67100931
1093269888,67100932
1093269888,67100933
1093269888,67100934
1093269888,67100935
1093269888,67100936
1093269888,67100937
1093269888,67100938
1093269888,67100939
1093269888,67100940
1093269888,67100941
1093269888,67100942
1093269888,67100943
1093269888,67100944
1093269888,67100946
1093269888,67100947
1093269888,67100948
1093269888,67100950
1093269888,67100954
1093269888,67100957
1093269888,67100965
1093269888,67101211
1093269888,67101212
1093269888,67101213
1093269888,67101214
1093269888,67101215
1093269888,67101216
1093269888,67101217
1093269888,67101218
1093269888,67101219
1093269888,67101220
1093269888,67101221
1093269888,67101222
1093269888,67101223
1093269888,67101224
1093269888,67101225
1093269888,67101226
1093269888,67101227
1093269888,67101228
1093269888,67101229
1093269888,67101230
1093269888,67101231
1093269888,67101232
1093269888,67101233
1093269888,67101234
1093269888,67101235
1093269888,67101236
1093269888,67101237
1093269888,67101238
1093269888,67101239
1093269888,67101240
1093269888,67101241
1093269888,67101242
1093269888,67101243
1093269888,67101244
1093269888,67101245
1093269888,67101246
1093269888,67101247
1093269888,67101248
1093269888,67101249
1093269888,67101250
1093269888,67101251
1093269888,67101252
1093269888,67101253
1093269888,67101254
1093269888,67101255
1093269888,67101256
1093269888,67101257
1093269888,67101258
1093269888,67101259
1093269888,67101260
1093269888,67101261
1093269888,67101262
1093269888,67101263
1093269888,67101264
1093269888,67101265
1093269888,67101266
1093269888,67101267
1093269888,67101268
1093269888,67101269
1093269888,67101270
1093269888,67101271
1093269888,67101272
1093269888,67101273
1093269888,67101274
1093269888,67101275
1093269888,67101276
1093269888,67101277
1093269888,67101278
1093269888,67101279
1093269888,67101280
1093269888,67101281
1093269888,67101282
1093269888,67108594
1093269888,67109053
33891366528,67100945
33891366528,67100949
33891366528,67100951
33891366528,67100952
33891366528,67100953
33891366528,67100955
33891366528,67100956
33891366528,67100958
33891366528,67100959
33891366528,67100960
33891366528,67100961
33891366528,67100962
33891366528,67100963
33891366528,67100964
33891366528,67100966
33891366528,67100967
33891366528,67100968
33891366528,67100969
33891366528,67100970
33891366528,67100971
33891366528,67100972
33891366528,67100973
33891366528,67100974
33891366528,67100975
33891366528,67100976
33891366528,67100977
33891366528,67100978
33891366528,67100979
33891366528,67100980
33891366528,67100981
33891366528,67100982
33891366528,67100983
33891366528,67100984
33891366528,67100986
33891366528,67100987
33891366528,67100988
33891366528,67100989
33891366528,67100990
33891366528,67100991
33891366528,67100993
33891366528,67100994
33891366528,67100995
33891366528,67101001
33891366528,67101007
33891366528,67106642
