827860087,67100684
827860087,67100687
827860087,67100693
827860087,67100694
827860087,67100695
827860087,67100696
827860087,67100697
827860087,67100698
827860087,67100701
827860087,67100702
827860087,67100710
827860087,67100715
827860087,67100716
827860087,67100717
827860087,67100718
827860087,67100719
827860087,67100725
827860087,67100728
827860087,67100729
827860087,67100737
827860087,67100740
827860087,67100742
827860087,67100745
827860087,67100751
827860087,67100752
827860087,67100760
827860087,67100766
827860087,67100767
827860087,67100768
827860087,67100769
827860087,67100770
827860087,67100773
827860087,67100777
827860087,67100780
827860087,67100781
827860087,67100784
827860087,67100785
827860087,67100786
827860087,67100787
827860087,67100788
827860087,67100789
827860087,67100790
827860087,67100793
827860087,67100795
827860087,67100797
827860087,67100798
827860087,67100799
827860087,67100800
827860087,67100802
827860087,67100803
827860087,67100804
827860087,67100805
827860087,67100807
827860087,67100811
827860087,67100812
827860087,67100816
827860087,67100818
827860087,67100820
827860087,67100821
827860087,67100822
827860087,67100825
827860087,67100826
827860087,67100830
827860087,67100832
827860087,67100833
827860087,67100837
827860087,67100838
827860087,67100839
827860087,67100840
827860087,67100841
827860087,67100842
827860087,67100845
827860087,67100846
827860087,67100847
827860087,67100848
827860087,67100849
827860087,67100861
827860087,67100862
827860087,67100865
827860087,67100867
827860087,67100877
827860087,67100879
827860087,67100881
827860087,67100891
827860087,67100892
827860087,67100895
827860087,67100899
827860087,67100903
827860087,67100906
827860087,67100909
827860087,67100912
827860087,67100916
827860087,67100918
827860087,67100920
827860087,67100923
827860087,67100927
827860087,67100928
827860087,67100931
827860087,67100940
827860087,67100950
827860087,67100954
827860087,67100960
827860087,67100962
827860087,67100966
827860087,67100972
827860087,67100973
827860087,67100979
827860087,67100985
827860087,67100986
827860087,67100991
827860087,67100997
827860087,67101001
827860087,67101003
827860087,67101007
827860087,67101008
827860087,67101009
827860087,67101010
827860087,67101012
827860087,67101013
827860087,67101014
827860087,67101019
827860087,67101020
827860087,67101022
827860087,67101023
827860087,67101027
827860087,67101028
827860087,67101029
827860087,67101034
25663662697,131245
25663662697,131246
25663662697,67100692
25663662697,67100699
25663662697,67100700
25663662697,67100703
25663662697,67100704
25663662697,67100705
25663662697,67100706
25663662697,67100707
25663662697,67100708
25663662697,67100709
25663662697,67100711
25663662697,67100712
25663662697,67100713
25663662697,67100714
25663662697,67100723
25663662697,67100724
25663662697,67100726
25663662697,67100727
25663662697,67100736
25663662697,67100738
25663662697,67100739
25663662697,67100741
25663662697,67100744
25663662697,67100746
25663662697,67100747
25663662697,67100748
25663662697,67100750
25663662697,67100753
25663662697,67100754
25663662697,67100755
25663662697,67100756
25663662697,67100757
25663662697,67100759
25663662697,67100761
25663662697,67100762
25663662697,67100763
25663662697,67100764
25663662697,67100765
25663662697,67100771
25663662697,67100772
25663662697,67100774
25663662697,67100775
25663662697,67100776
25663662697,67100778
25663662697,67100779
25663662697,67100782
25663662697,67100783
25663662697,67100791
25663662697,67100792
25663662697,67100794
25663662697,67100806
25663662697,67100808
25663662697,67100810
25663662697,67100817
25663662697,67100823
25663662697,67100824
25663662697,67100829
25663662697,67100831
25663662697,67100834
25663662697,67100835
25663662697,67100843
25663662697,67100863
25663662697,67100869
25663662697,67100870
25663662697,67100871
25663662697,67100872
25663662697,67100873
25663662697,67100874
25663662697,67100875
25663662697,67100876
25663662697,67100878
25663662697,67100880
25663662697,67100882
25663662697,67100883
25663662697,67100884
25663662697,67100886
25663662697,67100887
25663662697,67100889
25663662697,67100890
25663662697,67100893
25663662697,67100894
25663662697,67100896
25663662697,67100897
25663662697,67100900
25663662697,67100901
25663662697,67100902
25663662697,67100904
25663662697,67100908
25663662697,67100910
25663662697,67100911
25663662697,67100915
25663662697,67100917
25663662697,67100919
25663662697,67100921
25663662697,67100922
25663662697,67100924
25663662697,67100925
25663662697,67100926
25663662697,67100929
25663662697,67100930
25663662697,67100932
25663662697,67100933
25663662697,67100934
25663662697,67100935
25663662697,67100936
25663662697,67100938
25663662697,67100941
25663662697,67100945
25663662697,67100947
25663662697,67100951
25663662697,67100952
25663662697,67100953
25663662697,67100955
25663662697,67100957
25663662697,67100958
25663662697,67100959
25663662697,67100963
25663662697,67100967
25663662697,67100999
25663662697,67101017
25663662697,67101038
25663662697,67101039
25663662697,67101040
25663662697,67101041
25663662697,67104987
25663662697,67108629
50499465307,67099240
50499465307,67099242
50499465307,67099245
50499465307,67099246
50499465307,67099247
50499465307,67099249
50499465307,67099252
50499465307,67099254
50499465307,67099258
50499465307,67099266
50499465307,67099269
50499465307,67099273
50499465307,67099274
50499465307,67099288
50499465307,67099289
50499465307,67099295
50499465307,67099296
50499465307,67099297
50499465307,67099298
50499465307,67099299
50499465307,67099300
50499465307,67099302
50499465307,67099303
50499465307,67099305
50499465307,67099307
50499465307,67099308
50499465307,67099309
50499465307,67099310
50499465307,67099311
50499465307,67099312
50499465307,67099313
50499465307,67099314
50499465307,67099315
50499465307,67099318
50499465307,67099319
50499465307,67099322
50499465307,67099327
50499465307,67099336
50499465307,67099339
50499465307,67099345
50499465307,67099348
50499465307,67099349
50499465307,67099350
50499465307,67099352
50499465307,67099353
50499465307,67099354
50499465307,67099355
50499465307,67099359
50499465307,67099360
50499465307,67099362
50499465307,67099363
50499465307,67099364
50499465307,67099365
50499465307,67099366
50499465307,67099367
50499465307,67099369
50499465307,67099370
50499465307,67099372
50499465307,67099380
50499465307,67099382
50499465307,67099384
50499465307,67099387
50499465307,67099388
50499465307,67099390
50499465307,67099392
50499465307,67099393
50499465307,67099394
50499465307,67099395
50499465307,67099396
50499465307,67099411
50499465307,67099416
50499465307,67099417
50499465307,67099418
50499465307,67099419
50499465307,67099421
50499465307,67099422
50499465307,67099423
50499465307,67099425
50499465307,67099428
50499465307,67099429
50499465307,67099434
50499465307,67099435
50499465307,67099437
50499465307,67099438
50499465307,67099439
50499465307,67099440
50499465307,67099441
50499465307,67099442
50499465307,67099448
50499465307,67099449
50499465307,67099452
50499465307,67099453
50499465307,67099454
50499465307,67099455
50499465307,67099456
50499465307,67099457
50499465307,67099458
50499465307,67099463
50499465307,67099466
50499465307,67099469
50499465307,67099473
50499465307,67099474
50499465307,67099480
50499465307,67099481
50499465307,67099485
50499465307,67099486
50499465307,67099487
50499465307,67099499
50499465307,67099505
50499465307,67099506
50499465307,67099511
50499465307,67099517
50499465307,67099518
50499465307,67099525
50499465307,67099531
50499465307,67099538
50499465307,67099541
50499465307,67099543
50499465307,67099544
50499465307,67099545
50499465307,67099546
50499465307,67099562
50499465307,67099563
50499465307,67099564
50499465307,67099565
50499465307,67099575
50499465307,67099576
50499465307,67099585
75335267917,131242
75335267917,131243
75335267917,67099241
75335267917,67099243
75335267917,67099244
75335267917,67099248
75335267917,67099250
75335267917,67099251
75335267917,67099253
75335267917,67099255
75335267917,67099256
75335267917,67099257
75335267917,67099259
75335267917,67099260
75335267917,67099261
75335267917,67099262
75335267917,67099263
75335267917,67099264
75335267917,67099265
75335267917,67099270
75335267917,67099272
75335267917,67099275
75335267917,67099280
75335267917,67099284
75335267917,67099285
75335267917,67099287
75335267917,67099291
75335267917,67099294
75335267917,67099316
75335267917,67099321
75335267917,67099323
75335267917,67099324
75335267917,67099325
75335267917,67099326
75335267917,67099328
75335267917,67099329
75335267917,67099330
75335267917,67099332
75335267917,67099333
75335267917,67099334
75335267917,67099337
75335267917,67099341
75335267917,67099342
75335267917,67099346
75335267917,67099347
75335267917,67099356
75335267917,67099357
75335267917,67099361
75335267917,67099368
75335267917,67099371
75335267917,67099374
75335267917,67099377
75335267917,67099378
75335267917,67099379
75335267917,67099381
75335267917,67099383
75335267917,67099386
75335267917,67099389
75335267917,67099391
75335267917,67099403
75335267917,67099407
75335267917,67099408
75335267917,67099409
75335267917,67099410
75335267917,67099412
75335267917,67099413
75335267917,67099415
75335267917,67099420
75335267917,67099424
75335267917,67099430
75335267917,67099436
75335267917,67099443
75335267917,67099444
75335267917,67099447
75335267917,67099450
75335267917,67099451
75335267917,67099459
75335267917,67099460
75335267917,67099461
75335267917,67099462
75335267917,67099464
75335267917,67099465
75335267917,67099468
75335267917,67099471
75335267917,67099475
75335267917,67099478
75335267917,67099479
75335267917,67099482
75335267917,67099484
75335267917,67099493
75335267917,67099495
75335267917,67099497
75335267917,67099498
75335267917,67099500
75335267917,67099501
75335267917,67099502
75335267917,67099508
75335267917,67099509
75335267917,67099519
75335267917,67099520
75335267917,67099521
75335267917,67099524
75335267917,67099527
75335267917,67099528
75335267917,67099530
75335267917,67099533
75335267917,67099547
75335267917,67099548
75335267917,67099550
75335267917,67099551
75335267917,67099553
75335267917,67099554
75335267917,67099556
75335267917,67099558
75335267917,67099560
75335267917,67099561
75335267917,67099566
75335267917,67099567
75335267917,67099569
75335267917,67099570
75335267917,67099571
75335267917,67099572
75335267917,67099586
75335267917,67099587
75335267917,67099588
75335267917,67099794
100171070527,67099780
100171070527,67099823
100171070527,67099864
100171070527,67099872
100171070527,67099887
100171070527,67099909
100171070527,67100681
100171070527,67100685
100171070527,67100686
100171070527,67100689
100171070527,67100691
100171070527,67100721
100171070527,67100722
100171070527,67100730
100171070527,67100732
100171070527,67100733
100171070527,67100734
100171070527,67100735
100171070527,67100743
100171070527,67100749
100171070527,67100758
100171070527,67100796
100171070527,67100801
100171070527,67100809
100171070527,67100813
100171070527,67100814
100171070527,67100815
100171070527,67100819
100171070527,67100827
100171070527,67100828
100171070527,67100836
100171070527,67100844
100171070527,67100850
100171070527,67100851
100171070527,67100852
100171070527,67100853
100171070527,67100854
100171070527,67100855
100171070527,67100856
100171070527,67100857
100171070527,67100858
100171070527,67100859
100171070527,67100860
100171070527,67100864
100171070527,67100866
100171070527,67100868
100171070527,67100885
100171070527,67100888
100171070527,67100898
100171070527,67100905
100171070527,67100907
100171070527,67100913
100171070527,67100914
100171070527,67100937
100171070527,67100939
100171070527,67100942
100171070527,67100943
100171070527,67100944
100171070527,67100946
100171070527,67100948
100171070527,67100949
100171070527,67100956
100171070527,67100961
100171070527,67100964
100171070527,67100965
100171070527,67100968
100171070527,67100969
100171070527,67100970
100171070527,67100971
100171070527,67100974
100171070527,67100975
100171070527,67100976
100171070527,67100977
100171070527,67100978
100171070527,67100980
100171070527,67100981
100171070527,67100982
100171070527,67100983
100171070527,67100984
100171070527,67100987
100171070527,67100988
100171070527,67100989
100171070527,67100990
100171070527,67100992
100171070527,67100993
100171070527,67100994
100171070527,67100995
100171070527,67100996
100171070527,67100998
100171070527,67101000
100171070527,67101002
100171070527,67101004
100171070527,67101005
100171070527,67101006
100171070527,67101011
100171070527,67101015
100171070527,67101016
100171070527,67101018
100171070527,67101021
100171070527,67101024
100171070527,67101025
100171070527,67101026
100171070527,67101031
100171070527,67101032
100171070527,67101033
100171070527,67101035
100171070527,67101036
100171070527,67101037
100171070527,67101261
100171070527,67102453
100171070527,67102733
100171070527,67103905
100171070527,67107304
100171070527,67108008
100171070527,67108623
100171070527,67108664
100171070527,67108666
100171070527,67108668
100171070527,67108681
100171070527,67108707
100171070527,67108711
100171070527,67108714
100171070527,67108735
100171070527,67108781
125006873137,67099227
125006873137,67099228
125006873137,67099229
125006873137,67099230
125006873137,67099231
125006873137,67099232
125006873137,67099233
125006873137,67099234
125006873137,67099235
125006873137,67099236
125006873137,67099237
125006873137,67099238
125006873137,67099239
125006873137,67099267
125006873137,67099268
125006873137,67099271
125006873137,67099276
125006873137,67099277
125006873137,67099278
125006873137,67099281
125006873137,67099282
125006873137,67099283
125006873137,67099286
125006873137,67099290
125006873137,67099292
125006873137,67099293
125006873137,67099301
125006873137,67099304
125006873137,67099306
125006873137,67099317
125006873137,67099320
125006873137,67099331
125006873137,67099335
125006873137,67099338
125006873137,67099340
125006873137,67099343
125006873137,67099344
125006873137,67099351
125006873137,67099358
125006873137,67099373
125006873137,67099375
125006873137,67099376
125006873137,67099385
125006873137,67099397
125006873137,67099398
125006873137,67099399
125006873137,67099400
125006873137,67099401
125006873137,67099402
125006873137,67099404
125006873137,67099405
125006873137,67099406
125006873137,67099414
125006873137,67099426
125006873137,67099427
125006873137,67099431
125006873137,67099432
125006873137,67099433
125006873137,67099445
125006873137,67099446
125006873137,67099467
125006873137,67099470
125006873137,67099472
125006873137,67099476
125006873137,67099477
125006873137,67099483
125006873137,67099488
125006873137,67099489
125006873137,67099490
125006873137,67099491
125006873137,67099492
125006873137,67099494
125006873137,67099496
125006873137,67099503
125006873137,67099504
125006873137,67099507
125006873137,67099510
125006873137,67099512
125006873137,67099513
125006873137,67099514
125006873137,67099515
125006873137,67099516
125006873137,67099522
125006873137,67099523
125006873137,67099526
125006873137,67099529
125006873137,67099532
125006873137,67099534
125006873137,67099535
125006873137,67099536
125006873137,67099537
125006873137,67099539
125006873137,67099540
125006873137,67099542
125006873137,67099549
125006873137,67099552
125006873137,67099555
125006873137,67099557
125006873137,67099559
125006873137,67099568
125006873137,67099573
125006873137,67099574
125006873137,67099577
125006873137,67099579
125006873137,67099580
125006873137,67099581
125006873137,67099582
125006873137,67099583
125006873137,67099584
125006873137,67099589
125006873137,67101441
125006873137,67103134
125006873137,67104221
125006873137,67104506
125006873137,67107541
125006873137,67108227
125006873137,67108337
