827860087,67100684
827860087,67100687
827860087,67100693
827860087,67100694
827860087,67100695
827860087,67100696
827860087,67100697
827860087,67100698
827860087,67100701
827860087,67100702
827860087,67100710
827860087,67100715
827860087,67100716
827860087,67100717
827860087,67100718
827860087,67100719
827860087,67100725
827860087,67100728
827860087,67100729
827860087,67100737
827860087,67100740
827860087,67100742
827860087,67100745
827860087,67100751
827860087,67100752
827860087,67100760
827860087,67100766
827860087,67100767
827860087,67100768
827860087,67100769
827860087,67100770
827860087,67100773
827860087,67100777
827860087,67100780
827860087,67100781
827860087,67100784
827860087,67100785
827860087,67100786
827860087,67100787
827860087,67100788
827860087,67100789
827860087,67100790
827860087,67100793
827860087,67100795
827860087,67100797
827860087,67100798
827860087,67100799
827860087,67100800
827860087,67100802
827860087,67100803
827860087,67100804
827860087,67100805
827860087,67100807
827860087,67100811
827860087,67100812
827860087,67100816
827860087,67100818
827860087,67100820
827860087,67100821
827860087,67100822
827860087,67100825
827860087,67100826
827860087,67100830
827860087,67100832
827860087,67100833
827860087,67100837
827860087,67100838
827860087,67100839
827860087,67100840
827860087,67100841
827860087,67100842
827860087,67100845
827860087,67100846
827860087,67100847
827860087,67100848
827860087,67100849
827860087,67100861
827860087,67100862
827860087,67100865
827860087,67100867
827860087,67100877
827860087,67100879
827860087,67100881
827860087,67100891
827860087,67100892
827860087,67100895
827860087,67100899
827860087,67100903
827860087,67100906
827860087,67100909
827860087,67100912
827860087,67100916
827860087,67100918
827860087,67100920
827860087,67100923
827860087,67100927
827860087,67100928
827860087,67100931
827860087,67100940
827860087,67100950
827860087,67100954
827860087,67100960
827860087,67100962
827860087,67100966
827860087,67100972
827860087,67100973
827860087,67100979
827860087,67100985
827860087,67100986
827860087,67100991
827860087,67100997
827860087,67101001
827860087,67101003
827860087,67101007
827860087,67101008
827860087,67101009
827860087,67101010
827860087,67101012
827860087,67101013
827860087,67101014
827860087,67101019
827860087,67101020
827860087,67101022
827860087,67101023
827860087,67101027
827860087,67101028
827860087,67101029
827860087,67101034
25663662697,131245
25663662697,131246
25663662697,67100692
25663662697,67100699
25663662697,67100700
25663662697,67100703
25663662697,67100704
25663662697,67100705
25663662697,67100706
25663662697,67100707
25663662697,67100708
25663662697,67100709
25663662697,67100711
25663662697,67100712
25663662697,67100713
25663662697,67100714
25663662697,67100723
25663662697,67100724
25663662697,67100726
25663662697,67100727
25663662697,67100736
25663662697,67100738
25663662697,67100739
25663662697,67100741
25663662697,67100744
25663662697,67100746
25663662697,67100747
25663662697,67100748
25663662697,67100750
25663662697,67100753
25663662697,67100754
25663662697,67100755
25663662697,67100756
25663662697,67100757
25663662697,67100759
25663662697,67100761
25663662697,67100762
25663662697,67100763
25663662697,67100764
25663662697,67100765
25663662697,67100771
25663662697,67100772
25663662697,67100774
25663662697,67100775
25663662697,67100776
25663662697,67100778
25663662697,67100779
25663662697,67100782
25663662697,67100783
25663662697,67100791
25663662697,67100792
25663662697,67100794
25663662697,67100806
25663662697,67100808
25663662697,67100810
25663662697,67100817
25663662697,67100823
25663662697,67100824
25663662697,67100829
25663662697,67100831
25663662697,67100834
25663662697,67100835
25663662697,67100843
25663662697,67100863
25663662697,67100869
25663662697,67100870
25663662697,67100871
25663662697,67100872
25663662697,67100873
25663662697,67100874
25663662697,67100875
25663662697,67100876
25663662697,67100878
25663662697,67100880
25663662697,67100882
25663662697,67100883
25663662697,67100884
25663662697,67100886
25663662697,67100887
25663662697,67100889
25663662697,67100890
25663662697,67100893
25663662697,67100894
25663662697,67100896
25663662697,67100897
25663662697,67100900
25663662697,67100901
25663662697,67100902
25663662697,67100904
25663662697,67100908
25663662697,67100910
25663662697,67100911
25663662697,67100915
25663662697,67100917
25663662697,67100919
25663662697,67100921
25663662697,67100922
25663662697,67100924
25663662697,67100925
25663662697,67100926
25663662697,67100929
25663662697,67100930
25663662697,67100932
25663662697,67100933
25663662697,67100934
25663662697,67100935
25663662697,67100936
25663662697,67100938
25663662697,67100941
25663662697,67100945
25663662697,67100947
25663662697,67100951
25663662697,67100952
25663662697,67100953
25663662697,67100955
25663662697,67100957
25663662697,67100958
25663662697,67100959
25663662697,67100963
25663662697,67100967
25663662697,67100999
25663662697,67101017
25663662697,67101038
25663662697,67101039
25663662697,67101040
25663662697,67101041
25663662697,67104987
25663662697,67108629
50499465307,67099240
50499465307,67099242
50499465307,67099245
50499465307,67099246
50499465307,67099247
50499465307,67099249
50499465307,67099252
50499465307,67099254
50499465307,67099258
50499465307,67099266
50499465307,67099269
50499465307,67099273
50499465307,67099274
50499465307,67099288
50499465307,67099289
50499465307,67099295
50499465307,67099296
50499465307,67099297
50499465307,67099298
50499465307,67099299
50499465307,67099300
50499465307,67099302
50499465307,67099303
50499465307,67099305
50499465307,67099307
50499465307,67099308
50499465307,67099309
50499465307,67099310
50499465307,67099311
50499465307,67099312
50499465307,67099313
50499465307,67099314
50499465307,67099315
50499465307,67099318
50499465307,67099319
50499465307,67099322
50499465307,67099327
50499465307,67099336
50499465307,67099339
50499465307,67099345
50499465307,67099348
50499465307,67099349
50499465307,67099350
50499465307,67099352
50499465307,67099353
50499465307,67099354
50499465307,67099355
50499465307,67099359
50499465307,67099360
50499465307,67099362
50499465307,67099363
50499465307,67099364
50499465307,67099365
50499465307,67099366
50499465307,67099367
50499465307,67099369
50499465307,67099370
50499465307,67099372
50499465307,67099380
50499465307,67099382
50499465307,67099384
50499465307,67099387
50499465307,67099388
50499465307,67099390
50499465307,67099392
50499465307,67099393
50499465307,67099394
50499465307,67099395
50499465307,67099396
50499465307,67099411
50499465307,67099416
50499465307,67099417
50499465307,67099418
50499465307,67099419
50499465307,67099421
50499465307,67099422
50499465307,67099423
50499465307,67099425
50499465307,67099428
50499465307,67099429
50499465307,67099434
50499465307,67099435
50499465307,67099437
50499465307,67099438
50499465307,67099439
50499465307,67099440
50499465307,67099441
50499465307,67099442
50499465307,67099448
50499465307,67099449
50499465307,67099452
50499465307,67099453
50499465307,67099454
50499465307,67099455
50499465307,67099456
50499465307,67099457
50499465307,67099458
50499465307,67099463
50499465307,67099466
50499465307,67099469
50499465307,67099473
50499465307,67099474
50499465307,67099480
50499465307,67099481
50499465307,67099485
50499465307,67099486
50499465307,67099487
50499465307,67099499
50499465307,67099505
50499465307,67099506
50499465307,67099511
50499465307,67099517
50499465307,67099518
50499465307,67099525
50499465307,67099531
50499465307,67099538
50499465307,67099541
50499465307,67099543
50499465307,67099544
50499465307,67099545
50499465307,67099546
50499465307,67099562
50499465307,67099563
50499465307,67099564
50499465307,67099565
50499465307,67099575
50499465307,67099576
50499465307,67099585
75335267917,131242
75335267917,131243
75335267917,67099241
75335267917,67099243
75335267917,67099244
75335267917,67099248
75335267917,67099250
75335267917,67099251
75335267917,67099253
75335267917,67099255
75335267917,67099256
75335267917,67099257
75335267917,67099259
75335267917,67099260
75335267917,67099261
75335267917,67099262
75335267917,67099263
75335267917,67099264
75335267917,67099265
75335267917,67099270
75335267917,67099272
75335267917,67099275
75335267917,67099280
75335267917,67099284
75335267917,67099285
75335267917,67099287
75335267917,67099291
75335267917,67099294
75335267917,67099316
75335267917,67099321
75335267917,67099323
75335267917,67099324
75335267917,67099325
75335267917,67099326
75335267917,67099328
75335267917,67099329
75335267917,67099330
75335267917,67099332
75335267917,67099333
75335267917,67099334
75335267917,67099337
75335267917,67099341
75335267917,67099342
75335267917,67099346
75335267917,67099347
75335267917,67099356
75335267917,67099357
75335267917,67099361
75335267917,67099368
75335267917,67099371
75335267917,67099374
75335267917,67099377
75335267917,67099378
75335267917,67099379
75335267917,67099381
75335267917,67099383
75335267917,67099386
75335267917,67099389
75335267917,67099391
75335267917,67099403
75335267917,67099407
75335267917,67099408
75335267917,67099409
75335267917,67099410
75335267917,67099412
75335267917,67099413
75335267917,67099415
75335267917,67099420
75335267917,67099424
75335267917,67099430
75335267917,67099436
75335267917,67099443
75335267917,67099444
75335267917,67099447
75335267917,67099450
75335267917,67099451
75335267917,67099459
75335267917,67099460
75335267917,67099461
75335267917,67099462
75335267917,67099464
75335267917,67099465
75335267917,67099468
75335267917,67099471
75335267917,67099475
75335267917,67099478
75335267917,67099479
75335267917,67099482
75335267917,67099484
75335267917,67099493
75335267917,67099495
75335267917,67099497
75335267917,67099498
75335267917,67099500
75335267917,67099501
75335267917,67099502
75335267917,67099508
75335267917,67099509
75335267917,67099519
75335267917,67099520
75335267917,67099521
75335267917,67099524
75335267917,67099527
75335267917,67099528
75335267917,67099530
75335267917,67099533
75335267917,67099547
75335267917,67099548
75335267917,67099550
75335267917,67099551
75335267917,67099553
75335267917,67099554
75335267917,67099556
75335267917,67099558
75335267917,67099560
75335267917,67099561
75335267917,67099566
75335267917,67099567
75335267917,67099569
75335267917,67099570
75335267917,67099571
75335267917,67099572
75335267917,67099586
75335267917,67099587
75335267917,67099588
75335267917,67099794
100171070527,67099780
100171070527,67099823
100171070527,67099864
100171070527,67099872
100171070527,67099887
100171070527,67099909
100171070527,67100681
100171070527,67100685
100171070527,67100686
100171070527,67100689
100171070527,67100691
100171070527,67100721
100171070527,67100722
100171070527,67100730
100171070527,67100732
100171070527,67100733
100171070527,67100734
100171070527,67100735
100171070527,67100743
100171070527,67100749
100171070527,67100758
100171070527,67100796
100171070527,67100801
100171070527,67100809
100171070527,67100813
100171070527,67100814
100171070527,67100815
100171070527,67100819
100171070527,67100827
100171070527,67100828
100171070527,67100836
100171070527,67100844
100171070527,67100850
100171070527,67100851
100171070527,67100852
100171070527,67100853
100171070527,67100854
100171070527,67100855
100171070527,67100856
100171070527,67100857
100171070527,67100858
100171070527,67100859
100171070527,67100860
100171070527,67100864
100171070527,67100866
100171070527,67100868
100171070527,67100885
100171070527,67100888
100171070527,67100898
100171070527,67100905
100171070527,67100907
100171070527,67100913
100171070527,67100914
100171070527,67100937
100171070527,67100939
100171070527,67100942
100171070527,67100943
100171070527,67100944
100171070527,67100946
100171070527,67100948
100171070527,67100949
100171070527,67100956
100171070527,67100961
100171070527,67100964
100171070527,67100965
100171070527,67100968
100171070527,67100969
100171070527,67100970
100171070527,67100971
100171070527,67100974
100171070527,67100975
100171070527,67100976
100171070527,67100977
100171070527,67100978
100171070527,67100980
100171070527,67100981
100171070527,67100982
100171070527,67100983
100171070527,67100984
100171070527,67100987
100171070527,67100988
100171070527,67100989
100171070527,67100990
100171070527,67100992
100171070527,67100993
100171070527,67100994
100171070527,67100995
100171070527,67100996
100171070527,67100998
100171070527,67101000
100171070527,67101002
100171070527,67101004
100171070527,67101005
100171070527,67101006
100171070527,67101011
100171070527,67101015
100171070527,67101016
100171070527,67101018
100171070527,67101021
100171070527,67101024
100171070527,67101025
100171070527,67101026
100171070527,67101031
100171070527,67101032
100171070527,67101033
100171070527,67101035
100171070527,67101036
100171070527,67101037
100171070527,67101261
100171070527,67102453
100171070527,67102733
100171070527,67103905
100171070527,67107304
100171070527,67108008
100171070527,67108623
100171070527,67108664
100171070527,67108666
100171070527,67108668
100171070527,67108681
100171070527,67108707
100171070527,67108711
100171070527,67108714
100171070527,67108735
100171070527,67108781
125006873137,67099227
125006873137,67099228
125006873137,67099229
125006873137,67099230
125006873137,67099231
125006873137,67099232
125006873137,67099233
125006873137,67099234
125006873137,67099235
125006873137,67099236
125006873137,67099237
125006873137,67099238
125006873137,67099239
125006873137,67099267
125006873137,67099268
125006873137,67099271
125006873137,67099276
125006873137,67099277
125006873137,67099278
125006873137,67099281
125006873137,67099282
125006873137,67099283
125006873137,67099286
125006873137,67099290
125006873137,67099292
125006873137,67099293
125006873137,67099301
125006873137,67099304
125006873137,67099306
125006873137,67099317
125006873137,67099320
125006873137,67099331
125006873137,67099335
125006873137,67099338
125006873137,67099340
125006873137,67099343
125006873137,67099344
125006873137,67099351
125006873137,67099358
125006873137,67099373
125006873137,67099375
125006873137,67099376
125006873137,67099385
125006873137,67099397
125006873137,67099398
125006873137,67099399
125006873137,67099400
125006873137,67099401
125006873137,67099402
125006873137,67099404
125006873137,67099405
125006873137,67099406
125006873137,67099414
125006873137,67099426
125006873137,67099427
125006873137,67099431
125006873137,67099432
125006873137,67099433
125006873137,67099445
125006873137,67099446
125006873137,67099467
125006873137,67099470
125006873137,67099472
125006873137,67099476
125006873137,67099477
125006873137,67099483
125006873137,67099488
125006873137,67099489
125006873137,67099490
125006873137,67099491
125006873137,67099492
125006873137,67099494
125006873137,67099496
125006873137,67099503
125006873137,67099504
125006873137,67099507
125006873137,67099510
125006873137,67099512
125006873137,67099513
125006873137,67099514
125006873137,67099515
125006873137,67099516
125006873137,67099522
125006873137,67099523
125006873137,67099526
125006873137,67099529
125006873137,67099532
125006873137,67099534
125006873137,67099535
125006873137,67099536
125006873137,67099537
125006873137,67099539
125006873137,67099540
125006873137,67099542
125006873137,67099549
125006873137,67099552
125006873137,67099555
125006873137,67099557
125006873137,67099559
125006873137,67099568
125006873137,67099573
125006873137,67099574
125006873137,67099577
125006873137,67099579
125006873137,67099580
125006873137,67099581
125006873137,67099582
125006873137,67099583
125006873137,67099584
125006873137,67099589
125006873137,67101441
125006873137,67102935
125006873137,67103134
125006873137,67103666
125006873137,67103687
125006873137,67104087
125006873137,67104221
125006873137,67104506
125006873137,67104905
125006873137,67107015
125006873137,67107541
125006873137,67107746
125006873137,67108227
125006873137,67108337
149842675747,193
149842675747,67099910
149842675747,67099911
149842675747,67099912
149842675747,67099913
149842675747,67099914
149842675747,67099915
149842675747,67099984
149842675747,67100325
149842675747,67100679
149842675747,67100680
149842675747,67100682
149842675747,67100683
149842675747,67100688
149842675747,67100690
149842675747,67100720
149842675747,67100731
149842675747,67101030
149842675747,67107582
149842675747,67107586
149842675747,67107587
149842675747,67107588
149842675747,67107589
149842675747,67107591
149842675747,67107592
149842675747,67107593
149842675747,67107594
149842675747,67107595
149842675747,67107596
149842675747,67107597
149842675747,67107598
149842675747,67107599
149842675747,67107600
149842675747,67107601
149842675747,67107602
149842675747,67107603
149842675747,67107604
149842675747,67107605
149842675747,67107606
149842675747,67107607
149842675747,67107608
149842675747,67107609
149842675747,67107610
149842675747,67107611
149842675747,67107612
149842675747,67107613
149842675747,67107614
149842675747,67107615
149842675747,67107616
149842675747,67107617
149842675747,67107618
149842675747,67107619
149842675747,67107620
149842675747,67107621
149842675747,67107622
149842675747,67107623
149842675747,67107624
149842675747,67107625
149842675747,67107626
149842675747,67107627
149842675747,67107628
149842675747,67107629
149842675747,67107630
149842675747,67107631
149842675747,67107632
149842675747,67107633
149842675747,67107634
149842675747,67107635
149842675747,67107636
149842675747,67107637
149842675747,67107638
149842675747,67107639
149842675747,67107640
149842675747,67107641
149842675747,67107642
149842675747,67107643
149842675747,67107644
149842675747,67107645
149842675747,67107646
149842675747,67107647
149842675747,67107648
149842675747,67107649
149842675747,67107650
149842675747,67107651
149842675747,67107652
149842675747,67107654
149842675747,67107655
149842675747,67107656
149842675747,67107657
149842675747,67107658
149842675747,67107659
149842675747,67107660
149842675747,67107661
149842675747,67107662
149842675747,67107663
149842675747,67107664
149842675747,67107665
149842675747,67107666
149842675747,67107667
149842675747,67107668
149842675747,67107669
149842675747,67107670
149842675747,67107671
149842675747,67107672
149842675747,67107673
149842675747,67107674
149842675747,67107675
149842675747,67107676
149842675747,67107677
149842675747,67107678
149842675747,67107679
149842675747,67107680
149842675747,67107681
149842675747,67107682
149842675747,67107683
149842675747,67107684
149842675747,67107685
149842675747,67107686
149842675747,67107687
149842675747,67108752
149842675747,67108753
149842675747,67108754
149842675747,67108755
149842675747,67108756
149842675747,67108757
149842675747,67108758
149842675747,67109053
174678478357,131259
174678478357,67099279
174678478357,67099578
174678478357,67099825
174678478357,67099838
174678478357,67099869
174678478357,67099916
174678478357,67100327
174678478357,67101171
174678478357,67101178
174678478357,67101298
174678478357,67101322
174678478357,67101332
174678478357,67101378
174678478357,67101436
174678478357,67101458
174678478357,67101477
174678478357,67101481
174678478357,67101490
174678478357,67101570
174678478357,67101572
174678478357,67101585
174678478357,67101602
174678478357,67101634
174678478357,67101638
174678478357,67101664
174678478357,67101671
174678478357,67101707
174678478357,67101734
174678478357,67101837
174678478357,67101937
174678478357,67101963
174678478357,67102070
174678478357,67102617
174678478357,67102928
174678478357,67103629
174678478357,67104149
174678478357,67104200
174678478357,67104400
174678478357,67104580
174678478357,67104717
174678478357,67104718
174678478357,67104876
174678478357,67105344
174678478357,67105480
174678478357,67105569
174678478357,67106169
174678478357,67106178
174678478357,67106202
174678478357,67106207
174678478357,67106480
174678478357,67106561
174678478357,67106574
174678478357,67106581
174678478357,67106882
174678478357,67106897
174678478357,67106904
174678478357,67106922
174678478357,67106980
174678478357,67107107
174678478357,67107130
174678478357,67107162
174678478357,67107189
174678478357,67107324
174678478357,67107353
174678478357,67107365
174678478357,67107373
174678478357,67107413
174678478357,67107418
174678478357,67107505
174678478357,67107522
174678478357,67107526
174678478357,67107527
174678478357,67107529
174678478357,67107533
174678478357,67107538
174678478357,67107539
174678478357,67107555
174678478357,67107556
174678478357,67107560
174678478357,67107562
174678478357,67107564
174678478357,67107571
174678478357,67107572
174678478357,67107573
174678478357,67107574
174678478357,67107575
174678478357,67107576
174678478357,67107577
174678478357,67107578
174678478357,67107579
174678478357,67107583
174678478357,67107698
174678478357,67107700
174678478357,67107705
174678478357,67107733
174678478357,67107773
174678478357,67107789
174678478357,67107840
174678478357,67107842
174678478357,67107851
174678478357,67107862
174678478357,67107882
174678478357,67107900
174678478357,67107952
174678478357,67107964
174678478357,67107970
174678478357,67108062
174678478357,67108065
174678478357,67108066
174678478357,67108068
174678478357,67108071
174678478357,67108081
174678478357,67108107
174678478357,67108191
174678478357,67108219
174678478357,67108226
174678478357,67108228
174678478357,67108231
174678478357,67108236
174678478357,67108324
174678478357,67108333
174678478357,67108338
174678478357,67108400
174678478357,67108408
174678478357,67108637
174678478357,67108715
174678478357,67108751
199514280967,131260
199514280967,131261
199514280967,67099917
199514280967,67099919
199514280967,67099920
199514280967,67099921
199514280967,67099922
199514280967,67099923
199514280967,67099924
199514280967,67099925
199514280967,67099926
199514280967,67099927
199514280967,67099928
199514280967,67099929
199514280967,67099930
199514280967,67099931
199514280967,67099932
199514280967,67099933
199514280967,67099934
199514280967,67099935
199514280967,67099936
199514280967,67099937
199514280967,67099938
199514280967,67099939
199514280967,67099940
199514280967,67099941
199514280967,67099942
199514280967,67099943
199514280967,67099946
199514280967,67099947
199514280967,67099948
199514280967,67099956
199514280967,67107718
199514280967,67107719
199514280967,67107720
199514280967,67107794
199514280967,67107805
199514280967,67107816
199514280967,67107823
199514280967,67107827
199514280967,67107832
199514280967,67107839
199514280967,67107850
199514280967,67107857
199514280967,67107876
199514280967,67107898
199514280967,67107925
199514280967,67107951
199514280967,67107966
199514280967,67107967
199514280967,67107972
199514280967,67107973
199514280967,67107984
199514280967,67108003
199514280967,67108019
199514280967,67108026
199514280967,67108035
199514280967,67108038
199514280967,67108047
199514280967,67108053
199514280967,67108054
199514280967,67108055
199514280967,67108072
199514280967,67108074
199514280967,67108078
199514280967,67108079
199514280967,67108082
199514280967,67108083
199514280967,67108084
199514280967,67108085
199514280967,67108118
199514280967,67108132
199514280967,67108151
199514280967,67108153
199514280967,67108155
199514280967,67108162
199514280967,67108180
199514280967,67108184
199514280967,67108185
199514280967,67108193
199514280967,67108194
199514280967,67108202
199514280967,67108215
199514280967,67108221
199514280967,67108234
199514280967,67108237
199514280967,67108242
199514280967,67108325
199514280967,67108329
199514280967,67108330
199514280967,67108332
199514280967,67108339
199514280967,67108352
199514280967,67108355
199514280967,67108356
199514280967,67108358
199514280967,67108359
199514280967,67108360
199514280967,67108759
199514280967,67108760
199514280967,67108761
199514280967,67108763
199514280967,67108764
199514280967,67108765
199514280967,67108766
199514280967,67108767
199514280967,67108769
199514280967,67108770
199514280967,67108771
199514280967,67108772
199514280967,67108773
199514280967,67108774
199514280967,67108775
199514280967,67108776
199514280967,67108777
199514280967,67108778
199514280967,67108779
199514280967,67108780
199514280967,67108782
199514280967,67108784
199514280967,67108785
199514280967,67108786
199514280967,67108789
199514280967,67108790
199514280967,67108791
224350083577,131244
224350083577,67099609
224350083577,67099646
224350083577,67099699
224350083577,67099710
224350083577,67099718
224350083577,67099755
224350083577,67099757
224350083577,67099868
224350083577,67099870
224350083577,67099908
224350083577,67101510
224350083577,67102509
224350083577,67103678
224350083577,67103986
224350083577,67104272
224350083577,67104624
224350083577,67104644
224350083577,67104647
224350083577,67104675
224350083577,67104683
224350083577,67104722
224350083577,67104743
224350083577,67104759
224350083577,67104763
224350083577,67104776
224350083577,67104805
224350083577,67105351
224350083577,67105495
224350083577,67105528
224350083577,67105899
224350083577,67105916
224350083577,67105959
224350083577,67106003
224350083577,67106006
224350083577,67106124
224350083577,67106512
224350083577,67106660
224350083577,67106665
224350083577,67106761
224350083577,67106819
224350083577,67106827
224350083577,67106836
224350083577,67106840
224350083577,67106841
224350083577,67106935
224350083577,67107407
224350083577,67107409
224350083577,67107416
224350083577,67107417
224350083577,67107432
224350083577,67107486
224350083577,67107490
224350083577,67107497
224350083577,67107702
224350083577,67107715
224350083577,67107735
224350083577,67107736
224350083577,67107737
224350083577,67107738
224350083577,67107767
224350083577,67107768
224350083577,67107780
224350083577,67107785
224350083577,67107787
224350083577,67107788
224350083577,67107802
224350083577,67107803
224350083577,67107804
224350083577,67107822
224350083577,67107824
224350083577,67107837
224350083577,67107838
224350083577,67107849
224350083577,67107859
224350083577,67107863
224350083577,67107865
224350083577,67107866
224350083577,67107974
224350083577,67107977
224350083577,67108009
224350083577,67108014
224350083577,67108016
224350083577,67108018
224350083577,67108020
224350083577,67108030
224350083577,67108046
224350083577,67108067
224350083577,67108217
224350083577,67108239
224350083577,67108240
224350083577,67108243
224350083577,67108321
224350083577,67108322
224350083577,67108323
224350083577,67108326
224350083577,67108327
224350083577,67108340
224350083577,67108341
224350083577,67108342
224350083577,67108344
224350083577,67108345
224350083577,67108347
224350083577,67108363
224350083577,67108365
224350083577,67108366
224350083577,67108367
224350083577,67108368
224350083577,67108369
224350083577,67108370
224350083577,67108451
224350083577,67108469
224350083577,67108488
224350083577,67108489
224350083577,67108515
224350083577,67108521
224350083577,67108598
224350083577,67108680
224350083577,67108706
224350083577,67108712
224350083577,67108762
224350083577,67108768
249185886187,67099608
249185886187,67099611
249185886187,67099612
249185886187,67099617
249185886187,67099619
249185886187,67099636
249185886187,67099651
249185886187,67099655
249185886187,67099676
249185886187,67099685
249185886187,67099711
249185886187,67099723
249185886187,67099742
249185886187,67099750
249185886187,67099759
249185886187,67099766
249185886187,67099768
249185886187,67099769
249185886187,67099786
249185886187,67099787
249185886187,67099788
249185886187,67099791
249185886187,67099792
249185886187,67099793
249185886187,67099798
249185886187,67099799
249185886187,67099801
249185886187,67099807
249185886187,67099817
249185886187,67099878
249185886187,67099886
249185886187,67099901
249185886187,67099944
249185886187,67099950
249185886187,67099951
249185886187,67101457
249185886187,67101945
249185886187,67101991
249185886187,67102129
249185886187,67102705
249185886187,67102819
249185886187,67102853
249185886187,67102957
249185886187,67103097
249185886187,67103140
249185886187,67103318
249185886187,67103434
249185886187,67103560
249185886187,67103669
249185886187,67103675
249185886187,67103922
249185886187,67103950
249185886187,67104024
249185886187,67104281
249185886187,67104584
249185886187,67104634
249185886187,67104791
249185886187,67104835
249185886187,67104968
249185886187,67105027
249185886187,67105291
249185886187,67105309
249185886187,67105406
249185886187,67105449
249185886187,67105486
249185886187,67105516
249185886187,67105783
249185886187,67105786
249185886187,67105791
249185886187,67105834
249185886187,67105849
249185886187,67105943
249185886187,67106136
249185886187,67106190
249185886187,67106233
249185886187,67106361
249185886187,67106381
249185886187,67106802
249185886187,67106865
249185886187,67107045
249185886187,67107153
249185886187,67107179
249185886187,67107239
249185886187,67107395
249185886187,67107558
249185886187,67107817
249185886187,67108005
249185886187,67108013
249185886187,67108033
249185886187,67108087
249185886187,67108093
249185886187,67108097
249185886187,67108123
249185886187,67108149
249185886187,67108268
249185886187,67108305
249185886187,67108417
249185886187,67108446
249185886187,67108454
249185886187,67108460
249185886187,67108478
249185886187,67108479
249185886187,67108494
249185886187,67108538
249185886187,67108554
249185886187,67108561
249185886187,67108567
249185886187,67108593
249185886187,67108594
249185886187,67108605
249185886187,67108610
249185886187,67108611
249185886187,67108631
249185886187,67108641
249185886187,67108642
249185886187,67108644
249185886187,67108694
249185886187,67108723
249185886187,67108744
249185886187,67108792
249185886187,67108793
274021688797,67101391
274021688797,67101405
274021688797,67101449
274021688797,67101452
274021688797,67101482
274021688797,67101534
274021688797,67101539
274021688797,67101562
274021688797,67101591
274021688797,67101603
274021688797,67101621
274021688797,67101622
274021688797,67101645
274021688797,67101686
274021688797,67101700
274021688797,67101705
274021688797,67101730
274021688797,67101731
274021688797,67101756
274021688797,67101779
274021688797,67101807
274021688797,67101811
274021688797,67101820
274021688797,67101823
274021688797,67101826
274021688797,67101852
274021688797,67101874
274021688797,67101875
274021688797,67101879
274021688797,67101880
274021688797,67101881
274021688797,67101883
274021688797,67101887
274021688797,67101890
274021688797,67101895
274021688797,67101896
274021688797,67101909
274021688797,67101910
274021688797,67101931
274021688797,67101936
274021688797,67101966
274021688797,67102047
274021688797,67102055
274021688797,67102068
274021688797,67102072
274021688797,67102080
274021688797,67102093
274021688797,67102107
274021688797,67102123
274021688797,67102128
274021688797,67102131
274021688797,67102151
274021688797,67102159
274021688797,67102162
274021688797,67102165
274021688797,67102169
274021688797,67102180
274021688797,67102202
274021688797,67102280
274021688797,67102400
274021688797,67102742
274021688797,67102825
274021688797,67102884
274021688797,67102938
274021688797,67102981
274021688797,67103128
274021688797,67103158
274021688797,67103362
274021688797,67103863
274021688797,67103888
274021688797,67103928
274021688797,67104069
274021688797,67104071
274021688797,67104509
274021688797,67104723
274021688797,67104840
274021688797,67104989
274021688797,67105208
274021688797,67105437
274021688797,67105438
274021688797,67105579
274021688797,67105833
274021688797,67105870
274021688797,67105918
274021688797,67106452
274021688797,67106688
274021688797,67106778
274021688797,67106779
274021688797,67106782
274021688797,67106784
274021688797,67106814
274021688797,67107167
274021688797,67107212
274021688797,67107237
274021688797,67107266
274021688797,67107282
274021688797,67107360
274021688797,67107364
274021688797,67107414
274021688797,67107487
274021688797,67107726
274021688797,67107757
274021688797,67107812
274021688797,67107957
274021688797,67107960
274021688797,67108021
274021688797,67108023
274021688797,67108027
274021688797,67108028
274021688797,67108050
274021688797,67108052
274021688797,67108103
274021688797,67108109
274021688797,67108116
274021688797,67108129
274021688797,67108169
274021688797,67108170
274021688797,67108175
274021688797,67108182
274021688797,67108186
274021688797,67108199
274021688797,67108426
