827860087,67100684
827860087,67100687
827860087,67100693
827860087,67100694
827860087,67100695
827860087,67100696
827860087,67100697
827860087,67100698
827860087,67100701
827860087,67100702
827860087,67100710
827860087,67100715
827860087,67100716
827860087,67100717
827860087,67100718
827860087,67100719
827860087,67100725
827860087,67100728
827860087,67100729
827860087,67100737
827860087,67100740
827860087,67100742
827860087,67100745
827860087,67100751
827860087,67100752
827860087,67100760
827860087,67100766
827860087,67100767
827860087,67100768
827860087,67100769
827860087,67100770
827860087,67100773
827860087,67100777
827860087,67100780
827860087,67100781
827860087,67100784
827860087,67100785
827860087,67100786
827860087,67100787
827860087,67100788
827860087,67100789
827860087,67100790
827860087,67100793
827860087,67100795
827860087,67100797
827860087,67100798
827860087,67100799
827860087,67100800
827860087,67100802
827860087,67100803
827860087,67100804
827860087,67100805
827860087,67100807
827860087,67100811
827860087,67100812
827860087,67100816
827860087,67100818
827860087,67100820
827860087,67100821
827860087,67100822
827860087,67100825
827860087,67100826
827860087,67100830
827860087,67100832
827860087,67100833
827860087,67100837
827860087,67100838
827860087,67100839
827860087,67100840
827860087,67100841
827860087,67100842
827860087,67100845
827860087,67100846
827860087,67100847
827860087,67100848
827860087,67100849
827860087,67100861
827860087,67100862
827860087,67100865
827860087,67100867
827860087,67100877
827860087,67100879
827860087,67100881
827860087,67100891
827860087,67100892
827860087,67100895
827860087,67100899
827860087,67100903
827860087,67100906
827860087,67100909
827860087,67100912
827860087,67100916
827860087,67100918
827860087,67100920
827860087,67100923
827860087,67100927
827860087,67100928
827860087,67100931
827860087,67100940
827860087,67100950
827860087,67100954
827860087,67100960
827860087,67100962
827860087,67100966
827860087,67100972
827860087,67100973
827860087,67100979
827860087,67100985
827860087,67100986
827860087,67100991
827860087,67100997
827860087,67101001
827860087,67101003
827860087,67101007
827860087,67101008
827860087,67101009
827860087,67101010
827860087,67101012
827860087,67101013
827860087,67101014
827860087,67101019
827860087,67101020
827860087,67101022
827860087,67101023
827860087,67101027
827860087,67101028
827860087,67101029
827860087,67101034
25663662697,131245
25663662697,131246
25663662697,67100699
25663662697,67100700
25663662697,67100703
25663662697,67100704
25663662697,67100705
25663662697,67100706
25663662697,67100707
25663662697,67100709
25663662697,67100711
25663662697,67100712
25663662697,67100713
25663662697,67100714
25663662697,67100736
25663662697,67100739
25663662697,67100741
25663662697,67100746
25663662697,67100748
25663662697,67100753
25663662697,67100755
25663662697,67100761
25663662697,67100771
25663662697,67100774
25663662697,67100775
25663662697,67100776
25663662697,67100778
25663662697,67100779
25663662697,67100782
25663662697,67100783
25663662697,67100829
25663662697,67100869
25663662697,67100870
25663662697,67100871
25663662697,67100872
25663662697,67100873
25663662697,67100874
25663662697,67100875
25663662697,67100876
25663662697,67100880
25663662697,67100882
25663662697,67100883
25663662697,67100894
25663662697,67100901
25663662697,67100911
25663662697,67100917
25663662697,67100922
25663662697,67100924
25663662697,67100926
25663662697,67100932
25663662697,67100947
25663662697,67100952
25663662697,67100953
25663662697,67100957
25663662697,67100958
25663662697,67101017
25663662697,67101039
25663662697,67101040
25663662697,67104987
