1,67104289
1,67104548
1,67104549
1,67104550
1,67104551
1,67104552
1,67104553
1,67104554
1,67104555
1,67104556
1,67104557
1,67104558
1,67104559
1,67104560
1,67104561
1,67104562
1,67104563
1,67104564
1,67104565
1,67104566
1,67104567
1,67104568
1,67104569
1,67104570
1,67104787
3,67104142
3,67104271
3,67104315
3,67104529
3,67104547
3,67108225
3,67108226
3,67108227
3,67108228
3,67108229
3,67108779
5,192
5,131251
5,131252
5,131258
5,131259
5,131260
5,67104032
5,67104033
5,67104034
5,67104035
5,67104036
5,67104037
5,67104038
5,67104039
5,67104040
5,67104041
5,67104042
5,67104043
5,67104044
5,67104045
5,67104046
5,67104047
5,67104048
5,67104049
5,67104050
5,67104051
5,67104052
5,67104053
5,67104054
5,67104055
5,67104056
5,67104057
5,67104058
5,67104059
5,67104060
5,67104061
5,67104062
5,67104063
5,67104064
5,67104065
5,67104066
5,67104067
5,67104068
5,67104069
5,67104070
5,67104071
5,67104072
5,67104073
5,67104074
5,67104075
5,67104076
5,67104077
5,67104078
5,67104079
5,67104080
5,67104081
5,67104082
5,67104083
5,67104084
5,67104085
5,67104086
5,67104087
5,67104088
5,67104089
5,67104090
5,67104091
5,67104092
5,67104093
5,67104094
5,67104095
5,67104096
5,67104097
5,67104098
5,67104099
5,67104100
5,67104101
5,67104102
5,67104103
5,67104104
5,67104105
5,67104106
5,67104107
5,67104108
5,67104109
5,67104110
5,67104111
5,67104112
5,67104113
5,67104114
5,67104115
5,67104116
5,67104117
5,67104118
5,67104119
5,67104120
5,67104121
5,67104122
5,67104123
5,67104124
5,67104125
5,67104126
5,67104143
5,67104144
5,67104145
5,67104146
5,67104147
5,67104148
5,67104149
5,67104150
5,67104151
5,67104152
5,67104153
5,67104154
5,67104155
5,67104161
5,67104162
5,67104163
5,67104164
5,67104165
5,67104166
5,67104167
5,67104168
5,67104169
5,67104170
5,67104171
5,67104173
5,67104174
5,67104175
5,67104176
5,67104177
5,67104178
5,67104179
5,67104180
5,67104181
5,67104182
5,67104183
5,67104184
5,67104185
5,67104186
5,67104187
5,67104188
5,67104189
5,67104190
5,67104193
5,67104198
5,67104203
5,67104204
5,67104212
5,67104230
5,67104235
5,67104244
5,67104248
5,67104272
5,67104440
5,67104543
5,67104544
5,67104545
5,67104546
5,67104581
5,67104585
5,67104588
5,67104589
5,67104591
5,67104597
5,67104599
5,67104601
5,67104603
5,67104604
5,67104608
5,67104616
5,67104618
5,67104624
5,67104627
5,67104629
5,67104630
5,67104631
5,67104634
5,67104638
5,67104639
5,67104645
5,67104648
5,67104655
5,67104661
5,67104662
5,67104664
5,67104667
5,67104669
5,67104799
5,67104916
5,67105007
5,67105064
5,67105272
5,67105311
5,67105313
5,67105338
5,67105341
5,67105342
5,67105361
5,67105367
5,67105382
5,67105386
5,67105413
5,67105418
5,67105424
5,67105447
5,67105465
5,67105469
5,67105489
5,67105525
5,67105545
5,67105579
5,67105613
5,67105624
5,67105653
5,67105660
5,67105661
5,67105679
5,67105689
5,67108670
5,67108671
5,67108672
5,67108673
5,67108674
5,67108675
5,67108676
5,67108677
5,67108678
5,67108679
5,67108680
5,67108681
5,67108682
5,67108683
5,67108684
5,67108685
5,67108686
5,67108687
5,67108688
5,67108689
5,67108690
5,67108691
5,67108692
5,67108693
5,67108694
5,67108695
5,67108696
5,67108697
5,67108698
5,67108699
5,67108701
5,67108707
5,67108721
5,67108738
5,67108752
5,67108757
5,67108782
5,67108785
6,191
6,67104028
6,67104029
6,67104030
6,67104031
6,67104140
6,67104141
6,67104157
6,67104158
6,67104159
6,67104160
6,67104269
6,67104270
6,67104286
6,67104287
6,67104288
6,67104415
6,67104416
6,67104417
6,67104418
6,67104527
6,67104528
6,67104571
6,67104572
6,67104573
6,67104574
6,67104575
6,67104576
6,67104577
6,67104578
6,67104579
6,67104580
6,67104582
6,67104583
6,67104584
6,67104586
6,67104587
6,67104590
6,67104592
6,67104593
6,67104594
6,67104595
6,67104596
6,67104598
6,67104600
6,67104602
6,67104605
6,67104606
6,67104607
6,67104609
6,67104610
6,67104611
6,67104612
6,67104613
6,67104614
6,67104615
6,67104617
6,67104619
6,67104620
6,67104621
6,67104622
6,67104623
6,67104625
6,67104626
6,67104628
6,67104632
6,67104633
6,67104635
6,67104636
6,67104637
6,67104640
6,67104641
6,67104642
6,67104643
6,67104644
6,67104646
6,67104647
6,67104649
6,67104650
6,67104651
6,67104652
6,67104653
6,67104654
6,67104656
6,67104657
6,67104658
6,67104659
6,67104660
6,67104663
6,67104665
6,67104666
6,67104668
6,67104670
6,67104671
6,67104672
6,67104673
6,67104674
6,67104675
6,67104676
6,67104677
6,67104678
6,67104679
6,67104680
6,67104681
6,67104682
6,67104683
6,67104684
6,67104685
6,67104686
6,67104687
6,67104688
6,67104689
6,67104690
6,67104691
6,67104692
6,67104693
6,67104694
6,67104695
6,67104696
6,67104697
6,67104698
6,67104699
6,67104700
6,67104701
6,67104702
6,67104703
6,67104704
6,67104705
6,67104706
6,67104707
6,67104708
6,67104709
6,67104710
6,67104711
6,67104712
6,67104713
6,67104714
6,67104715
6,67104716
6,67104717
6,67104718
6,67104719
6,67104720
6,67104721
6,67104722
6,67104723
6,67104724
6,67104725
6,67104726
6,67104727
6,67104728
6,67104729
6,67104730
6,67104731
6,67104732
6,67104733
6,67104734
6,67104735
6,67104736
6,67104737
6,67104738
6,67104739
6,67104740
6,67104741
6,67104742
6,67104743
6,67104744
6,67104745
6,67104746
6,67104747
6,67104748
6,67104749
6,67104750
6,67104751
6,67104752
6,67104753
6,67104754
6,67104755
6,67104756
6,67104757
6,67104758
6,67104759
6,67104760
6,67104761
6,67104762
6,67104763
6,67104764
6,67104765
6,67104766
6,67104767
6,67104768
6,67104769
6,67104770
6,67104771
6,67104772
6,67104773
6,67104774
6,67104775
6,67104776
6,67104777
6,67104778
6,67104779
6,67104780
6,67104781
6,67104782
6,67104783
6,67104784
6,67104785
6,67104786
6,67108190
6,67108191
6,67108192
6,67108193
6,67108194
6,67108195
6,67108196
6,67108197
6,67108198
6,67108199
6,67108200
6,67108201
6,67108202
6,67108203
6,67108204
6,67108205
6,67108206
6,67108207
6,67108208
6,67108209
6,67108210
6,67108211
6,67108212
6,67108213
6,67108214
6,67108215
6,67108216
6,67108217
6,67108218
6,67108219
6,67108220
6,67108221
6,67108222
6,67108223
6,67108224
6,67108665
6,67108666
6,67108667
6,67108668
6,67108669
6,67108778
6,67108827
6,67108829
6,67108831
6,67108832
6,67108988
6,67109052
7,131253
7,131254
7,131257
7,67104194
7,67104196
7,67104200
7,67104202
7,67104209
7,67104213
7,67104216
7,67104219
7,67104221
7,67104226
7,67104246
7,67104255
7,67104275
7,67104311
7,67104869
7,67105360
7,67105523
7,67105584
7,67105618
7,67105649
7,67105655
7,67105659
7,67105700
7,67105710
7,67105711
7,67105715
7,67105716
7,67105724
7,67105732
7,67105741
7,67105750
7,67105761
7,67105768
7,67105772
7,67105774
7,67105781
7,67105783
7,67105788
7,67105789
7,67105798
7,67105800
7,67105809
7,67105816
7,67105823
7,67105828
7,67105829
7,67105836
7,67105840
7,67105845
7,67105850
7,67105853
7,67105857
7,67105877
7,67105883
7,67105893
7,67105899
7,67105903
7,67105908
7,67105910
7,67105919
7,67105922
7,67105947
7,67105955
7,67105970
7,67105973
7,67105978
7,67105979
7,67105994
7,67105995
7,67105998
7,67106017
7,67106020
7,67106075
7,67106082
7,67106085
7,67106094
7,67106098
7,67106106
7,67106133
7,67106134
7,67106140
7,67106144
7,67106149
7,67106150
7,67106157
7,67106166
7,67106173
7,67106186
7,67106199
7,67106213
7,67106222
7,67106227
7,67106229
7,67106231
7,67106244
7,67106246
7,67106248
7,67106264
7,67106276
7,67106289
7,67106301
7,67106307
7,67106323
7,67106325
7,67106327
7,67106332
7,67106336
7,67106341
7,67106373
7,67106375
7,67106385
7,67106388
7,67106397
7,67106401
7,67106402
7,67106422
7,67106427
7,67106428
7,67106452
7,67106455
7,67106459
7,67106462
7,67106471
7,67106488
7,67106489
7,67106502
7,67106504
7,67106527
7,67106533
7,67106537
7,67106558
7,67106562
7,67106564
7,67106576
7,67106581
7,67106606
7,67106610
7,67106628
7,67106631
7,67106636
7,67106646
7,67106678
7,67106684
7,67106693
7,67106705
7,67106706
7,67106712
7,67106721
7,67106727
7,67106763
7,67106767
7,67106781
7,67106782
7,67106794
7,67106795
7,67106798
7,67106825
7,67106827
7,67106841
7,67106842
7,67106856
7,67106863
7,67106866
7,67106871
7,67106892
7,67106895
7,67106913
7,67106915
7,67106919
7,67106921
7,67106927
7,67106931
7,67106936
7,67106937
7,67106946
7,67106947
7,67106949
7,67106958
7,67106959
7,67106967
7,67106971
7,67106972
7,67106973
7,67106974
7,67106975
7,67106979
7,67106987
7,67106993
7,67106994
7,67106996
7,67107006
7,67107007
7,67107008
7,67107010
7,67107020
7,67107029
7,67107031
7,67107034
7,67107035
7,67107039
7,67107042
7,67107044
7,67107046
7,67107052
7,67107055
7,67107061
7,67107064
7,67107068
7,67107069
7,67107071
7,67107072
7,67107073
7,67107074
7,67107075
7,67107076
7,67107078
7,67107082
7,67107083
7,67107084
7,67107085
7,67107087
7,67107090
7,67107091
7,67107094
7,67107096
7,67107102
7,67107106
7,67107109
7,67107111
7,67107113
7,67107120
7,67107125
7,67107126
7,67107129
7,67108387
7,67108483
7,67108703
7,67108705
7,67108709
7,67108722
7,67108725
7,67108729
7,67108730
7,67108731
7,67108735
7,67108764
7,67108784
7,67108788
8,131255
8,67104792
8,67104895
8,67104936
8,67104954
8,67104998
8,67105006
8,67105013
8,67105065
8,67105080
8,67105083
8,67105093
8,67105095
8,67105109
8,67105133
8,67105224
8,67105232
8,67105252
8,67105265
8,67105282
8,67105287
8,67105293
8,67105297
8,67105298
8,67105322
8,67105336
8,67105337
8,67105351
8,67105372
8,67105395
8,67105408
8,67105436
8,67105449
8,67105457
8,67105475
8,67105482
8,67105484
8,67105487
8,67105509
8,67105510
8,67105568
8,67105588
8,67105641
8,67105643
8,67105645
8,67105647
8,67105684
8,67105688
8,67105693
8,67105696
8,67105698
8,67105702
8,67105706
8,67105709
8,67105717
8,67105720
8,67105721
8,67105728
8,67105737
8,67105745
8,67105749
8,67105754
8,67105760
8,67105763
8,67105767
8,67105780
8,67105785
8,67105801
8,67105811
8,67105824
8,67105825
8,67105830
8,67105833
8,67105837
8,67105838
8,67105842
8,67105844
8,67105858
8,67105867
8,67105868
8,67105869
8,67105871
8,67105873
8,67105884
8,67105890
8,67105900
8,67105902
8,67105904
8,67105913
8,67105915
8,67105917
8,67105925
8,67105930
8,67105952
8,67105953
8,67105958
8,67105960
8,67105965
8,67105967
8,67105968
8,67105983
8,67105984
8,67105987
8,67105990
8,67105992
8,67106006
8,67106018
8,67106024
8,67106025
8,67106031
8,67106032
8,67106035
8,67106039
8,67106040
8,67106041
8,67106045
8,67106053
8,67106054
8,67106057
8,67106071
8,67106076
8,67106077
8,67106083
8,67106084
8,67106090
8,67106092
8,67106111
8,67106123
8,67106129
8,67106135
8,67106151
8,67106152
8,67106155
8,67106159
8,67106164
8,67106165
8,67106170
8,67106172
8,67106175
8,67106180
8,67106182
8,67106190
8,67106198
8,67106202
8,67106206
8,67106207
8,67106212
8,67106216
8,67106219
8,67106221
8,67106232
8,67106237
8,67106240
8,67106243
8,67106260
8,67106261
8,67106266
8,67106279
8,67106284
8,67106285
8,67106288
8,67106292
8,67106294
8,67106308
8,67106312
8,67106317
8,67106322
8,67106324
8,67106338
8,67106345
8,67106346
8,67106350
8,67106353
8,67106361
8,67106366
8,67106377
8,67106393
8,67106400
8,67106403
8,67106405
8,67106409
8,67106413
8,67106417
8,67106419
8,67106425
8,67106431
8,67106432
8,67106433
8,67106435
8,67106437
8,67106439
8,67106458
8,67106460
8,67106461
8,67106465
8,67106467
8,67106468
8,67106472
8,67106473
8,67106481
8,67106483
8,67106485
8,67106490
8,67106494
8,67106498
8,67106507
8,67106930
8,67106935
8,67106944
8,67106961
8,67106980
8,67106985
8,67106989
8,67106990
8,67106995
8,67106999
8,67107005
8,67107012
8,67107018
8,67107021
8,67107025
8,67107027
8,67107028
8,67107036
8,67107048
8,67107049
8,67107110
8,67107387
8,67107617
8,67107618
8,67107625
8,67107699
8,67107710
8,67107714
8,67107755
8,67107762
8,67108232
8,67108244
8,67108255
8,67108259
8,67108263
8,67108289
8,67108378
8,67108384
8,67108395
8,67108407
8,67108432
8,67108494
8,67108497
8,67108502
8,67108525
8,67108548
8,67108580
8,67108590
8,67108594
8,67108627
9,131256
9,67104436
9,67104788
9,67104800
9,67104811
9,67104815
9,67104820
9,67104827
9,67104831
9,67104848
9,67104864
9,67104877
9,67104879
9,67104904
9,67104907
9,67104915
9,67104927
9,67104940
9,67104984
9,67104994
9,67105020
9,67105027
9,67105030
9,67105042
9,67105043
9,67105044
9,67105045
9,67105077
9,67105085
9,67105086
9,67105125
9,67105143
9,67105150
9,67105171
9,67105173
9,67105180
9,67105201
9,67105207
9,67105208
9,67105222
9,67105234
9,67105235
9,67105237
9,67105256
9,67105264
9,67105301
9,67105305
9,67105307
9,67105309
9,67105329
9,67105348
9,67105357
9,67105412
9,67105427
9,67105428
9,67105431
9,67105440
9,67105456
9,67105464
9,67105466
9,67105490
9,67105500
9,67105508
9,67105554
9,67105573
9,67105590
9,67105599
9,67105605
9,67105611
9,67105633
9,67105639
9,67105707
9,67105730
9,67105834
9,67105859
9,67105874
9,67105981
9,67106003
9,67106016
9,67106055
9,67106117
9,67106125
9,67106158
9,67106188
9,67106197
9,67106257
9,67106282
9,67106290
9,67106295
9,67106306
9,67106313
9,67106371
9,67106386
9,67106408
9,67106412
9,67106424
9,67106430
9,67106484
9,67106528
9,67106553
9,67106591
9,67106621
9,67106643
9,67106648
9,67106650
9,67106669
9,67106732
9,67106762
9,67106766
9,67106779
9,67106811
9,67106834
9,67106839
9,67106847
9,67106874
9,67106885
9,67106903
9,67106923
9,67106924
9,67106926
9,67106938
9,67106951
9,67106970
9,67107038
9,67107059
9,67107065
9,67107079
9,67107134
9,67107159
9,67107194
9,67107249
9,67107260
9,67107263
9,67107270
9,67107292
9,67107313
9,67107316
9,67107330
9,67107380
9,67107381
9,67107404
9,67107419
9,67107434
9,67107443
9,67107471
9,67107477
9,67107504
9,67107510
9,67107515
9,67107533
9,67107544
9,67107559
9,67107560
9,67107563
9,67107575
9,67107578
9,67107586
9,67107603
9,67107604
9,67107619
9,67107621
9,67107623
9,67107634
9,67107668
9,67107670
9,67107672
9,67107683
9,67107688
9,67107690
9,67107695
9,67107696
9,67107705
9,67107708
9,67107712
9,67107721
9,67107725
9,67107763
9,67107765
9,67107771
9,67107775
9,67107779
9,67107781
9,67108242
9,67108250
9,67108262
9,67108271
9,67108274
9,67108282
9,67108284
9,67108287
9,67108291
9,67108296
9,67108303
9,67108311
9,67108315
9,67108320
9,67108322
9,67108334
9,67108360
9,67108363
9,67108365
9,67108372
9,67108390
9,67108397
9,67108399
9,67108403
9,67108418
9,67108420
9,67108428
9,67108431
9,67108452
9,67108463
9,67108475
9,67108481
9,67108486
9,67108498
9,67108499
9,67108509
9,67108517
9,67108524
9,67108528
9,67108536
9,67108540
9,67108551
9,67108556
9,67108571
9,67108581
9,67108587
9,67108592
9,67108595
9,67108596
9,67108597
9,67108601
9,67108610
9,67108624
9,67108629
9,67108646
9,67108647
9,67108650
9,67108651
9,67108652
9,67108656
9,67108659
9,67108661
9,67108662
9,67108663
9,67108664
10,67104858
10,67104868
10,67104885
10,67104888
10,67104921
10,67104948
10,67104961
10,67104967
10,67104970
10,67104980
10,67104989
10,67105033
10,67105034
10,67105036
10,67105037
10,67105067
10,67105115
10,67105120
10,67105149
10,67105165
10,67105167
10,67105195
10,67105203
10,67105204
10,67105210
10,67105219
10,67105221
10,67105230
10,67105283
10,67105292
10,67105294
10,67105302
10,67105320
10,67105335
10,67105354
10,67105358
10,67105379
10,67105389
10,67105451
10,67105476
10,67105479
10,67105483
10,67105485
10,67105496
10,67105503
10,67105561
10,67105565
10,67105597
10,67105617
10,67105620
10,67105648
10,67105667
10,67105701
10,67105704
10,67105712
10,67105733
10,67105759
10,67105782
10,67105786
10,67105790
10,67105796
10,67105835
10,67105841
10,67105898
10,67105906
10,67105933
10,67105939
10,67105972
10,67105986
10,67105993
10,67106002
10,67106008
10,67106087
10,67106217
10,67106228
10,67106230
10,67106326
10,67106342
10,67106372
10,67106389
10,67106414
10,67106418
10,67106441
10,67106476
10,67106514
10,67106516
10,67106521
10,67106547
10,67106560
10,67106567
10,67106632
10,67106642
10,67106649
10,67106656
10,67106679
10,67106686
10,67106687
10,67106689
10,67106698
10,67106703
10,67106704
10,67106708
10,67106728
10,67106731
10,67106737
10,67106740
10,67106741
10,67106749
10,67106751
10,67106778
10,67106780
10,67106801
10,67106806
10,67106821
10,67106858
10,67106878
10,67106886
10,67106887
10,67106911
10,67106925
10,67106928
10,67106950
10,67107000
10,67107009
10,67107014
10,67107047
10,67107062
10,67107092
10,67107095
10,67107108
10,67107114
10,67107119
10,67107123
10,67107130
10,67107138
10,67107143
10,67107147
10,67107149
10,67107158
10,67107171
10,67107186
10,67107209
10,67107219
10,67107262
10,67107272
10,67107276
10,67107287
10,67107295
10,67107305
10,67107318
10,67107319
10,67107325
10,67107353
10,67107358
10,67107361
10,67107376
10,67107390
10,67107409
10,67107426
10,67107430
10,67107442
10,67107450
10,67107451
10,67107453
10,67107475
10,67107479
10,67107486
10,67107508
10,67107512
10,67107522
10,67107526
10,67107528
10,67107537
10,67107541
10,67107558
10,67107568
10,67107581
10,67107584
10,67107591
10,67107608
10,67107627
10,67107645
10,67107654
10,67107658
10,67107664
10,67107671
10,67107676
10,67107689
10,67107694
10,67107697
10,67107732
10,67107744
10,67107746
10,67107750
10,67107756
10,67107768
10,67108246
10,67108253
10,67108261
10,67108267
10,67108277
10,67108278
10,67108283
10,67108308
10,67108345
10,67108351
10,67108356
10,67108358
10,67108368
10,67108375
10,67108389
10,67108401
10,67108410
10,67108414
10,67108416
10,67108423
10,67108427
10,67108440
10,67108451
10,67108456
10,67108459
10,67108468
10,67108469
10,67108470
10,67108474
10,67108482
10,67108487
10,67108488
10,67108501
10,67108511
10,67108519
10,67108530
10,67108546
10,67108547
10,67108550
10,67108560
10,67108568
10,67108573
10,67108578
10,67108582
10,67108586
10,67108602
10,67108616
10,67108620
10,67108621
10,67108622
10,67108625
10,67108626
10,67108631
10,67108634
10,67108637
10,67108638
10,67108640
10,67108644
10,67108648
10,67108649
11,67104308
11,67104795
11,67104808
11,67104810
11,67104813
11,67104814
11,67104817
11,67104818
11,67104824
11,67104833
11,67104834
11,67104843
11,67104851
11,67104852
11,67104867
11,67104871
11,67104872
11,67104873
11,67104878
11,67104890
11,67104896
11,67104901
11,67104902
11,67104917
11,67104922
11,67104942
11,67104950
11,67104952
11,67104955
11,67104957
11,67104960
11,67104971
11,67104976
11,67104977
11,67104982
11,67104985
11,67104986
11,67104988
11,67105002
11,67105004
11,67105005
11,67105008
11,67105011
11,67105014
11,67105015
11,67105023
11,67105038
11,67105041
11,67105047
11,67105050
11,67105051
11,67105053
11,67105066
11,67105070
11,67105081
11,67105089
11,67105097
11,67105101
11,67105102
11,67105107
11,67105110
11,67105117
11,67105121
11,67105130
11,67105137
11,67105140
11,67105142
11,67105148
11,67105153
11,67105154
11,67105156
11,67105159
11,67105169
11,67105172
11,67105181
11,67105185
11,67105190
11,67105193
11,67105194
11,67105199
11,67105200
11,67105215
11,67105217
11,67105218
11,67105227
11,67105229
11,67105239
11,67105242
11,67105245
11,67105253
11,67105255
11,67105259
11,67105268
11,67105274
11,67105280
11,67105284
11,67105290
11,67105295
11,67105296
11,67105866
11,67105875
11,67105885
11,67105912
11,67105926
11,67105991
11,67106086
11,67106126
11,67106131
11,67106156
11,67106236
11,67106265
11,67106302
11,67106364
11,67106466
11,67106487
11,67106543
11,67106571
11,67106575
11,67106588
11,67106604
11,67106623
11,67106757
11,67106768
11,67106784
11,67106785
11,67106859
11,67106864
11,67106907
11,67107089
11,67107105
11,67107135
11,67107155
11,67107183
11,67107212
11,67107217
11,67107306
11,67107307
11,67107327
11,67107472
11,67107476
11,67107490
11,67107517
11,67107527
11,67107545
11,67107555
11,67107577
11,67107611
11,67107616
11,67107644
11,67107656
11,67107657
11,67107669
11,67107677
11,67107678
11,67107684
11,67107720
11,67107727
11,67107759
11,67107761
11,67107772
11,67107773
11,67107776
11,67107777
11,67107778
11,67108233
11,67108234
11,67108239
11,67108245
11,67108249
11,67108257
11,67108260
11,67108266
11,67108276
11,67108279
11,67108297
11,67108305
11,67108306
11,67108307
11,67108313
11,67108316
11,67108318
11,67108323
11,67108326
11,67108329
11,67108333
11,67108335
11,67108336
11,67108340
11,67108349
11,67108380
11,67108382
11,67108383
11,67108385
11,67108392
11,67108398
11,67108405
11,67108406
11,67108415
11,67108425
11,67108429
11,67108443
11,67108449
11,67108457
11,67108461
11,67108462
11,67108464
11,67108466
11,67108492
11,67108500
11,67108506
11,67108512
11,67108516
11,67108520
11,67108522
11,67108526
11,67108529
11,67108531
11,67108549
11,67108552
11,67108558
11,67108562
11,67108563
11,67108567
11,67108570
11,67108574
11,67108575
11,67108577
11,67108579
11,67108583
11,67108585
11,67108589
11,67108598
11,67108604
11,67108606
11,67108607
11,67108609
11,67108613
11,67108614
11,67108615
11,67108618
11,67108632
11,67108633
11,67108636
11,67108645
11,67108653
11,67108657
12,67105062
12,67105071
12,67105072
12,67105096
12,67105098
12,67105186
12,67105191
12,67105247
12,67105248
12,67105261
12,67105266
12,67105273
12,67105310
12,67105352
12,67105433
12,67105435
12,67105495
12,67105514
12,67105531
12,67105635
12,67105668
12,67105744
12,67105784
12,67105797
12,67105812
12,67105820
12,67105827
12,67105852
12,67105907
12,67105909
12,67105951
12,67105954
12,67105962
12,67106023
12,67106046
12,67106052
12,67106056
12,67106078
12,67106100
12,67106101
12,67106114
12,67106121
12,67106145
12,67106169
12,67106189
12,67106196
12,67106201
12,67106214
12,67106233
12,67106254
12,67106275
12,67106286
12,67106329
12,67106330
12,67106334
12,67106337
12,67106348
12,67106367
12,67106391
12,67106407
12,67106410
12,67106436
12,67106469
12,67106470
12,67106477
12,67106493
12,67106503
12,67106511
12,67106536
12,67106557
12,67106561
12,67106563
12,67106566
12,67106569
12,67106586
12,67106599
12,67106607
12,67106609
12,67106616
12,67106620
12,67106622
12,67106629
12,67106654
12,67106681
12,67106697
12,67106734
12,67106739
12,67106746
12,67106754
12,67106770
12,67106772
12,67106797
12,67106805
12,67106808
12,67106826
12,67106850
12,67106872
12,67106884
12,67106890
12,67106920
12,67106922
12,67106948
12,67106954
12,67106966
12,67106969
12,67106997
12,67107001
12,67107051
12,67107117
12,67107132
12,67107145
12,67107154
12,67107173
12,67107177
12,67107195
12,67107198
12,67107204
12,67107222
12,67107224
12,67107227
12,67107244
12,67107257
12,67107265
12,67107267
12,67107277
12,67107279
12,67107280
12,67107282
12,67107283
12,67107296
12,67107300
12,67107301
12,67107326
12,67107337
12,67107374
12,67107389
12,67107399
12,67107401
12,67107408
12,67107427
12,67107435
12,67107437
12,67107452
12,67107455
12,67107458
12,67107464
12,67107465
12,67107466
12,67107468
12,67107485
12,67107487
12,67107493
12,67107505
12,67107518
12,67107520
12,67107538
12,67107547
12,67107550
12,67107553
12,67107561
12,67107564
12,67107566
12,67107573
12,67107574
12,67107585
12,67107588
12,67107590
12,67107599
12,67107601
12,67107607
12,67107610
12,67107612
12,67107628
12,67107630
12,67107633
12,67107640
12,67107642
12,67107646
12,67107650
12,67107655
12,67107674
12,67107679
12,67107680
12,67107686
12,67107700
12,67107717
12,67107719
12,67107722
12,67107730
12,67107735
12,67107745
12,67107748
12,67107749
12,67107754
12,67107760
12,67107767
12,67108231
12,67108236
12,67108237
12,67108241
12,67108254
12,67108265
12,67108268
12,67108269
12,67108280
12,67108290
12,67108292
12,67108294
12,67108314
12,67108321
12,67108325
12,67108327
12,67108328
12,67108337
12,67108339
12,67108341
12,67108346
12,67108350
12,67108357
12,67108364
12,67108366
12,67108371
12,67108374
12,67108376
12,67108381
12,67108402
12,67108413
12,67108434
12,67108437
12,67108441
12,67108445
12,67108447
12,67108448
12,67108454
12,67108465
12,67108476
12,67108484
12,67108485
12,67108504
12,67108508
12,67108527
12,67108534
12,67108537
12,67108539
12,67108541
12,67108564
12,67108565
12,67108593
12,67108623
12,67108639
12,67108654
12,67108660
13,67104433
13,67104803
13,67104866
13,67104953
13,67104968
13,67105094
13,67105135
13,67105317
13,67105319
13,67105330
13,67105344
13,67105363
13,67105376
13,67105380
13,67105461
13,67105488
13,67105502
13,67105520
13,67105557
13,67105586
13,67105699
13,67105708
13,67105821
13,67105832
13,67105851
13,67105876
13,67106050
13,67106116
13,67106119
13,67106148
13,67106183
13,67106215
13,67106234
13,67106250
13,67106258
13,67106296
13,67106309
13,67106362
13,67106463
13,67106520
13,67106541
13,67106665
13,67106666
13,67106691
13,67106711
13,67106724
13,67106742
13,67106769
13,67106820
13,67106822
13,67106831
13,67106835
13,67106837
13,67106848
13,67106860
13,67106862
13,67106868
13,67106873
13,67106879
13,67106881
13,67106893
13,67106981
13,67106984
13,67106998
13,67107003
13,67107004
13,67107013
13,67107019
13,67107023
13,67107040
13,67107118
13,67107139
13,67107165
13,67107181
13,67107188
13,67107201
13,67107206
13,67107214
13,67107240
13,67107242
13,67107246
13,67107253
13,67107256
13,67107264
13,67107266
13,67107285
13,67107286
13,67107289
13,67107299
13,67107317
13,67107322
13,67107329
13,67107340
13,67107345
13,67107359
13,67107377
13,67107385
13,67107391
13,67107392
13,67107398
13,67107403
13,67107411
13,67107412
13,67107413
13,67107420
13,67107421
13,67107428
13,67107429
13,67107432
13,67107449
13,67107457
13,67107460
13,67107481
13,67107482
13,67107483
13,67107492
13,67107511
13,67107516
13,67107519
13,67107521
13,67107523
13,67107525
13,67107529
13,67107532
13,67107534
13,67107540
13,67107542
13,67107543
13,67107548
13,67107551
13,67107554
13,67107557
13,67107567
13,67107569
13,67107570
13,67107571
13,67107572
13,67107583
13,67107587
13,67107589
13,67107592
13,67107594
13,67107595
13,67107596
13,67107597
13,67107600
13,67107602
13,67107606
13,67107614
13,67107622
13,67107631
13,67107635
13,67107636
13,67107638
13,67107641
13,67107659
13,67107662
13,67107663
13,67107665
13,67107666
13,67107682
13,67107703
13,67107706
13,67107707
13,67107709
13,67107711
13,67107724
13,67107726
13,67107736
13,67107737
13,67107741
13,67107751
13,67107764
13,67107769
13,67107782
13,67108238
13,67108240
13,67108251
13,67108256
13,67108258
13,67108273
13,67108275
13,67108286
13,67108293
13,67108299
13,67108300
13,67108319
13,67108330
13,67108331
13,67108338
13,67108343
13,67108344
13,67108347
13,67108348
13,67108352
13,67108353
13,67108355
13,67108361
13,67108369
13,67108370
13,67108373
13,67108377
13,67108379
13,67108393
13,67108396
13,67108404
13,67108417
13,67108419
13,67108421
13,67108422
13,67108426
13,67108430
13,67108436
13,67108438
13,67108444
13,67108450
13,67108458
13,67108467
13,67108472
13,67108473
13,67108479
13,67108489
13,67108491
13,67108493
13,67108496
13,67108503
13,67108505
13,67108513
13,67108515
13,67108523
13,67108533
13,67108538
13,67108542
13,67108543
13,67108557
13,67108561
13,67108566
13,67108569
13,67108588
13,67108603
13,67108612
13,67108617
13,67108635
13,67108641
13,67108642
13,67108655
14,67104134
14,67104135
14,67104136
14,67104137
14,67104138
14,67104139
14,67104263
14,67104264
14,67104265
14,67104266
14,67104267
14,67104268
14,67104314
14,67104521
14,67104522
14,67104523
14,67104524
14,67104525
14,67104526
14,67107667
14,67107673
14,67107675
14,67107685
14,67107691
14,67107704
14,67107713
14,67107715
14,67107716
14,67107723
14,67107734
14,67107738
14,67107739
14,67107747
14,67107753
14,67107979
14,67107980
14,67107981
14,67107982
14,67107983
14,67107984
14,67107985
14,67107986
14,67107987
14,67107988
14,67107989
14,67107990
14,67107991
14,67107992
14,67107993
14,67107994
14,67107995
14,67107996
14,67107997
14,67107998
14,67107999
14,67108000
14,67108001
14,67108002
14,67108003
14,67108004
14,67108005
14,67108006
14,67108007
14,67108008
14,67108009
14,67108010
14,67108011
14,67108012
14,67108013
14,67108014
14,67108015
14,67108016
14,67108017
14,67108018
14,67108019
14,67108020
14,67108021
14,67108022
14,67108023
14,67108024
14,67108025
14,67108026
14,67108027
14,67108028
14,67108029
14,67108030
14,67108031
14,67108032
14,67108033
14,67108034
14,67108035
14,67108036
14,67108037
14,67108038
14,67108039
14,67108040
14,67108041
14,67108042
14,67108043
14,67108044
14,67108045
14,67108046
14,67108047
14,67108048
14,67108049
14,67108050
14,67108051
14,67108052
14,67108053
14,67108054
14,67108055
14,67108056
14,67108057
14,67108058
14,67108059
14,67108060
14,67108061
14,67108062
14,67108063
14,67108064
14,67108065
14,67108066
14,67108067
14,67108068
14,67108069
14,67108070
14,67108071
14,67108072
14,67108073
14,67108074
14,67108075
14,67108076
14,67108077
14,67108078
14,67108079
14,67108080
14,67108081
14,67108082
14,67108083
14,67108084
14,67108085
14,67108086
14,67108087
14,67108088
14,67108089
14,67108090
14,67108091
14,67108092
14,67108093
14,67108094
14,67108095
14,67108096
14,67108097
14,67108098
14,67108099
14,67108100
14,67108101
14,67108102
14,67108103
14,67108104
14,67108105
14,67108106
14,67108107
14,67108108
14,67108109
14,67108110
14,67108111
14,67108112
14,67108113
14,67108114
14,67108115
14,67108116
14,67108117
14,67108118
14,67108119
14,67108120
14,67108121
14,67108122
14,67108123
14,67108124
14,67108125
14,67108126
14,67108127
14,67108128
14,67108129
14,67108130
14,67108131
14,67108132
14,67108133
14,67108134
14,67108135
14,67108136
14,67108137
14,67108138
14,67108139
14,67108140
14,67108141
14,67108142
14,67108143
14,67108144
14,67108145
14,67108146
14,67108147
14,67108148
14,67108149
14,67108150
14,67108151
14,67108152
14,67108153
14,67108154
14,67108155
14,67108156
14,67108157
14,67108158
14,67108159
14,67108160
14,67108161
14,67108162
14,67108163
14,67108164
14,67108165
14,67108166
14,67108167
14,67108168
14,67108169
14,67108170
14,67108171
14,67108172
14,67108173
14,67108174
14,67108175
14,67108176
14,67108177
14,67108178
14,67108179
14,67108180
14,67108181
14,67108182
14,67108183
14,67108184
14,67108185
14,67108186
14,67108187
14,67108188
14,67108189
14,67108317
14,67108772
14,67108773
14,67108774
14,67108775
14,67108776
14,67108777
15,67104300
15,67104791
15,67104798
15,67104846
15,67104853
15,67104855
15,67104865
15,67104880
15,67104897
15,67104900
15,67104908
15,67104914
15,67104919
15,67104923
15,67104934
15,67104956
15,67104969
15,67104972
15,67105001
15,67105054
15,67105076
15,67105084
15,67105114
15,67105126
15,67105131
15,67105147
15,67105157
15,67105158
15,67105168
15,67105174
15,67105192
15,67105198
15,67105238
15,67105277
15,67105279
15,67105288
15,67105291
15,67105300
15,67105316
15,67105323
15,67105340
15,67105365
15,67105366
15,67105383
15,67105384
15,67105393
15,67105396
15,67105405
15,67105417
15,67105453
15,67105471
15,67105504
15,67105507
15,67105529
15,67105548
15,67105552
15,67105563
15,67105566
15,67105575
15,67105585
15,67105600
15,67105608
15,67105644
15,67105658
15,67105673
15,67105675
15,67105680
15,67105686
15,67105687
15,67105690
15,67105695
15,67105697
15,67105718
15,67105743
15,67105746
15,67105747
15,67105752
15,67105757
15,67105771
15,67105787
15,67105793
15,67105805
15,67105810
15,67105846
15,67105854
15,67105872
15,67105880
15,67105886
15,67105889
15,67105894
15,67105896
15,67105901
15,67105911
15,67105914
15,67105927
15,67105931
15,67105936
15,67105942
15,67105963
15,67105966
15,67105969
15,67105976
15,67105985
15,67105997
15,67106009
15,67106028
15,67106065
15,67106072
15,67106093
15,67106103
15,67106108
15,67106122
15,67106127
15,67106128
15,67106177
15,67106184
15,67106205
15,67106208
15,67106253
15,67106263
15,67106267
15,67106269
15,67106272
15,67106277
15,67106299
15,67106300
15,67106304
15,67106331
15,67106333
15,67106340
15,67106343
15,67106349
15,67106368
15,67106387
15,67106406
15,67106411
15,67106443
15,67106448
15,67106451
15,67106475
15,67106505
15,67106508
15,67106515
15,67106530
15,67106544
15,67106551
15,67106568
15,67106585
15,67106602
15,67106605
15,67106626
15,67106630
15,67106633
15,67106637
15,67106640
15,67106644
15,67106645
15,67106651
15,67106663
15,67106692
15,67106696
15,67106699
15,67106713
15,67106717
15,67106725
15,67106744
15,67106750
15,67106761
15,67106776
15,67106777
15,67106803
15,67106809
15,67106843
15,67106854
15,67106882
15,67106934
15,67106942
15,67106945
15,67106960
15,67106965
15,67107017
15,67107033
15,67107070
15,67107081
15,67107088
15,67107098
15,67107100
15,67107103
15,67107112
15,67107116
15,67107127
15,67107137
15,67107140
15,67107144
15,67107148
15,67107151
15,67107167
15,67107172
15,67107216
15,67107241
15,67107254
15,67107269
15,67107274
15,67107291
15,67107302
15,67107315
15,67107333
15,67107349
15,67107362
15,67107369
15,67107395
15,67107415
15,67107424
15,67107425
15,67107441
15,67107470
15,67107478
15,67107480
15,67107488
15,67107497
15,67107501
15,67107507
15,67107509
15,67107524
15,67107530
15,67107531
15,67107637
15,67107648
15,67107687
15,67107692
15,67107718
15,67107733
15,67107752
15,67108252
15,67108285
15,67108295
15,67108298
15,67108309
15,67108391
15,67108412
15,67108477
15,67108478
15,67108514
15,67108521
15,67108532
15,67108545
16,67104130
16,67104131
16,67104132
16,67104133
16,67104259
16,67104260
16,67104261
16,67104262
16,67104517
16,67104518
16,67104519
16,67104520
16,67104850
16,67104905
16,67104906
16,67104909
16,67104941
16,67104949
16,67104958
16,67104992
16,67105012
16,67105016
16,67105024
16,67105155
16,67105197
16,67105270
16,67105275
16,67105347
16,67105371
16,67105373
16,67105381
16,67105390
16,67105403
16,67105407
16,67105419
16,67105460
16,67105467
16,67105468
16,67105472
16,67105572
16,67105626
16,67105627
16,67105776
16,67105804
16,67105881
16,67105882
16,67105895
16,67105918
16,67105943
16,67105950
16,67105982
16,67106022
16,67106030
16,67106036
16,67106038
16,67106063
16,67106079
16,67106104
16,67106107
16,67106115
16,67106120
16,67106136
16,67106171
16,67106187
16,67106193
16,67106235
16,67106238
16,67106251
16,67106255
16,67106319
16,67106351
16,67106356
16,67106357
16,67106360
16,67106370
16,67106390
16,67106404
16,67106440
16,67106464
16,67106496
16,67106501
16,67106529
16,67106552
16,67106554
16,67106583
16,67106587
16,67106595
16,67106627
16,67106634
16,67106638
16,67106668
16,67106672
16,67106709
16,67106756
16,67106773
16,67106775
16,67106792
16,67106823
16,67106824
16,67106836
16,67106894
16,67106900
16,67106906
16,67106939
16,67106964
16,67106976
16,67106978
16,67107037
16,67107058
16,67107063
16,67107086
16,67107099
16,67107104
16,67107146
16,67107150
16,67107152
16,67107168
16,67107178
16,67107184
16,67107200
16,67107208
16,67107223
16,67107273
16,67107309
16,67107346
16,67107354
16,67107402
16,67107431
16,67107436
16,67107446
16,67107580
16,67107629
16,67107647
16,67107731
16,67107870
16,67107871
16,67107872
16,67107873
16,67107874
16,67107875
16,67107876
16,67107877
16,67107878
16,67107879
16,67107880
16,67107881
16,67107882
16,67107883
16,67107884
16,67107885
16,67107886
16,67107887
16,67107888
16,67107889
16,67107890
16,67107891
16,67107892
16,67107893
16,67107894
16,67107895
16,67107896
16,67107897
16,67107898
16,67107899
16,67107900
16,67107901
16,67107902
16,67107903
16,67107904
16,67107905
16,67107906
16,67107907
16,67107908
16,67107909
16,67107910
16,67107911
16,67107912
16,67107913
16,67107914
16,67107915
16,67107916
16,67107917
16,67107918
16,67107919
16,67107920
16,67107921
16,67107922
16,67107923
16,67107924
16,67107925
16,67107926
16,67107927
16,67107928
16,67107929
16,67107930
16,67107931
16,67107932
16,67107933
16,67107934
16,67107935
16,67107936
16,67107937
16,67107938
16,67107939
16,67107940
16,67107941
16,67107942
16,67107943
16,67107944
16,67107945
16,67107946
16,67107947
16,67107948
16,67107949
16,67107950
16,67107951
16,67107952
16,67107953
16,67107954
16,67107955
16,67107956
16,67107957
16,67107958
16,67107959
16,67107960
16,67107961
16,67107962
16,67107963
16,67107964
16,67107965
16,67107966
16,67107967
16,67107968
16,67107969
16,67107970
16,67107971
16,67107972
16,67107973
16,67107974
16,67107975
16,67107976
16,67107977
16,67107978
16,67108235
16,67108247
16,67108301
16,67108324
16,67108480
16,67108535
16,67108608
16,67108630
16,67108658
16,67108768
16,67108769
16,67108770
16,67108771
17,67104429
17,67104430
17,67104796
17,67104801
17,67104805
17,67104806
17,67104807
17,67104809
17,67104821
17,67104837
17,67104860
17,67104870
17,67104876
17,67104882
17,67104891
17,67104898
17,67104924
17,67104925
17,67104964
17,67104991
17,67105003
17,67105010
17,67105019
17,67105022
17,67105046
17,67105069
17,67105075
17,67105103
17,67105111
17,67105118
17,67105122
17,67105123
17,67105160
17,67105163
17,67105166
17,67105196
17,67105214
17,67105226
17,67105233
17,67105243
17,67105249
17,67105250
17,67105304
17,67105314
17,67105326
17,67105343
17,67105349
17,67105359
17,67105368
17,67105370
17,67105375
17,67105378
17,67105397
17,67105402
17,67105411
17,67105415
17,67105430
17,67105432
17,67105438
17,67105441
17,67105445
17,67105458
17,67105473
17,67105480
17,67105481
17,67105516
17,67105521
17,67105527
17,67105536
17,67105540
17,67105546
17,67105549
17,67105556
17,67105558
17,67105559
17,67105576
17,67105577
17,67105580
17,67105581
17,67105583
17,67105593
17,67105596
17,67105598
17,67105623
17,67105628
17,67105636
17,67105642
17,67105646
17,67105663
17,67105666
17,67105670
17,67105676
17,67105683
17,67105691
17,67105694
17,67105722
17,67105725
17,67105727
17,67105736
17,67105739
17,67105751
17,67105758
17,67105765
17,67105766
17,67105769
17,67105773
17,67105791
17,67105794
17,67105795
17,67105807
17,67105814
17,67105815
17,67105818
17,67105819
17,67105826
17,67105831
17,67105865
17,67105920
17,67105924
17,67105929
17,67105934
17,67105935
17,67105945
17,67105946
17,67105949
17,67105956
17,67105957
17,67105980
17,67105989
17,67106005
17,67106013
17,67106019
17,67106021
17,67106033
17,67106061
17,67106064
17,67106066
17,67106067
17,67106069
17,67106070
17,67106089
17,67106091
17,67106095
17,67106099
17,67106105
17,67106109
17,67106110
17,67106143
17,67106160
17,67106162
17,67106167
17,67106174
17,67106178
17,67106181
17,67106191
17,67106192
17,67106195
17,67106223
17,67106226
17,67106245
17,67106252
17,67106262
17,67106271
17,67106280
17,67106283
17,67106293
17,67106297
17,67106369
17,67106380
17,67106381
17,67106382
17,67106392
17,67106420
17,67106423
17,67106429
17,67106442
17,67106445
17,67106447
17,67106453
17,67106457
17,67106492
17,67106495
17,67106518
17,67106525
17,67106538
17,67106545
17,67106546
17,67106556
17,67106565
17,67106574
17,67106578
17,67106592
17,67106593
17,67106594
17,67106597
17,67106612
17,67106618
17,67106624
17,67106635
17,67106655
17,67106671
17,67106673
17,67106677
17,67106695
17,67106701
17,67106707
17,67106715
17,67106716
17,67106755
17,67106816
17,67106865
17,67106917
17,67106986
17,67107011
17,67107097
17,67107220
17,67107233
17,67107356
17,67107364
17,67107416
17,67107514
17,67107579
17,67107613
17,67107620
17,67107624
17,67107626
17,67107653
17,67107660
17,67107693
17,67107743
17,67107758
17,67107766
17,67107780
17,67108243
17,67108248
17,67108270
17,67108304
17,67108408
17,67108446
17,67108544
17,67108553
17,67108584
17,67108599
17,67108605
17,67108611
17,67108628
18,67104127
18,67104128
18,67104129
18,67104256
18,67104257
18,67104258
18,67104514
18,67104515
18,67104516
18,67104910
18,67104932
18,67104945
18,67104951
18,67104966
18,67104990
18,67105039
18,67105049
18,67105059
18,67105087
18,67105091
18,67105134
18,67105179
18,67105187
18,67105189
18,67105223
18,67105241
18,67105257
18,67105263
18,67105269
18,67105286
18,67105315
18,67105318
18,67105325
18,67105362
18,67105401
18,67105404
18,67105420
18,67105429
18,67105450
18,67105492
18,67105494
18,67105506
18,67105524
18,67105526
18,67105528
18,67105539
18,67105551
18,67105553
18,67105560
18,67105571
18,67105592
18,67105601
18,67105616
18,67105656
18,67105674
18,67105685
18,67105755
18,67105802
18,67105808
18,67105817
18,67105887
18,67105905
18,67105921
18,67105940
18,67106007
18,67106027
18,67106037
18,67106042
18,67106043
18,67106048
18,67106058
18,67106059
18,67106060
18,67106088
18,67106141
18,67106147
18,67106168
18,67106176
18,67106204
18,67106225
18,67106268
18,67106328
18,67106335
18,67106383
18,67106426
18,67106456
18,67106479
18,67106482
18,67106500
18,67106510
18,67106526
18,67106531
18,67106532
18,67106540
18,67106548
18,67106550
18,67106584
18,67106590
18,67106603
18,67106619
18,67106653
18,67106660
18,67106670
18,67106682
18,67106683
18,67106694
18,67106753
18,67106783
18,67106786
18,67106788
18,67106799
18,67106804
18,67106807
18,67106838
18,67106867
18,67106883
18,67106899
18,67106905
18,67106940
18,67106963
18,67106988
18,67107002
18,67107015
18,67107043
18,67107045
18,67107066
18,67107101
18,67107107
18,67107124
18,67107128
18,67107153
18,67107156
18,67107162
18,67107163
18,67107164
18,67107180
18,67107199
18,67107211
18,67107229
18,67107230
18,67107231
18,67107236
18,67107237
18,67107250
18,67107252
18,67107255
18,67107258
18,67107268
18,67107275
18,67107321
18,67107342
18,67107343
18,67107370
18,67107371
18,67107383
18,67107397
18,67107400
18,67107410
18,67107503
18,67107556
18,67107770
18,67107787
18,67107788
18,67107789
18,67107790
18,67107791
18,67107792
18,67107793
18,67107794
18,67107795
18,67107796
18,67107797
18,67107798
18,67107799
18,67107800
18,67107801
18,67107802
18,67107803
18,67107804
18,67107805
18,67107806
18,67107807
18,67107808
18,67107809
18,67107810
18,67107811
18,67107812
18,67107813
18,67107814
18,67107815
18,67107816
18,67107817
18,67107818
18,67107819
18,67107820
18,67107821
18,67107822
18,67107823
18,67107824
18,67107825
18,67107826
18,67107827
18,67107828
18,67107829
18,67107830
18,67107831
18,67107832
18,67107833
18,67107834
18,67107835
18,67107836
18,67107837
18,67107838
18,67107839
18,67107840
18,67107841
18,67107842
18,67107843
18,67107844
18,67107845
18,67107846
18,67107847
18,67107848
18,67107849
18,67107850
18,67107851
18,67107852
18,67107853
18,67107854
18,67107855
18,67107856
18,67107857
18,67107858
18,67107859
18,67107860
18,67107861
18,67107862
18,67107863
18,67107864
18,67107865
18,67107866
18,67107867
18,67107868
18,67107869
18,67108332
18,67108400
18,67108455
18,67108507
18,67108555
18,67108765
18,67108766
18,67108767
19,67104172
19,67104191
19,67104192
19,67104197
19,67104199
19,67104206
19,67104208
19,67104210
19,67104218
19,67104223
19,67104229
19,67104231
19,67104232
19,67104234
19,67104237
19,67104238
19,67104240
19,67104243
19,67104245
19,67104249
19,67104250
19,67104251
19,67104253
19,67104273
19,67104274
19,67104276
19,67104282
19,67104296
19,67104297
19,67104789
19,67104793
19,67104822
19,67104839
19,67104842
19,67104887
19,67104894
19,67104899
19,67104933
19,67104965
19,67104974
19,67104999
19,67105028
19,67105057
19,67105074
19,67105078
19,67105079
19,67105082
19,67105088
19,67105090
19,67105092
19,67105099
19,67105100
19,67105104
19,67105105
19,67105127
19,67105129
19,67105132
19,67105136
19,67105144
19,67105145
19,67105170
19,67105175
19,67105176
19,67105177
19,67105178
19,67105183
19,67105188
19,67105202
19,67105206
19,67105211
19,67105213
19,67105220
19,67105228
19,67105236
19,67105244
19,67105251
19,67105254
19,67105258
19,67105267
19,67105281
19,67105285
19,67105303
19,67105327
19,67105328
19,67105331
19,67105333
19,67105334
19,67105339
19,67105346
19,67105350
19,67105355
19,67105364
19,67105374
19,67105377
19,67105394
19,67105398
19,67105406
19,67105409
19,67105425
19,67105426
19,67105434
19,67105437
19,67105439
19,67105444
19,67105448
19,67105452
19,67105454
19,67105455
19,67105477
19,67105486
19,67105493
19,67105497
19,67105499
19,67105505
19,67105513
19,67105515
19,67105518
19,67105519
19,67105532
19,67105537
19,67105538
19,67105541
19,67105544
19,67105550
19,67105562
19,67105564
19,67105567
19,67105582
19,67105591
19,67105594
19,67105607
19,67105609
19,67105615
19,67105621
19,67105622
19,67105629
19,67105630
19,67105632
19,67105637
19,67105638
19,67105650
19,67105651
19,67105652
19,67105654
19,67105662
19,67105664
19,67105672
19,67105678
19,67105682
19,67105692
19,67105723
19,67105734
19,67105735
19,67105738
19,67105803
19,67105806
19,67105879
19,67105892
19,67105941
19,67106047
19,67106161
19,67106185
19,67106242
19,67106315
19,67106394
19,67106399
19,67106580
19,67106685
19,67106730
19,67106745
19,67106789
19,67106819
19,67106876
19,67106888
19,67106910
19,67106953
19,67106955
19,67106991
19,67106992
19,67107054
19,67107060
19,67107077
19,67107157
19,67107161
19,67107176
19,67107185
19,67107193
19,67107196
19,67107218
19,67107225
19,67107293
19,67107297
19,67107368
19,67107393
19,67107414
19,67107454
19,67107461
19,67107473
19,67107484
19,67107500
19,67107502
19,67107536
19,67107598
19,67107605
19,67107643
19,67107651
19,67107652
19,67107728
19,67107757
19,67107774
19,67107783
19,67107784
19,67107785
19,67107786
19,67108702
19,67108704
19,67108706
19,67108708
19,67108712
19,67108713
19,67108714
19,67108715
19,67108717
19,67108719
19,67108727
19,67108732
19,67108734
19,67108739
19,67108740
19,67108741
19,67108742
19,67108743
19,67108744
19,67108746
19,67108747
19,67108749
19,67108750
19,67108753
19,67108754
19,67108756
19,67108758
19,67108759
19,67108760
19,67108761
19,67108781
19,67108791
20,67104195
20,67104201
20,67104205
20,67104207
20,67104211
20,67104214
20,67104215
20,67104217
20,67104220
20,67104222
20,67104224
20,67104225
20,67104227
20,67104228
20,67104233
20,67104236
20,67104239
20,67104241
20,67104242
20,67104247
20,67104252
20,67104254
20,67104277
20,67104278
20,67104279
20,67104280
20,67104281
20,67104283
20,67104284
20,67104790
20,67104794
20,67104797
20,67104804
20,67104816
20,67104819
20,67104823
20,67104828
20,67104829
20,67104832
20,67104835
20,67104836
20,67104838
20,67104840
20,67104845
20,67104849
20,67104854
20,67104856
20,67104859
20,67104874
20,67104875
20,67104881
20,67104884
20,67104889
20,67104903
20,67104911
20,67104912
20,67104926
20,67104929
20,67104931
20,67104935
20,67104938
20,67104946
20,67104947
20,67104975
20,67104979
20,67104981
20,67104987
20,67104997
20,67105000
20,67105009
20,67105017
20,67105026
20,67105035
20,67105040
20,67105048
20,67105058
20,67105060
20,67105061
20,67105073
20,67105124
20,67105161
20,67105205
20,67105225
20,67105231
20,67105260
20,67105262
20,67105271
20,67105306
20,67105312
20,67105324
20,67105356
20,67105387
20,67105388
20,67105399
20,67105400
20,67105459
20,67105470
20,67105474
20,67105491
20,67105512
20,67105530
20,67105534
20,67105542
20,67105543
20,67105606
20,67105610
20,67105612
20,67105614
20,67105634
20,67105640
20,67105665
20,67105729
20,67105740
20,67105779
20,67105799
20,67105847
20,67105863
20,67105864
20,67105891
20,67105923
20,67105928
20,67105932
20,67105964
20,67105977
20,67105999
20,67106000
20,67106001
20,67106010
20,67106012
20,67106026
20,67106034
20,67106044
20,67106051
20,67106074
20,67106113
20,67106138
20,67106200
20,67106209
20,67106220
20,67106241
20,67106247
20,67106249
20,67106256
20,67106259
20,67106274
20,67106303
20,67106339
20,67106344
20,67106355
20,67106358
20,67106363
20,67106374
20,67106434
20,67106478
20,67106486
20,67106497
20,67106522
20,67106539
20,67106570
20,67106577
20,67106589
20,67106615
20,67106641
20,67106662
20,67106688
20,67106710
20,67106718
20,67106722
20,67106748
20,67106764
20,67106813
20,67106814
20,67106849
20,67106851
20,67106898
20,67106908
20,67106918
20,67106941
20,67106957
20,67106962
20,67106968
20,67106982
20,67106983
20,67107016
20,67107022
20,67107053
20,67107056
20,67107115
20,67107122
20,67107133
20,67107142
20,67107179
20,67107187
20,67107190
20,67107191
20,67107203
20,67107207
20,67107247
20,67107271
20,67107278
20,67107281
20,67107288
20,67107290
20,67107294
20,67107304
20,67107310
20,67107311
20,67107314
20,67107324
20,67107328
20,67107331
20,67107332
20,67107335
20,67107338
20,67107615
20,67107661
20,67108310
20,67108312
20,67108354
20,67108435
20,67108439
20,67108442
20,67108453
20,67108554
20,67108591
20,67108700
20,67108710
20,67108711
20,67108716
20,67108718
20,67108720
20,67108723
20,67108724
20,67108726
20,67108728
20,67108733
20,67108736
20,67108737
20,67108745
20,67108748
20,67108751
20,67108755
20,67108762
20,67108763
20,67108780
20,67108783
20,67108786
20,67108787
20,67108789
20,67108790
20,67108792
20,67108793
21,67104422
21,67104802
21,67104841
21,67104857
21,67104861
21,67104863
21,67104893
21,67104928
21,67104937
21,67104939
21,67104963
21,67104973
21,67104978
21,67104983
21,67104995
21,67104996
21,67105018
21,67105025
21,67105029
21,67105031
21,67105032
21,67105052
21,67105056
21,67105068
21,67105112
21,67105119
21,67105138
21,67105139
21,67105162
21,67105164
21,67105182
21,67105212
21,67105216
21,67105246
21,67105276
21,67105278
21,67105299
21,67105332
21,67105345
21,67105392
21,67105422
21,67105443
21,67105522
21,67105570
21,67105587
21,67105595
21,67105625
21,67105631
21,67105657
21,67105713
21,67105719
21,67105731
21,67105756
21,67105764
21,67105813
21,67105822
21,67105848
21,67105861
21,67105862
21,67105897
21,67105916
21,67105937
21,67105944
21,67105948
21,67105961
21,67105974
21,67105988
21,67106015
21,67106029
21,67106068
21,67106073
21,67106080
21,67106102
21,67106112
21,67106130
21,67106132
21,67106137
21,67106142
21,67106153
21,67106154
21,67106194
21,67106224
21,67106270
21,67106291
21,67106305
21,67106310
21,67106311
21,67106316
21,67106320
21,67106321
21,67106347
21,67106352
21,67106376
21,67106378
21,67106396
21,67106398
21,67106416
21,67106438
21,67106474
21,67106491
21,67106499
21,67106506
21,67106509
21,67106513
21,67106517
21,67106519
21,67106523
21,67106524
21,67106542
21,67106549
21,67106579
21,67106600
21,67106608
21,67106617
21,67106647
21,67106657
21,67106658
21,67106659
21,67106661
21,67106664
21,67106667
21,67106675
21,67106676
21,67106680
21,67106690
21,67106700
21,67106702
21,67106723
21,67106729
21,67106733
21,67106735
21,67106736
21,67106747
21,67106752
21,67106759
21,67106760
21,67106765
21,67106774
21,67106791
21,67106793
21,67106796
21,67106800
21,67106802
21,67106810
21,67106812
21,67106815
21,67106817
21,67106818
21,67106829
21,67106830
21,67106832
21,67106833
21,67106840
21,67106844
21,67106852
21,67106853
21,67106855
21,67106857
21,67106861
21,67106869
21,67106870
21,67106875
21,67106877
21,67106880
21,67106901
21,67106902
21,67106904
21,67106909
21,67106912
21,67106914
21,67106916
21,67106929
21,67106932
21,67106933
21,67106943
21,67106977
21,67107026
21,67107057
21,67107080
21,67107136
21,67107169
21,67107170
21,67107284
21,67107320
21,67107334
21,67107341
21,67107344
21,67107347
21,67107350
21,67107351
21,67107352
21,67107357
21,67107363
21,67107367
21,67107372
21,67107373
21,67107379
21,67107382
21,67107384
21,67107386
21,67107388
21,67107394
21,67107405
21,67107406
21,67107417
21,67107418
21,67107422
21,67107433
21,67107439
21,67107440
21,67107444
21,67107447
21,67107448
21,67107462
21,67107463
21,67107467
21,67107469
21,67107474
21,67107489
21,67107494
21,67107495
21,67107496
21,67107498
21,67107499
21,67107506
21,67107535
21,67107539
21,67107576
21,67107609
21,67107632
21,67107649
21,67107698
21,67107729
21,67107740
21,67108288
21,67108359
21,67108386
21,67108433
21,67108460
21,67108490
21,67108495
21,67108518
21,67108576
21,67108600
21,67108619
21,67108643
22,67104812
22,67104825
22,67104826
22,67104830
22,67104844
22,67104847
22,67104862
22,67104883
22,67104886
22,67104892
22,67104913
22,67104918
22,67104920
22,67104930
22,67104943
22,67104944
22,67104962
22,67104993
22,67105021
22,67105055
22,67105063
22,67105106
22,67105108
22,67105113
22,67105128
22,67105141
22,67105146
22,67105151
22,67105152
22,67105184
22,67105209
22,67105240
22,67105289
22,67105308
22,67105321
22,67105353
22,67105369
22,67105385
22,67105391
22,67105410
22,67105414
22,67105416
22,67105421
22,67105423
22,67105442
22,67105446
22,67105462
22,67105463
22,67105478
22,67105498
22,67105501
22,67105511
22,67105517
22,67105533
22,67105535
22,67105547
22,67105555
22,67105569
22,67105574
22,67105578
22,67105589
22,67105602
22,67105603
22,67105604
22,67105619
22,67105669
22,67105671
22,67105703
22,67105705
22,67105726
22,67105742
22,67105748
22,67105753
22,67105762
22,67105770
22,67105775
22,67105777
22,67105778
22,67105792
22,67105839
22,67105843
22,67105849
22,67105856
22,67105860
22,67105870
22,67105878
22,67105888
22,67105938
22,67105959
22,67105971
22,67105975
22,67105996
22,67106004
22,67106011
22,67106049
22,67106062
22,67106081
22,67106096
22,67106097
22,67106118
22,67106124
22,67106139
22,67106146
22,67106163
22,67106179
22,67106203
22,67106210
22,67106211
22,67106218
22,67106239
22,67106273
22,67106278
22,67106281
22,67106287
22,67106298
22,67106314
22,67106318
22,67106354
22,67106359
22,67106365
22,67106379
22,67106384
22,67106395
22,67106415
22,67106421
22,67106444
22,67106446
22,67106449
22,67106450
22,67106454
22,67106480
22,67106512
22,67106534
22,67106535
22,67106555
22,67106559
22,67106572
22,67106573
22,67106582
22,67106596
22,67106598
22,67106611
22,67106613
22,67106614
22,67106625
22,67106639
22,67106652
22,67106674
22,67106714
22,67106726
22,67106738
22,67106743
22,67106758
22,67106771
22,67106787
22,67106790
22,67106828
22,67106845
22,67106846
22,67106889
22,67106891
22,67106896
22,67106897
22,67106952
22,67106956
22,67107024
22,67107030
22,67107032
22,67107041
22,67107050
22,67107067
22,67107093
22,67107121
22,67107131
22,67107141
22,67107160
22,67107166
22,67107174
22,67107175
22,67107182
22,67107189
22,67107192
22,67107197
22,67107202
22,67107205
22,67107210
22,67107213
22,67107215
22,67107221
22,67107226
22,67107228
22,67107232
22,67107234
22,67107235
22,67107238
22,67107239
22,67107243
22,67107245
22,67107248
22,67107251
22,67107259
22,67107261
22,67107298
22,67107308
22,67107312
22,67107336
22,67107339
22,67107348
22,67107355
22,67107360
22,67107365
22,67107366
22,67107375
22,67107378
22,67107396
22,67107407
22,67107423
22,67107438
22,67107445
22,67107456
22,67107459
22,67107491
22,67107513
22,67107546
22,67107549
22,67107552
22,67107562
22,67107565
22,67107582
22,67107593
22,67107639
22,67107681
22,67107701
22,67107702
22,67107742
22,67108230
22,67108264
22,67108272
22,67108281
22,67108302
22,67108342
22,67108362
22,67108367
22,67108388
22,67108394
22,67108409
22,67108411
22,67108424
22,67108471
22,67108510
22,67108559
22,67108572
23,189
23,67104290
23,67104291
23,67104292
23,67104293
23,67104294
23,67104295
23,67104298
23,67104299
23,67104301
23,67104302
23,67104303
23,67104304
23,67104305
23,67104306
23,67104307
23,67104309
23,67104419
23,67104420
23,67104421
23,67104423
23,67104424
23,67104425
23,67104426
23,67104427
23,67104428
23,67104431
23,67104432
23,67104434
23,67104435
23,67104437
23,67104438
23,67104439
23,67104959
23,67105116
23,67105677
23,67105681
23,67105714
23,67105855
23,67106014
23,67106601
23,67106719
23,67106720
23,67107303
23,67107323
23,67108825
23,67108828
