1379256614,67104543
1379256614,67104544
1379256614,67104545
1379256614,67104546
1379256614,67104547
1379256614,67104548
1379256614,67104549
1379256614,67104550
1379256614,67104642
1379256614,67104650
1379256614,67104661
1379256614,67104662
1379256614,67104666
1379256614,67104668
1379256614,67104670
1379256614,67104902
42756955034,67104028
42756955034,67104029
42756955034,67104030
42756955034,67104031
42756955034,67104032
42756955034,67104033
42756955034,67104034
42756955034,67104035
42756955034,67104036
42756955034,67104037
42756955034,67104038
42756955034,67104039
42756955034,67104040
42756955034,67104041
42756955034,67104149
42756955034,67107192
84134653454,67104042
84134653454,67104043
84134653454,67104064
84134653454,67104080
84134653454,67104086
84134653454,67104090
84134653454,67104103
84134653454,67104118
84134653454,67104125
84134653454,67104131
84134653454,67104154
84134653454,67104155
84134653454,67104157
84134653454,67106052
84134653454,67106056
84134653454,67108666
125512351874,67104129
125512351874,67104133
125512351874,67104135
125512351874,67104137
125512351874,67104141
125512351874,67104142
125512351874,67104144
125512351874,67104145
125512351874,67104146
125512351874,67104147
125512351874,67104148
125512351874,67104150
125512351874,67104151
125512351874,67104152
125512351874,67104153
125512351874,67105405
166890050294,67104165
166890050294,67104166
166890050294,67104168
166890050294,67104551
166890050294,67104552
166890050294,67104553
166890050294,67104554
166890050294,67104555
166890050294,67104556
166890050294,67104557
166890050294,67104558
166890050294,67108213
166890050294,67108673
166890050294,67108674
166890050294,67108675
166890050294,67108677
208267748714,67104158
208267748714,67104560
208267748714,67104569
208267748714,67104583
208267748714,67104595
208267748714,67104607
208267748714,67104616
208267748714,67104628
208267748714,67104638
208267748714,67104647
208267748714,67104652
208267748714,67104658
208267748714,67104667
208267748714,67107473
208267748714,67107478
208267748714,67108667
249645447134,67104568
249645447134,67104600
249645447134,67104618
249645447134,67104631
249645447134,67104632
249645447134,67104639
249645447134,67104644
249645447134,67104645
249645447134,67104649
249645447134,67104651
249645447134,67104653
249645447134,67104656
249645447134,67104664
249645447134,67104669
249645447134,67105012
249645447134,67105013
291023145554,67104564
291023145554,67104582
291023145554,67104603
291023145554,67104619
291023145554,67104634
291023145554,67104636
291023145554,67104637
291023145554,67104640
291023145554,67104646
291023145554,67104648
291023145554,67104654
291023145554,67104657
291023145554,67104660
291023145554,67104665
291023145554,67106163
291023145554,67106164
332400843974,67104592
332400843974,67104596
332400843974,67104602
332400843974,67104610
332400843974,67104620
332400843974,67104623
332400843974,67104626
332400843974,67104627
332400843974,67104630
332400843974,67104633
332400843974,67104643
332400843974,67104655
332400843974,67104659
332400843974,67104663
332400843974,67106713
332400843974,67106716
373778542394,67104587
373778542394,67104598
373778542394,67104606
373778542394,67104608
373778542394,67104609
373778542394,67104612
373778542394,67104614
373778542394,67104615
373778542394,67104617
373778542394,67104621
373778542394,67104624
373778542394,67104625
373778542394,67104635
373778542394,67104641
373778542394,67105860
373778542394,67105862
415156240814,67104581
415156240814,67104586
415156240814,67104589
415156240814,67104590
415156240814,67104593
415156240814,67104597
415156240814,67104599
415156240814,67104601
415156240814,67104604
415156240814,67104605
415156240814,67104611
415156240814,67104613
415156240814,67104622
415156240814,67104629
415156240814,67104778
415156240814,67104816
456533939234,67104570
456533939234,67104572
456533939234,67104573
456533939234,67104574
456533939234,67104575
456533939234,67104576
456533939234,67104578
456533939234,67104579
456533939234,67104580
456533939234,67104584
456533939234,67104588
456533939234,67104591
456533939234,67104594
456533939234,67105188
456533939234,67105191
456533939234,67105202
497911637654,67104559
497911637654,67104561
497911637654,67104562
497911637654,67104563
497911637654,67104565
497911637654,67104566
497911637654,67104567
497911637654,67104571
497911637654,67104577
497911637654,67104585
497911637654,67105248
497911637654,67105253
497911637654,67105285
497911637654,67105323
497911637654,67105336
497911637654,67105347
539289336074,67104675
539289336074,67104706
539289336074,67104743
539289336074,67104834
539289336074,67104838
539289336074,67104892
539289336074,67104896
539289336074,67104912
539289336074,67104915
539289336074,67104996
539289336074,67105004
539289336074,67105005
539289336074,67105027
539289336074,67105186
539289336074,67105224
539289336074,67108665
580667034494,131251
580667034494,67104063
580667034494,67104072
580667034494,67104087
580667034494,67104089
580667034494,67104101
580667034494,67104102
580667034494,67104132
580667034494,67104138
580667034494,67104139
580667034494,67104140
580667034494,67104143
580667034494,67107710
580667034494,67107859
580667034494,67107881
580667034494,67108128
622044732914,67104073
622044732914,67104082
622044732914,67104098
622044732914,67104100
622044732914,67104104
622044732914,67104110
622044732914,67104114
622044732914,67104115
622044732914,67104122
622044732914,67104126
622044732914,67104130
622044732914,67104134
622044732914,67104136
622044732914,67106170
622044732914,67106534
622044732914,67107850
663422431334,67104899
663422431334,67105235
663422431334,67105393
663422431334,67105398
663422431334,67105588
663422431334,67105640
663422431334,67106115
663422431334,67106127
663422431334,67106142
663422431334,67106747
663422431334,67106773
663422431334,67106792
663422431334,67106852
663422431334,67106996
663422431334,67107027
663422431334,67107044
704800129754,67104060
704800129754,67104067
704800129754,67104079
704800129754,67104081
704800129754,67104091
704800129754,67104097
704800129754,67104099
704800129754,67104106
704800129754,67104107
704800129754,67104109
704800129754,67104117
704800129754,67104120
704800129754,67104124
704800129754,67104128
704800129754,67104800
704800129754,67106603
746177828174,67104953
746177828174,67105264
746177828174,67105304
746177828174,67105419
746177828174,67105815
746177828174,67106062
746177828174,67106220
746177828174,67106311
746177828174,67106445
746177828174,67106614
746177828174,67106964
746177828174,67106998
746177828174,67107685
746177828174,67108630
746177828174,67108774
787555526594,67104065
787555526594,67104068
787555526594,67104070
787555526594,67104074
787555526594,67104084
787555526594,67104092
787555526594,67104094
787555526594,67104096
787555526594,67104111
787555526594,67104112
787555526594,67104121
787555526594,67104127
787555526594,67104703
787555526594,67106206
787555526594,67107014
787555526594,67107319
