1096522560,67100515
1096522560,67100903
1096522560,67100912
1096522560,67100913
1096522560,67100916
1096522560,67100917
1096522560,67100918
1096522560,67100920
1096522560,67100973
1096522560,67100974
1096522560,67100976
1096522560,67100977
1096522560,67100980
1096522560,67100981
1096522560,67100982
1096522560,67101282
33992199360,67100904
33992199360,67100905
33992199360,67100906
33992199360,67100907
33992199360,67100908
33992199360,67100911
33992199360,67100915
33992199360,67100919
33992199360,67100926
33992199360,67100927
33992199360,67100932
33992199360,67100935
33992199360,67100964
33992199360,67100965
33992199360,67100966
33992199360,67100967
66887876160,67100098
66887876160,67100099
66887876160,67100100
66887876160,67100102
66887876160,67100103
66887876160,67100105
66887876160,67100106
66887876160,67100107
66887876160,67100108
66887876160,67100110
66887876160,67100111
66887876160,67100112
66887876160,67100113
66887876160,67100114
66887876160,67100120
66887876160,67100159
99783552960,67100301
99783552960,67100909
99783552960,67100914
99783552960,67100921
99783552960,67100922
99783552960,67100929
99783552960,67100930
99783552960,67100933
99783552960,67100968
99783552960,67100969
99783552960,67100970
99783552960,67100972
99783552960,67100988
99783552960,67104789
99783552960,67104790
99783552960,67108595
132679229760,67100101
132679229760,67100104
132679229760,67100109
132679229760,67100121
132679229760,67100122
132679229760,67100124
132679229760,67100160
132679229760,67100161
132679229760,67100162
132679229760,67100169
132679229760,67100176
132679229760,67100192
132679229760,67100304
132679229760,67105556
132679229760,67105607
132679229760,67108598
165574906560,67100923
165574906560,67100928
165574906560,67100931
165574906560,67100934
165574906560,67100936
165574906560,67100938
165574906560,67100940
165574906560,67100971
165574906560,67100991
165574906560,67100992
165574906560,67100993
165574906560,67101006
165574906560,67101011
165574906560,67101024
165574906560,67102797
165574906560,67102817
198470583360,67100115
198470583360,67100116
198470583360,67100117
198470583360,67100126
198470583360,67100132
198470583360,67100178
198470583360,67100194
198470583360,67100197
198470583360,67100226
198470583360,67100236
198470583360,67100252
198470583360,67100253
198470583360,67100255
198470583360,67100299
198470583360,67102392
198470583360,67108593
231366260160,131243
231366260160,131260
231366260160,67100300
231366260160,67100910
231366260160,67100924
231366260160,67100925
231366260160,67100937
231366260160,67100941
231366260160,67100975
231366260160,67100978
231366260160,67100986
231366260160,67100996
231366260160,67101030
231366260160,67103986
231366260160,67104564
231366260160,67108594
264261936960,67100118
264261936960,67100123
264261936960,67100127
264261936960,67100128
264261936960,67100130
264261936960,67100131
264261936960,67100134
264261936960,67100136
264261936960,67100163
264261936960,67100164
264261936960,67100171
264261936960,67100173
264261936960,67100202
264261936960,67103835
264261936960,67103836
264261936960,67103839
297157613760,67100939
297157613760,67100942
297157613760,67100944
297157613760,67100945
297157613760,67100946
297157613760,67100947
297157613760,67100979
297157613760,67100983
297157613760,67100984
297157613760,67100989
297157613760,67100994
297157613760,67101009
297157613760,67101012
297157613760,67101888
297157613760,67102022
297157613760,67102037
330053290560,67100125
330053290560,67100129
330053290560,67100165
330053290560,67100166
330053290560,67100167
330053290560,67100168
330053290560,67100170
330053290560,67100175
330053290560,67100206
330053290560,67100303
330053290560,67105423
330053290560,67105430
330053290560,67105433
330053290560,67105436
330053290560,67105438
330053290560,67108597
362948967360,67100943
362948967360,67100948
362948967360,67100949
362948967360,67100950
362948967360,67100951
362948967360,67100952
362948967360,67100953
362948967360,67100957
362948967360,67100987
362948967360,67101008
362948967360,67101020
362948967360,67101031
362948967360,67101033
362948967360,67101034
362948967360,67101035
362948967360,67103021
395844644160,131245
395844644160,67100133
395844644160,67100150
395844644160,67100172
395844644160,67100174
395844644160,67100179
395844644160,67100182
395844644160,67100183
395844644160,67100188
395844644160,67100224
395844644160,67100245
395844644160,67100256
395844644160,67100257
395844644160,67105450
395844644160,67106674
395844644160,67108603
428740320960,67100181
428740320960,67100186
428740320960,67100190
428740320960,67101244
428740320960,67101269
428740320960,67101316
428740320960,67101321
428740320960,67101352
428740320960,67101385
428740320960,67101390
428740320960,67101396
428740320960,67101398
428740320960,67101399
428740320960,67101407
428740320960,67101418
428740320960,67101423
461635997760,67100985
461635997760,67100990
461635997760,67100995
461635997760,67100999
461635997760,67101000
461635997760,67101001
461635997760,67101005
461635997760,67101007
461635997760,67101010
461635997760,67101013
461635997760,67102467
461635997760,67102515
461635997760,67102562
461635997760,67102647
461635997760,67102712
461635997760,67102727
494531674560,67100119
494531674560,67100135
494531674560,67100137
494531674560,67100140
494531674560,67100141
494531674560,67100149
494531674560,67100177
494531674560,67100180
494531674560,67100187
494531674560,67100200
494531674560,67100211
494531674560,67100275
494531674560,67100277
494531674560,67103176
494531674560,67103188
494531674560,67103215
527427351360,67100237
527427351360,67100241
527427351360,67100242
527427351360,67100246
527427351360,67100254
527427351360,67100258
527427351360,67100264
527427351360,67100268
527427351360,67100271
527427351360,67100273
527427351360,67101287
527427351360,67101563
527427351360,67101601
527427351360,67101642
527427351360,67102290
560323028160,67100308
560323028160,67100314
560323028160,67100330
560323028160,67100960
560323028160,67100961
560323028160,67100998
560323028160,67101004
560323028160,67101540
560323028160,67101541
560323028160,67101960
560323028160,67102015
560323028160,67108119
560323028160,67108609
560323028160,67108610
560323028160,67108624
593218704960,67100963
593218704960,67101015
593218704960,67101044
593218704960,67101167
593218704960,67101206
593218704960,67101211
593218704960,67101216
593218704960,67101221
593218704960,67101224
593218704960,67101257
593218704960,67101315
593218704960,67101342
593218704960,67102946
593218704960,67107693
593218704960,67108637
626114381760,67100138
626114381760,67100139
626114381760,67100148
626114381760,67100152
626114381760,67100153
626114381760,67100158
626114381760,67100185
626114381760,67100221
626114381760,67100229
626114381760,67100272
626114381760,67100274
626114381760,67102111
626114381760,67102183
626114381760,67102298
626114381760,67102310
626114381760,67102475
659010058560,131247
659010058560,67100184
659010058560,67100189
659010058560,67100210
659010058560,67100218
659010058560,67100225
659010058560,67101556
659010058560,67101581
659010058560,67101734
659010058560,67101744
659010058560,67101776
659010058560,67101843
659010058560,67101896
659010058560,67101934
659010058560,67101956
659010058560,67102014
691905735360,67100191
691905735360,67100193
691905735360,67100196
691905735360,67100360
691905735360,67101256
691905735360,67101739
691905735360,67101872
691905735360,67102132
691905735360,67102139
691905735360,67103861
691905735360,67104632
