902036450,67100678
902036450,67100679
902036450,67100827
902036450,67100860
902036450,67100920
902036450,67100966
902036450,67100974
902036450,67100975
902036450,67100989
902036450,67100997
902036450,67101019
902036450,67101020
902036450,67101026
902036450,67101029
902036450,67101040
902036450,67101199
27963129950,67100681
27963129950,67100683
27963129950,67100684
27963129950,67100685
27963129950,67100686
27963129950,67100687
27963129950,67100688
27963129950,67100689
27963129950,67100693
27963129950,67100694
27963129950,67100695
27963129950,67100698
27963129950,67100709
27963129950,67100713
27963129950,67100824
27963129950,67100875
55024223450,67099226
55024223450,67099368
55024223450,67099373
55024223450,67099381
55024223450,67099387
55024223450,67099388
55024223450,67099389
55024223450,67099391
55024223450,67099392
55024223450,67099394
55024223450,67099395
55024223450,67099396
55024223450,67099398
55024223450,67099399
55024223450,67099402
55024223450,67099403
82085316950,67099227
82085316950,67099228
82085316950,67099229
82085316950,67099230
82085316950,67099303
82085316950,67099313
82085316950,67099329
82085316950,67099350
82085316950,67099377
82085316950,67099422
82085316950,67099430
82085316950,67099450
82085316950,67099452
82085316950,67099456
82085316950,67099467
82085316950,67099481
109146410450,67100690
109146410450,67100692
109146410450,67100700
109146410450,67100701
109146410450,67100702
109146410450,67100703
109146410450,67100704
109146410450,67100707
109146410450,67100722
109146410450,67102197
109146410450,67102199
109146410450,67102235
109146410450,67102252
109146410450,67102319
109146410450,67104387
109146410450,67108432
136207503950,131241
136207503950,67099231
136207503950,67099232
136207503950,67099234
136207503950,67099235
136207503950,67099515
136207503950,67099516
136207503950,67099519
136207503950,67099520
136207503950,67099527
136207503950,67099529
136207503950,67099530
136207503950,67099531
136207503950,67099533
136207503950,67099534
136207503950,67104342
163268597450,67099590
163268597450,67099591
163268597450,67100680
163268597450,67100682
163268597450,67100987
163268597450,67102347
163268597450,67102382
163268597450,67104612
163268597450,67104616
163268597450,67104617
163268597450,67104623
163268597450,67104946
163268597450,67104951
163268597450,67104979
163268597450,67104980
163268597450,67108433
190329690950,131242
190329690950,67099233
190329690950,67099496
190329690950,67099499
190329690950,67099502
190329690950,67099509
190329690950,67099510
190329690950,67099514
190329690950,67099517
190329690950,67099521
190329690950,67099523
190329690950,67099524
190329690950,67099526
190329690950,67099528
190329690950,67102427
217390784450,67099589
217390784450,67102362
217390784450,67102749
217390784450,67102750
217390784450,67102777
217390784450,67102778
217390784450,67102784
217390784450,67102787
217390784450,67103184
217390784450,67104389
217390784450,67105332
217390784450,67105339
217390784450,67105341
217390784450,67105345
217390784450,67105346
217390784450,67105347
244451877950,67100745
244451877950,67100807
244451877950,67100809
244451877950,67100810
244451877950,67100819
244451877950,67100820
244451877950,67100821
244451877950,67100822
244451877950,67100823
244451877950,67100825
244451877950,67100828
244451877950,67100829
244451877950,67100830
244451877950,67100831
244451877950,67100832
244451877950,67100833
271512971450,67099238
271512971450,67099246
271512971450,67099247
271512971450,67099251
271512971450,67099253
271512971450,67099254
271512971450,67099255
271512971450,67099256
271512971450,67099258
271512971450,67099263
271512971450,67099264
271512971450,67099265
271512971450,67099266
271512971450,67099267
271512971450,67099268
271512971450,67107109
298574064950,67099236
298574064950,67099237
298574064950,67099240
298574064950,67099241
298574064950,67099291
298574064950,67099353
298574064950,67099367
298574064950,67099386
298574064950,67099482
298574064950,67099558
298574064950,67099563
298574064950,67099565
