1379256614,67104543
1379256614,67104544
1379256614,67104545
1379256614,67104546
1379256614,67104547
1379256614,67104548
1379256614,67104549
1379256614,67104550
1379256614,67104642
1379256614,67104650
1379256614,67104661
1379256614,67104662
1379256614,67104666
1379256614,67104668
1379256614,67104670
1379256614,67104902
42756955034,67104028
42756955034,67104029
42756955034,67104030
42756955034,67104031
42756955034,67104032
42756955034,67104033
42756955034,67104034
42756955034,67104035
42756955034,67104036
42756955034,67104037
42756955034,67104038
42756955034,67104039
42756955034,67104040
42756955034,67104041
42756955034,67104149
42756955034,67107192
84134653454,67104042
84134653454,67104043
84134653454,67104064
84134653454,67104080
84134653454,67104086
84134653454,67104090
84134653454,67104103
84134653454,67104118
84134653454,67104125
84134653454,67104131
84134653454,67104154
84134653454,67104157
84134653454,67106052
84134653454,67106056
84134653454,67108666
