732856447,67104566
732856447,67104567
732856447,67104568
732856447,67104569
732856447,67104570
732856447,67104787
22718549857,67104543
22718549857,67104544
22718549857,67104545
22718549857,67104546
22718549857,67104547
22718549857,67104548
22718549857,67104586
22718549857,67104609
22718549857,67104616
22718549857,67104627
22718549857,67104635
22718549857,67104660
22718549857,67104662
22718549857,67104665
22718549857,67104666
22718549857,67104668
44704243267,67104034
44704243267,67104043
44704243267,67104067
44704243267,67104075
44704243267,67104090
44704243267,67104100
44704243267,67104104
44704243267,67104109
44704243267,67104110
44704243267,67104111
44704243267,67104116
44704243267,67104119
44704243267,67104120
44704243267,67104122
44704243267,67104139
44704243267,67104152
66689936677,67104582
66689936677,67104608
66689936677,67104612
66689936677,67104615
66689936677,67104619
66689936677,67104636
66689936677,67104642
66689936677,67104643
66689936677,67104647
66689936677,67104648
66689936677,67104656
66689936677,67104663
66689936677,67104667
66689936677,67104669
66689936677,67104670
66689936677,67107129
88675630087,67104058
88675630087,67104065
88675630087,67104079
88675630087,67104082
88675630087,67104091
88675630087,67104092
88675630087,67104096
88675630087,67104099
88675630087,67104102
88675630087,67104103
88675630087,67104105
88675630087,67104106
88675630087,67104112
88675630087,67104113
88675630087,67104114
88675630087,67104115
110661323497,67104549
110661323497,67104550
110661323497,67104551
110661323497,67104552
110661323497,67104553
110661323497,67104554
110661323497,67104555
110661323497,67104556
110661323497,67104628
110661323497,67104634
110661323497,67104639
110661323497,67104641
110661323497,67104644
110661323497,67104652
110661323497,67104657
110661323497,67104664
132647016907,131251
132647016907,67104124
132647016907,67104130
132647016907,67104133
132647016907,67104138
132647016907,67104140
132647016907,67104143
132647016907,67104144
132647016907,67104145
132647016907,67104146
132647016907,67104147
132647016907,67104148
132647016907,67104149
132647016907,67104150
132647016907,67104151
132647016907,67104153
154632710317,131252
154632710317,67104032
154632710317,67104161
154632710317,67104632
154632710317,67104640
154632710317,67104645
154632710317,67104646
154632710317,67104649
154632710317,67104650
154632710317,67104651
154632710317,67104653
154632710317,67104654
154632710317,67104655
154632710317,67104658
154632710317,67104659
154632710317,67104661
176618403727,67104057
176618403727,67104060
176618403727,67104063
176618403727,67104064
176618403727,67104066
176618403727,67104068
176618403727,67104069
176618403727,67104070
176618403727,67104071
176618403727,67104072
176618403727,67104073
176618403727,67104074
176618403727,67104076
176618403727,67104077
176618403727,67104078
198604097137,67104591
198604097137,67104594
198604097137,67104596
198604097137,67104597
198604097137,67104598
198604097137,67104599
198604097137,67104600
198604097137,67104601
198604097137,67104602
198604097137,67104603
198604097137,67104604
198604097137,67104605
198604097137,67104606
198604097137,67104607
198604097137,67104610
198604097137,67104611
220589790547,67104028
220589790547,67104029
220589790547,67104030
220589790547,67104031
220589790547,67104126
220589790547,67104128
220589790547,67104131
220589790547,67104132
220589790547,67104134
220589790547,67104135
220589790547,67104136
220589790547,67104137
220589790547,67104141
220589790547,67104142
220589790547,67104154
220589790547,67104155
242575483957,67104583
242575483957,67104584
242575483957,67104585
242575483957,67104587
242575483957,67104588
242575483957,67104589
242575483957,67104590
242575483957,67104592
242575483957,67104593
242575483957,67104595
242575483957,67104613
242575483957,67104614
242575483957,67104617
242575483957,67104618
242575483957,67104620
242575483957,67104621
264561177367,67104038
264561177367,67104040
264561177367,67104044
264561177367,67104045
264561177367,67104047
264561177367,67104048
264561177367,67104049
