732856447,67104566
732856447,67104567
732856447,67104568
732856447,67104569
732856447,67104570
732856447,67104787
22718549857,67104543
22718549857,67104544
22718549857,67104545
22718549857,67104546
22718549857,67104547
22718549857,67104548
22718549857,67104586
22718549857,67104609
22718549857,67104616
22718549857,67104627
22718549857,67104635
22718549857,67104660
22718549857,67104662
22718549857,67104665
22718549857,67104666
22718549857,67104668
44704243267,67104034
44704243267,67104043
44704243267,67104067
44704243267,67104075
44704243267,67104090
44704243267,67104100
44704243267,67104104
44704243267,67104109
44704243267,67104110
44704243267,67104111
44704243267,67104116
44704243267,67104119
44704243267,67104120
44704243267,67104122
44704243267,67104139
44704243267,67104152
66689936677,67104582
66689936677,67104608
66689936677,67104612
66689936677,67104615
66689936677,67104619
66689936677,67104636
66689936677,67104642
66689936677,67104643
66689936677,67104647
66689936677,67104648
66689936677,67104656
66689936677,67104663
66689936677,67104667
66689936677,67104669
66689936677,67104670
66689936677,67107129
88675630087,67104058
88675630087,67104065
88675630087,67104079
88675630087,67104082
88675630087,67104091
88675630087,67104092
88675630087,67104096
88675630087,67104099
88675630087,67104102
88675630087,67104103
88675630087,67104105
88675630087,67104106
88675630087,67104112
88675630087,67104113
88675630087,67104114
88675630087,67104115
110661323497,67104549
110661323497,67104550
110661323497,67104551
110661323497,67104552
110661323497,67104553
110661323497,67104554
110661323497,67104555
110661323497,67104556
110661323497,67104628
110661323497,67104634
110661323497,67104639
110661323497,67104641
110661323497,67104644
110661323497,67104652
110661323497,67104657
110661323497,67104664
132647016907,131251
132647016907,67104124
132647016907,67104130
132647016907,67104133
132647016907,67104138
132647016907,67104140
132647016907,67104143
132647016907,67104144
132647016907,67104145
132647016907,67104146
132647016907,67104147
132647016907,67104148
132647016907,67104149
132647016907,67104150
132647016907,67104151
132647016907,67104153
154632710317,131252
154632710317,67104032
154632710317,67104161
154632710317,67104632
154632710317,67104640
154632710317,67104645
154632710317,67104646
154632710317,67104649
154632710317,67104650
154632710317,67104651
154632710317,67104653
154632710317,67104654
154632710317,67104655
154632710317,67104658
154632710317,67104659
154632710317,67104661
176618403727,67104057
176618403727,67104060
176618403727,67104063
176618403727,67104064
176618403727,67104066
176618403727,67104068
176618403727,67104069
176618403727,67104070
176618403727,67104071
176618403727,67104072
176618403727,67104073
176618403727,67104074
176618403727,67104076
176618403727,67104077
176618403727,67104078
198604097137,67104591
198604097137,67104594
198604097137,67104596
198604097137,67104597
198604097137,67104598
198604097137,67104599
198604097137,67104600
198604097137,67104601
198604097137,67104602
198604097137,67104603
198604097137,67104604
198604097137,67104605
198604097137,67104606
198604097137,67104607
198604097137,67104610
198604097137,67104611
220589790547,67104028
220589790547,67104029
220589790547,67104030
220589790547,67104031
220589790547,67104126
220589790547,67104128
220589790547,67104131
220589790547,67104132
220589790547,67104134
220589790547,67104135
220589790547,67104136
220589790547,67104137
220589790547,67104141
220589790547,67104142
220589790547,67104154
220589790547,67104155
242575483957,67104583
242575483957,67104584
242575483957,67104585
242575483957,67104587
242575483957,67104588
242575483957,67104589
242575483957,67104590
242575483957,67104592
242575483957,67104593
242575483957,67104595
242575483957,67104613
242575483957,67104614
242575483957,67104617
242575483957,67104618
242575483957,67104620
242575483957,67104621
264561177367,67104033
264561177367,67104035
264561177367,67104036
264561177367,67104037
264561177367,67104038
264561177367,67104039
264561177367,67104040
264561177367,67104041
264561177367,67104042
264561177367,67104044
264561177367,67104045
264561177367,67104046
264561177367,67104047
264561177367,67104048
264561177367,67104049
264561177367,67104050
286546870777,67104575
286546870777,67104576
286546870777,67104577
286546870777,67104578
286546870777,67104579
286546870777,67104580
286546870777,67104581
286546870777,67104622
286546870777,67104623
286546870777,67104624
286546870777,67104625
286546870777,67104626
286546870777,67104629
286546870777,67104630
286546870777,67104631
286546870777,67106469
308532564187,67104094
308532564187,67104095
308532564187,67104097
308532564187,67104098
308532564187,67104101
308532564187,67104107
308532564187,67104108
308532564187,67104117
308532564187,67104118
308532564187,67104121
308532564187,67104123
308532564187,67104125
308532564187,67104127
308532564187,67104129
308532564187,67107694
330518257597,67104571
330518257597,67104572
330518257597,67104573
330518257597,67104574
330518257597,67104633
330518257597,67104637
330518257597,67104638
330518257597,67104971
330518257597,67105067
330518257597,67105104
330518257597,67105207
330518257597,67105267
330518257597,67105271
330518257597,67105298
330518257597,67108685
352503951007,67104053
352503951007,67104055
352503951007,67104059
352503951007,67104061
352503951007,67104062
352503951007,67104080
352503951007,67104081
352503951007,67104083
352503951007,67104084
352503951007,67104085
352503951007,67104086
352503951007,67104087
352503951007,67104088
352503951007,67104089
352503951007,67104093
352503951007,67107843
374489644417,67108217
374489644417,67108222
374489644417,67108223
374489644417,67108225
374489644417,67108226
374489644417,67108231
374489644417,67108233
374489644417,67108265
374489644417,67108268
374489644417,67108284
374489644417,67108288
374489644417,67108289
374489644417,67108292
374489644417,67108299
374489644417,67108308
374489644417,67108309
396475337827,67104051
396475337827,67104052
396475337827,67104054
396475337827,67104056
396475337827,67104246
396475337827,67107380
396475337827,67107386
396475337827,67107388
396475337827,67107424
396475337827,67107427
396475337827,67107454
396475337827,67107457
396475337827,67107468
396475337827,67107473
396475337827,67107479
396475337827,67107480
418461031237,67107506
418461031237,67107533
418461031237,67107545
418461031237,67107640
418461031237,67107821
418461031237,67107840
418461031237,67108004
418461031237,67108024
418461031237,67108027
418461031237,67108117
418461031237,67108118
418461031237,67108119
418461031237,67108134
418461031237,67108209
418461031237,67108781
440446724647,67107627
440446724647,67107756
440446724647,67107795
440446724647,67107811
440446724647,67107869
440446724647,67107885
440446724647,67107891
440446724647,67107923
440446724647,67107958
440446724647,67107963
440446724647,67108009
440446724647,67108016
440446724647,67108041
440446724647,67108065
440446724647,67108075
440446724647,67108076
462432418057,67104164
462432418057,67104166
462432418057,67104733
462432418057,67104815
462432418057,67104897
462432418057,67104977
462432418057,67107968
462432418057,67108026
462432418057,67108044
462432418057,67108216
462432418057,67108250
462432418057,67108270
462432418057,67108502
462432418057,67108672
462432418057,67108675
484418111467,67104169
484418111467,67104279
484418111467,67104699
484418111467,67104737
484418111467,67104821
484418111467,67104865
484418111467,67104967
484418111467,67105079
484418111467,67105135
484418111467,67105154
484418111467,67105181
484418111467,67106316
484418111467,67108494
484418111467,67108678
484418111467,67108788
506403804877,67104217
506403804877,67104228
506403804877,67106302
506403804877,67106372
506403804877,67106416
506403804877,67106552
506403804877,67106796
506403804877,67106893
506403804877,67107261
506403804877,67107936
506403804877,67108030
506403804877,67108196
506403804877,67108718
506403804877,67108726
506403804877,67108736
528389498287,67104222
528389498287,67104241
528389498287,67104796
528389498287,67104983
528389498287,67105340
528389498287,67105426
528389498287,67105582
528389498287,67105777
528389498287,67106700
528389498287,67107251
528389498287,67107297
528389498287,67107378
528389498287,67107653
528389498287,67107829
528389498287,67108749
550375191697,67105888
550375191697,67105901
550375191697,67105904
550375191697,67106027
550375191697,67106054
550375191697,67106078
550375191697,67106084
550375191697,67106169
550375191697,67106242
550375191697,67106254
550375191697,67106289
550375191697,67106352
550375191697,67106432
550375191697,67106478
550375191697,67106637
550375191697,67106680
572360885107,67104761
572360885107,67105076
572360885107,67105084
572360885107,67105311
572360885107,67106788
572360885107,67107535
572360885107,67107622
572360885107,67107721
572360885107,67107730
572360885107,67107789
572360885107,67107907
572360885107,67107917
572360885107,67108114
572360885107,67108352
572360885107,67108603
594346578517,131259
594346578517,67104273
594346578517,67105096
594346578517,67105185
594346578517,67105569
594346578517,67105793
594346578517,67106368
594346578517,67106856
594346578517,67107004
594346578517,67107152
594346578517,67107162
594346578517,67107420
594346578517,67108012
594346578517,67108388
594346578517,67108782
616332271927,67105123
616332271927,67105524
616332271927,67106145
616332271927,67106481
616332271927,67106945
616332271927,67106962
616332271927,67107288
616332271927,67107344
616332271927,67107482
616332271927,67107644
616332271927,67107701
616332271927,67107867
616332271927,67108032
616332271927,67108485
616332271927,67108544
616332271927,67108723
638317965337,67105607
638317965337,67105880
638317965337,67105905
638317965337,67106152
638317965337,67106315
638317965337,67106373
638317965337,67106798
638317965337,67106867
638317965337,67107271
638317965337,67107499
638317965337,67107824
638317965337,67107990
638317965337,67108129
638317965337,67108493
638317965337,67108772
660303658747,67104901
660303658747,67105328
660303658747,67105717
660303658747,67105817
660303658747,67105894
660303658747,67105979
660303658747,67106005
660303658747,67106083
660303658747,67106313
660303658747,67106601
660303658747,67106652
660303658747,67106734
660303658747,67107171
660303658747,67107980
660303658747,67108023
682289352157,67104173
682289352157,67104839
682289352157,67105011
682289352157,67105128
682289352157,67105194
682289352157,67105706
682289352157,67105874
682289352157,67106926
682289352157,67106927
682289352157,67107377
682289352157,67107796
682289352157,67108420
682289352157,67108445
682289352157,67108457
682289352157,67108579
682289352157,67108682
704275045567,67104258
704275045567,67105112
704275045567,67105799
704275045567,67106252
704275045567,67106534
704275045567,67106567
704275045567,67107023
704275045567,67107049
704275045567,67107110
704275045567,67107308
704275045567,67107729
704275045567,67107804
704275045567,67107841
704275045567,67107887
704275045567,67108767
726260738977,67104928
726260738977,67105101
726260738977,67105169
726260738977,67106324
726260738977,67106541
726260738977,67106542
726260738977,67107032
726260738977,67107439
726260738977,67107542
726260738977,67107577
726260738977,67107666
726260738977,67107798
726260738977,67108131
726260738977,67108143
726260738977,67108542
748246432387,67105316
748246432387,67105571
748246432387,67105572
748246432387,67106098
748246432387,67106099
748246432387,67106359
748246432387,67106490
748246432387,67106969
748246432387,67107050
748246432387,67107062
748246432387,67107250
748246432387,67107278
748246432387,67107327
748246432387,67107860
748246432387,67107982
748246432387,67108275
770232125797,67104961
770232125797,67105058
770232125797,67105349
770232125797,67105423
770232125797,67105987
770232125797,67106015
770232125797,67106154
770232125797,67106414
770232125797,67106479
770232125797,67106649
770232125797,67106812
770232125797,67107310
770232125797,67107513
770232125797,67107565
770232125797,67108318
770232125797,67108642
