732856447,67104566
732856447,67104567
732856447,67104568
732856447,67104569
732856447,67104570
732856447,67104787
22718549857,67104543
22718549857,67104544
22718549857,67104545
22718549857,67104546
22718549857,67104547
22718549857,67104548
22718549857,67104586
22718549857,67104609
22718549857,67104616
22718549857,67104627
22718549857,67104635
22718549857,67104660
22718549857,67104662
22718549857,67104665
22718549857,67104666
22718549857,67104668
44704243267,67104034
44704243267,67104043
44704243267,67104067
44704243267,67104075
44704243267,67104090
44704243267,67104100
44704243267,67104104
44704243267,67104109
44704243267,67104110
44704243267,67104111
44704243267,67104116
44704243267,67104119
44704243267,67104120
44704243267,67104122
44704243267,67104139
44704243267,67104152
66689936677,67104582
66689936677,67104608
66689936677,67104612
66689936677,67104615
66689936677,67104619
66689936677,67104636
66689936677,67104642
66689936677,67104643
66689936677,67104647
66689936677,67104648
66689936677,67104656
66689936677,67104663
66689936677,67104667
66689936677,67104669
66689936677,67104670
66689936677,67107129
88675630087,67104058
88675630087,67104065
88675630087,67104079
88675630087,67104082
88675630087,67104091
88675630087,67104092
88675630087,67104096
88675630087,67104099
88675630087,67104102
88675630087,67104103
88675630087,67104105
88675630087,67104106
88675630087,67104112
88675630087,67104113
88675630087,67104114
88675630087,67104115
110661323497,67104549
110661323497,67104550
110661323497,67104551
110661323497,67104552
110661323497,67104553
110661323497,67104554
110661323497,67104555
110661323497,67104556
110661323497,67104628
110661323497,67104634
110661323497,67104639
110661323497,67104641
110661323497,67104644
110661323497,67104652
110661323497,67104657
110661323497,67104664
132647016907,67104143
132647016907,67104144
132647016907,67104145
132647016907,67104146
132647016907,67104147
132647016907,67104149
132647016907,67104150
132647016907,67104153
