1093269888,67100903
1093269888,67100904
1093269888,67100905
1093269888,67100906
1093269888,67100907
1093269888,67100908
1093269888,67100909
1093269888,67100910
1093269888,67100911
1093269888,67100912
1093269888,67100913
1093269888,67100914
1093269888,67100915
1093269888,67100919
1093269888,67100940
1093269888,67101281
33891366528,67100916
33891366528,67100920
33891366528,67100921
33891366528,67100923
33891366528,67100924
33891366528,67100930
33891366528,67100935
33891366528,67100951
33891366528,67100956
33891366528,67100964
33891366528,67100969
33891366528,67101082
33891366528,67101088
33891366528,67101089
33891366528,67101090
33891366528,67101096
66689463168,67100098
66689463168,67100099
66689463168,67100100
66689463168,67100101
66689463168,67100102
66689463168,67100103
66689463168,67100104
66689463168,67100105
66689463168,67100106
66689463168,67100107
66689463168,67100113
66689463168,67100125
66689463168,67100130
66689463168,67100301
66689463168,67103125
66689463168,67108595
99487559808,67100299
99487559808,67100917
99487559808,67100918
99487559808,67100927
99487559808,67100928
99487559808,67100933
99487559808,67100942
99487559808,67100953
99487559808,67100963
99487559808,67101033
99487559808,67101036
99487559808,67101051
99487559808,67101712
99487559808,67101777
99487559808,67101778
99487559808,67108593
132285656448,67100108
132285656448,67100109
132285656448,67100110
132285656448,67100112
132285656448,67100114
132285656448,67100117
132285656448,67100118
132285656448,67100126
132285656448,67100127
132285656448,67100128
132285656448,67100131
132285656448,67100135
132285656448,67100136
132285656448,67100137
132285656448,67100140
132285656448,67101600
165083753088,67100922
165083753088,67100925
165083753088,67100929
165083753088,67100931
165083753088,67100932
165083753088,67101840
