1093269888,67100903
1093269888,67100904
1093269888,67100905
1093269888,67100906
1093269888,67100907
1093269888,67100908
1093269888,67100909
1093269888,67100910
1093269888,67100911
1093269888,67100912
1093269888,67100913
1093269888,67100914
1093269888,67100915
1093269888,67100919
1093269888,67100940
1093269888,67101281
33891366528,67100916
33891366528,67100920
33891366528,67100921
33891366528,67100923
33891366528,67100924
33891366528,67100930
33891366528,67100935
33891366528,67100951
33891366528,67100956
33891366528,67100964
33891366528,67100969
33891366528,67101082
33891366528,67101088
33891366528,67101089
33891366528,67101090
33891366528,67101096
66689463168,67100098
66689463168,67100099
66689463168,67100100
66689463168,67100101
66689463168,67100102
66689463168,67100103
66689463168,67100104
66689463168,67100105
66689463168,67100106
66689463168,67100107
66689463168,67100113
66689463168,67100125
66689463168,67100130
66689463168,67100301
66689463168,67103125
66689463168,67108595
99487559808,67100299
99487559808,67100917
99487559808,67100918
99487559808,67100927
99487559808,67100928
99487559808,67100933
99487559808,67100942
99487559808,67100953
99487559808,67100963
99487559808,67101033
99487559808,67101036
99487559808,67101051
99487559808,67101712
99487559808,67101777
99487559808,67101778
99487559808,67108593
132285656448,67100108
132285656448,67100109
132285656448,67100110
132285656448,67100112
132285656448,67100114
132285656448,67100117
132285656448,67100118
132285656448,67100126
132285656448,67100127
132285656448,67100128
132285656448,67100131
132285656448,67100135
132285656448,67100136
132285656448,67100137
132285656448,67100140
132285656448,67101600
165083753088,67100922
165083753088,67100925
165083753088,67100929
165083753088,67100931
165083753088,67100932
165083753088,67100934
165083753088,67100936
165083753088,67100937
165083753088,67100939
165083753088,67100941
165083753088,67100947
165083753088,67100962
165083753088,67101840
165083753088,67101850
165083753088,67101866
165083753088,67101977
197881849728,67100111
197881849728,67100115
197881849728,67100116
197881849728,67100119
197881849728,67100120
197881849728,67100121
197881849728,67100122
197881849728,67100123
197881849728,67100124
197881849728,67100129
197881849728,67100132
197881849728,67101900
197881849728,67101914
197881849728,67101947
197881849728,67101949
197881849728,67102052
230679946368,131245
230679946368,67100926
230679946368,67100938
230679946368,67100943
230679946368,67100944
230679946368,67100945
230679946368,67100948
230679946368,67100957
230679946368,67100959
230679946368,67100983
230679946368,67100989
230679946368,67100993
230679946368,67100998
230679946368,67101894
230679946368,67103460
230679946368,67108596
263478043008,67100133
263478043008,67100134
263478043008,67100138
263478043008,67100141
263478043008,67100142
263478043008,67100143
263478043008,67100144
263478043008,67100149
263478043008,67100152
263478043008,67100154
263478043008,67100163
263478043008,67100165
263478043008,67101943
263478043008,67101945
263478043008,67101952
263478043008,67101956
296276139648,67100304
296276139648,67100946
296276139648,67100950
296276139648,67100954
296276139648,67100965
296276139648,67100980
296276139648,67100987
296276139648,67100990
296276139648,67100991
296276139648,67101000
296276139648,67101002
296276139648,67103985
296276139648,67104036
296276139648,67104039
296276139648,67108598
296276139648,67108599
329074236288,67100139
329074236288,67100145
329074236288,67100146
329074236288,67100147
329074236288,67100148
329074236288,67100151
329074236288,67100157
329074236288,67100161
329074236288,67100162
329074236288,67100167
329074236288,67100302
329074236288,67100303
329074236288,67103666
329074236288,67103702
329074236288,67103710
329074236288,67108597
361872332928,67100305
361872332928,67100309
361872332928,67100310
361872332928,67100949
361872332928,67100952
361872332928,67100955
361872332928,67100958
361872332928,67100960
361872332928,67104573
361872332928,67104587
361872332928,67104624
361872332928,67104690
361872332928,67104713
361872332928,67108603
361872332928,67108604
361872332928,67108605
394670429568,67100150
394670429568,67100155
394670429568,67100156
394670429568,67100166
394670429568,67100220
394670429568,67100221
394670429568,67100222
394670429568,67100224
394670429568,67100225
394670429568,67100226
394670429568,67100228
394670429568,67100229
394670429568,67100237
394670429568,67100243
394670429568,67100248
394670429568,67104262
427468526208,131243
427468526208,67100180
427468526208,67100215
427468526208,67100269
427468526208,67100283
427468526208,67100298
427468526208,67101213
427468526208,67101227
427468526208,67101232
427468526208,67101274
427468526208,67101290
427468526208,67101301
427468526208,67101325
427468526208,67101334
427468526208,67101558
427468526208,67101596
460266622848,67100961
460266622848,67100968
460266622848,67100978
460266622848,67100979
460266622848,67100986
460266622848,67100997
460266622848,67103934
460266622848,67103935
460266622848,67103936
460266622848,67103941
460266622848,67103942
460266622848,67103945
460266622848,67103946
460266622848,67103947
460266622848,67103949
460266622848,67103950
493064719488,67100153
493064719488,67100158
493064719488,67100159
493064719488,67100160
493064719488,67100164
493064719488,67100169
493064719488,67100178
493064719488,67100216
493064719488,67100230
493064719488,67100231
493064719488,67102423
493064719488,67102772
493064719488,67102807
493064719488,67103235
493064719488,67103400
493064719488,67103505
525862816128,67100966
525862816128,67100967
525862816128,67100970
525862816128,67100971
525862816128,67100973
525862816128,67100974
525862816128,67100975
525862816128,67100976
525862816128,67100977
525862816128,67100984
525862816128,67100994
525862816128,67100996
525862816128,67101015
525862816128,67101079
525862816128,67103210
525862816128,67103606
558660912768,131251
558660912768,67100300
558660912768,67100306
558660912768,67100307
558660912768,67100308
558660912768,67101011
558660912768,67101013
558660912768,67101018
558660912768,67101019
558660912768,67104023
558660912768,67104417
558660912768,67104451
558660912768,67104476
558660912768,67108594
558660912768,67108601
558660912768,67108602
591459009408,67100173
591459009408,67100176
591459009408,67100177
591459009408,67100179
591459009408,67100184
591459009408,67100187
591459009408,67100194
591459009408,67100201
591459009408,67100218
591459009408,67100270
591459009408,67103781
591459009408,67104006
591459009408,67104056
591459009408,67104450
591459009408,67104676
624257106048,67100170
624257106048,67100171
624257106048,67100172
624257106048,67100191
624257106048,67100193
624257106048,67100196
624257106048,67100198
624257106048,67100202
624257106048,67100223
624257106048,67102068
624257106048,67102494
624257106048,67102671
624257106048,67102886
624257106048,67106197
624257106048,67106462
657055202688,67100168
657055202688,67101284
657055202688,67101292
657055202688,67101299
657055202688,67101961
657055202688,67102031
657055202688,67102056
657055202688,67102492
657055202688,67102874
657055202688,67102987
657055202688,67103105
657055202688,67103219
657055202688,67103359
657055202688,67103539
657055202688,67103688
657055202688,67106586
689853299328,67100185
689853299328,67100200
689853299328,67100212
689853299328,67100280
689853299328,67100285
689853299328,67101237
689853299328,67101257
689853299328,67101438
689853299328,67101517
689853299328,67104027
