827860087,67100686
827860087,67100882
827860087,67100912
827860087,67100943
827860087,67100963
827860087,67100964
827860087,67100978
827860087,67100980
827860087,67100987
827860087,67100988
827860087,67100990
827860087,67100992
827860087,67100994
827860087,67100995
827860087,67100996
827860087,67101022
25663662697,67100716
25663662697,67100717
25663662697,67100769
25663662697,67100770
25663662697,67100772
25663662697,67100773
25663662697,67100774
25663662697,67100775
25663662697,67100776
25663662697,67100778
25663662697,67100779
25663662697,67100781
25663662697,67100782
25663662697,67100784
25663662697,67100785
25663662697,67104986
50499465307,67099306
50499465307,67099314
50499465307,67099316
50499465307,67099324
50499465307,67099336
50499465307,67099347
50499465307,67099354
50499465307,67099463
50499465307,67099538
50499465307,67099557
50499465307,67099558
50499465307,67099559
50499465307,67099562
50499465307,67099574
50499465307,67099578
50499465307,67099584
75335267917,67099343
75335267917,67099425
75335267917,67099427
75335267917,67099434
75335267917,67099454
75335267917,67099458
75335267917,67099466
75335267917,67099509
75335267917,67099511
75335267917,67099512
75335267917,67099554
75335267917,67099571
75335267917,67099575
75335267917,67099585
75335267917,67099793
75335267917,67100883
100171070527,67099288
100171070527,67099651
100171070527,67100757
100171070527,67100764
100171070527,67100820
100171070527,67100833
100171070527,67100960
100171070527,67101003
100171070527,67102154
100171070527,67102155
100171070527,67102182
100171070527,67102273
100171070527,67102315
100171070527,67102405
100171070527,67102452
100171070527,67108494
125006873137,67099272
125006873137,67099301
125006873137,67099308
125006873137,67099312
125006873137,67099317
125006873137,67099318
125006873137,67099320
125006873137,67099321
125006873137,67099330
125006873137,67099332
125006873137,67099338
125006873137,67099344
125006873137,67099345
