902036450,67093288
902036450,67093289
902036450,67093290
902036450,67093291
902036450,67093292
902036450,67093293
902036450,67093294
902036450,67093295
902036450,67093296
902036450,67093297
902036450,67093298
902036450,67093299
902036450,67093300
902036450,67093301
902036450,67093302
902036450,67093303
902036450,67093304
902036450,67093305
902036450,67093306
902036450,67093307
902036450,67093308
902036450,67093309
902036450,67093310
902036450,67093311
902036450,67093313
902036450,67093314
902036450,67093315
902036450,67093316
902036450,67093317
902036450,67093318
902036450,67093319
902036450,67093320
902036450,67093321
902036450,67093322
902036450,67093323
902036450,67093324
902036450,67093325
902036450,67093326
902036450,67093327
902036450,67093328
902036450,67093329
902036450,67093330
902036450,67093331
902036450,67093333
902036450,67093335
902036450,67093336
902036450,67093337
902036450,67093338
902036450,67093339
902036450,67093340
902036450,67093341
902036450,67093342
902036450,67093343
902036450,67093344
902036450,67093345
902036450,67093346
902036450,67093347
902036450,67093348
902036450,67093349
902036450,67093350
902036450,67093351
902036450,67093352
902036450,67093353
902036450,67093354
902036450,67093355
902036450,67093356
902036450,67093357
902036450,67093372
902036450,67093375
902036450,67093401
902036450,67093403
902036450,67093407
902036450,67093410
902036450,67093413
902036450,67093415
902036450,67093417
902036450,67093418
902036450,67093425
902036450,67093426
902036450,67093428
902036450,67093433
902036450,67093436
902036450,67093443
902036450,67093446
902036450,67093461
902036450,67093464
902036450,67093465
902036450,67093472
902036450,67093474
902036450,67093477
902036450,67093478
902036450,67093485
902036450,67093488
902036450,67093499
902036450,67093504
902036450,67093516
902036450,67093518
902036450,67093523
902036450,67093531
902036450,67093536
902036450,67093541
902036450,67093548
902036450,67093552
902036450,67093553
902036450,67093558
902036450,67093559
902036450,67093562
902036450,67093565
902036450,67093567
902036450,67093576
902036450,67093585
902036450,67093595
902036450,67093603
902036450,67093615
902036450,67093616
902036450,67093617
902036450,67093619
902036450,67093624
902036450,67093634
902036450,67093637
902036450,67093639
902036450,67093640
902036450,67095395
902036450,67102786
27963129950,131231
27963129950,67093332
27963129950,67093334
27963129950,67093369
27963129950,67093370
27963129950,67093373
27963129950,67093379
27963129950,67093381
27963129950,67093382
27963129950,67093383
27963129950,67093391
27963129950,67093392
27963129950,67093393
27963129950,67093394
27963129950,67093395
27963129950,67093396
27963129950,67093397
27963129950,67093398
27963129950,67093402
27963129950,67093404
27963129950,67093405
27963129950,67093408
27963129950,67093411
27963129950,67093412
27963129950,67093414
27963129950,67093416
27963129950,67093419
27963129950,67093420
27963129950,67093421
27963129950,67093423
27963129950,67093424
27963129950,67093427
27963129950,67093429
27963129950,67093431
27963129950,67093434
27963129950,67093435
27963129950,67093438
27963129950,67093439
27963129950,67093442
27963129950,67093445
27963129950,67093447
27963129950,67093449
27963129950,67093450
27963129950,67093451
27963129950,67093453
27963129950,67093454
27963129950,67093455
27963129950,67093456
27963129950,67093457
27963129950,67093459
27963129950,67093460
27963129950,67093462
27963129950,67093463
27963129950,67093468
27963129950,67093469
27963129950,67093470
27963129950,67093471
27963129950,67093473
27963129950,67093475
27963129950,67093476
27963129950,67093479
27963129950,67093487
27963129950,67093489
27963129950,67093490
27963129950,67093491
27963129950,67093492
27963129950,67093493
27963129950,67093494
27963129950,67093497
27963129950,67093500
27963129950,67093501
27963129950,67093503
27963129950,67093505
27963129950,67093514
27963129950,67093517
27963129950,67093520
27963129950,67093525
27963129950,67093526
27963129950,67093528
27963129950,67093529
27963129950,67093530
27963129950,67093533
27963129950,67093535
27963129950,67093537
27963129950,67093538
27963129950,67093540
27963129950,67093544
27963129950,67093545
27963129950,67093546
27963129950,67093547
27963129950,67093554
27963129950,67093555
27963129950,67093556
27963129950,67093557
27963129950,67093561
27963129950,67093563
27963129950,67093564
27963129950,67093566
27963129950,67093568
27963129950,67093569
27963129950,67093570
27963129950,67093572
27963129950,67093573
27963129950,67093575
27963129950,67093577
27963129950,67093578
27963129950,67093580
27963129950,67093584
27963129950,67093586
27963129950,67093587
27963129950,67093592
27963129950,67093593
27963129950,67093594
27963129950,67093596
27963129950,67093597
27963129950,67093598
27963129950,67093602
27963129950,67093604
27963129950,67093613
27963129950,67093614
27963129950,67093620
27963129950,67093621
27963129950,67093623
27963129950,67093626
27963129950,67093627
27963129950,67093630
27963129950,67093631
27963129950,67093638
55024223450,67093312
55024223450,67093358
55024223450,67093359
55024223450,67093360
55024223450,67093361
55024223450,67093362
55024223450,67093363
55024223450,67093364
55024223450,67093365
55024223450,67093366
55024223450,67093367
55024223450,67093368
55024223450,67093371
55024223450,67093374
55024223450,67093376
55024223450,67093377
55024223450,67093378
55024223450,67093380
55024223450,67093384
55024223450,67093385
55024223450,67093386
55024223450,67093387
55024223450,67093388
55024223450,67093400
55024223450,67093406
55024223450,67093409
55024223450,67093422
55024223450,67093430
55024223450,67093432
55024223450,67093437
55024223450,67093440
55024223450,67093441
55024223450,67093448
55024223450,67093452
55024223450,67093458
55024223450,67093466
55024223450,67093467
55024223450,67093480
55024223450,67093481
55024223450,67093482
55024223450,67093483
55024223450,67093484
55024223450,67093486
55024223450,67093496
55024223450,67093498
55024223450,67093502
55024223450,67093506
55024223450,67093507
55024223450,67093508
55024223450,67093509
55024223450,67093510
55024223450,67093511
55024223450,67093512
55024223450,67093513
55024223450,67093515
55024223450,67093519
55024223450,67093521
55024223450,67093522
55024223450,67093527
55024223450,67093532
55024223450,67093534
55024223450,67093539
55024223450,67093542
55024223450,67093543
55024223450,67093549
55024223450,67093550
55024223450,67093551
55024223450,67093560
55024223450,67093571
55024223450,67093574
55024223450,67093579
55024223450,67093581
55024223450,67093582
55024223450,67093583
55024223450,67093588
55024223450,67093589
55024223450,67093590
55024223450,67093591
55024223450,67093599
55024223450,67093600
55024223450,67093601
55024223450,67093605
55024223450,67093606
55024223450,67093607
55024223450,67093608
55024223450,67093609
55024223450,67093610
55024223450,67093611
55024223450,67093612
55024223450,67093618
55024223450,67093622
55024223450,67093625
55024223450,67093628
55024223450,67093629
55024223450,67093632
55024223450,67093633
55024223450,67093635
55024223450,67093636
55024223450,67093642
55024223450,67093643
55024223450,67093644
55024223450,67093645
55024223450,67093646
55024223450,67093647
55024223450,67093648
55024223450,67093649
55024223450,67093650
55024223450,67108434
55024223450,67108435
55024223450,67108441
55024223450,67108445
55024223450,67108527
55024223450,67108537
55024223450,67108545
55024223450,67108556
55024223450,67108558
55024223450,67108562
55024223450,67108571
55024223450,67108593
55024223450,67108597
55024223450,67108629
55024223450,67108637
55024223450,67108644
55024223450,67108656
55024223450,67108719
55024223450,67108726
82085316950,67108436
82085316950,67108438
82085316950,67108440
82085316950,67108447
82085316950,67108448
82085316950,67108452
82085316950,67108473
82085316950,67108512
82085316950,67108514
82085316950,67108517
82085316950,67108518
82085316950,67108526
82085316950,67108529
82085316950,67108530
82085316950,67108531
82085316950,67108533
82085316950,67108536
82085316950,67108539
82085316950,67108540
82085316950,67108549
82085316950,67108552
82085316950,67108555
82085316950,67108557
82085316950,67108561
82085316950,67108564
82085316950,67108568
82085316950,67108573
82085316950,67108575
82085316950,67108578
82085316950,67108586
82085316950,67108587
82085316950,67108588
82085316950,67108589
82085316950,67108591
82085316950,67108598
82085316950,67108601
82085316950,67108602
82085316950,67108603
82085316950,67108605
82085316950,67108610
82085316950,67108611
82085316950,67108613
82085316950,67108615
82085316950,67108617
82085316950,67108620
82085316950,67108622
82085316950,67108623
82085316950,67108624
82085316950,67108626
82085316950,67108627
82085316950,67108628
82085316950,67108630
82085316950,67108631
82085316950,67108632
82085316950,67108633
82085316950,67108635
82085316950,67108638
82085316950,67108639
82085316950,67108640
82085316950,67108641
82085316950,67108643
82085316950,67108645
82085316950,67108646
82085316950,67108647
82085316950,67108649
82085316950,67108651
82085316950,67108652
82085316950,67108654
82085316950,67108655
82085316950,67108658
82085316950,67108660
82085316950,67108661
82085316950,67108662
82085316950,67108664
82085316950,67108665
82085316950,67108666
82085316950,67108667
82085316950,67108668
82085316950,67108669
82085316950,67108670
82085316950,67108671
82085316950,67108672
82085316950,67108673
82085316950,67108674
82085316950,67108675
82085316950,67108677
82085316950,67108678
82085316950,67108681
82085316950,67108682
82085316950,67108688
82085316950,67108689
82085316950,67108690
82085316950,67108691
82085316950,67108695
82085316950,67108697
82085316950,67108699
82085316950,67108703
82085316950,67108704
82085316950,67108712
82085316950,67108717
82085316950,67108718
82085316950,67108723
82085316950,67108727
82085316950,67108728
82085316950,67108730
82085316950,67108734
82085316950,67108735
82085316950,67108736
82085316950,67108737
82085316950,67108740
82085316950,67108741
82085316950,67108742
82085316950,67108744
82085316950,67108747
82085316950,67108748
82085316950,67108752
82085316950,67108758
82085316950,67108759
82085316950,67108762
82085316950,67108763
82085316950,67108765
82085316950,67108766
82085316950,67108778
82085316950,67108782
82085316950,67108790
82085316950,67108791
109146410450,131260
109146410450,131261
109146410450,67093641
109146410450,67100803
109146410450,67100823
109146410450,67100828
109146410450,67100833
109146410450,67100883
109146410450,67108194
109146410450,67108207
109146410450,67108214
109146410450,67108219
109146410450,67108224
109146410450,67108225
109146410450,67108274
109146410450,67108433
109146410450,67108459
109146410450,67108460
109146410450,67108464
109146410450,67108468
109146410450,67108470
109146410450,67108471
109146410450,67108498
109146410450,67108505
109146410450,67108515
109146410450,67108516
109146410450,67108521
109146410450,67108523
109146410450,67108525
109146410450,67108528
109146410450,67108532
109146410450,67108535
109146410450,67108538
109146410450,67108541
109146410450,67108546
109146410450,67108547
109146410450,67108548
109146410450,67108550
109146410450,67108551
109146410450,67108553
109146410450,67108554
109146410450,67108559
109146410450,67108560
109146410450,67108565
109146410450,67108567
109146410450,67108570
109146410450,67108572
109146410450,67108574
109146410450,67108577
109146410450,67108579
109146410450,67108583
109146410450,67108592
109146410450,67108594
109146410450,67108599
109146410450,67108604
109146410450,67108606
109146410450,67108608
109146410450,67108609
109146410450,67108612
109146410450,67108614
109146410450,67108616
109146410450,67108618
109146410450,67108625
109146410450,67108636
109146410450,67108642
109146410450,67108650
109146410450,67108657
109146410450,67108663
109146410450,67108676
109146410450,67108679
109146410450,67108680
109146410450,67108683
109146410450,67108684
109146410450,67108685
109146410450,67108687
109146410450,67108692
109146410450,67108693
109146410450,67108694
109146410450,67108696
109146410450,67108698
109146410450,67108700
109146410450,67108701
109146410450,67108702
109146410450,67108705
109146410450,67108706
109146410450,67108707
109146410450,67108708
109146410450,67108709
109146410450,67108710
109146410450,67108713
109146410450,67108714
109146410450,67108716
109146410450,67108720
109146410450,67108721
109146410450,67108722
109146410450,67108724
109146410450,67108725
109146410450,67108729
109146410450,67108731
109146410450,67108732
109146410450,67108738
109146410450,67108739
109146410450,67108743
109146410450,67108745
109146410450,67108746
109146410450,67108749
109146410450,67108753
109146410450,67108756
109146410450,67108757
109146410450,67108760
109146410450,67108761
109146410450,67108764
109146410450,67108767
109146410450,67108769
109146410450,67108770
109146410450,67108771
109146410450,67108772
109146410450,67108773
109146410450,67108774
109146410450,67108775
109146410450,67108776
109146410450,67108780
109146410450,67108781
109146410450,67108783
109146410450,67108784
109146410450,67108793
136207503950,67090083
136207503950,67093864
136207503950,67093926
136207503950,67093947
136207503950,67094010
136207503950,67094028
136207503950,67094071
136207503950,67094073
136207503950,67094113
136207503950,67094256
136207503950,67094363
136207503950,67094375
136207503950,67094441
136207503950,67094524
136207503950,67094660
136207503950,67094675
136207503950,67100513
136207503950,67100514
136207503950,67100516
136207503950,67100517
136207503950,67100520
136207503950,67100521
136207503950,67100522
136207503950,67100523
136207503950,67100524
136207503950,67100525
136207503950,67100526
136207503950,67100527
136207503950,67100528
136207503950,67100529
136207503950,67100644
136207503950,67100649
136207503950,67100650
136207503950,67100652
136207503950,67100656
136207503950,67100661
136207503950,67100663
136207503950,67100664
136207503950,67100861
136207503950,67100862
136207503950,67100863
136207503950,67100864
136207503950,67100865
136207503950,67100866
136207503950,67100868
136207503950,67100869
136207503950,67100870
136207503950,67101255
136207503950,67101317
136207503950,67101338
136207503950,67101401
136207503950,67101419
136207503950,67101462
136207503950,67101504
136207503950,67101647
136207503950,67101754
136207503950,67101766
136207503950,67101832
136207503950,67101915
136207503950,67102051
136207503950,67102066
136207503950,67107904
136207503950,67107905
136207503950,67107906
136207503950,67107907
136207503950,67107908
136207503950,67107911
136207503950,67107912
136207503950,67107913
136207503950,67107914
136207503950,67107915
136207503950,67107916
136207503950,67107917
136207503950,67107918
136207503950,67107919
136207503950,67107920
136207503950,67108035
136207503950,67108040
136207503950,67108041
136207503950,67108043
136207503950,67108047
136207503950,67108052
136207503950,67108054
136207503950,67108055
136207503950,67108252
136207503950,67108253
136207503950,67108254
136207503950,67108255
136207503950,67108256
136207503950,67108257
136207503950,67108259
136207503950,67108260
136207503950,67108261
136207503950,67108432
136207503950,67108442
136207503950,67108444
136207503950,67108446
136207503950,67108449
136207503950,67108450
136207503950,67108451
136207503950,67108453
136207503950,67108454
136207503950,67108457
136207503950,67108461
136207503950,67108463
136207503950,67108466
136207503950,67108467
136207503950,67108469
136207503950,67108472
136207503950,67108474
136207503950,67108475
136207503950,67108481
136207503950,67108482
136207503950,67108483
136207503950,67108487
136207503950,67108489
136207503950,67108491
136207503950,67108496
136207503950,67108499
136207503950,67108500
136207503950,67108519
136207503950,67108520
136207503950,67108522
136207503950,67108595
163268597450,131245
163268597450,131246
163268597450,131259
163268597450,67094777
163268597450,67094793
163268597450,67095024
163268597450,67096137
163268597450,67096752
163268597450,67097923
163268597450,67097933
163268597450,67098590
163268597450,67099829
163268597450,67099940
163268597450,67100235
163268597450,67100276
163268597450,67100367
163268597450,67100444
163268597450,67100541
163268597450,67100555
163268597450,67100585
163268597450,67100596
163268597450,67100616
163268597450,67100678
163268597450,67100679
163268597450,67100684
163268597450,67100702
163268597450,67100707
163268597450,67100716
163268597450,67100723
163268597450,67100732
163268597450,67100755
163268597450,67100757
163268597450,67100768
163268597450,67100772
163268597450,67100808
163268597450,67100843
163268597450,67100879
163268597450,67100915
163268597450,67100959
163268597450,67100970
163268597450,67100983
163268597450,67100988
163268597450,67100991
163268597450,67101006
163268597450,67102168
163268597450,67102184
163268597450,67102415
163268597450,67103528
163268597450,67104143
163268597450,67105314
163268597450,67105324
163268597450,67105981
163268597450,67107220
163268597450,67107331
163268597450,67107626
163268597450,67107667
163268597450,67107758
163268597450,67107835
163268597450,67107932
163268597450,67107946
163268597450,67107976
163268597450,67107987
163268597450,67108069
163268597450,67108075
163268597450,67108093
163268597450,67108098
163268597450,67108107
163268597450,67108114
163268597450,67108123
163268597450,67108146
163268597450,67108159
163268597450,67108163
163268597450,67108199
163268597450,67108234
163268597450,67108270
163268597450,67108286
163268597450,67108306
163268597450,67108324
163268597450,67108350
163268597450,67108361
163268597450,67108370
163268597450,67108374
163268597450,67108379
163268597450,67108382
163268597450,67108397
163268597450,67108431
163268597450,67108437
163268597450,67108439
163268597450,67108443
163268597450,67108458
163268597450,67108462
163268597450,67108476
163268597450,67108479
163268597450,67108480
163268597450,67108484
163268597450,67108485
163268597450,67108486
163268597450,67108488
163268597450,67108490
163268597450,67108492
163268597450,67108493
163268597450,67108494
163268597450,67108495
163268597450,67108506
163268597450,67108508
163268597450,67108513
163268597450,67108563
163268597450,67108566
163268597450,67108580
163268597450,67108582
163268597450,67108584
163268597450,67108607
163268597450,67108619
163268597450,67108621
163268597450,67108634
163268597450,67108648
163268597450,67108686
163268597450,67108711
163268597450,67108751
163268597450,67108777
163268597450,67108779
163268597450,67108787
163268597450,67108788
163268597450,67108794
190329690950,67093652
190329690950,67093658
190329690950,67093659
190329690950,67093660
190329690950,67093663
190329690950,67093665
190329690950,67093667
190329690950,67093668
190329690950,67093671
190329690950,67093682
190329690950,67093688
190329690950,67093689
190329690950,67093913
190329690950,67093914
190329690950,67093915
190329690950,67093916
190329690950,67094393
190329690950,67094394
190329690950,67094395
190329690950,67094396
190329690950,67094397
190329690950,67094551
190329690950,67094686
190329690950,67094687
190329690950,67094688
190329690950,67094828
190329690950,67094829
190329690950,67094830
190329690950,67095078
190329690950,67095079
190329690950,67095370
190329690950,67095786
190329690950,67095848
190329690950,67095849
190329690950,67096346
190329690950,67096347
190329690950,67096366
190329690950,67096367
190329690950,67096608
190329690950,67096609
190329690950,67096610
190329690950,67096757
190329690950,67096758
190329690950,67096759
190329690950,67096766
190329690950,67096813
190329690950,67096814
190329690950,67096815
190329690950,67096893
190329690950,67096929
190329690950,67096930
190329690950,67097099
190329690950,67097126
190329690950,67097127
190329690950,67097139
190329690950,67097398
190329690950,67098035
190329690950,67098053
190329690950,67098138
190329690950,67098151
190329690950,67101042
190329690950,67101043
190329690950,67101048
190329690950,67101049
190329690950,67101050
190329690950,67101051
190329690950,67101053
190329690950,67101054
190329690950,67101056
190329690950,67101058
190329690950,67101059
190329690950,67101062
190329690950,67101073
190329690950,67101079
190329690950,67101080
190329690950,67101304
190329690950,67101305
190329690950,67101306
190329690950,67101307
190329690950,67101784
190329690950,67101785
190329690950,67101786
190329690950,67101787
190329690950,67101942
190329690950,67102077
190329690950,67102078
190329690950,67102079
190329690950,67102219
190329690950,67102220
190329690950,67102221
190329690950,67102469
190329690950,67102470
190329690950,67102761
190329690950,67103177
190329690950,67103239
190329690950,67103240
190329690950,67103737
190329690950,67103738
190329690950,67103757
190329690950,67103758
190329690950,67103999
190329690950,67104000
190329690950,67104001
190329690950,67104148
190329690950,67104149
190329690950,67104150
190329690950,67104157
190329690950,67104204
190329690950,67104205
190329690950,67104206
190329690950,67104283
190329690950,67104284
190329690950,67104320
190329690950,67104321
190329690950,67104490
190329690950,67104517
190329690950,67104518
190329690950,67104530
190329690950,67104789
190329690950,67105426
190329690950,67105443
190329690950,67105444
190329690950,67105529
190329690950,67105542
217390784450,67096984
217390784450,67097575
217390784450,67097928
217390784450,67098236
217390784450,67098237
217390784450,67098810
217390784450,67098888
217390784450,67098889
217390784450,67098928
217390784450,67098929
217390784450,67099023
217390784450,67099024
217390784450,67099153
217390784450,67099181
217390784450,67099198
217390784450,67099215
217390784450,67099270
217390784450,67099275
217390784450,67099347
217390784450,67099368
217390784450,67099394
217390784450,67099398
217390784450,67099410
217390784450,67099422
217390784450,67099444
217390784450,67099453
217390784450,67099456
217390784450,67099719
217390784450,67100209
217390784450,67100383
217390784450,67100392
217390784450,67100515
217390784450,67100533
217390784450,67100545
217390784450,67100550
217390784450,67100554
217390784450,67100595
217390784450,67100614
217390784450,67100617
217390784450,67100620
217390784450,67100638
217390784450,67100653
217390784450,67100674
217390784450,67100692
217390784450,67100719
217390784450,67100764
217390784450,67100769
217390784450,67100838
217390784450,67100882
217390784450,67100907
217390784450,67100987
217390784450,67100995
217390784450,67101004
217390784450,67101026
217390784450,67101028
217390784450,67104375
217390784450,67104966
217390784450,67105319
217390784450,67105627
217390784450,67105628
217390784450,67106201
217390784450,67106279
217390784450,67106280
217390784450,67106319
217390784450,67106320
217390784450,67106414
217390784450,67106544
217390784450,67106572
217390784450,67106589
217390784450,67106605
217390784450,67106661
217390784450,67106666
217390784450,67106738
217390784450,67106759
217390784450,67106785
217390784450,67106788
217390784450,67106801
217390784450,67106813
217390784450,67106835
217390784450,67106844
217390784450,67106847
217390784450,67107110
217390784450,67107600
217390784450,67107774
217390784450,67107783
217390784450,67107936
217390784450,67107941
217390784450,67107945
217390784450,67107986
217390784450,67108005
217390784450,67108008
217390784450,67108011
217390784450,67108017
217390784450,67108044
217390784450,67108065
217390784450,67108155
217390784450,67108160
217390784450,67108229
217390784450,67108298
217390784450,67108378
217390784450,67108386
217390784450,67108390
217390784450,67108395
217390784450,67108417
217390784450,67108419
217390784450,67108542
217390784450,67108569
217390784450,67108576
217390784450,67108585
217390784450,67108590
217390784450,67108653
217390784450,67108733
217390784450,67108755
217390784450,67108785
217390784450,67108786
244451877950,131240
244451877950,67091498
244451877950,67093722
244451877950,67093737
244451877950,67093738
244451877950,67093751
244451877950,67093761
244451877950,67093784
244451877950,67093787
244451877950,67093788
244451877950,67093794
244451877950,67093813
244451877950,67093820
244451877950,67093840
244451877950,67093841
244451877950,67093842
244451877950,67093857
244451877950,67093861
244451877950,67093862
244451877950,67093890
244451877950,67093891
244451877950,67093896
244451877950,67093902
244451877950,67093903
244451877950,67093904
244451877950,67093906
244451877950,67093918
244451877950,67093929
244451877950,67093948
244451877950,67093963
244451877950,67094011
244451877950,67094027
244451877950,67094055
244451877950,67094056
244451877950,67094070
244451877950,67094216
244451877950,67094257
244451877950,67094364
244451877950,67094398
244451877950,67094440
244451877950,67094599
244451877950,67094689
244451877950,67095010
244451877950,67095011
244451877950,67095578
244451877950,67095579
244451877950,67096345
244451877950,67096348
244451877950,67096515
244451877950,67096516
244451877950,67096753
244451877950,67096891
244451877950,67096892
244451877950,67096960
244451877950,67096961
244451877950,67097521
244451877950,67097780
244451877950,67097781
244451877950,67097883
244451877950,67097993
244451877950,67098321
244451877950,67098322
244451877950,67101113
244451877950,67101127
244451877950,67101128
244451877950,67101129
244451877950,67101142
244451877950,67101152
244451877950,67101175
244451877950,67101178
244451877950,67101179
244451877950,67101204
244451877950,67101211
244451877950,67101231
244451877950,67101232
244451877950,67101233
244451877950,67101248
244451877950,67101252
244451877950,67101253
244451877950,67101281
244451877950,67101282
244451877950,67101287
244451877950,67101293
244451877950,67101294
244451877950,67101295
244451877950,67101297
244451877950,67101308
244451877950,67101309
244451877950,67101320
244451877950,67101339
244451877950,67101354
244451877950,67101446
244451877950,67101447
244451877950,67101461
244451877950,67101464
244451877950,67101607
244451877950,67101648
244451877950,67101755
244451877950,67101788
244451877950,67101789
244451877950,67101831
244451877950,67101990
244451877950,67102080
244451877950,67102400
244451877950,67102401
244451877950,67102402
244451877950,67102468
244451877950,67102968
244451877950,67102969
244451877950,67102970
244451877950,67103736
244451877950,67103739
244451877950,67103906
244451877950,67103907
244451877950,67104147
244451877950,67104282
244451877950,67104351
244451877950,67104352
244451877950,67104912
244451877950,67105171
244451877950,67105172
244451877950,67105274
244451877950,67105384
244451877950,67105712
244451877950,67105713
271512971450,67089668
271512971450,67091480
271512971450,67097643
271512971450,67097644
271512971450,67097645
271512971450,67097648
271512971450,67097649
271512971450,67097650
271512971450,67097668
271512971450,67097670
271512971450,67097671
271512971450,67097672
271512971450,67097673
271512971450,67097674
271512971450,67097676
271512971450,67097677
271512971450,67097678
271512971450,67097679
271512971450,67097680
271512971450,67097681
271512971450,67097682
271512971450,67097683
271512971450,67097684
271512971450,67097685
271512971450,67097687
271512971450,67097688
271512971450,67097689
271512971450,67097690
271512971450,67097691
271512971450,67097692
271512971450,67097693
271512971450,67097694
271512971450,67097695
271512971450,67097696
271512971450,67097697
271512971450,67097698
271512971450,67097700
271512971450,67097701
271512971450,67097703
271512971450,67097705
271512971450,67097706
271512971450,67097708
271512971450,67097709
271512971450,67097710
271512971450,67097711
271512971450,67097712
271512971450,67097713
271512971450,67097714
271512971450,67097716
271512971450,67097717
271512971450,67097718
271512971450,67097719
271512971450,67097723
271512971450,67097724
271512971450,67097725
271512971450,67097726
271512971450,67097785
271512971450,67097788
271512971450,67097790
271512971450,67097791
271512971450,67097792
271512971450,67097793
271512971450,67105033
271512971450,67105034
271512971450,67105035
271512971450,67105036
271512971450,67105039
271512971450,67105040
271512971450,67105041
271512971450,67105059
271512971450,67105061
271512971450,67105062
271512971450,67105063
271512971450,67105064
271512971450,67105065
271512971450,67105067
271512971450,67105068
271512971450,67105069
271512971450,67105070
271512971450,67105071
271512971450,67105072
271512971450,67105073
271512971450,67105074
271512971450,67105075
271512971450,67105076
271512971450,67105078
271512971450,67105079
271512971450,67105080
271512971450,67105081
271512971450,67105082
271512971450,67105083
271512971450,67105084
271512971450,67105085
271512971450,67105086
271512971450,67105087
271512971450,67105088
271512971450,67105089
271512971450,67105090
271512971450,67105091
271512971450,67105092
271512971450,67105094
271512971450,67105096
271512971450,67105097
271512971450,67105099
271512971450,67105100
271512971450,67105101
271512971450,67105102
271512971450,67105103
271512971450,67105104
271512971450,67105105
271512971450,67105107
271512971450,67105108
271512971450,67105109
271512971450,67105110
271512971450,67105114
271512971450,67105115
271512971450,67105116
271512971450,67105117
271512971450,67105176
271512971450,67105179
271512971450,67105181
271512971450,67105182
271512971450,67105183
271512971450,67105184
298574064950,131239
298574064950,131254
298574064950,67094069
298574064950,67094079
298574064950,67094082
298574064950,67094097
298574064950,67094128
298574064950,67094129
298574064950,67094133
298574064950,67094136
298574064950,67094137
298574064950,67094138
298574064950,67094217
298574064950,67094232
298574064950,67094263
298574064950,67094264
298574064950,67094294
298574064950,67094322
298574064950,67094328
298574064950,67094331
298574064950,67094348
298574064950,67094354
298574064950,67094416
298574064950,67094453
298574064950,67094459
298574064950,67094460
298574064950,67094508
298574064950,67094695
298574064950,67094759
298574064950,67094821
298574064950,67094845
298574064950,67094846
298574064950,67094886
298574064950,67094890
298574064950,67094896
298574064950,67095000
298574064950,67095060
298574064950,67095282
298574064950,67095366
298574064950,67095371
298574064950,67095372
298574064950,67095438
298574064950,67095457
298574064950,67095458
298574064950,67095483
298574064950,67095497
298574064950,67095513
298574064950,67097292
298574064950,67097373
298574064950,67097520
298574064950,67097561
298574064950,67097731
298574064950,67097735
298574064950,67097740
298574064950,67097815
298574064950,67097823
298574064950,67097888
298574064950,67097929
298574064950,67097930
298574064950,67097950
298574064950,67097955
298574064950,67098052
298574064950,67098118
298574064950,67101460
298574064950,67101470
298574064950,67101488
298574064950,67101519
298574064950,67101520
298574064950,67101524
298574064950,67101527
298574064950,67101528
298574064950,67101529
298574064950,67101608
298574064950,67101623
298574064950,67101654
298574064950,67101685
298574064950,67101719
298574064950,67101722
298574064950,67101739
298574064950,67101745
298574064950,67101753
298574064950,67101807
298574064950,67101843
298574064950,67101850
298574064950,67101899
298574064950,67102086
298574064950,67102149
298574064950,67102150
298574064950,67102212
298574064950,67102236
298574064950,67102237
298574064950,67102277
298574064950,67102281
298574064950,67102282
298574064950,67102321
298574064950,67102391
298574064950,67102451
298574064950,67102673
298574064950,67102757
298574064950,67102762
298574064950,67102829
298574064950,67102848
298574064950,67102849
298574064950,67102874
298574064950,67102888
298574064950,67102904
298574064950,67103171
298574064950,67104683
298574064950,67104764
298574064950,67104911
298574064950,67104952
298574064950,67105126
298574064950,67105131
298574064950,67105160
298574064950,67105206
298574064950,67105214
298574064950,67105217
298574064950,67105279
298574064950,67105320
298574064950,67105321
298574064950,67105341
298574064950,67105346
298574064950,67105509
325635158450,131241
325635158450,131255
325635158450,67089680
325635158450,67093863
325635158450,67093874
325635158450,67093917
325635158450,67093920
325635158450,67093941
325635158450,67093946
325635158450,67093949
325635158450,67094078
325635158450,67094080
325635158450,67094081
325635158450,67094349
325635158450,67094355
325635158450,67094356
325635158450,67094362
325635158450,67094559
325635158450,67094616
325635158450,67094743
325635158450,67094747
325635158450,67094750
325635158450,67094760
325635158450,67094869
325635158450,67094870
325635158450,67094891
325635158450,67094914
325635158450,67095009
325635158450,67095012
325635158450,67095127
325635158450,67095201
325635158450,67095300
325635158450,67095347
325635158450,67095397
325635158450,67095554
325635158450,67095588
325635158450,67095589
325635158450,67095778
325635158450,67095806
325635158450,67095831
325635158450,67095910
325635158450,67095998
325635158450,67096083
325635158450,67096280
325635158450,67096406
325635158450,67096427
325635158450,67096428
325635158450,67096479
325635158450,67096480
325635158450,67096754
325635158450,67096769
325635158450,67096949
325635158450,67096950
325635158450,67098562
325635158450,67098595
325635158450,67098662
325635158450,67098777
325635158450,67101254
325635158450,67101265
325635158450,67101311
325635158450,67101332
325635158450,67101337
325635158450,67101402
325635158450,67101418
325635158450,67101469
325635158450,67101471
325635158450,67101472
325635158450,67101622
325635158450,67101655
325635158450,67101740
325635158450,67101746
325635158450,67101747
325635158450,67101950
325635158450,67102007
325635158450,67102134
325635158450,67102138
325635158450,67102141
325635158450,67102260
325635158450,67102261
325635158450,67102280
325635158450,67102287
325635158450,67102305
325635158450,67102518
325635158450,67102592
325635158450,67102691
325635158450,67102737
325635158450,67102738
325635158450,67102763
325635158450,67102787
325635158450,67102788
325635158450,67102945
325635158450,67102979
325635158450,67102980
325635158450,67103169
325635158450,67103197
325635158450,67103222
325635158450,67103301
325635158450,67103389
325635158450,67103474
325635158450,67103670
325635158450,67103671
325635158450,67103796
325635158450,67103797
325635158450,67103817
325635158450,67103818
325635158450,67103819
325635158450,67103870
325635158450,67103871
325635158450,67104144
325635158450,67104160
325635158450,67104203
325635158450,67104340
325635158450,67104350
325635158450,67105953
325635158450,67105986
325635158450,67106053
325635158450,67106168
325635158450,67108465
352696251950,67093832
352696251950,67094029
352696251950,67094211
352696251950,67094542
352696251950,67094665
352696251950,67094784
352696251950,67095172
352696251950,67095305
352696251950,67095423
352696251950,67095764
352696251950,67095985
352696251950,67095997
352696251950,67097890
352696251950,67097893
352696251950,67097940
352696251950,67098044
352696251950,67098094
352696251950,67098120
352696251950,67098146
352696251950,67098150
352696251950,67098152
352696251950,67098196
352696251950,67098331
352696251950,67098351
352696251950,67098387
352696251950,67098486
352696251950,67098487
352696251950,67098489
352696251950,67098783
352696251950,67098823
352696251950,67099569
352696251950,67099581
352696251950,67099587
352696251950,67099615
352696251950,67099697
352696251950,67099714
352696251950,67099725
352696251950,67099840
352696251950,67099965
352696251950,67100543
352696251950,67100627
352696251950,67100665
352696251950,67100722
352696251950,67100800
352696251950,67100857
352696251950,67100876
352696251950,67100888
352696251950,67100889
352696251950,67100894
352696251950,67100928
352696251950,67100949
352696251950,67101002
352696251950,67101025
352696251950,67101223
352696251950,67101420
352696251950,67101602
352696251950,67101932
352696251950,67101933
352696251950,67102056
352696251950,67102175
352696251950,67102563
352696251950,67102696
352696251950,67102814
352696251950,67103155
352696251950,67103376
352696251950,67103388
352696251950,67105281
352696251950,67105284
352696251950,67105331
352696251950,67105485
352696251950,67105511
352696251950,67105536
352696251950,67105537
352696251950,67105541
352696251950,67105543
352696251950,67105587
352696251950,67105722
352696251950,67105742
352696251950,67105777
352696251950,67105877
352696251950,67105878
352696251950,67105880
352696251950,67106174
352696251950,67106214
352696251950,67106959
352696251950,67106972
352696251950,67106977
352696251950,67107006
352696251950,67107088
352696251950,67107105
352696251950,67107116
352696251950,67107231
352696251950,67107356
352696251950,67107934
352696251950,67108018
352696251950,67108056
352696251950,67108113
352696251950,67108158
352696251950,67108248
352696251950,67108267
352696251950,67108279
352696251950,67108288
352696251950,67108319
352696251950,67108340
352696251950,67108393
352696251950,67108416
352696251950,67108455
352696251950,67108477
352696251950,67108478
352696251950,67108497
352696251950,67108501
352696251950,67108502
352696251950,67108504
352696251950,67108507
352696251950,67108509
352696251950,67108510
352696251950,67108659
352696251950,67108715
352696251950,67108789
