902036450,67093288
902036450,67093289
902036450,67093290
902036450,67093291
902036450,67093292
902036450,67093293
902036450,67093294
902036450,67093295
902036450,67093296
902036450,67093297
902036450,67093298
902036450,67093299
902036450,67093300
902036450,67093301
902036450,67093302
902036450,67093303
902036450,67093304
902036450,67093305
902036450,67093306
902036450,67093307
902036450,67093308
902036450,67093309
902036450,67093310
902036450,67093311
902036450,67093313
902036450,67093314
902036450,67093315
902036450,67093316
902036450,67093317
902036450,67093318
902036450,67093319
902036450,67093320
902036450,67093321
902036450,67093322
902036450,67093323
902036450,67093324
902036450,67093325
902036450,67093326
902036450,67093327
902036450,67093328
902036450,67093329
902036450,67093330
902036450,67093331
902036450,67093333
902036450,67093335
902036450,67093336
902036450,67093337
902036450,67093338
902036450,67093339
902036450,67093340
902036450,67093341
902036450,67093342
902036450,67093343
902036450,67093344
902036450,67093345
902036450,67093346
902036450,67093347
902036450,67093348
902036450,67093349
902036450,67093350
902036450,67093351
902036450,67093352
902036450,67093353
902036450,67093354
902036450,67093355
902036450,67093356
902036450,67093357
902036450,67093372
902036450,67093375
902036450,67093401
902036450,67093403
902036450,67093407
902036450,67093410
902036450,67093413
902036450,67093415
902036450,67093417
902036450,67093418
902036450,67093425
902036450,67093426
902036450,67093428
902036450,67093433
902036450,67093436
902036450,67093443
902036450,67093446
902036450,67093461
902036450,67093464
902036450,67093465
902036450,67093472
902036450,67093474
902036450,67093477
902036450,67093478
902036450,67093485
902036450,67093488
902036450,67093499
902036450,67093504
902036450,67093516
902036450,67093518
902036450,67093523
902036450,67093531
902036450,67093536
902036450,67093541
902036450,67093548
902036450,67093552
902036450,67093553
902036450,67093558
902036450,67093559
902036450,67093562
902036450,67093565
902036450,67093567
902036450,67093576
902036450,67093585
902036450,67093595
902036450,67093603
902036450,67093615
902036450,67093616
902036450,67093617
902036450,67093619
902036450,67093624
902036450,67093634
902036450,67093637
902036450,67093639
902036450,67093640
902036450,67095395
902036450,67102786
27963129950,131231
27963129950,67093332
27963129950,67093334
27963129950,67093369
27963129950,67093370
27963129950,67093373
27963129950,67093379
27963129950,67093381
27963129950,67093382
27963129950,67093383
27963129950,67093391
27963129950,67093392
27963129950,67093393
27963129950,67093394
27963129950,67093395
27963129950,67093396
27963129950,67093397
27963129950,67093398
27963129950,67093402
27963129950,67093404
27963129950,67093405
27963129950,67093408
27963129950,67093411
27963129950,67093412
27963129950,67093414
27963129950,67093416
27963129950,67093419
27963129950,67093420
27963129950,67093421
27963129950,67093423
27963129950,67093424
27963129950,67093427
27963129950,67093429
27963129950,67093431
27963129950,67093434
27963129950,67093435
27963129950,67093438
27963129950,67093439
27963129950,67093442
27963129950,67093445
27963129950,67093447
27963129950,67093449
27963129950,67093450
27963129950,67093451
27963129950,67093453
27963129950,67093454
27963129950,67093455
27963129950,67093456
27963129950,67093457
27963129950,67093459
27963129950,67093460
27963129950,67093462
27963129950,67093463
27963129950,67093468
27963129950,67093469
27963129950,67093470
27963129950,67093471
27963129950,67093473
27963129950,67093475
27963129950,67093476
27963129950,67093479
27963129950,67093487
27963129950,67093489
27963129950,67093490
27963129950,67093491
27963129950,67093492
27963129950,67093493
27963129950,67093494
27963129950,67093497
27963129950,67093500
27963129950,67093501
27963129950,67093503
27963129950,67093505
27963129950,67093514
27963129950,67093517
27963129950,67093520
27963129950,67093525
27963129950,67093526
27963129950,67093528
27963129950,67093529
27963129950,67093530
27963129950,67093533
27963129950,67093535
27963129950,67093537
27963129950,67093538
27963129950,67093540
27963129950,67093544
27963129950,67093545
27963129950,67093546
27963129950,67093547
27963129950,67093554
27963129950,67093555
27963129950,67093556
27963129950,67093557
27963129950,67093561
27963129950,67093563
27963129950,67093564
27963129950,67093566
27963129950,67093568
27963129950,67093569
27963129950,67093570
27963129950,67093572
27963129950,67093573
27963129950,67093575
27963129950,67093577
27963129950,67093578
27963129950,67093580
27963129950,67093584
27963129950,67093586
27963129950,67093587
27963129950,67093592
27963129950,67093593
27963129950,67093594
27963129950,67093596
27963129950,67093597
27963129950,67093598
27963129950,67093602
27963129950,67093604
27963129950,67093613
27963129950,67093614
27963129950,67093620
27963129950,67093621
27963129950,67093623
27963129950,67093626
27963129950,67093627
27963129950,67093630
27963129950,67093631
27963129950,67093638
55024223450,67093312
55024223450,67093358
55024223450,67093359
55024223450,67093360
55024223450,67093361
55024223450,67093362
55024223450,67093363
55024223450,67093364
55024223450,67093365
55024223450,67093366
55024223450,67093367
55024223450,67093368
55024223450,67093371
55024223450,67093374
55024223450,67093376
55024223450,67093377
55024223450,67093378
55024223450,67093380
55024223450,67093384
55024223450,67093385
55024223450,67093386
55024223450,67093387
55024223450,67093388
55024223450,67093400
55024223450,67093406
55024223450,67093409
55024223450,67093422
55024223450,67093430
55024223450,67093432
55024223450,67093437
55024223450,67093440
55024223450,67093441
55024223450,67093448
55024223450,67093452
55024223450,67093458
55024223450,67093466
55024223450,67093467
55024223450,67093480
55024223450,67093481
55024223450,67093482
55024223450,67093483
55024223450,67093484
55024223450,67093486
55024223450,67093496
55024223450,67093498
55024223450,67093502
55024223450,67093506
55024223450,67093507
55024223450,67093508
55024223450,67093509
55024223450,67093510
55024223450,67093511
55024223450,67093512
55024223450,67093513
55024223450,67093515
55024223450,67093519
55024223450,67093521
55024223450,67093522
55024223450,67093527
55024223450,67093532
55024223450,67093534
55024223450,67093539
55024223450,67093542
55024223450,67093543
55024223450,67093549
55024223450,67093550
55024223450,67093551
55024223450,67093560
55024223450,67093571
55024223450,67093574
55024223450,67093579
55024223450,67093581
55024223450,67093582
55024223450,67093583
55024223450,67093588
55024223450,67093589
55024223450,67093590
55024223450,67093591
55024223450,67093599
55024223450,67093600
55024223450,67093601
55024223450,67093605
55024223450,67093606
55024223450,67093607
55024223450,67093608
55024223450,67093609
55024223450,67093610
55024223450,67093611
55024223450,67093612
55024223450,67093618
55024223450,67093622
55024223450,67093625
55024223450,67093628
55024223450,67093629
55024223450,67093632
55024223450,67093633
55024223450,67093635
55024223450,67093636
55024223450,67093642
55024223450,67093643
55024223450,67093644
55024223450,67093645
55024223450,67093646
55024223450,67093647
55024223450,67093648
55024223450,67093649
55024223450,67093650
55024223450,67108434
55024223450,67108435
55024223450,67108441
55024223450,67108445
55024223450,67108527
55024223450,67108537
55024223450,67108545
55024223450,67108556
55024223450,67108558
55024223450,67108562
55024223450,67108571
55024223450,67108593
55024223450,67108597
55024223450,67108629
55024223450,67108637
55024223450,67108644
55024223450,67108656
55024223450,67108719
55024223450,67108726
82085316950,67108436
82085316950,67108438
82085316950,67108440
82085316950,67108447
82085316950,67108448
82085316950,67108452
82085316950,67108473
82085316950,67108512
82085316950,67108514
82085316950,67108517
82085316950,67108518
82085316950,67108526
82085316950,67108529
82085316950,67108530
82085316950,67108531
82085316950,67108533
82085316950,67108536
82085316950,67108539
82085316950,67108540
82085316950,67108549
82085316950,67108552
82085316950,67108555
82085316950,67108557
82085316950,67108561
82085316950,67108564
82085316950,67108568
82085316950,67108573
82085316950,67108575
82085316950,67108578
82085316950,67108586
82085316950,67108587
82085316950,67108588
82085316950,67108589
82085316950,67108591
82085316950,67108598
82085316950,67108601
82085316950,67108602
82085316950,67108603
82085316950,67108605
82085316950,67108610
82085316950,67108611
82085316950,67108613
82085316950,67108615
82085316950,67108617
82085316950,67108620
82085316950,67108622
82085316950,67108623
82085316950,67108624
82085316950,67108626
82085316950,67108627
82085316950,67108628
82085316950,67108630
82085316950,67108631
82085316950,67108632
82085316950,67108633
82085316950,67108635
82085316950,67108638
82085316950,67108639
82085316950,67108640
82085316950,67108641
82085316950,67108643
82085316950,67108645
82085316950,67108646
82085316950,67108647
82085316950,67108649
82085316950,67108651
82085316950,67108652
82085316950,67108654
82085316950,67108655
82085316950,67108658
82085316950,67108660
82085316950,67108661
82085316950,67108662
82085316950,67108664
82085316950,67108665
82085316950,67108666
82085316950,67108667
82085316950,67108668
82085316950,67108669
82085316950,67108670
82085316950,67108671
82085316950,67108672
82085316950,67108673
82085316950,67108674
82085316950,67108675
82085316950,67108677
82085316950,67108678
82085316950,67108681
82085316950,67108682
82085316950,67108688
82085316950,67108689
82085316950,67108690
82085316950,67108691
82085316950,67108695
82085316950,67108697
82085316950,67108699
82085316950,67108703
82085316950,67108704
82085316950,67108712
82085316950,67108717
82085316950,67108718
82085316950,67108723
82085316950,67108727
82085316950,67108728
82085316950,67108730
82085316950,67108734
82085316950,67108735
82085316950,67108736
82085316950,67108737
82085316950,67108740
82085316950,67108741
82085316950,67108742
82085316950,67108744
82085316950,67108747
82085316950,67108748
82085316950,67108752
82085316950,67108758
82085316950,67108759
82085316950,67108762
82085316950,67108763
82085316950,67108765
82085316950,67108766
82085316950,67108778
82085316950,67108782
82085316950,67108790
82085316950,67108791
109146410450,131260
109146410450,131261
109146410450,67093641
109146410450,67100803
109146410450,67100823
109146410450,67100828
109146410450,67100833
109146410450,67100883
109146410450,67108194
109146410450,67108207
109146410450,67108214
109146410450,67108219
109146410450,67108224
109146410450,67108225
109146410450,67108274
109146410450,67108433
109146410450,67108459
109146410450,67108460
109146410450,67108464
109146410450,67108468
109146410450,67108470
109146410450,67108471
109146410450,67108498
109146410450,67108505
109146410450,67108515
109146410450,67108516
109146410450,67108521
109146410450,67108523
109146410450,67108525
109146410450,67108528
109146410450,67108532
109146410450,67108535
109146410450,67108538
109146410450,67108541
109146410450,67108546
109146410450,67108547
109146410450,67108548
109146410450,67108550
109146410450,67108551
109146410450,67108553
109146410450,67108554
109146410450,67108559
109146410450,67108560
109146410450,67108565
109146410450,67108567
109146410450,67108570
109146410450,67108572
109146410450,67108574
109146410450,67108577
109146410450,67108579
109146410450,67108583
109146410450,67108592
109146410450,67108594
109146410450,67108599
109146410450,67108604
109146410450,67108606
109146410450,67108608
109146410450,67108609
109146410450,67108612
109146410450,67108614
109146410450,67108616
109146410450,67108618
109146410450,67108625
109146410450,67108636
109146410450,67108642
109146410450,67108650
109146410450,67108657
109146410450,67108663
109146410450,67108676
109146410450,67108679
109146410450,67108680
109146410450,67108683
109146410450,67108684
109146410450,67108685
109146410450,67108687
109146410450,67108692
109146410450,67108693
109146410450,67108694
109146410450,67108696
109146410450,67108698
109146410450,67108700
109146410450,67108701
109146410450,67108702
109146410450,67108705
109146410450,67108706
109146410450,67108707
109146410450,67108708
109146410450,67108709
109146410450,67108710
109146410450,67108713
109146410450,67108714
109146410450,67108716
109146410450,67108720
109146410450,67108721
109146410450,67108722
109146410450,67108724
109146410450,67108725
109146410450,67108729
109146410450,67108731
109146410450,67108732
109146410450,67108738
109146410450,67108739
109146410450,67108743
109146410450,67108745
109146410450,67108746
109146410450,67108749
109146410450,67108753
109146410450,67108756
109146410450,67108757
109146410450,67108760
109146410450,67108761
109146410450,67108764
109146410450,67108767
109146410450,67108769
109146410450,67108770
109146410450,67108771
109146410450,67108772
109146410450,67108773
109146410450,67108774
109146410450,67108775
109146410450,67108776
109146410450,67108780
109146410450,67108781
109146410450,67108783
109146410450,67108784
109146410450,67108793
136207503950,67090083
136207503950,67094028
136207503950,67100516
136207503950,67100520
136207503950,67100523
136207503950,67100526
136207503950,67101419
136207503950,67107914
136207503950,67107915
136207503950,67107917
136207503950,67108432
136207503950,67108442
136207503950,67108444
136207503950,67108446
136207503950,67108449
136207503950,67108450
136207503950,67108451
136207503950,67108453
136207503950,67108454
136207503950,67108457
136207503950,67108461
136207503950,67108463
136207503950,67108487
136207503950,67108500
136207503950,67108519
136207503950,67108520
