1096522560,67091408
1096522560,67092426
1096522560,67093414
1096522560,67093415
1096522560,67093416
1096522560,67093417
1096522560,67093418
1096522560,67093419
1096522560,67093420
1096522560,67093421
1096522560,67093422
1096522560,67093423
1096522560,67093424
1096522560,67093425
1096522560,67093426
1096522560,67093427
1096522560,67093428
1096522560,67093429
1096522560,67093430
1096522560,67093431
1096522560,67093432
1096522560,67093433
1096522560,67093434
1096522560,67093436
1096522560,67093437
1096522560,67093438
1096522560,67093439
1096522560,67093440
1096522560,67093441
1096522560,67093442
1096522560,67093443
1096522560,67093444
1096522560,67093445
1096522560,67093446
1096522560,67093447
1096522560,67093448
1096522560,67093449
1096522560,67093450
1096522560,67093475
1096522560,67093476
1096522560,67093477
1096522560,67093478
1096522560,67093479
1096522560,67093480
1096522560,67093481
1096522560,67093482
1096522560,67093483
1096522560,67093484
1096522560,67093485
1096522560,67093486
1096522560,67093487
1096522560,67093488
1096522560,67093489
1096522560,67093490
1096522560,67093491
1096522560,67093492
1096522560,67093493
1096522560,67093494
1096522560,67093495
1096522560,67093496
1096522560,67093498
1096522560,67093500
1096522560,67093502
1096522560,67093503
1096522560,67093504
1096522560,67093505
1096522560,67093506
1096522560,67093507
1096522560,67093510
1096522560,67093907
1096522560,67101396
33992199360,67093435
33992199360,67093452
33992199360,67093453
33992199360,67093454
33992199360,67093455
33992199360,67093456
33992199360,67093457
33992199360,67093511
33992199360,67093512
33992199360,67093513
33992199360,67093514
33992199360,67093515
33992199360,67093516
33992199360,67093517
33992199360,67093518
33992199360,67093519
33992199360,67093520
33992199360,67093521
33992199360,67093522
33992199360,67093523
33992199360,67093524
33992199360,67093525
33992199360,67093526
33992199360,67093527
33992199360,67093528
33992199360,67093529
33992199360,67093530
33992199360,67093531
33992199360,67098755
33992199360,67098756
33992199360,67098757
33992199360,67098758
33992199360,67098759
33992199360,67098760
33992199360,67098762
33992199360,67098763
33992199360,67098764
33992199360,67098766
33992199360,67098767
33992199360,67098768
33992199360,67098808
33992199360,67098809
33992199360,67098810
33992199360,67098811
33992199360,67098812
33992199360,67098813
33992199360,67098814
33992199360,67098815
33992199360,67098816
33992199360,67098817
33992199360,67098818
33992199360,67098819
33992199360,67098820
33992199360,67098821
33992199360,67098822
33992199360,67098823
33992199360,67106244
33992199360,67106245
33992199360,67106246
33992199360,67106247
33992199360,67106248
33992199360,67106249
33992199360,67106250
33992199360,67106251
33992199360,67106252
33992199360,67106253
33992199360,67106255
33992199360,67106256
33992199360,67106257
33992199360,67106297
33992199360,67106298
33992199360,67106299
33992199360,67106300
33992199360,67106301
33992199360,67106302
33992199360,67106303
33992199360,67106304
33992199360,67106305
33992199360,67106306
33992199360,67106307
33992199360,67106308
33992199360,67106309
33992199360,67106310
33992199360,67106311
33992199360,67106312
33992199360,67106313
33992199360,67108600
33992199360,67108602
