1096522560,67091408
1096522560,67092426
1096522560,67093414
1096522560,67093415
1096522560,67093416
1096522560,67093417
1096522560,67093418
1096522560,67093419
1096522560,67093420
1096522560,67093421
1096522560,67093422
1096522560,67093423
1096522560,67093424
1096522560,67093425
1096522560,67093426
1096522560,67093427
1096522560,67093428
1096522560,67093429
1096522560,67093430
1096522560,67093431
1096522560,67093432
1096522560,67093433
1096522560,67093434
1096522560,67093436
1096522560,67093437
1096522560,67093438
1096522560,67093439
1096522560,67093440
1096522560,67093441
1096522560,67093442
1096522560,67093443
1096522560,67093444
1096522560,67093445
1096522560,67093446
1096522560,67093447
1096522560,67093448
1096522560,67093449
1096522560,67093450
1096522560,67093475
1096522560,67093476
1096522560,67093477
1096522560,67093478
1096522560,67093479
1096522560,67093480
1096522560,67093481
1096522560,67093482
1096522560,67093483
1096522560,67093484
1096522560,67093485
1096522560,67093486
1096522560,67093487
1096522560,67093488
1096522560,67093489
1096522560,67093490
1096522560,67093491
1096522560,67093492
1096522560,67093493
1096522560,67093494
1096522560,67093495
1096522560,67093496
1096522560,67093498
1096522560,67093500
1096522560,67093502
1096522560,67093503
1096522560,67093504
1096522560,67093505
1096522560,67093506
1096522560,67093507
1096522560,67093510
1096522560,67093907
1096522560,67101396
33992199360,67092594
33992199360,67093435
33992199360,67093452
33992199360,67093453
33992199360,67093454
33992199360,67093455
33992199360,67093456
33992199360,67093457
33992199360,67093458
33992199360,67093511
33992199360,67093512
33992199360,67093513
33992199360,67093514
33992199360,67093515
33992199360,67093516
33992199360,67093517
33992199360,67093518
33992199360,67093519
33992199360,67093520
33992199360,67093521
33992199360,67093522
33992199360,67093523
33992199360,67093524
33992199360,67093525
33992199360,67093526
33992199360,67093527
33992199360,67093528
33992199360,67093529
33992199360,67093530
33992199360,67093531
33992199360,67093532
33992199360,67093533
33992199360,67093534
33992199360,67093535
33992199360,67093536
33992199360,67093540
33992199360,67098180
33992199360,67098181
33992199360,67098229
33992199360,67098326
33992199360,67098618
33992199360,67098619
33992199360,67098620
33992199360,67098621
33992199360,67098622
33992199360,67098625
33992199360,67098627
33992199360,67098753
33992199360,67098754
33992199360,67098755
33992199360,67098756
33992199360,67098757
33992199360,67098758
33992199360,67098759
33992199360,67098760
33992199360,67098761
33992199360,67098762
33992199360,67098763
33992199360,67098764
33992199360,67098765
33992199360,67098766
33992199360,67098767
33992199360,67098768
33992199360,67098807
33992199360,67098808
33992199360,67098809
33992199360,67098810
33992199360,67098811
33992199360,67098812
33992199360,67098813
33992199360,67098814
33992199360,67098815
33992199360,67098816
33992199360,67098817
33992199360,67098818
33992199360,67098819
33992199360,67098820
33992199360,67098821
33992199360,67098822
33992199360,67098823
33992199360,67105670
33992199360,67105719
33992199360,67105805
33992199360,67105815
33992199360,67106108
33992199360,67106109
33992199360,67106110
33992199360,67106111
33992199360,67106112
33992199360,67106114
33992199360,67106117
33992199360,67106242
33992199360,67106243
33992199360,67106244
33992199360,67106245
33992199360,67106246
33992199360,67106247
33992199360,67106248
33992199360,67106249
33992199360,67106250
33992199360,67106251
33992199360,67106252
33992199360,67106253
33992199360,67106254
33992199360,67106255
33992199360,67106256
33992199360,67106257
33992199360,67106297
33992199360,67106298
33992199360,67106299
33992199360,67106300
33992199360,67106301
33992199360,67106302
33992199360,67106303
33992199360,67106304
33992199360,67106305
33992199360,67106306
33992199360,67106307
33992199360,67106308
33992199360,67106309
33992199360,67106310
33992199360,67106311
33992199360,67106312
33992199360,67106313
33992199360,67108598
33992199360,67108599
33992199360,67108600
33992199360,67108602
66887876160,131230
66887876160,67091411
66887876160,67093459
66887876160,67093460
66887876160,67093461
66887876160,67093462
66887876160,67093463
66887876160,67093464
66887876160,67093465
66887876160,67093466
66887876160,67093467
66887876160,67093468
66887876160,67093469
66887876160,67093470
66887876160,67093471
66887876160,67093472
66887876160,67093473
66887876160,67093474
66887876160,67093537
66887876160,67093538
66887876160,67093539
66887876160,67093541
66887876160,67093542
66887876160,67093543
66887876160,67093544
66887876160,67093545
66887876160,67093546
66887876160,67093547
66887876160,67093548
66887876160,67093549
66887876160,67093550
66887876160,67093551
66887876160,67093552
66887876160,67093553
66887876160,67093554
66887876160,67093555
66887876160,67093556
66887876160,67093557
66887876160,67093558
66887876160,67093559
66887876160,67093560
66887876160,67093561
66887876160,67093562
66887876160,67093563
66887876160,67093564
66887876160,67093565
66887876160,67093566
66887876160,67093567
66887876160,67093568
66887876160,67093569
66887876160,67093570
66887876160,67093571
66887876160,67093572
66887876160,67093573
66887876160,67093574
66887876160,67093575
66887876160,67093576
66887876160,67093577
66887876160,67093578
66887876160,67093579
66887876160,67093580
66887876160,67093581
66887876160,67093582
66887876160,67093583
66887876160,67093584
66887876160,67093585
66887876160,67093586
66887876160,67093587
66887876160,67093588
66887876160,67093589
66887876160,67093590
66887876160,67093591
66887876160,67093592
66887876160,67093593
66887876160,67093594
66887876160,67093595
66887876160,67093596
66887876160,67093597
66887876160,67093598
66887876160,67093599
66887876160,67093600
66887876160,67093602
66887876160,67093603
66887876160,67093604
66887876160,67093605
66887876160,67093607
66887876160,67093608
66887876160,67093609
66887876160,67093610
66887876160,67095713
66887876160,67095714
66887876160,67096132
66887876160,67096134
66887876160,67096135
66887876160,67096136
66887876160,67096137
66887876160,67096138
66887876160,67096139
66887876160,67096140
66887876160,67096141
66887876160,67096142
66887876160,67096143
66887876160,67096144
66887876160,67096145
66887876160,67096146
66887876160,67096148
66887876160,67096149
66887876160,67103202
66887876160,67103203
66887876160,67103621
66887876160,67103623
66887876160,67103624
66887876160,67103625
66887876160,67103626
66887876160,67103627
66887876160,67103628
66887876160,67103629
66887876160,67103630
66887876160,67103631
66887876160,67103632
66887876160,67103633
66887876160,67103634
66887876160,67103635
66887876160,67103636
66887876160,67103637
66887876160,67103638
66887876160,67108594
99783552960,131240
99783552960,131255
99783552960,67091451
99783552960,67093601
99783552960,67093606
99783552960,67094075
99783552960,67094076
99783552960,67094080
99783552960,67094086
99783552960,67094092
99783552960,67094106
99783552960,67094116
99783552960,67094121
99783552960,67094122
99783552960,67094124
99783552960,67094125
99783552960,67094128
99783552960,67094133
99783552960,67094136
99783552960,67094157
99783552960,67094268
99783552960,67094286
99783552960,67094290
99783552960,67094320
99783552960,67094334
99783552960,67094356
99783552960,67094379
99783552960,67094391
99783552960,67094409
99783552960,67094420
99783552960,67094428
99783552960,67094440
99783552960,67094470
99783552960,67094471
99783552960,67094476
99783552960,67094479
99783552960,67094536
99783552960,67094537
99783552960,67094561
99783552960,67094575
99783552960,67094589
99783552960,67094599
99783552960,67094602
99783552960,67094613
99783552960,67094616
99783552960,67094618
99783552960,67094639
99783552960,67094661
99783552960,67094662
99783552960,67094676
99783552960,67094677
99783552960,67094738
99783552960,67094739
99783552960,67094740
99783552960,67094741
99783552960,67094742
99783552960,67094743
99783552960,67094771
99783552960,67094772
99783552960,67094773
99783552960,67094788
99783552960,67095733
99783552960,67096631
99783552960,67101564
99783552960,67101566
99783552960,67101569
99783552960,67101575
99783552960,67101581
99783552960,67101596
99783552960,67101605
99783552960,67101610
99783552960,67101611
99783552960,67101614
99783552960,67101617
99783552960,67101618
99783552960,67101622
99783552960,67101625
99783552960,67101646
99783552960,67101757
99783552960,67101775
99783552960,67101779
99783552960,67101809
99783552960,67101823
99783552960,67101845
99783552960,67101880
99783552960,67101899
99783552960,67101909
99783552960,67101910
99783552960,67101917
99783552960,67101918
99783552960,67101929
99783552960,67101960
99783552960,67101965
99783552960,67101969
99783552960,67102026
99783552960,67102050
99783552960,67102064
99783552960,67102078
99783552960,67102088
99783552960,67102089
99783552960,67102092
99783552960,67102102
99783552960,67102105
99783552960,67102107
99783552960,67102128
99783552960,67102151
99783552960,67102166
99783552960,67102227
99783552960,67102228
99783552960,67102229
99783552960,67102230
99783552960,67102231
99783552960,67102232
99783552960,67102261
99783552960,67102262
99783552960,67102263
99783552960,67103222
99783552960,67104120
99783552960,67108595
99783552960,67108596
99783552960,67108597
99783552960,67108601
99783552960,67108606
99783552960,67108654
99783552960,67108655
99783552960,67108656
132679229760,131241
132679229760,131247
132679229760,131260
132679229760,67091495
132679229760,67093611
132679229760,67094091
132679229760,67094475
132679229760,67094598
132679229760,67094617
132679229760,67094787
132679229760,67095437
132679229760,67095438
132679229760,67095512
132679229760,67095556
132679229760,67095565
132679229760,67095594
132679229760,67095597
132679229760,67095620
132679229760,67095621
132679229760,67095622
132679229760,67095681
132679229760,67095684
132679229760,67095690
132679229760,67095721
132679229760,67095855
132679229760,67096133
132679229760,67096181
132679229760,67096191
132679229760,67096267
132679229760,67096326
132679229760,67096556
132679229760,67096569
132679229760,67096589
132679229760,67096599
132679229760,67096629
132679229760,67096637
132679229760,67097541
132679229760,67097906
132679229760,67097911
132679229760,67097916
132679229760,67097929
132679229760,67097937
132679229760,67097985
132679229760,67098010
132679229760,67098022
132679229760,67098284
132679229760,67098285
132679229760,67098296
132679229760,67098312
132679229760,67098317
132679229760,67098330
132679229760,67098623
132679229760,67098626
132679229760,67101595
132679229760,67101708
132679229760,67102260
132679229760,67102277
132679229760,67102926
132679229760,67102927
132679229760,67102928
132679229760,67103001
132679229760,67103002
132679229760,67103054
132679229760,67103083
132679229760,67103086
132679229760,67103110
132679229760,67103111
132679229760,67103170
132679229760,67103173
132679229760,67103179
132679229760,67103210
132679229760,67103272
132679229760,67103344
132679229760,67103671
132679229760,67103680
132679229760,67103756
132679229760,67103815
132679229760,67104045
132679229760,67104058
132679229760,67104078
132679229760,67104088
132679229760,67104118
132679229760,67104126
132679229760,67105030
132679229760,67105395
132679229760,67105400
132679229760,67105405
132679229760,67105426
132679229760,67105474
132679229760,67105499
132679229760,67105512
132679229760,67105774
132679229760,67105785
132679229760,67105802
132679229760,67105806
132679229760,67105819
132679229760,67106107
132679229760,67106115
132679229760,67108603
132679229760,67108604
132679229760,67108605
132679229760,67108607
132679229760,67108608
132679229760,67108609
132679229760,67108610
132679229760,67108611
132679229760,67108612
132679229760,67108613
132679229760,67108616
132679229760,67108617
132679229760,67108618
132679229760,67108619
132679229760,67108620
132679229760,67108621
132679229760,67108622
132679229760,67108623
132679229760,67108625
132679229760,67108626
132679229760,67108627
132679229760,67108629
132679229760,67108657
132679229760,67108658
132679229760,67108667
132679229760,67108670
165574906560,131239
165574906560,67091561
165574906560,67096158
165574906560,67099198
165574906560,67099217
165574906560,67100572
165574906560,67100573
165574906560,67100574
165574906560,67100575
165574906560,67100576
165574906560,67100577
165574906560,67100578
165574906560,67100579
165574906560,67100580
165574906560,67100581
165574906560,67100582
165574906560,67100584
165574906560,67100585
165574906560,67100586
165574906560,67100600
165574906560,67100601
165574906560,67100603
165574906560,67103648
165574906560,67106688
165574906560,67106697
165574906560,67108061
165574906560,67108062
165574906560,67108063
165574906560,67108064
165574906560,67108065
165574906560,67108066
165574906560,67108067
165574906560,67108068
165574906560,67108069
165574906560,67108070
165574906560,67108071
165574906560,67108074
165574906560,67108075
165574906560,67108078
165574906560,67108090
165574906560,67108093
165574906560,67108110
165574906560,67108628
165574906560,67108630
165574906560,67108659
165574906560,67108660
165574906560,67108661
165574906560,67108662
165574906560,67108663
165574906560,67108664
165574906560,67108665
165574906560,67108668
165574906560,67108669
165574906560,67108671
165574906560,67108672
165574906560,67108673
165574906560,67108674
165574906560,67108675
165574906560,67108677
165574906560,67108679
165574906560,67108680
165574906560,67108681
