732856447,67100604
732856447,67100605
732856447,67100606
732856447,67100607
732856447,67100793
732856447,67104788
22718549857,67100611
22718549857,67100626
22718549857,67100627
22718549857,67100632
22718549857,67100650
22718549857,67100653
22718549857,67100676
22718549857,67104211
22718549857,67104212
22718549857,67104213
22718549857,67104214
22718549857,67104215
22718549857,67104216
22718549857,67104217
22718549857,67104218
22718549857,67108206
22718549857,67108207
22718549857,67108208
22718549857,67108209
22718549857,67108210
22718549857,67108211
22718549857,67108212
22718549857,67108213
22718549857,67108779
44704243267,67100677
44704243267,67102772
44704243267,67102773
44704243267,67102802
44704243267,67102803
44704243267,67102804
44704243267,67102805
44704243267,67102808
44704243267,67102810
44704243267,67102812
44704243267,67102813
44704243267,67102814
44704243267,67102815
44704243267,67102816
44704243267,67102817
44704243267,67102818
44704243267,67102819
44704243267,67102820
44704243267,67102821
44704243267,67102832
44704243267,67102833
44704243267,67102834
44704243267,67102835
44704243267,67102837
44704243267,67102838
44704243267,67102839
44704243267,67102840
44704243267,67102841
44704243267,67102842
44704243267,67102843
44704243267,67102844
44704243267,67102864
44704243267,67102865
44704243267,67102866
44704243267,67102867
44704243267,67102868
44704243267,67102869
44704243267,67102870
44704243267,67102871
44704243267,67102872
44704243267,67102873
44704243267,67102874
44704243267,67102875
44704243267,67102876
44704243267,67102877
44704243267,67102878
44704243267,67102879
44704243267,67102895
44704243267,67102896
44704243267,67102897
44704243267,67102898
44704243267,67102899
44704243267,67102925
44704243267,67102926
44704243267,67102927
44704243267,67102928
44704243267,67102929
44704243267,67102930
44704243267,67104670
44704243267,67104671
44704243267,67104672
44704243267,67106767
44704243267,67106768
44704243267,67106770
44704243267,67106796
44704243267,67106797
44704243267,67106798
44704243267,67106799
44704243267,67106803
44704243267,67106804
44704243267,67106805
44704243267,67106807
44704243267,67106808
44704243267,67106809
44704243267,67106810
44704243267,67106811
44704243267,67106812
44704243267,67106813
44704243267,67106814
44704243267,67106815
44704243267,67106827
44704243267,67106828
44704243267,67106830
44704243267,67106832
44704243267,67106833
44704243267,67106834
44704243267,67106835
44704243267,67106836
44704243267,67106837
44704243267,67106838
44704243267,67106839
44704243267,67106859
44704243267,67106860
44704243267,67106861
44704243267,67106862
44704243267,67106863
44704243267,67106864
44704243267,67106865
44704243267,67106866
44704243267,67106867
44704243267,67106868
44704243267,67106869
44704243267,67106870
44704243267,67106871
44704243267,67106872
44704243267,67106873
44704243267,67106874
44704243267,67106890
44704243267,67106891
44704243267,67106892
44704243267,67106893
44704243267,67106894
44704243267,67106920
44704243267,67106921
44704243267,67106922
44704243267,67106923
44704243267,67106924
44704243267,67106925
44704243267,67108665
44704243267,67108730
44704243267,67108731
44704243267,67108732
44704243267,67108733
44704243267,67108734
44704243267,67108735
44704243267,67108736
44704243267,67108737
66689936677,67100769
66689936677,67100771
66689936677,67100772
66689936677,67100778
66689936677,67100785
66689936677,67100786
66689936677,67104766
66689936677,67104767
66689936677,67104773
66689936677,67104779
66689936677,67104780
66689936677,67104785
66689936677,67108668
