1093269888,67093414
1093269888,67093415
1093269888,67093416
1093269888,67093417
1093269888,67093418
1093269888,67093419
1093269888,67093420
1093269888,67093421
1093269888,67093422
1093269888,67093423
1093269888,67093424
1093269888,67093425
1093269888,67093426
1093269888,67093427
1093269888,67093428
1093269888,67093429
1093269888,67093430
1093269888,67093431
1093269888,67093432
1093269888,67093433
1093269888,67093434
1093269888,67093435
1093269888,67093438
1093269888,67093439
1093269888,67093440
1093269888,67093441
1093269888,67093914
1093269888,67101403
33891366528,67091419
33891366528,67092593
33891366528,67093481
33891366528,67093482
33891366528,67093483
33891366528,67093484
33891366528,67093485
33891366528,67093486
33891366528,67093487
33891366528,67093488
33891366528,67093489
33891366528,67093490
33891366528,67093491
33891366528,67093492
33891366528,67093493
33891366528,67093494
33891366528,67093495
33891366528,67093496
33891366528,67093497
33891366528,67093498
33891366528,67093499
33891366528,67093500
33891366528,67093501
33891366528,67093502
33891366528,67093503
33891366528,67093504
33891366528,67093505
33891366528,67093506
33891366528,67093507
33891366528,67093508
33891366528,67093509
33891366528,67093510
33891366528,67093511
33891366528,67093512
33891366528,67093513
33891366528,67093514
33891366528,67093515
33891366528,67093516
33891366528,67093517
33891366528,67093518
33891366528,67093519
33891366528,67093520
33891366528,67093521
33891366528,67093522
33891366528,67093523
33891366528,67093524
33891366528,67093525
33891366528,67093526
33891366528,67093527
33891366528,67093528
33891366528,67093529
33891366528,67093530
33891366528,67093531
33891366528,67093532
33891366528,67093533
33891366528,67093534
33891366528,67093535
33891366528,67093536
33891366528,67093537
33891366528,67093538
33891366528,67093539
33891366528,67098451
33891366528,67098452
33891366528,67098453
33891366528,67098454
33891366528,67105941
33891366528,67105942
33891366528,67105943
33891366528,67108629
66689463168,131230
66689463168,67093550
66689463168,67093551
66689463168,67093552
66689463168,67093553
66689463168,67093554
66689463168,67093555
66689463168,67093556
66689463168,67093557
66689463168,67093561
66689463168,67093562
66689463168,67093563
66689463168,67093564
66689463168,67093565
66689463168,67093566
66689463168,67093567
66689463168,67093568
66689463168,67093569
66689463168,67093571
66689463168,67093572
66689463168,67093573
66689463168,67093574
66689463168,67093576
66689463168,67093577
66689463168,67093578
66689463168,67093579
66689463168,67093580
66689463168,67093581
66689463168,67093582
66689463168,67093583
66689463168,67093584
66689463168,67093586
66689463168,67093597
66689463168,67093599
66689463168,67093600
66689463168,67093602
66689463168,67093603
66689463168,67093604
66689463168,67093605
66689463168,67093606
66689463168,67093607
66689463168,67093608
66689463168,67093609
66689463168,67093610
66689463168,67093611
66689463168,67093614
66689463168,67093846
66689463168,67093847
66689463168,67093848
66689463168,67093849
66689463168,67093915
66689463168,67094233
66689463168,67094236
66689463168,67094239
66689463168,67094240
66689463168,67094243
66689463168,67094244
66689463168,67094246
66689463168,67094248
66689463168,67094250
66689463168,67094252
66689463168,67094256
66689463168,67094257
66689463168,67094258
66689463168,67094259
66689463168,67094260
66689463168,67094261
66689463168,67094262
66689463168,67094263
66689463168,67094264
66689463168,67094612
66689463168,67094613
66689463168,67094614
66689463168,67094615
66689463168,67094616
66689463168,67094617
66689463168,67094618
66689463168,67094619
66689463168,67096301
66689463168,67096302
66689463168,67096303
66689463168,67096304
66689463168,67096305
66689463168,67096306
66689463168,67096307
66689463168,67096308
66689463168,67101335
66689463168,67101336
66689463168,67101337
66689463168,67101338
66689463168,67101404
66689463168,67101405
66689463168,67101722
66689463168,67101725
66689463168,67101728
66689463168,67101729
66689463168,67101733
66689463168,67101735
66689463168,67101737
66689463168,67101738
66689463168,67101739
66689463168,67101741
66689463168,67101745
66689463168,67101746
66689463168,67101747
66689463168,67101748
66689463168,67101749
66689463168,67101750
66689463168,67101751
66689463168,67101753
66689463168,67102101
66689463168,67102102
66689463168,67102103
66689463168,67102104
66689463168,67102105
66689463168,67102106
66689463168,67102107
66689463168,67102108
66689463168,67103648
66689463168,67103649
66689463168,67103790
66689463168,67103791
66689463168,67103793
66689463168,67103794
66689463168,67103796
66689463168,67108595
66689463168,67108597
99487559808,131232
99487559808,67094220
99487559808,67094234
99487559808,67094237
99487559808,67094238
99487559808,67094247
99487559808,67094272
99487559808,67094278
99487559808,67094280
99487559808,67094284
99487559808,67094285
99487559808,67094295
99487559808,67094306
99487559808,67094322
99487559808,67094334
99487559808,67094337
99487559808,67094369
99487559808,67094371
99487559808,67094372
99487559808,67094373
99487559808,67094375
99487559808,67094378
99487559808,67094379
99487559808,67094388
99487559808,67094389
99487559808,67094392
99487559808,67094401
99487559808,67094620
99487559808,67095102
99487559808,67095125
99487559808,67095430
99487559808,67095431
99487559808,67095436
99487559808,67095962
99487559808,67095974
99487559808,67095975
99487559808,67095976
99487559808,67095977
99487559808,67095990
99487559808,67095991
99487559808,67095996
99487559808,67096088
99487559808,67096090
99487559808,67096094
99487559808,67096098
99487559808,67096101
99487559808,67096103
99487559808,67096104
99487559808,67096541
99487559808,67096542
99487559808,67096545
99487559808,67096546
99487559808,67096549
99487559808,67096553
99487559808,67096557
99487559808,67096558
99487559808,67101709
99487559808,67101710
99487559808,67101723
99487559808,67101726
99487559808,67101727
99487559808,67101736
99487559808,67101761
99487559808,67101767
99487559808,67101769
99487559808,67101774
99487559808,67101784
99487559808,67101795
99487559808,67101811
99487559808,67101823
99487559808,67101826
99487559808,67101858
99487559808,67101860
99487559808,67101862
99487559808,67101863
99487559808,67101864
99487559808,67101867
99487559808,67101868
99487559808,67101878
99487559808,67101881
99487559808,67101890
99487559808,67102109
99487559808,67102110
99487559808,67102591
99487559808,67102592
99487559808,67102614
99487559808,67102919
99487559808,67102920
99487559808,67102925
99487559808,67102935
99487559808,67103451
99487559808,67103463
99487559808,67103465
99487559808,67103466
99487559808,67103479
99487559808,67103480
99487559808,67103485
99487559808,67103577
99487559808,67103583
99487559808,67103588
99487559808,67103590
99487559808,67103592
99487559808,67103593
99487559808,67103792
99487559808,67104030
99487559808,67104031
99487559808,67104035
99487559808,67104036
99487559808,67104038
99487559808,67104039
99487559808,67104042
99487559808,67104046
99487559808,67104047
99487559808,67104048
99487559808,67108594
99487559808,67108596
99487559808,67108598
99487559808,67108599
132285656448,131231
132285656448,131246
132285656448,131260
132285656448,67093658
132285656448,67093659
132285656448,67093660
132285656448,67093685
132285656448,67093752
132285656448,67093807
132285656448,67093880
132285656448,67093946
132285656448,67094044
132285656448,67094166
132285656448,67094171
132285656448,67094207
132285656448,67094221
132285656448,67094366
132285656448,67094370
132285656448,67094386
132285656448,67094399
132285656448,67094415
132285656448,67094439
132285656448,67094467
132285656448,67094477
132285656448,67094530
132285656448,67094531
132285656448,67094562
132285656448,67094659
132285656448,67094718
132285656448,67094773
132285656448,67094832
132285656448,67094910
132285656448,67094911
132285656448,67094917
132285656448,67094964
132285656448,67094977
132285656448,67094978
132285656448,67095429
132285656448,67095995
132285656448,67096540
132285656448,67096561
132285656448,67096566
132285656448,67096567
132285656448,67096595
132285656448,67096617
132285656448,67096621
132285656448,67096647
132285656448,67096650
132285656448,67096659
132285656448,67096660
132285656448,67096701
132285656448,67096704
132285656448,67096730
132285656448,67096736
132285656448,67096746
132285656448,67097714
132285656448,67101147
132285656448,67101148
132285656448,67101149
132285656448,67101174
132285656448,67101241
132285656448,67101296
132285656448,67101369
132285656448,67101370
132285656448,67101436
132285656448,67101533
132285656448,67101655
132285656448,67101661
132285656448,67101696
132285656448,67101734
132285656448,67101752
132285656448,67101855
132285656448,67101861
132285656448,67101876
132285656448,67101888
132285656448,67101904
132285656448,67101928
132285656448,67101956
132285656448,67101966
132285656448,67102020
132285656448,67102051
132285656448,67102148
132285656448,67102207
132285656448,67102238
132285656448,67102262
132285656448,67102321
132285656448,67102351
132285656448,67102400
132285656448,67102401
132285656448,67102406
132285656448,67102453
132285656448,67102466
132285656448,67102467
132285656448,67102468
132285656448,67102569
132285656448,67103798
132285656448,67104034
132285656448,67104050
132285656448,67104056
132285656448,67104084
132285656448,67104106
132285656448,67104110
132285656448,67104136
132285656448,67104139
132285656448,67104149
132285656448,67104191
132285656448,67104193
132285656448,67104235
132285656448,67105203
132285656448,67108600
132285656448,67108601
132285656448,67108602
132285656448,67108603
132285656448,67108604
132285656448,67108605
132285656448,67108606
132285656448,67108608
132285656448,67108609
132285656448,67108610
132285656448,67108611
132285656448,67108612
132285656448,67108613
132285656448,67108614
132285656448,67108618
132285656448,67108622
165083753088,131235
165083753088,131236
165083753088,131250
165083753088,131251
165083753088,67094245
165083753088,67094890
165083753088,67095137
165083753088,67095272
165083753088,67095424
165083753088,67095724
165083753088,67095882
165083753088,67096159
165083753088,67096517
165083753088,67096570
165083753088,67096607
165083753088,67096634
165083753088,67096792
165083753088,67096826
165083753088,67096968
165083753088,67097085
165083753088,67097156
165083753088,67097314
165083753088,67097346
165083753088,67097402
165083753088,67097435
165083753088,67097436
165083753088,67097443
165083753088,67097453
165083753088,67097454
165083753088,67097603
165083753088,67097613
165083753088,67097917
165083753088,67097922
165083753088,67097939
165083753088,67097943
165083753088,67097947
165083753088,67098021
165083753088,67098072
165083753088,67098074
165083753088,67098208
165083753088,67098251
165083753088,67098271
165083753088,67098275
165083753088,67098355
165083753088,67098563
165083753088,67102379
165083753088,67102627
165083753088,67102761
165083753088,67103214
165083753088,67103346
165083753088,67103371
165083753088,67103591
165083753088,67104007
165083753088,67104057
165083753088,67104085
165083753088,67104096
165083753088,67104124
165083753088,67104227
165083753088,67104281
165083753088,67104299
165083753088,67104315
165083753088,67104457
165083753088,67104498
165083753088,67104537
165083753088,67104574
165083753088,67104575
165083753088,67104803
165083753088,67104835
165083753088,67104880
165083753088,67104892
165083753088,67104925
165083753088,67104942
165083753088,67104943
165083753088,67105093
165083753088,67105102
165083753088,67105406
165083753088,67105412
165083753088,67105428
165083753088,67105433
165083753088,67105436
165083753088,67105511
165083753088,67105562
165083753088,67105564
165083753088,67105697
165083753088,67105740
165083753088,67105760
165083753088,67105764
165083753088,67105844
165083753088,67106045
165083753088,67106052
165083753088,67108607
165083753088,67108615
165083753088,67108616
165083753088,67108617
165083753088,67108619
165083753088,67108620
165083753088,67108621
165083753088,67108623
165083753088,67108625
165083753088,67108626
165083753088,67108627
165083753088,67108628
165083753088,67108630
165083753088,67108631
165083753088,67108632
165083753088,67108633
165083753088,67108634
165083753088,67108635
165083753088,67108636
165083753088,67108637
165083753088,67108638
165083753088,67108639
165083753088,67108640
165083753088,67108642
165083753088,67108643
165083753088,67108644
165083753088,67108645
165083753088,67108646
165083753088,67108647
165083753088,67108649
165083753088,67108655
165083753088,67108656
165083753088,67108659
197881849728,67092477
197881849728,67093627
197881849728,67098356
197881849728,67098357
197881849728,67098358
197881849728,67101116
197881849728,67105845
197881849728,67105846
197881849728,67105847
230679946368,131237
230679946368,131238
230679946368,131239
230679946368,131240
230679946368,131249
230679946368,131252
230679946368,131253
230679946368,131254
230679946368,67091657
230679946368,67094249
230679946368,67098826
230679946368,67098965
230679946368,67098986
230679946368,67104018
230679946368,67106315
230679946368,67106476
230679946368,67106971
230679946368,67108641
230679946368,67108648
230679946368,67108650
230679946368,67108651
230679946368,67108652
230679946368,67108653
230679946368,67108654
230679946368,67108657
230679946368,67108658
230679946368,67108660
230679946368,67108661
230679946368,67108662
230679946368,67108663
230679946368,67108664
230679946368,67108665
230679946368,67108666
230679946368,67108667
230679946368,67108668
230679946368,67108669
230679946368,67108670
230679946368,67108671
230679946368,67108673
230679946368,67108676
