1093269888,67093414
1093269888,67093415
1093269888,67093416
1093269888,67093417
1093269888,67093418
1093269888,67093419
1093269888,67093420
1093269888,67093421
1093269888,67093422
1093269888,67093423
1093269888,67093424
1093269888,67093425
1093269888,67093426
1093269888,67093427
1093269888,67093428
1093269888,67093429
1093269888,67093430
1093269888,67093431
1093269888,67093432
1093269888,67093433
1093269888,67093434
1093269888,67093435
1093269888,67093438
1093269888,67093439
1093269888,67093440
1093269888,67093441
1093269888,67093914
1093269888,67101403
33891366528,67091419
33891366528,67092593
33891366528,67093481
33891366528,67093482
33891366528,67093483
33891366528,67093484
33891366528,67093485
33891366528,67093486
33891366528,67093487
33891366528,67093488
33891366528,67093489
33891366528,67093490
33891366528,67093491
33891366528,67093492
33891366528,67093493
33891366528,67093494
33891366528,67093495
33891366528,67093496
33891366528,67093497
33891366528,67093498
33891366528,67093499
33891366528,67093500
33891366528,67093501
33891366528,67093502
33891366528,67093503
33891366528,67093504
33891366528,67093505
33891366528,67093506
33891366528,67093507
33891366528,67093508
33891366528,67093509
33891366528,67093510
33891366528,67093511
33891366528,67093512
33891366528,67093513
33891366528,67093514
33891366528,67093515
33891366528,67093516
33891366528,67093517
33891366528,67093518
33891366528,67093519
33891366528,67093520
33891366528,67093521
33891366528,67093522
33891366528,67093523
33891366528,67093524
33891366528,67093525
33891366528,67093526
33891366528,67093527
33891366528,67093528
33891366528,67093529
33891366528,67093530
33891366528,67093531
33891366528,67093532
33891366528,67093533
33891366528,67093534
33891366528,67093535
33891366528,67093536
33891366528,67093537
33891366528,67093538
33891366528,67093539
33891366528,67098451
33891366528,67098452
33891366528,67098453
33891366528,67098454
33891366528,67105941
33891366528,67105942
33891366528,67105943
33891366528,67108629
66689463168,131230
66689463168,67093550
66689463168,67093551
66689463168,67093552
66689463168,67093553
66689463168,67093554
66689463168,67093555
66689463168,67093556
66689463168,67093557
66689463168,67093561
66689463168,67093562
66689463168,67093563
66689463168,67093564
66689463168,67093565
66689463168,67093566
66689463168,67093567
66689463168,67093568
66689463168,67093569
66689463168,67093571
66689463168,67093572
66689463168,67093573
66689463168,67093574
66689463168,67093576
66689463168,67093577
66689463168,67093578
66689463168,67093579
66689463168,67093580
66689463168,67093581
66689463168,67093582
66689463168,67093583
66689463168,67093584
66689463168,67093586
66689463168,67093597
66689463168,67093599
66689463168,67093600
66689463168,67093602
66689463168,67093603
66689463168,67093604
66689463168,67093605
66689463168,67093606
66689463168,67093607
66689463168,67093608
66689463168,67093609
66689463168,67093610
66689463168,67093611
66689463168,67093614
66689463168,67093846
66689463168,67093847
66689463168,67093848
66689463168,67093849
66689463168,67093915
66689463168,67094233
66689463168,67094236
66689463168,67094239
66689463168,67094240
66689463168,67094243
66689463168,67094244
66689463168,67094246
66689463168,67094248
66689463168,67094250
66689463168,67094252
66689463168,67094256
66689463168,67094257
66689463168,67094258
66689463168,67094259
66689463168,67094260
66689463168,67094261
66689463168,67094262
66689463168,67094263
66689463168,67094264
66689463168,67094612
66689463168,67094613
66689463168,67094614
66689463168,67094615
66689463168,67094616
66689463168,67094617
66689463168,67094618
66689463168,67094619
66689463168,67096301
66689463168,67096302
66689463168,67096303
66689463168,67096304
66689463168,67096305
66689463168,67096306
66689463168,67096307
66689463168,67096308
66689463168,67101335
66689463168,67101336
66689463168,67101337
66689463168,67101338
66689463168,67101404
66689463168,67101405
66689463168,67101722
66689463168,67101725
66689463168,67101728
66689463168,67101729
66689463168,67101733
66689463168,67101735
66689463168,67101737
66689463168,67101738
66689463168,67101739
66689463168,67101741
66689463168,67101745
66689463168,67101746
66689463168,67101747
66689463168,67101748
66689463168,67101749
66689463168,67101750
66689463168,67101751
66689463168,67101753
66689463168,67102101
66689463168,67102102
66689463168,67102103
66689463168,67102104
66689463168,67102105
66689463168,67102106
66689463168,67102107
66689463168,67102108
66689463168,67103648
66689463168,67103649
66689463168,67103790
66689463168,67103791
66689463168,67103793
66689463168,67103794
66689463168,67103796
66689463168,67108595
66689463168,67108597
99487559808,131232
99487559808,67094220
99487559808,67094234
99487559808,67094237
99487559808,67094238
99487559808,67094247
99487559808,67094272
99487559808,67094278
99487559808,67094280
99487559808,67094284
99487559808,67094285
99487559808,67094295
99487559808,67094306
99487559808,67094322
99487559808,67094334
99487559808,67094337
99487559808,67094369
99487559808,67094371
99487559808,67094372
99487559808,67094373
99487559808,67094375
99487559808,67094378
99487559808,67094379
99487559808,67094388
99487559808,67094389
99487559808,67094392
99487559808,67094401
99487559808,67094620
99487559808,67095102
99487559808,67095125
99487559808,67095430
99487559808,67095431
99487559808,67095436
99487559808,67095962
99487559808,67095974
99487559808,67095975
99487559808,67095976
99487559808,67095977
99487559808,67095990
99487559808,67095991
99487559808,67095996
99487559808,67096088
99487559808,67096090
99487559808,67096094
99487559808,67096098
99487559808,67096101
99487559808,67096103
99487559808,67096104
99487559808,67096541
99487559808,67096542
99487559808,67096545
99487559808,67096546
99487559808,67096549
99487559808,67096553
99487559808,67096557
99487559808,67096558
99487559808,67101709
99487559808,67101710
99487559808,67101723
99487559808,67101726
99487559808,67101727
99487559808,67101736
99487559808,67101761
99487559808,67101767
99487559808,67101769
99487559808,67101774
99487559808,67101784
99487559808,67101795
99487559808,67101811
99487559808,67101823
99487559808,67101826
99487559808,67101858
99487559808,67101860
99487559808,67101862
99487559808,67101863
99487559808,67101864
99487559808,67101867
99487559808,67101868
99487559808,67101878
99487559808,67101881
99487559808,67101890
99487559808,67102109
99487559808,67102110
99487559808,67102591
99487559808,67102592
99487559808,67102614
99487559808,67102919
99487559808,67102920
99487559808,67102925
99487559808,67102935
99487559808,67103451
99487559808,67103463
99487559808,67103465
99487559808,67103466
99487559808,67103479
99487559808,67103480
99487559808,67103485
99487559808,67103577
99487559808,67103583
99487559808,67103588
99487559808,67103590
99487559808,67103592
99487559808,67103593
99487559808,67103792
99487559808,67104030
99487559808,67104031
99487559808,67104035
99487559808,67104036
99487559808,67104038
99487559808,67104039
99487559808,67104042
99487559808,67104046
99487559808,67104047
99487559808,67104048
99487559808,67108594
99487559808,67108596
99487559808,67108598
99487559808,67108599
132285656448,131231
132285656448,131246
132285656448,131260
132285656448,67093658
132285656448,67093659
132285656448,67093660
132285656448,67093685
132285656448,67093752
132285656448,67093807
132285656448,67093880
132285656448,67093946
132285656448,67094044
132285656448,67094166
132285656448,67094171
132285656448,67094207
132285656448,67094221
132285656448,67094366
132285656448,67094370
132285656448,67094386
132285656448,67094399
132285656448,67094415
132285656448,67094439
132285656448,67094467
132285656448,67094477
132285656448,67094530
132285656448,67094531
132285656448,67094562
132285656448,67094659
132285656448,67094718
132285656448,67094773
132285656448,67094832
132285656448,67094910
132285656448,67094911
132285656448,67094917
132285656448,67094964
132285656448,67094977
132285656448,67094978
132285656448,67095429
132285656448,67095995
132285656448,67096540
132285656448,67096561
132285656448,67096566
132285656448,67096567
132285656448,67096595
132285656448,67096617
132285656448,67096621
132285656448,67096647
132285656448,67096650
132285656448,67096659
132285656448,67096660
132285656448,67096701
132285656448,67096704
132285656448,67096730
132285656448,67096736
132285656448,67096746
132285656448,67097714
132285656448,67101147
132285656448,67101148
132285656448,67101149
132285656448,67101174
132285656448,67101241
132285656448,67101296
132285656448,67101369
132285656448,67101370
132285656448,67101436
132285656448,67101533
132285656448,67101655
132285656448,67101661
132285656448,67101696
132285656448,67101734
132285656448,67101752
132285656448,67101855
132285656448,67101861
132285656448,67101876
132285656448,67101888
132285656448,67101904
132285656448,67101928
132285656448,67101956
132285656448,67101966
132285656448,67102020
132285656448,67102051
132285656448,67102148
132285656448,67102207
132285656448,67102238
132285656448,67102262
132285656448,67102321
132285656448,67102351
132285656448,67102400
132285656448,67102401
132285656448,67102406
132285656448,67102453
132285656448,67102466
132285656448,67102467
132285656448,67102468
132285656448,67102569
132285656448,67103798
132285656448,67104034
132285656448,67104050
132285656448,67104056
132285656448,67104084
132285656448,67104106
132285656448,67104110
132285656448,67104136
132285656448,67104139
132285656448,67104149
132285656448,67104191
132285656448,67104193
132285656448,67104235
132285656448,67105203
132285656448,67108600
132285656448,67108601
132285656448,67108602
132285656448,67108603
132285656448,67108604
132285656448,67108605
132285656448,67108606
132285656448,67108608
132285656448,67108609
132285656448,67108610
132285656448,67108611
132285656448,67108612
132285656448,67108613
132285656448,67108614
132285656448,67108618
132285656448,67108622
165083753088,131235
165083753088,131236
165083753088,131250
165083753088,131251
165083753088,67094245
165083753088,67094890
165083753088,67095137
165083753088,67095272
165083753088,67095424
165083753088,67095724
165083753088,67095882
165083753088,67096159
165083753088,67096517
165083753088,67096570
165083753088,67096607
165083753088,67096634
165083753088,67096792
165083753088,67096826
165083753088,67096968
165083753088,67097085
165083753088,67097156
165083753088,67097314
165083753088,67097346
165083753088,67097402
165083753088,67097435
165083753088,67097436
165083753088,67097443
165083753088,67097453
165083753088,67097454
165083753088,67097603
165083753088,67097613
165083753088,67097917
165083753088,67097922
165083753088,67097939
165083753088,67097943
165083753088,67097947
165083753088,67098021
165083753088,67098072
165083753088,67098074
165083753088,67098208
165083753088,67098251
165083753088,67098271
165083753088,67098275
165083753088,67098355
165083753088,67098563
165083753088,67102379
165083753088,67102627
165083753088,67102761
165083753088,67103214
165083753088,67103346
165083753088,67103371
165083753088,67103591
165083753088,67104007
165083753088,67104057
165083753088,67104085
165083753088,67104096
165083753088,67104124
165083753088,67104227
165083753088,67104281
165083753088,67104299
165083753088,67104315
165083753088,67104457
165083753088,67104498
165083753088,67104537
165083753088,67104574
165083753088,67104575
165083753088,67104803
165083753088,67104835
165083753088,67104880
165083753088,67104892
165083753088,67104925
165083753088,67104942
165083753088,67104943
165083753088,67105093
165083753088,67105102
165083753088,67105406
165083753088,67105412
165083753088,67105428
165083753088,67105433
165083753088,67105436
165083753088,67105511
165083753088,67105562
165083753088,67105564
165083753088,67105697
165083753088,67105740
165083753088,67105760
165083753088,67105764
165083753088,67105844
165083753088,67106045
165083753088,67106052
165083753088,67108607
165083753088,67108615
165083753088,67108616
165083753088,67108617
165083753088,67108619
165083753088,67108620
165083753088,67108621
165083753088,67108623
165083753088,67108625
165083753088,67108626
165083753088,67108627
165083753088,67108628
165083753088,67108630
165083753088,67108631
165083753088,67108632
165083753088,67108633
165083753088,67108634
165083753088,67108635
165083753088,67108636
165083753088,67108637
165083753088,67108638
165083753088,67108639
165083753088,67108640
165083753088,67108642
165083753088,67108643
165083753088,67108644
165083753088,67108645
165083753088,67108646
165083753088,67108647
165083753088,67108649
165083753088,67108655
165083753088,67108656
165083753088,67108659
197881849728,67092477
197881849728,67093627
197881849728,67098356
197881849728,67098357
197881849728,67098358
197881849728,67101116
197881849728,67105845
197881849728,67105846
197881849728,67105847
230679946368,131234
230679946368,131237
230679946368,131238
230679946368,131239
230679946368,131240
230679946368,131249
230679946368,131252
230679946368,131253
230679946368,131254
230679946368,67091657
230679946368,67093657
230679946368,67094056
230679946368,67094249
230679946368,67094425
230679946368,67094621
230679946368,67095138
230679946368,67095168
230679946368,67095371
230679946368,67095432
230679946368,67095785
230679946368,67095890
230679946368,67095919
230679946368,67095945
230679946368,67095979
230679946368,67096020
230679946368,67096087
230679946368,67096426
230679946368,67096528
230679946368,67096536
230679946368,67096548
230679946368,67097009
230679946368,67098043
230679946368,67098075
230679946368,67098560
230679946368,67098777
230679946368,67098778
230679946368,67098785
230679946368,67098809
230679946368,67098826
230679946368,67098831
230679946368,67098851
230679946368,67098852
230679946368,67098854
230679946368,67098872
230679946368,67098876
230679946368,67098880
230679946368,67098915
230679946368,67098965
230679946368,67098978
230679946368,67098986
230679946368,67099219
230679946368,67099482
230679946368,67099488
230679946368,67099686
230679946368,67099690
230679946368,67101754
230679946368,67101859
230679946368,67101914
230679946368,67102599
230679946368,67102861
230679946368,67103274
230679946368,67103379
230679946368,67103408
230679946368,67103435
230679946368,67103468
230679946368,67103915
230679946368,67104018
230679946368,67104025
230679946368,67104037
230679946368,67104150
230679946368,67105103
230679946368,67105532
230679946368,67105848
230679946368,67106049
230679946368,67106267
230679946368,67106299
230679946368,67106315
230679946368,67106316
230679946368,67106320
230679946368,67106340
230679946368,67106341
230679946368,67106344
230679946368,67106361
230679946368,67106365
230679946368,67106369
230679946368,67106377
230679946368,67106383
230679946368,67106404
230679946368,67106454
230679946368,67106467
230679946368,67106476
230679946368,67106709
230679946368,67106971
230679946368,67107122
230679946368,67107175
230679946368,67107180
230679946368,67108641
230679946368,67108648
230679946368,67108650
230679946368,67108651
230679946368,67108652
230679946368,67108653
230679946368,67108654
230679946368,67108657
230679946368,67108658
230679946368,67108660
230679946368,67108661
230679946368,67108662
230679946368,67108663
230679946368,67108664
230679946368,67108665
230679946368,67108666
230679946368,67108667
230679946368,67108668
230679946368,67108669
230679946368,67108670
230679946368,67108671
230679946368,67108673
230679946368,67108676
263478043008,131233
263478043008,131241
263478043008,131255
263478043008,67092580
263478043008,67095215
263478043008,67095535
263478043008,67095723
263478043008,67095851
263478043008,67096100
263478043008,67096569
263478043008,67096707
263478043008,67097188
263478043008,67097217
263478043008,67097239
263478043008,67097273
263478043008,67097513
263478043008,67097547
263478043008,67097602
263478043008,67097671
263478043008,67097734
263478043008,67097959
263478043008,67098042
263478043008,67098169
263478043008,67098179
263478043008,67098180
263478043008,67098185
263478043008,67098250
263478043008,67098329
263478043008,67098336
263478043008,67098376
263478043008,67098421
263478043008,67098726
263478043008,67098730
263478043008,67098827
263478043008,67098840
263478043008,67098853
263478043008,67098923
263478043008,67099084
263478043008,67099192
263478043008,67099282
263478043008,67099283
263478043008,67099399
263478043008,67099428
263478043008,67099634
263478043008,67099673
263478043008,67100039
263478043008,67102320
263478043008,67102657
263478043008,67102705
263478043008,67102926
263478043008,67103024
263478043008,67103212
263478043008,67103340
263478043008,67103647
263478043008,67104055
263478043008,67104123
263478043008,67104197
263478043008,67104677
263478043008,67104706
263478043008,67104728
263478043008,67104762
263478043008,67104908
263478043008,67105036
263478043008,67105223
263478043008,67105468
263478043008,67105531
263478043008,67105658
263478043008,67105669
263478043008,67105674
263478043008,67105818
263478043008,67105825
263478043008,67106219
263478043008,67106329
263478043008,67106342
263478043008,67106412
263478043008,67106573
263478043008,67106667
263478043008,67106681
263478043008,67106771
263478043008,67106772
263478043008,67106888
263478043008,67106917
263478043008,67107123
263478043008,67107529
263478043008,67108672
263478043008,67108674
263478043008,67108675
263478043008,67108677
263478043008,67108678
263478043008,67108679
263478043008,67108680
263478043008,67108681
263478043008,67108682
263478043008,67108683
263478043008,67108685
263478043008,67108686
263478043008,67108687
263478043008,67108688
263478043008,67108689
263478043008,67108691
263478043008,67108694
263478043008,67108695
263478043008,67108699
263478043008,67108700
263478043008,67108702
263478043008,67108704
263478043008,67108705
263478043008,67108706
263478043008,67108708
263478043008,67108712
263478043008,67108714
263478043008,67108717
263478043008,67108718
263478043008,67108720
296276139648,131242
296276139648,131256
296276139648,67097384
296276139648,67097526
296276139648,67097879
296276139648,67097885
296276139648,67098412
296276139648,67098414
296276139648,67098784
296276139648,67098901
296276139648,67099018
296276139648,67099165
296276139648,67099585
296276139648,67099622
296276139648,67099746
296276139648,67099761
296276139648,67099824
296276139648,67099841
296276139648,67099881
296276139648,67099883
296276139648,67099884
296276139648,67099885
296276139648,67099923
296276139648,67099993
296276139648,67100025
296276139648,67100247
296276139648,67100911
296276139648,67100963
296276139648,67100964
296276139648,67100965
296276139648,67101066
296276139648,67101069
296276139648,67104874
296276139648,67105368
296276139648,67105374
296276139648,67105899
296276139648,67105903
296276139648,67106274
296276139648,67106390
296276139648,67106654
296276139648,67107250
296276139648,67107371
296276139648,67107372
296276139648,67107374
296276139648,67107412
296276139648,67107482
296276139648,67107514
296276139648,67107715
296276139648,67107737
296276139648,67108400
296276139648,67108453
296276139648,67108454
296276139648,67108455
296276139648,67108555
296276139648,67108558
296276139648,67108684
296276139648,67108690
296276139648,67108692
296276139648,67108693
296276139648,67108696
296276139648,67108697
296276139648,67108698
296276139648,67108701
296276139648,67108703
296276139648,67108707
296276139648,67108709
296276139648,67108710
296276139648,67108711
296276139648,67108713
296276139648,67108715
296276139648,67108716
296276139648,67108719
296276139648,67108721
296276139648,67108722
296276139648,67108723
296276139648,67108724
296276139648,67108725
296276139648,67108726
296276139648,67108727
296276139648,67108728
296276139648,67108729
296276139648,67108730
296276139648,67108731
296276139648,67108732
296276139648,67108733
296276139648,67108734
296276139648,67108735
296276139648,67108736
296276139648,67108737
296276139648,67108738
296276139648,67108739
296276139648,67108740
296276139648,67108741
296276139648,67108742
296276139648,67108743
296276139648,67108744
296276139648,67108746
296276139648,67108747
296276139648,67108750
296276139648,67108751
296276139648,67108752
296276139648,67108754
296276139648,67108758
296276139648,67108760
296276139648,67108761
296276139648,67108762
296276139648,67108764
296276139648,67108765
296276139648,67108769
296276139648,67108770
296276139648,67108771
296276139648,67108772
296276139648,67108773
296276139648,67108774
296276139648,67108775
296276139648,67108776
296276139648,67108779
296276139648,67108789
