1093269888,67093414
1093269888,67093415
1093269888,67093416
1093269888,67093417
1093269888,67093418
1093269888,67093419
1093269888,67093420
1093269888,67093421
1093269888,67093422
1093269888,67093423
1093269888,67093424
1093269888,67093425
1093269888,67093426
1093269888,67093427
1093269888,67093428
1093269888,67093429
1093269888,67093430
1093269888,67093431
1093269888,67093432
1093269888,67093433
1093269888,67093434
1093269888,67093435
1093269888,67093438
1093269888,67093439
1093269888,67093440
1093269888,67093441
1093269888,67093914
1093269888,67101403
33891366528,67091419
33891366528,67092593
33891366528,67093481
33891366528,67093482
33891366528,67093483
33891366528,67093484
33891366528,67093485
33891366528,67093486
33891366528,67093487
33891366528,67093488
33891366528,67093489
33891366528,67093490
33891366528,67093491
33891366528,67093492
33891366528,67093493
33891366528,67093494
33891366528,67093495
33891366528,67093496
33891366528,67093497
33891366528,67093498
33891366528,67093499
33891366528,67093500
33891366528,67093501
33891366528,67093502
33891366528,67093503
33891366528,67093504
33891366528,67093505
33891366528,67093506
33891366528,67093507
33891366528,67093508
33891366528,67093509
33891366528,67093510
33891366528,67093511
33891366528,67093512
33891366528,67093513
33891366528,67093514
33891366528,67093515
33891366528,67093516
33891366528,67093517
33891366528,67093518
33891366528,67093519
33891366528,67093520
33891366528,67093521
33891366528,67093522
33891366528,67093523
33891366528,67093524
33891366528,67093525
33891366528,67093526
33891366528,67093527
33891366528,67093528
33891366528,67093529
33891366528,67093530
33891366528,67093531
33891366528,67093532
33891366528,67093533
33891366528,67093534
33891366528,67093535
33891366528,67093536
33891366528,67093537
33891366528,67093538
33891366528,67093539
33891366528,67098451
33891366528,67098452
33891366528,67098453
33891366528,67098454
33891366528,67105941
33891366528,67105942
33891366528,67105943
33891366528,67108629
66689463168,131230
66689463168,67093550
66689463168,67093551
66689463168,67093552
66689463168,67093553
66689463168,67093554
66689463168,67093555
66689463168,67093556
66689463168,67093557
66689463168,67093561
66689463168,67093562
66689463168,67093563
66689463168,67093565
66689463168,67093567
66689463168,67093568
66689463168,67093569
66689463168,67093571
66689463168,67093572
66689463168,67093573
66689463168,67093574
66689463168,67093576
66689463168,67093577
66689463168,67093578
66689463168,67093579
66689463168,67093580
66689463168,67093581
66689463168,67093582
66689463168,67093583
66689463168,67093584
66689463168,67093586
66689463168,67093597
66689463168,67093599
66689463168,67093600
66689463168,67093602
66689463168,67093606
66689463168,67093607
66689463168,67093608
66689463168,67093610
66689463168,67093846
66689463168,67094239
66689463168,67094240
66689463168,67094261
66689463168,67094612
66689463168,67094613
66689463168,67094614
66689463168,67094615
66689463168,67094616
66689463168,67094617
66689463168,67094618
66689463168,67101335
66689463168,67101728
66689463168,67101729
66689463168,67101750
66689463168,67102101
66689463168,67102102
66689463168,67102103
66689463168,67102104
66689463168,67102105
66689463168,67102106
66689463168,67102107
66689463168,67102108
66689463168,67108597
