1379256614,67104543
1379256614,67104544
1379256614,67104545
1379256614,67104546
1379256614,67104547
1379256614,67104548
1379256614,67104549
1379256614,67104550
1379256614,67104551
1379256614,67104552
1379256614,67104553
1379256614,67104554
1379256614,67104555
1379256614,67104556
1379256614,67104557
1379256614,67104558
1379256614,67104562
1379256614,67104563
1379256614,67104565
1379256614,67104566
1379256614,67104567
1379256614,67104568
1379256614,67104570
1379256614,67104571
1379256614,67104572
1379256614,67104575
1379256614,67104576
1379256614,67104577
1379256614,67104578
1379256614,67104580
1379256614,67104582
1379256614,67104583
1379256614,67104584
1379256614,67104587
1379256614,67104589
1379256614,67104590
1379256614,67104591
1379256614,67104594
1379256614,67104595
1379256614,67104596
1379256614,67104597
1379256614,67104598
1379256614,67104600
1379256614,67104601
1379256614,67104603
1379256614,67104604
1379256614,67104606
1379256614,67104609
1379256614,67104610
1379256614,67104612
1379256614,67104613
1379256614,67104614
1379256614,67104616
1379256614,67104619
1379256614,67104620
1379256614,67104622
1379256614,67104623
1379256614,67104624
1379256614,67104625
1379256614,67104626
1379256614,67104627
1379256614,67104628
1379256614,67104629
1379256614,67104630
1379256614,67104631
1379256614,67104632
1379256614,67104633
1379256614,67104636
1379256614,67104637
1379256614,67104640
1379256614,67104641
1379256614,67104642
1379256614,67104643
1379256614,67104644
1379256614,67104646
1379256614,67104647
1379256614,67104649
1379256614,67104650
1379256614,67104651
1379256614,67104654
1379256614,67104655
1379256614,67104656
1379256614,67104657
1379256614,67104658
1379256614,67104659
1379256614,67104660
1379256614,67104661
1379256614,67104662
1379256614,67104663
1379256614,67104664
1379256614,67104665
1379256614,67104666
1379256614,67104667
1379256614,67104668
1379256614,67104669
1379256614,67104902
42756955034,67104029
42756955034,67104030
42756955034,67104031
42756955034,67104032
42756955034,67104033
42756955034,67104034
42756955034,67104035
42756955034,67104036
42756955034,67104037
42756955034,67104038
42756955034,67104039
42756955034,67104040
42756955034,67104041
42756955034,67104042
42756955034,67104043
42756955034,67104044
42756955034,67104045
42756955034,67104046
42756955034,67104047
42756955034,67104048
42756955034,67104049
42756955034,67104051
42756955034,67104052
42756955034,67104053
42756955034,67104054
42756955034,67104055
42756955034,67104056
42756955034,67104057
42756955034,67104058
42756955034,67104059
42756955034,67104060
42756955034,67104061
42756955034,67104062
42756955034,67104063
42756955034,67104064
42756955034,67104065
42756955034,67104066
42756955034,67104067
42756955034,67104068
42756955034,67104069
42756955034,67104070
42756955034,67104071
42756955034,67104072
42756955034,67104073
42756955034,67104075
42756955034,67104076
42756955034,67104077
42756955034,67104078
42756955034,67104079
42756955034,67104080
42756955034,67104081
42756955034,67104082
42756955034,67104083
42756955034,67104084
42756955034,67104085
42756955034,67104086
42756955034,67104087
42756955034,67104088
42756955034,67104089
42756955034,67104090
42756955034,67104091
42756955034,67104092
42756955034,67104093
42756955034,67104094
42756955034,67104095
42756955034,67104096
42756955034,67104097
42756955034,67104098
42756955034,67104099
42756955034,67104100
42756955034,67104102
42756955034,67104104
42756955034,67104105
42756955034,67104106
42756955034,67104107
42756955034,67104108
42756955034,67104109
42756955034,67104110
42756955034,67104111
42756955034,67104113
42756955034,67104114
42756955034,67104116
42756955034,67104117
42756955034,67104118
42756955034,67104119
42756955034,67104120
42756955034,67104121
42756955034,67104122
42756955034,67104123
42756955034,67104124
42756955034,67104125
42756955034,67104126
42756955034,67104128
42756955034,67104129
42756955034,67104130
42756955034,67104131
42756955034,67104132
42756955034,67104133
42756955034,67104134
42756955034,67104135
42756955034,67104136
42756955034,67104137
42756955034,67104138
42756955034,67104139
42756955034,67104140
42756955034,67104141
42756955034,67104142
42756955034,67104143
42756955034,67104144
42756955034,67104145
42756955034,67104146
42756955034,67104147
42756955034,67104148
42756955034,67104149
42756955034,67104150
42756955034,67104151
42756955034,67104152
42756955034,67104153
42756955034,67104154
42756955034,67104155
42756955034,67104158
42756955034,67104159
42756955034,67104160
42756955034,67104161
42756955034,67104162
42756955034,67104163
42756955034,67107061
42756955034,67107117
42756955034,67107148
42756955034,67107710
42756955034,67107894
42756955034,67107920
42756955034,67108011
42756955034,67108666
42756955034,67108667
42756955034,67108668
42756955034,67108669
42756955034,67108670
42756955034,67108671
84134653454,131252
84134653454,67104433
84134653454,67104700
84134653454,67104724
84134653454,67104738
84134653454,67104767
84134653454,67104774
84134653454,67104936
84134653454,67104952
84134653454,67104954
84134653454,67104957
84134653454,67104960
84134653454,67104968
84134653454,67104978
84134653454,67104979
84134653454,67105002
84134653454,67105028
84134653454,67105031
84134653454,67105034
84134653454,67105067
84134653454,67105090
84134653454,67105117
84134653454,67105119
84134653454,67105132
84134653454,67105144
84134653454,67105157
84134653454,67105173
84134653454,67105224
84134653454,67105250
84134653454,67105253
84134653454,67105267
84134653454,67105277
84134653454,67105313
84134653454,67105340
84134653454,67105356
84134653454,67105362
84134653454,67105403
84134653454,67105420
84134653454,67105457
84134653454,67105468
84134653454,67105495
84134653454,67105505
84134653454,67105520
84134653454,67105524
84134653454,67105533
84134653454,67105580
84134653454,67105591
84134653454,67105611
84134653454,67105612
84134653454,67105637
84134653454,67105661
84134653454,67105662
84134653454,67105670
84134653454,67105672
84134653454,67105684
84134653454,67105691
84134653454,67105696
84134653454,67105711
84134653454,67105712
84134653454,67105724
84134653454,67105726
84134653454,67105744
84134653454,67105761
84134653454,67105765
84134653454,67105766
84134653454,67105768
84134653454,67105774
84134653454,67105778
84134653454,67105779
84134653454,67105783
84134653454,67105789
84134653454,67105791
84134653454,67105795
84134653454,67105803
84134653454,67105815
84134653454,67105827
84134653454,67105828
84134653454,67105829
84134653454,67105831
84134653454,67105835
84134653454,67105842
84134653454,67105844
84134653454,67105852
84134653454,67105853
84134653454,67105854
84134653454,67105866
84134653454,67105869
84134653454,67105872
84134653454,67105879
84134653454,67105890
84134653454,67105893
84134653454,67105898
84134653454,67105908
84134653454,67105909
84134653454,67105910
84134653454,67105924
84134653454,67105925
84134653454,67105938
84134653454,67105942
84134653454,67105945
84134653454,67105951
84134653454,67105954
84134653454,67105959
84134653454,67105961
84134653454,67105962
84134653454,67105963
84134653454,67105965
84134653454,67105968
84134653454,67105969
84134653454,67105977
84134653454,67105978
84134653454,67105985
84134653454,67105989
84134653454,67105991
84134653454,67105993
84134653454,67105995
84134653454,67105997
84134653454,67105998
84134653454,67106001
84134653454,67106002
84134653454,67106005
84134653454,67106006
84134653454,67106015
84134653454,67106017
84134653454,67106018
84134653454,67106020
84134653454,67106021
84134653454,67106022
84134653454,67106023
84134653454,67106027
84134653454,67106030
84134653454,67106031
84134653454,67106033
84134653454,67106034
84134653454,67106038
84134653454,67106039
84134653454,67106040
84134653454,67106044
84134653454,67106045
84134653454,67106051
84134653454,67106052
84134653454,67106056
84134653454,67106726
84134653454,67106783
84134653454,67106881
84134653454,67107022
