1096522560,67100098
1096522560,67100299
1096522560,67100515
1096522560,67100702
1096522560,67100903
1096522560,67100904
1096522560,67100905
1096522560,67100906
1096522560,67100907
1096522560,67100908
1096522560,67100909
1096522560,67100910
1096522560,67100911
1096522560,67100912
1096522560,67100913
1096522560,67100914
1096522560,67100916
1096522560,67100917
1096522560,67100918
1096522560,67100919
1096522560,67100920
1096522560,67100921
1096522560,67100922
1096522560,67100926
1096522560,67100927
1096522560,67100928
1096522560,67100929
1096522560,67100930
1096522560,67100931
1096522560,67100932
1096522560,67100933
1096522560,67100934
1096522560,67100935
1096522560,67100964
1096522560,67100965
1096522560,67100966
1096522560,67100967
1096522560,67100968
1096522560,67100969
1096522560,67100970
1096522560,67100971
1096522560,67100972
1096522560,67100973
1096522560,67100974
1096522560,67100975
1096522560,67100976
1096522560,67100977
1096522560,67100978
1096522560,67100979
1096522560,67100980
1096522560,67100981
1096522560,67100982
1096522560,67101282
1096522560,67108593
33992199360,67100113
33992199360,67100314
33992199360,67100546
33992199360,67100717
33992199360,67100953
33992199360,67100962
33992199360,67100963
33992199360,67101051
33992199360,67101052
33992199360,67101053
33992199360,67101054
33992199360,67101056
33992199360,67101057
33992199360,67101058
33992199360,67101063
33992199360,67101065
33992199360,67101068
33992199360,67101072
33992199360,67101076
33992199360,67101078
33992199360,67101079
33992199360,67101082
33992199360,67101084
33992199360,67101085
33992199360,67101088
33992199360,67101090
33992199360,67101091
33992199360,67101092
33992199360,67101093
33992199360,67101094
33992199360,67101096
33992199360,67101099
33992199360,67101100
33992199360,67106797
33992199360,67106798
33992199360,67106799
33992199360,67106800
33992199360,67106801
33992199360,67108608
66887876160,131245
66887876160,67100099
66887876160,67100100
66887876160,67100101
66887876160,67100102
66887876160,67100103
66887876160,67100104
66887876160,67100105
66887876160,67100106
66887876160,67100107
66887876160,67100108
66887876160,67100109
66887876160,67100114
66887876160,67100115
66887876160,67100116
66887876160,67100117
66887876160,67100118
66887876160,67100119
66887876160,67100120
66887876160,67100121
66887876160,67100122
66887876160,67100123
66887876160,67100124
66887876160,67100125
66887876160,67100126
66887876160,67100127
66887876160,67100128
66887876160,67100129
66887876160,67100130
66887876160,67100131
66887876160,67100132
66887876160,67100133
66887876160,67100134
66887876160,67100135
66887876160,67100136
66887876160,67100137
66887876160,67100139
66887876160,67100159
66887876160,67100160
66887876160,67100161
66887876160,67100162
66887876160,67100163
66887876160,67100164
66887876160,67100165
66887876160,67100166
66887876160,67100167
66887876160,67100168
66887876160,67100169
66887876160,67100170
66887876160,67100171
66887876160,67100172
66887876160,67100173
66887876160,67100174
66887876160,67100175
66887876160,67100176
66887876160,67100177
66887876160,67100178
66887876160,67100179
66887876160,67100180
66887876160,67100181
66887876160,67100182
66887876160,67100184
66887876160,67100186
66887876160,67100187
66887876160,67100189
66887876160,67100191
66887876160,67100192
66887876160,67100196
66887876160,67100197
66887876160,67100198
66887876160,67100226
66887876160,67100300
66887876160,67101896
66887876160,67103659
66887876160,67103677
66887876160,67103907
66887876160,67108594
99783552960,131243
99783552960,131252
99783552960,131256
99783552960,131260
99783552960,67100309
99783552960,67100315
99783552960,67100316
99783552960,67100322
99783552960,67100328
99783552960,67100330
99783552960,67100340
99783552960,67100341
99783552960,67101150
99783552960,67101498
99783552960,67101508
99783552960,67101532
99783552960,67101626
99783552960,67101668
99783552960,67101785
99783552960,67101821
99783552960,67101928
99783552960,67101938
99783552960,67101943
99783552960,67101978
99783552960,67102003
99783552960,67102017
99783552960,67102021
99783552960,67102042
99783552960,67102049
99783552960,67102056
99783552960,67102058
99783552960,67102063
99783552960,67102067
99783552960,67102073
99783552960,67102078
99783552960,67102087
99783552960,67102109
99783552960,67102115
99783552960,67102116
99783552960,67102125
99783552960,67102149
99783552960,67102153
99783552960,67102156
99783552960,67102175
99783552960,67102190
99783552960,67102202
99783552960,67102277
99783552960,67102281
99783552960,67102283
99783552960,67102318
99783552960,67102339
99783552960,67102345
99783552960,67102378
99783552960,67102428
99783552960,67102437
99783552960,67102444
99783552960,67102448
99783552960,67102454
99783552960,67102464
99783552960,67102468
99783552960,67102473
99783552960,67102478
99783552960,67102492
99783552960,67102499
99783552960,67102512
99783552960,67102543
99783552960,67102553
99783552960,67102561
99783552960,67102566
99783552960,67102567
99783552960,67102568
99783552960,67102583
99783552960,67102586
99783552960,67102593
99783552960,67102626
99783552960,67102630
99783552960,67102633
99783552960,67102642
99783552960,67102645
99783552960,67102663
99783552960,67102672
99783552960,67102700
99783552960,67102711
99783552960,67102716
99783552960,67102717
99783552960,67102718
99783552960,67102732
99783552960,67102737
99783552960,67102739
99783552960,67102742
99783552960,67102752
99783552960,67102753
99783552960,67102756
99783552960,67102798
99783552960,67102807
99783552960,67102842
99783552960,67102852
99783552960,67102860
99783552960,67102863
99783552960,67102865
99783552960,67102875
99783552960,67102908
99783552960,67102914
99783552960,67102918
99783552960,67102921
99783552960,67102922
99783552960,67102925
99783552960,67102930
99783552960,67102934
99783552960,67102937
99783552960,67102943
99783552960,67102949
99783552960,67102950
99783552960,67102953
99783552960,67102977
99783552960,67103002
99783552960,67103012
99783552960,67103014
99783552960,67103019
99783552960,67103020
99783552960,67103047
99783552960,67103050
99783552960,67103053
99783552960,67103061
99783552960,67103101
99783552960,67103114
99783552960,67103119
99783552960,67103120
99783552960,67103160
99783552960,67103165
99783552960,67103200
99783552960,67103240
99783552960,67103660
99783552960,67103670
99783552960,67103676
99783552960,67103739
99783552960,67103743
99783552960,67103791
99783552960,67103801
99783552960,67103806
99783552960,67103811
99783552960,67103826
99783552960,67103843
99783552960,67103846
99783552960,67103853
99783552960,67103872
99783552960,67103898
99783552960,67103912
99783552960,67103918
99783552960,67103921
99783552960,67103927
99783552960,67103931
99783552960,67103932
99783552960,67103935
99783552960,67103936
99783552960,67103958
99783552960,67103963
99783552960,67103966
99783552960,67103968
99783552960,67103979
99783552960,67103982
99783552960,67103985
99783552960,67103996
99783552960,67104000
99783552960,67104002
99783552960,67104006
99783552960,67104020
99783552960,67104042
99783552960,67104058
99783552960,67104062
99783552960,67104075
99783552960,67104076
99783552960,67104098
99783552960,67104101
99783552960,67104110
99783552960,67104116
99783552960,67104136
99783552960,67104138
99783552960,67104588
99783552960,67104616
99783552960,67104624
99783552960,67104630
99783552960,67104649
99783552960,67104650
99783552960,67104652
99783552960,67104654
99783552960,67104658
99783552960,67104675
99783552960,67104676
99783552960,67104678
99783552960,67104685
99783552960,67104686
99783552960,67104689
99783552960,67104699
99783552960,67104701
99783552960,67104707
99783552960,67104712
99783552960,67104713
99783552960,67104714
99783552960,67104717
99783552960,67104718
99783552960,67104719
99783552960,67104721
99783552960,67104722
99783552960,67104723
99783552960,67104728
99783552960,67104731
99783552960,67104735
99783552960,67104736
99783552960,67104738
99783552960,67104739
99783552960,67104740
99783552960,67104743
99783552960,67104745
99783552960,67104746
99783552960,67104751
99783552960,67104752
99783552960,67104755
99783552960,67104758
99783552960,67104760
99783552960,67104764
99783552960,67104770
99783552960,67104773
99783552960,67104776
99783552960,67104777
99783552960,67104778
99783552960,67104779
99783552960,67104780
99783552960,67104787
99783552960,67104789
99783552960,67104790
99783552960,67105673
99783552960,67105824
99783552960,67105825
99783552960,67105967
99783552960,67106913
99783552960,67106937
99783552960,67107354
99783552960,67107386
99783552960,67107387
99783552960,67107639
99783552960,67107640
99783552960,67107662
99783552960,67107663
99783552960,67107664
99783552960,67108144
99783552960,67108379
99783552960,67108603
99783552960,67108604
99783552960,67108609
99783552960,67108610
99783552960,67108611
99783552960,67108624
99783552960,67108634
99783552960,67108635
132679229760,131248
132679229760,131249
132679229760,131250
132679229760,131251
132679229760,67100155
132679229760,67100156
132679229760,67100245
132679229760,67100248
132679229760,67100251
132679229760,67100255
132679229760,67100257
132679229760,67100259
132679229760,67100261
132679229760,67100268
132679229760,67100274
132679229760,67100277
132679229760,67100278
132679229760,67100279
132679229760,67100282
132679229760,67100286
132679229760,67100287
132679229760,67100291
132679229760,67100292
132679229760,67100293
132679229760,67100294
132679229760,67100360
132679229760,67100365
132679229760,67100504
132679229760,67100723
132679229760,67101192
132679229760,67101395
132679229760,67101517
132679229760,67101638
132679229760,67101756
132679229760,67101774
132679229760,67102083
132679229760,67102099
132679229760,67102104
132679229760,67102107
132679229760,67102150
132679229760,67102155
132679229760,67102161
132679229760,67102177
132679229760,67102178
132679229760,67102248
132679229760,67102298
132679229760,67102305
132679229760,67102308
132679229760,67102310
132679229760,67102311
132679229760,67102312
132679229760,67102329
132679229760,67102351
132679229760,67102384
132679229760,67102391
132679229760,67102392
132679229760,67102395
132679229760,67102413
132679229760,67102433
132679229760,67102435
132679229760,67102439
132679229760,67102445
132679229760,67102467
132679229760,67102469
132679229760,67102472
132679229760,67102475
132679229760,67102481
132679229760,67102482
132679229760,67102490
132679229760,67102507
132679229760,67102528
132679229760,67102538
132679229760,67102548
132679229760,67102549
132679229760,67102554
132679229760,67102555
132679229760,67102572
132679229760,67102575
132679229760,67102576
132679229760,67102577
132679229760,67102589
132679229760,67102595
132679229760,67102598
132679229760,67102600
132679229760,67102616
132679229760,67102650
132679229760,67102655
132679229760,67102656
132679229760,67102657
132679229760,67102692
132679229760,67102693
132679229760,67102726
132679229760,67102740
132679229760,67102759
132679229760,67102760
132679229760,67102762
132679229760,67102763
132679229760,67102764
132679229760,67102777
132679229760,67102778
132679229760,67102783
132679229760,67102786
132679229760,67102790
132679229760,67102801
132679229760,67102806
132679229760,67102809
132679229760,67102814
132679229760,67102816
132679229760,67102849
132679229760,67102862
132679229760,67102874
132679229760,67102896
132679229760,67102898
132679229760,67102899
132679229760,67102927
132679229760,67102928
132679229760,67102931
132679229760,67102936
132679229760,67102952
132679229760,67102961
132679229760,67102963
132679229760,67102964
132679229760,67102981
132679229760,67102985
132679229760,67102993
132679229760,67102998
132679229760,67103003
132679229760,67103009
132679229760,67103021
132679229760,67103031
132679229760,67103036
132679229760,67103037
132679229760,67103041
132679229760,67103046
132679229760,67103051
132679229760,67103052
132679229760,67103056
132679229760,67103073
132679229760,67103082
132679229760,67103084
132679229760,67103086
132679229760,67103089
132679229760,67103105
132679229760,67103121
132679229760,67103123
132679229760,67103124
132679229760,67103131
132679229760,67103138
132679229760,67103162
132679229760,67103166
132679229760,67103174
132679229760,67103623
132679229760,67103624
132679229760,67103634
132679229760,67103656
132679229760,67103657
132679229760,67103668
132679229760,67103680
132679229760,67103696
132679229760,67103709
132679229760,67103718
132679229760,67103719
132679229760,67103722
132679229760,67103738
132679229760,67103744
132679229760,67103758
132679229760,67103778
132679229760,67103788
132679229760,67103790
132679229760,67103813
132679229760,67103834
132679229760,67103835
132679229760,67103836
132679229760,67103837
132679229760,67103889
132679229760,67103909
132679229760,67103925
132679229760,67103944
132679229760,67103956
132679229760,67103964
132679229760,67103970
132679229760,67103973
132679229760,67103975
132679229760,67103995
132679229760,67104005
132679229760,67104033
132679229760,67104059
132679229760,67104060
132679229760,67104072
132679229760,67104078
132679229760,67104089
132679229760,67104094
132679229760,67104108
132679229760,67104113
132679229760,67104115
132679229760,67104118
132679229760,67104150
132679229760,67104191
132679229760,67104566
132679229760,67104575
132679229760,67104590
132679229760,67104612
132679229760,67104641
132679229760,67104647
132679229760,67104664
132679229760,67104679
132679229760,67104680
132679229760,67104681
132679229760,67104682
132679229760,67104715
132679229760,67104716
132679229760,67104765
132679229760,67104771
132679229760,67104803
132679229760,67104841
132679229760,67104847
132679229760,67104860
132679229760,67104870
132679229760,67104916
132679229760,67104924
132679229760,67104972
132679229760,67104978
132679229760,67105428
132679229760,67105433
132679229760,67105453
132679229760,67105454
132679229760,67105493
132679229760,67105500
132679229760,67105521
132679229760,67105523
132679229760,67105525
132679229760,67105543
132679229760,67105552
132679229760,67105555
132679229760,67105556
132679229760,67105607
132679229760,67105623
132679229760,67106115
132679229760,67106130
132679229760,67106141
132679229760,67106142
132679229760,67106153
132679229760,67106318
132679229760,67106319
132679229760,67106351
132679229760,67106809
132679229760,67107245
132679229760,67107261
132679229760,67108096
132679229760,67108097
132679229760,67108659
165574906560,131247
165574906560,131254
165574906560,67100325
165574906560,67100327
165574906560,67100332
165574906560,67100362
165574906560,67100363
165574906560,67100521
165574906560,67101168
165574906560,67101197
165574906560,67101198
165574906560,67101283
165574906560,67101403
165574906560,67101432
165574906560,67101439
165574906560,67101446
165574906560,67101463
165574906560,67101470
165574906560,67101480
165574906560,67101481
165574906560,67101490
165574906560,67101503
165574906560,67101505
165574906560,67101528
165574906560,67101531
165574906560,67101535
165574906560,67101545
165574906560,67101550
165574906560,67101613
165574906560,67101653
165574906560,67101662
165574906560,67101702
165574906560,67101715
165574906560,67101719
165574906560,67101723
165574906560,67101728
165574906560,67101739
165574906560,67101763
165574906560,67101781
165574906560,67101784
165574906560,67101789
165574906560,67101790
165574906560,67101810
165574906560,67101812
165574906560,67101823
165574906560,67101860
165574906560,67101884
165574906560,67101889
165574906560,67101897
165574906560,67101906
165574906560,67101911
165574906560,67101924
165574906560,67101931
165574906560,67101945
165574906560,67101946
165574906560,67101947
165574906560,67101960
165574906560,67101970
165574906560,67101974
165574906560,67101988
165574906560,67101993
165574906560,67101994
165574906560,67102005
165574906560,67102007
165574906560,67102014
165574906560,67102015
165574906560,67102016
165574906560,67102018
165574906560,67102025
165574906560,67102026
165574906560,67102043
165574906560,67102045
165574906560,67102047
165574906560,67102052
165574906560,67102057
165574906560,67102060
165574906560,67102066
165574906560,67102075
165574906560,67102085
165574906560,67102094
165574906560,67102097
165574906560,67102103
165574906560,67102106
165574906560,67102111
165574906560,67102121
165574906560,67102124
165574906560,67102131
165574906560,67102136
165574906560,67102140
165574906560,67102143
165574906560,67102147
165574906560,67102148
165574906560,67102162
165574906560,67102165
165574906560,67102167
165574906560,67102173
165574906560,67102185
165574906560,67102187
165574906560,67102192
165574906560,67102193
165574906560,67102242
165574906560,67102244
165574906560,67102253
165574906560,67102276
165574906560,67102278
165574906560,67102292
165574906560,67102293
165574906560,67102301
165574906560,67102304
165574906560,67102306
165574906560,67102315
165574906560,67102328
165574906560,67102350
165574906560,67102374
165574906560,67102379
165574906560,67102381
165574906560,67102383
165574906560,67102400
165574906560,67102401
165574906560,67102415
165574906560,67102416
165574906560,67102422
165574906560,67102432
165574906560,67102443
165574906560,67102455
165574906560,67102456
165574906560,67102462
165574906560,67102466
165574906560,67102484
165574906560,67102496
165574906560,67102501
165574906560,67102503
165574906560,67102508
165574906560,67102510
165574906560,67102513
165574906560,67102518
165574906560,67102533
165574906560,67102544
165574906560,67102564
165574906560,67102571
165574906560,67102579
165574906560,67102581
165574906560,67102584
165574906560,67102608
165574906560,67102615
165574906560,67102618
165574906560,67102619
165574906560,67102620
165574906560,67102627
165574906560,67102637
165574906560,67102647
165574906560,67102654
165574906560,67102666
165574906560,67102677
165574906560,67102678
165574906560,67102680
165574906560,67102686
165574906560,67102691
165574906560,67102694
165574906560,67102697
165574906560,67102701
165574906560,67102702
165574906560,67102710
165574906560,67102714
165574906560,67102719
165574906560,67102743
165574906560,67102769
165574906560,67102772
165574906560,67102773
165574906560,67102776
165574906560,67102788
165574906560,67102796
165574906560,67102797
165574906560,67102804
165574906560,67102808
165574906560,67102815
165574906560,67102817
165574906560,67102820
165574906560,67102821
165574906560,67102825
165574906560,67102832
165574906560,67102838
165574906560,67102845
165574906560,67102858
165574906560,67102866
165574906560,67102890
165574906560,67102900
165574906560,67102906
165574906560,67102947
165574906560,67102960
165574906560,67102994
165574906560,67103001
165574906560,67103010
165574906560,67103015
165574906560,67103018
165574906560,67103030
165574906560,67103035
165574906560,67103076
165574906560,67103098
165574906560,67103100
165574906560,67103150
165574906560,67103152
165574906560,67103219
165574906560,67103658
165574906560,67103666
165574906560,67103685
165574906560,67103707
165574906560,67103723
165574906560,67103763
165574906560,67103764
165574906560,67103803
165574906560,67103804
165574906560,67103828
165574906560,67103833
165574906560,67103854
165574906560,67103863
165574906560,67103871
165574906560,67103878
165574906560,67103880
165574906560,67103915
165574906560,67103924
165574906560,67103971
165574906560,67103997
165574906560,67104001
165574906560,67104112
165574906560,67104139
165574906560,67104161
165574906560,67104653
165574906560,67105122
165574906560,67105410
165574906560,67105424
165574906560,67105474
165574906560,67105484
165574906560,67105492
165574906560,67105531
165574906560,67105875
165574906560,67106160
165574906560,67107201
165574906560,67107458
165574906560,67108061
165574906560,67108116
165574906560,67108619
165574906560,67108621
165574906560,67108627
165574906560,67108654
165574906560,67108656
165574906560,67108657
165574906560,67108662
198470583360,131244
198470583360,131246
198470583360,131255
198470583360,131259
198470583360,67100298
198470583360,67100310
198470583360,67100317
198470583360,67100318
198470583360,67100319
198470583360,67100320
198470583360,67100324
198470583360,67100326
198470583360,67100329
198470583360,67100331
198470583360,67100333
198470583360,67100334
198470583360,67100335
198470583360,67100336
198470583360,67100337
198470583360,67100338
198470583360,67100364
198470583360,67100366
198470583360,67100367
198470583360,67100368
198470583360,67100370
198470583360,67100371
198470583360,67100372
198470583360,67100373
198470583360,67100374
198470583360,67100375
198470583360,67100380
198470583360,67100382
198470583360,67100389
198470583360,67100392
198470583360,67100400
198470583360,67100401
198470583360,67100404
198470583360,67100407
198470583360,67100503
198470583360,67100719
198470583360,67101155
198470583360,67101166
198470583360,67101542
198470583360,67101547
198470583360,67101548
198470583360,67101612
198470583360,67101619
198470583360,67101637
198470583360,67101675
198470583360,67101684
198470583360,67101700
198470583360,67101730
198470583360,67101732
198470583360,67101741
198470583360,67101772
198470583360,67101779
198470583360,67101786
198470583360,67101815
198470583360,67101830
198470583360,67101868
198470583360,67101989
198470583360,67102080
198470583360,67102093
198470583360,67102152
198470583360,67102154
198470583360,67102157
198470583360,67102159
198470583360,67102168
198470583360,67102169
198470583360,67102179
198470583360,67102180
198470583360,67102184
198470583360,67102198
198470583360,67102235
198470583360,67102252
198470583360,67102284
198470583360,67102294
198470583360,67102299
198470583360,67102300
198470583360,67102309
198470583360,67102316
198470583360,67102320
198470583360,67102353
198470583360,67102386
198470583360,67102681
198470583360,67102704
198470583360,67102780
198470583360,67102805
198470583360,67103625
198470583360,67103689
198470583360,67103691
198470583360,67103731
198470583360,67103802
198470583360,67104572
198470583360,67104573
198470583360,67104581
198470583360,67104613
198470583360,67105391
198470583360,67105393
198470583360,67105398
198470583360,67105414
198470583360,67105417
198470583360,67105436
198470583360,67105460
198470583360,67105469
198470583360,67105477
198470583360,67105488
198470583360,67105494
198470583360,67105509
198470583360,67105551
198470583360,67106109
198470583360,67106110
198470583360,67106111
198470583360,67106112
198470583360,67106116
198470583360,67106120
198470583360,67106126
198470583360,67106131
198470583360,67106133
198470583360,67106148
198470583360,67106155
198470583360,67106156
198470583360,67106162
198470583360,67106167
198470583360,67106176
198470583360,67106180
198470583360,67106189
198470583360,67106194
198470583360,67106202
198470583360,67106210
198470583360,67106230
198470583360,67106244
198470583360,67106246
198470583360,67106247
198470583360,67106251
198470583360,67106270
198470583360,67106281
198470583360,67106304
198470583360,67106331
198470583360,67106370
198470583360,67106806
198470583360,67106824
198470583360,67106830
198470583360,67106831
198470583360,67106858
198470583360,67106864
198470583360,67106894
198470583360,67106936
198470583360,67107174
198470583360,67107175
198470583360,67107176
198470583360,67107177
198470583360,67107178
198470583360,67107179
198470583360,67107180
198470583360,67107182
198470583360,67107183
198470583360,67107184
198470583360,67107186
198470583360,67107188
198470583360,67107191
198470583360,67107194
198470583360,67107195
198470583360,67107198
198470583360,67107199
198470583360,67107206
198470583360,67107212
198470583360,67107220
198470583360,67107265
198470583360,67107288
198470583360,67107289
198470583360,67107315
198470583360,67107358
198470583360,67107368
198470583360,67107527
198470583360,67108062
198470583360,67108063
198470583360,67108064
198470583360,67108065
198470583360,67108066
198470583360,67108067
198470583360,67108068
198470583360,67108069
198470583360,67108070
198470583360,67108072
198470583360,67108073
198470583360,67108075
198470583360,67108076
198470583360,67108077
198470583360,67108079
198470583360,67108080
198470583360,67108082
198470583360,67108083
198470583360,67108084
198470583360,67108088
198470583360,67108089
198470583360,67108090
198470583360,67108091
198470583360,67108092
198470583360,67108094
198470583360,67108108
198470583360,67108109
198470583360,67108119
198470583360,67108120
198470583360,67108135
198470583360,67108143
198470583360,67108146
198470583360,67108152
198470583360,67108163
198470583360,67108192
198470583360,67108194
198470583360,67108203
198470583360,67108244
198470583360,67108245
198470583360,67108260
198470583360,67108318
198470583360,67108612
198470583360,67108613
198470583360,67108614
198470583360,67108615
198470583360,67108618
198470583360,67108620
198470583360,67108622
198470583360,67108623
198470583360,67108625
198470583360,67108628
198470583360,67108629
198470583360,67108630
198470583360,67108631
198470583360,67108632
198470583360,67108658
198470583360,67108660
198470583360,67108661
198470583360,67108663
198470583360,67108665
198470583360,67108666
198470583360,67108667
198470583360,67108668
198470583360,67108669
198470583360,67108674
198470583360,67108675
198470583360,67108676
198470583360,67108684
198470583360,67108687
198470583360,67108695
198470583360,67108698
198470583360,67108699
231366260160,131257
231366260160,67100519
231366260160,67101455
231366260160,67101460
231366260160,67101502
231366260160,67101515
231366260160,67101551
231366260160,67101556
231366260160,67101557
231366260160,67101580
231366260160,67101724
231366260160,67101833
231366260160,67101881
231366260160,67101887
231366260160,67101922
231366260160,67101933
231366260160,67101934
231366260160,67101935
231366260160,67101957
231366260160,67101967
231366260160,67101973
231366260160,67101980
231366260160,67101982
231366260160,67101984
231366260160,67102011
231366260160,67102019
231366260160,67102022
231366260160,67102024
231366260160,67102038
231366260160,67102048
231366260160,67102055
231366260160,67102062
231366260160,67102065
231366260160,67102076
231366260160,67102077
231366260160,67102082
231366260160,67102084
231366260160,67102086
231366260160,67102117
231366260160,67102123
231366260160,67102134
231366260160,67102166
231366260160,67102188
231366260160,67102282
231366260160,67102287
231366260160,67102288
231366260160,67102303
231366260160,67102336
231366260160,67102338
231366260160,67102360
231366260160,67102363
231366260160,67102365
231366260160,67102368
231366260160,67102373
231366260160,67102375
231366260160,67102376
231366260160,67102377
231366260160,67102385
231366260160,67102394
231366260160,67102407
231366260160,67102429
231366260160,67102450
231366260160,67102452
231366260160,67102458
231366260160,67102505
231366260160,67102514
231366260160,67102516
231366260160,67102519
231366260160,67102525
231366260160,67102527
231366260160,67102594
231366260160,67102597
231366260160,67102621
231366260160,67102635
231366260160,67102639
231366260160,67102669
231366260160,67102671
231366260160,67102673
231366260160,67102685
231366260160,67102690
231366260160,67102705
231366260160,67102709
231366260160,67102713
231366260160,67102715
231366260160,67102720
231366260160,67102722
231366260160,67102724
231366260160,67102735
231366260160,67102774
231366260160,67102784
231366260160,67102787
231366260160,67102791
231366260160,67102794
231366260160,67102802
231366260160,67102812
231366260160,67102827
231366260160,67102833
231366260160,67102839
231366260160,67102847
231366260160,67102854
231366260160,67102867
231366260160,67102883
231366260160,67102884
231366260160,67102885
231366260160,67102888
231366260160,67102901
231366260160,67102902
231366260160,67102910
231366260160,67102911
231366260160,67102913
231366260160,67102916
231366260160,67102920
231366260160,67102941
231366260160,67102956
231366260160,67103013
231366260160,67103029
231366260160,67103032
231366260160,67103042
231366260160,67103048
231366260160,67103057
231366260160,67103058
231366260160,67103059
231366260160,67103066
231366260160,67103068
231366260160,67103074
231366260160,67103088
231366260160,67103090
231366260160,67103130
231366260160,67103151
231366260160,67103628
231366260160,67103629
231366260160,67103630
231366260160,67103631
231366260160,67103633
231366260160,67103635
231366260160,67103649
231366260160,67103667
231366260160,67103669
231366260160,67103671
231366260160,67103673
231366260160,67103699
231366260160,67103706
231366260160,67103708
231366260160,67103710
231366260160,67103715
231366260160,67103717
231366260160,67103721
231366260160,67103761
231366260160,67103770
231366260160,67103771
231366260160,67103775
231366260160,67103784
231366260160,67103786
231366260160,67103789
231366260160,67103796
231366260160,67103798
231366260160,67103808
231366260160,67103809
231366260160,67103810
231366260160,67103812
231366260160,67103815
231366260160,67103824
231366260160,67103831
231366260160,67103838
231366260160,67103839
231366260160,67103847
231366260160,67103848
231366260160,67103849
231366260160,67103850
231366260160,67103856
231366260160,67103859
231366260160,67103860
231366260160,67103861
231366260160,67103862
231366260160,67103864
231366260160,67103873
231366260160,67103874
231366260160,67103884
231366260160,67103886
231366260160,67103887
231366260160,67103888
231366260160,67103892
231366260160,67103893
231366260160,67103894
231366260160,67103895
231366260160,67103901
231366260160,67103923
231366260160,67103930
231366260160,67103943
231366260160,67103946
231366260160,67103947
231366260160,67103952
231366260160,67103954
231366260160,67103962
231366260160,67103972
231366260160,67103977
231366260160,67103980
231366260160,67103981
231366260160,67103983
231366260160,67103984
231366260160,67103986
231366260160,67103987
231366260160,67104014
231366260160,67104024
231366260160,67104035
231366260160,67104061
231366260160,67104085
231366260160,67104090
231366260160,67104095
231366260160,67104119
231366260160,67104564
231366260160,67104610
231366260160,67104663
231366260160,67104885
231366260160,67105615
231366260160,67105659
231366260160,67105660
231366260160,67106302
231366260160,67107225
