1096522560,67100098
1096522560,67100299
1096522560,67100515
1096522560,67100702
1096522560,67100903
1096522560,67100904
1096522560,67100905
1096522560,67100906
1096522560,67100907
1096522560,67100908
1096522560,67100909
1096522560,67100910
1096522560,67100911
1096522560,67100912
1096522560,67100913
1096522560,67100914
1096522560,67100916
1096522560,67100917
1096522560,67100918
1096522560,67100919
1096522560,67100920
1096522560,67100921
1096522560,67100922
1096522560,67100926
1096522560,67100927
1096522560,67100928
1096522560,67100929
1096522560,67100930
1096522560,67100931
1096522560,67100932
1096522560,67100933
1096522560,67100934
1096522560,67100935
1096522560,67100964
1096522560,67100965
1096522560,67100966
1096522560,67100967
1096522560,67100968
1096522560,67100969
1096522560,67100970
1096522560,67100971
1096522560,67100972
1096522560,67100973
1096522560,67100974
1096522560,67100975
1096522560,67100976
1096522560,67100977
1096522560,67100978
1096522560,67100979
1096522560,67100980
1096522560,67100981
1096522560,67100982
1096522560,67101282
1096522560,67108593
33992199360,67100113
33992199360,67100314
33992199360,67100546
33992199360,67100717
33992199360,67100953
33992199360,67100962
33992199360,67100963
33992199360,67101051
33992199360,67101052
33992199360,67101053
33992199360,67101054
33992199360,67101056
33992199360,67101057
33992199360,67101058
33992199360,67101063
33992199360,67101065
33992199360,67101068
33992199360,67101072
33992199360,67101076
33992199360,67101078
33992199360,67101079
33992199360,67101082
33992199360,67101084
33992199360,67101085
33992199360,67101088
33992199360,67101090
33992199360,67101091
33992199360,67101092
33992199360,67101093
33992199360,67101094
33992199360,67101096
33992199360,67101099
33992199360,67101100
33992199360,67106797
33992199360,67106798
33992199360,67106799
33992199360,67106800
33992199360,67106801
33992199360,67108608
66887876160,131245
66887876160,67100099
66887876160,67100100
66887876160,67100101
66887876160,67100102
66887876160,67100103
66887876160,67100104
66887876160,67100105
66887876160,67100106
66887876160,67100107
66887876160,67100108
66887876160,67100109
66887876160,67100114
66887876160,67100115
66887876160,67100116
66887876160,67100117
66887876160,67100118
66887876160,67100119
66887876160,67100120
66887876160,67100121
66887876160,67100122
66887876160,67100123
66887876160,67100124
66887876160,67100125
66887876160,67100126
66887876160,67100127
66887876160,67100128
66887876160,67100129
66887876160,67100130
66887876160,67100131
66887876160,67100132
66887876160,67100133
66887876160,67100134
66887876160,67100135
66887876160,67100136
66887876160,67100137
66887876160,67100139
66887876160,67100159
66887876160,67100160
66887876160,67100161
66887876160,67100162
66887876160,67100163
66887876160,67100164
66887876160,67100165
66887876160,67100166
66887876160,67100167
66887876160,67100168
66887876160,67100169
66887876160,67100170
66887876160,67100171
66887876160,67100172
66887876160,67100173
66887876160,67100174
66887876160,67100175
66887876160,67100176
66887876160,67100177
66887876160,67100178
66887876160,67100179
66887876160,67100180
66887876160,67100181
66887876160,67100182
66887876160,67100184
66887876160,67100186
66887876160,67100187
66887876160,67100189
66887876160,67100191
66887876160,67100192
66887876160,67100196
66887876160,67100197
66887876160,67100198
66887876160,67100226
66887876160,67100300
66887876160,67101896
66887876160,67103659
66887876160,67103677
66887876160,67103907
66887876160,67108594
99783552960,131243
99783552960,131256
99783552960,131260
99783552960,67100309
99783552960,67100315
99783552960,67100316
99783552960,67100322
99783552960,67100330
99783552960,67100340
99783552960,67100341
99783552960,67101150
99783552960,67101532
99783552960,67101626
99783552960,67101785
99783552960,67101821
99783552960,67101928
99783552960,67101943
99783552960,67102017
99783552960,67102021
99783552960,67102042
99783552960,67102056
99783552960,67102058
99783552960,67102109
99783552960,67102115
99783552960,67102116
99783552960,67102125
99783552960,67102149
99783552960,67102153
99783552960,67102156
99783552960,67102175
99783552960,67102202
99783552960,67102281
99783552960,67102283
99783552960,67102378
99783552960,67102428
99783552960,67102437
99783552960,67102444
99783552960,67102468
99783552960,67102473
99783552960,67102478
99783552960,67102492
99783552960,67102499
99783552960,67102553
99783552960,67102567
99783552960,67102568
99783552960,67102593
99783552960,67102633
99783552960,67102642
99783552960,67102672
99783552960,67102711
99783552960,67102716
99783552960,67102718
99783552960,67102737
99783552960,67102742
99783552960,67102753
99783552960,67102756
99783552960,67102798
99783552960,67102807
99783552960,67102842
99783552960,67102852
99783552960,67102863
99783552960,67102865
99783552960,67102908
99783552960,67102914
99783552960,67102918
99783552960,67102921
99783552960,67102922
99783552960,67102930
99783552960,67102934
99783552960,67102937
99783552960,67102949
99783552960,67102953
99783552960,67102977
99783552960,67103012
99783552960,67103019
99783552960,67103020
99783552960,67103047
99783552960,67103053
99783552960,67103101
99783552960,67103114
99783552960,67103119
99783552960,67103120
99783552960,67103160
99783552960,67103165
99783552960,67103200
99783552960,67103670
99783552960,67103743
99783552960,67103791
99783552960,67103801
99783552960,67103806
99783552960,67103811
99783552960,67103826
99783552960,67103843
99783552960,67103846
99783552960,67103853
99783552960,67103872
99783552960,67103898
99783552960,67103912
99783552960,67103918
99783552960,67103921
99783552960,67103927
99783552960,67103931
99783552960,67103932
99783552960,67103935
99783552960,67103936
99783552960,67103958
99783552960,67103963
99783552960,67103966
99783552960,67103968
99783552960,67103979
99783552960,67103982
99783552960,67103985
99783552960,67103996
99783552960,67104000
99783552960,67104002
99783552960,67104006
99783552960,67104020
99783552960,67104042
99783552960,67104058
99783552960,67104062
99783552960,67104075
99783552960,67104076
99783552960,67104098
99783552960,67104101
99783552960,67104110
99783552960,67104116
99783552960,67104136
99783552960,67104138
99783552960,67104588
99783552960,67104616
99783552960,67104624
99783552960,67104630
99783552960,67104649
99783552960,67104650
99783552960,67104652
99783552960,67104654
99783552960,67104658
99783552960,67104675
99783552960,67104678
99783552960,67104685
99783552960,67104686
99783552960,67104689
99783552960,67104699
99783552960,67104701
99783552960,67104707
99783552960,67104712
99783552960,67104713
99783552960,67104714
99783552960,67104717
99783552960,67104718
99783552960,67104719
99783552960,67104721
99783552960,67104722
99783552960,67104740
99783552960,67104751
99783552960,67104752
99783552960,67105673
99783552960,67105824
99783552960,67105825
99783552960,67106913
99783552960,67106937
99783552960,67107354
99783552960,67107386
99783552960,67107387
99783552960,67107639
99783552960,67107640
99783552960,67107662
99783552960,67107663
99783552960,67107664
99783552960,67108144
99783552960,67108603
99783552960,67108604
99783552960,67108609
99783552960,67108610
99783552960,67108624
99783552960,67108634
99783552960,67108635
