902036450,67100678
902036450,67100679
902036450,67100680
902036450,67100681
902036450,67100682
902036450,67100683
902036450,67100684
902036450,67100685
902036450,67100686
902036450,67100687
902036450,67100688
902036450,67100689
902036450,67100690
902036450,67100691
902036450,67100692
902036450,67100693
902036450,67100694
902036450,67100695
902036450,67100696
902036450,67100697
902036450,67100698
902036450,67100699
902036450,67100700
902036450,67100703
902036450,67100704
902036450,67100705
902036450,67100706
902036450,67100707
902036450,67100708
902036450,67100709
902036450,67100710
902036450,67100711
902036450,67100712
902036450,67100713
902036450,67100715
902036450,67100716
902036450,67100717
902036450,67100719
902036450,67100720
902036450,67100722
902036450,67100724
902036450,67100725
902036450,67100729
902036450,67100732
902036450,67100733
902036450,67100735
902036450,67100737
902036450,67100738
902036450,67100739
902036450,67100746
902036450,67100766
902036450,67100772
902036450,67100781
902036450,67100783
902036450,67100785
902036450,67100786
902036450,67100791
902036450,67100799
902036450,67100827
902036450,67100828
902036450,67100840
902036450,67100852
902036450,67100855
902036450,67100860
902036450,67100865
902036450,67100867
902036450,67100869
902036450,67100870
902036450,67100871
902036450,67100873
902036450,67100897
902036450,67100898
902036450,67100899
902036450,67100900
902036450,67100902
902036450,67100907
902036450,67100909
902036450,67100920
902036450,67100934
902036450,67100940
902036450,67100944
902036450,67100950
902036450,67100964
902036450,67100968
902036450,67100974
902036450,67100975
902036450,67100989
902036450,67100991
902036450,67101023
902036450,67101026
902036450,67101027
902036450,67101028
902036450,67101029
902036450,67101199
