902036450,67099226
902036450,67099589
902036450,67100316
902036450,67100678
902036450,67100679
902036450,67100680
902036450,67100681
902036450,67100682
902036450,67100683
902036450,67100684
902036450,67100685
902036450,67100686
902036450,67100687
902036450,67100688
902036450,67100689
902036450,67100690
902036450,67100691
902036450,67100692
902036450,67100693
902036450,67100694
902036450,67100695
902036450,67100696
902036450,67100697
902036450,67100698
902036450,67100699
902036450,67100700
902036450,67100701
902036450,67100702
902036450,67100703
902036450,67100704
902036450,67100705
902036450,67100706
902036450,67100707
902036450,67100708
902036450,67100709
902036450,67100710
902036450,67100711
902036450,67100712
902036450,67100713
902036450,67100714
902036450,67100715
902036450,67100716
902036450,67100717
902036450,67100718
902036450,67100719
902036450,67100720
902036450,67100721
902036450,67100722
902036450,67100723
902036450,67100724
902036450,67100725
902036450,67100726
902036450,67100727
902036450,67100729
902036450,67100730
902036450,67100731
902036450,67100732
902036450,67100733
902036450,67100734
902036450,67100735
902036450,67100736
902036450,67100737
902036450,67100738
902036450,67100739
902036450,67100740
902036450,67100741
902036450,67100742
902036450,67100744
902036450,67100745
902036450,67100746
902036450,67100747
902036450,67100760
902036450,67100762
902036450,67100763
902036450,67100764
902036450,67100765
902036450,67100766
902036450,67100772
902036450,67100773
902036450,67100775
902036450,67100777
902036450,67100778
902036450,67100779
902036450,67100781
902036450,67100783
902036450,67100784
902036450,67100785
902036450,67100786
902036450,67100791
902036450,67100794
902036450,67100795
902036450,67100796
902036450,67100797
902036450,67100799
902036450,67100806
902036450,67100811
902036450,67100813
902036450,67100816
902036450,67100817
902036450,67100821
902036450,67100822
902036450,67100823
902036450,67100825
902036450,67100826
902036450,67100827
902036450,67100828
902036450,67100830
902036450,67100831
902036450,67100832
902036450,67100833
902036450,67100834
902036450,67100835
902036450,67100836
902036450,67100837
902036450,67100838
902036450,67100839
902036450,67100840
902036450,67100841
902036450,67100842
902036450,67100843
902036450,67100844
902036450,67100846
902036450,67100847
902036450,67100849
902036450,67100851
902036450,67100852
902036450,67100854
902036450,67100855
902036450,67100858
902036450,67100859
902036450,67100860
902036450,67100861
902036450,67100862
902036450,67100865
902036450,67100866
902036450,67100867
902036450,67100868
902036450,67100869
902036450,67100870
902036450,67100871
902036450,67100872
902036450,67100873
902036450,67100874
902036450,67100876
902036450,67100878
902036450,67100879
902036450,67100884
902036450,67100889
902036450,67100892
902036450,67100893
902036450,67100895
902036450,67100896
902036450,67100897
902036450,67100898
902036450,67100899
902036450,67100900
902036450,67100901
902036450,67100902
902036450,67100903
902036450,67100904
902036450,67100905
902036450,67100906
902036450,67100907
902036450,67100909
902036450,67100911
902036450,67100912
902036450,67100913
902036450,67100916
902036450,67100917
902036450,67100919
902036450,67100920
902036450,67100921
902036450,67100922
902036450,67100926
902036450,67100927
902036450,67100929
902036450,67100930
902036450,67100933
902036450,67100934
902036450,67100935
902036450,67100936
902036450,67100937
902036450,67100940
902036450,67100941
902036450,67100942
902036450,67100943
902036450,67100944
902036450,67100945
902036450,67100946
902036450,67100947
902036450,67100948
902036450,67100949
902036450,67100950
902036450,67100951
902036450,67100952
902036450,67100953
902036450,67100954
902036450,67100955
902036450,67100956
902036450,67100957
902036450,67100958
902036450,67100959
902036450,67100960
902036450,67100961
902036450,67100962
902036450,67100963
902036450,67100964
902036450,67100965
902036450,67100966
902036450,67100967
902036450,67100968
902036450,67100969
902036450,67100970
902036450,67100971
902036450,67100972
902036450,67100973
902036450,67100974
902036450,67100975
902036450,67100976
902036450,67100977
902036450,67100983
902036450,67100986
902036450,67100988
902036450,67100989
902036450,67100990
902036450,67100991
902036450,67100992
902036450,67100993
902036450,67100997
902036450,67100998
902036450,67100999
902036450,67101001
902036450,67101002
902036450,67101005
902036450,67101007
902036450,67101011
902036450,67101013
902036450,67101015
902036450,67101016
902036450,67101017
902036450,67101019
902036450,67101020
902036450,67101021
902036450,67101022
902036450,67101023
902036450,67101024
902036450,67101026
902036450,67101027
902036450,67101028
902036450,67101029
902036450,67101030
902036450,67101036
902036450,67101038
902036450,67101039
902036450,67101040
902036450,67101199
27963129950,131244
27963129950,131245
27963129950,67099232
27963129950,67099595
27963129950,67100015
27963129950,67100322
27963129950,67100728
27963129950,67100743
27963129950,67100748
27963129950,67100749
27963129950,67100750
27963129950,67100751
27963129950,67100752
27963129950,67100753
27963129950,67100754
27963129950,67100755
27963129950,67100756
27963129950,67100757
27963129950,67100758
27963129950,67100759
27963129950,67100761
27963129950,67100767
27963129950,67100768
27963129950,67100769
27963129950,67100770
27963129950,67100771
27963129950,67100774
27963129950,67100776
27963129950,67100780
27963129950,67100782
27963129950,67100787
27963129950,67100788
27963129950,67100789
27963129950,67100790
27963129950,67100792
27963129950,67100793
27963129950,67100798
27963129950,67100800
27963129950,67100801
27963129950,67100802
27963129950,67100803
27963129950,67100804
27963129950,67100805
27963129950,67100807
27963129950,67100808
27963129950,67100809
27963129950,67100810
27963129950,67100812
27963129950,67100814
27963129950,67100815
27963129950,67100818
27963129950,67100819
27963129950,67100820
27963129950,67100824
27963129950,67100829
27963129950,67100845
27963129950,67100848
27963129950,67100850
27963129950,67100853
27963129950,67100856
27963129950,67100857
27963129950,67100863
27963129950,67100864
27963129950,67100875
27963129950,67100877
27963129950,67100880
27963129950,67100881
27963129950,67100882
27963129950,67100883
27963129950,67100885
27963129950,67100886
27963129950,67100887
27963129950,67100888
27963129950,67100890
27963129950,67100891
27963129950,67100894
27963129950,67100908
27963129950,67100910
27963129950,67100914
27963129950,67100915
27963129950,67100918
27963129950,67100923
27963129950,67100924
27963129950,67100925
27963129950,67100928
27963129950,67100931
27963129950,67100932
27963129950,67100938
27963129950,67100939
27963129950,67100978
27963129950,67100979
27963129950,67100980
27963129950,67100981
27963129950,67100982
27963129950,67100984
27963129950,67100985
27963129950,67100987
27963129950,67100994
27963129950,67100995
27963129950,67100996
27963129950,67101000
27963129950,67101003
27963129950,67101004
27963129950,67101006
27963129950,67101008
27963129950,67101009
27963129950,67101010
27963129950,67101012
27963129950,67101014
27963129950,67101018
27963129950,67101025
27963129950,67101031
27963129950,67101032
27963129950,67101033
27963129950,67101034
27963129950,67101035
27963129950,67101037
27963129950,67105797
27963129950,67105798
27963129950,67105799
27963129950,67108438
55024223450,67099227
55024223450,67099228
55024223450,67099229
55024223450,67099230
55024223450,67099233
55024223450,67099234
55024223450,67099235
55024223450,67099236
55024223450,67099237
55024223450,67099238
55024223450,67099239
55024223450,67099240
55024223450,67099241
55024223450,67099242
55024223450,67099243
55024223450,67099244
55024223450,67099245
55024223450,67099246
55024223450,67099247
55024223450,67099248
55024223450,67099251
55024223450,67099252
55024223450,67099253
55024223450,67099254
55024223450,67099255
55024223450,67099256
55024223450,67099257
55024223450,67099258
55024223450,67099259
55024223450,67099260
55024223450,67099261
55024223450,67099262
55024223450,67099263
55024223450,67099264
55024223450,67099265
55024223450,67099266
55024223450,67099267
55024223450,67099268
55024223450,67099269
55024223450,67099271
55024223450,67099273
55024223450,67099274
55024223450,67099275
55024223450,67099276
55024223450,67099277
55024223450,67099278
55024223450,67099279
55024223450,67099280
55024223450,67099281
55024223450,67099282
55024223450,67099283
55024223450,67099284
55024223450,67099285
55024223450,67099286
55024223450,67099287
55024223450,67099288
55024223450,67099289
55024223450,67099290
55024223450,67099291
55024223450,67099292
55024223450,67099293
55024223450,67099294
55024223450,67099298
55024223450,67099305
55024223450,67099306
55024223450,67099307
55024223450,67099308
55024223450,67099309
55024223450,67099310
55024223450,67099311
55024223450,67099312
55024223450,67099313
55024223450,67099315
55024223450,67099316
55024223450,67099317
55024223450,67099318
55024223450,67099320
55024223450,67099321
55024223450,67099322
55024223450,67099324
55024223450,67099325
55024223450,67099326
55024223450,67099327
55024223450,67099329
55024223450,67099330
55024223450,67099332
55024223450,67099333
55024223450,67099334
55024223450,67099335
55024223450,67099338
55024223450,67099339
55024223450,67099341
55024223450,67099342
55024223450,67099343
55024223450,67099344
55024223450,67099345
55024223450,67099346
55024223450,67099347
55024223450,67099348
55024223450,67099349
55024223450,67099350
55024223450,67099351
55024223450,67099352
55024223450,67099353
55024223450,67099354
55024223450,67099355
55024223450,67099356
55024223450,67099357
55024223450,67099358
55024223450,67099359
55024223450,67099360
55024223450,67099361
55024223450,67099362
55024223450,67099363
55024223450,67099364
55024223450,67099365
55024223450,67099367
55024223450,67099368
55024223450,67099370
55024223450,67099371
55024223450,67099372
55024223450,67099373
55024223450,67099374
55024223450,67099375
55024223450,67099376
55024223450,67099378
55024223450,67099379
55024223450,67099380
55024223450,67099381
55024223450,67099382
55024223450,67099383
55024223450,67099384
55024223450,67099385
55024223450,67099386
55024223450,67099387
55024223450,67099388
55024223450,67099389
55024223450,67099390
55024223450,67099391
55024223450,67099392
55024223450,67099393
55024223450,67099394
55024223450,67099395
55024223450,67099396
55024223450,67099397
55024223450,67099398
55024223450,67099399
55024223450,67099400
55024223450,67099401
55024223450,67099402
55024223450,67099403
55024223450,67099406
55024223450,67099407
55024223450,67099408
55024223450,67099409
55024223450,67099410
55024223450,67099411
55024223450,67099412
55024223450,67099413
55024223450,67099421
55024223450,67099423
55024223450,67099429
55024223450,67099430
55024223450,67099433
55024223450,67099434
55024223450,67099435
55024223450,67099436
55024223450,67099437
55024223450,67099450
55024223450,67099451
55024223450,67099452
55024223450,67099453
55024223450,67099454
55024223450,67099455
55024223450,67099456
55024223450,67099460
55024223450,67099462
55024223450,67099464
55024223450,67099465
55024223450,67099466
55024223450,67099467
55024223450,67099469
55024223450,67099471
55024223450,67099474
55024223450,67099475
55024223450,67099478
55024223450,67099479
55024223450,67099480
55024223450,67099482
55024223450,67099483
55024223450,67099484
55024223450,67099486
55024223450,67099488
55024223450,67099489
55024223450,67099490
55024223450,67099491
55024223450,67099493
55024223450,67099494
55024223450,67099495
55024223450,67099497
55024223450,67099498
55024223450,67099499
55024223450,67099500
55024223450,67099502
55024223450,67099503
55024223450,67099504
55024223450,67099505
55024223450,67099508
55024223450,67099511
55024223450,67099512
55024223450,67099513
55024223450,67099514
55024223450,67099515
55024223450,67099516
55024223450,67099517
55024223450,67099520
55024223450,67099521
55024223450,67099523
55024223450,67099525
55024223450,67099526
55024223450,67099527
55024223450,67099530
55024223450,67099532
55024223450,67099533
55024223450,67099534
55024223450,67099535
55024223450,67099536
55024223450,67099538
55024223450,67099539
55024223450,67099549
55024223450,67099550
55024223450,67099551
55024223450,67099552
55024223450,67099553
55024223450,67099554
55024223450,67099556
55024223450,67099557
55024223450,67099560
55024223450,67099562
55024223450,67099563
55024223450,67099564
55024223450,67099566
55024223450,67099567
55024223450,67099568
55024223450,67099569
55024223450,67099571
55024223450,67099572
55024223450,67099573
55024223450,67099574
55024223450,67099575
55024223450,67099577
55024223450,67099583
55024223450,67099584
55024223450,67099585
55024223450,67099586
55024223450,67101394
82085316950,131241
82085316950,131242
82085316950,67099249
82085316950,67099250
82085316950,67099270
82085316950,67099272
82085316950,67099295
82085316950,67099296
82085316950,67099297
82085316950,67099299
82085316950,67099300
82085316950,67099301
82085316950,67099302
82085316950,67099303
82085316950,67099304
82085316950,67099314
82085316950,67099319
82085316950,67099323
82085316950,67099328
82085316950,67099331
82085316950,67099336
82085316950,67099340
82085316950,67099366
82085316950,67099369
82085316950,67099377
82085316950,67099404
82085316950,67099405
82085316950,67099414
82085316950,67099415
82085316950,67099416
82085316950,67099417
82085316950,67099418
82085316950,67099419
82085316950,67099420
82085316950,67099422
82085316950,67099424
82085316950,67099425
82085316950,67099426
82085316950,67099427
82085316950,67099428
82085316950,67099431
82085316950,67099432
82085316950,67099438
82085316950,67099439
82085316950,67099440
82085316950,67099441
82085316950,67099442
82085316950,67099443
82085316950,67099444
82085316950,67099445
82085316950,67099446
82085316950,67099447
82085316950,67099448
82085316950,67099449
82085316950,67099457
82085316950,67099458
82085316950,67099459
82085316950,67099461
82085316950,67099463
82085316950,67099468
82085316950,67099470
82085316950,67099472
82085316950,67099473
82085316950,67099476
82085316950,67099477
82085316950,67099481
82085316950,67099485
82085316950,67099487
82085316950,67099492
82085316950,67099496
82085316950,67099501
82085316950,67099506
82085316950,67099507
82085316950,67099509
82085316950,67099510
82085316950,67099518
82085316950,67099519
82085316950,67099522
82085316950,67099524
82085316950,67099528
82085316950,67099529
82085316950,67099531
82085316950,67099537
82085316950,67099540
82085316950,67099541
82085316950,67099542
82085316950,67099543
82085316950,67099544
82085316950,67099545
82085316950,67099546
82085316950,67099547
82085316950,67099555
82085316950,67099558
82085316950,67099559
82085316950,67099561
82085316950,67099565
82085316950,67099570
82085316950,67099576
82085316950,67099578
82085316950,67099581
82085316950,67099582
82085316950,67099587
82085316950,67099633
82085316950,67099636
82085316950,67099658
82085316950,67099659
82085316950,67099660
82085316950,67099661
82085316950,67099662
82085316950,67099663
82085316950,67099664
82085316950,67099665
82085316950,67099666
82085316950,67099668
82085316950,67099671
82085316950,67099677
82085316950,67099694
82085316950,67099712
82085316950,67099715
82085316950,67099718
82085316950,67099735
82085316950,67099743
82085316950,67099779
82085316950,67099780
82085316950,67099783
82085316950,67099784
82085316950,67099791
82085316950,67099794
82085316950,67099809
82085316950,67099810
82085316950,67099822
82085316950,67099823
82085316950,67099829
82085316950,67099831
82085316950,67099836
82085316950,67099848
82085316950,67099850
82085316950,67099864
82085316950,67099869
82085316950,67099870
82085316950,67099883
82085316950,67099888
82085316950,67099889
82085316950,67099891
82085316950,67099893
82085316950,67099920
82085316950,67099934
82085316950,67099941
82085316950,67099942
82085316950,67099947
82085316950,67099948
82085316950,67101857
82085316950,67101858
82085316950,67106227
82085316950,67106507
82085316950,67106918
82085316950,67107507
82085316950,67107881
82085316950,67107883
82085316950,67107884
82085316950,67107885
82085316950,67107886
82085316950,67107887
82085316950,67107888
82085316950,67107889
82085316950,67107890
82085316950,67107891
82085316950,67107892
82085316950,67107893
82085316950,67107894
82085316950,67107895
82085316950,67107896
82085316950,67107897
82085316950,67107900
82085316950,67107915
82085316950,67107945
82085316950,67108018
82085316950,67108100
82085316950,67108119
82085316950,67108122
82085316950,67108186
82085316950,67108213
82085316950,67108238
82085316950,67108241
82085316950,67108270
82085316950,67108302
82085316950,67108380
82085316950,67108475
82085316950,67108476
82085316950,67108478
82085316950,67108482
82085316950,67108487
82085316950,67108501
82085316950,67108502
82085316950,67108503
82085316950,67108504
82085316950,67108505
82085316950,67108506
82085316950,67108507
82085316950,67108508
82085316950,67108509
82085316950,67108511
82085316950,67108517
82085316950,67108519
82085316950,67108537
82085316950,67108558
82085316950,67108561
82085316950,67108563
82085316950,67108571
82085316950,67108574
82085316950,67108578
82085316950,67108583
82085316950,67108586
82085316950,67108626
82085316950,67108627
82085316950,67108630
82085316950,67108632
82085316950,67108634
82085316950,67108653
82085316950,67108661
82085316950,67108665
82085316950,67108669
82085316950,67108674
82085316950,67108678
82085316950,67108681
82085316950,67108683
82085316950,67108691
82085316950,67108692
82085316950,67108697
82085316950,67108707
82085316950,67108713
82085316950,67108720
82085316950,67108731
82085316950,67108732
82085316950,67108736
82085316950,67108747
82085316950,67108750
82085316950,67108766
82085316950,67108776
82085316950,67108777
82085316950,67108784
82085316950,67108787
82085316950,67108789
82085316950,67108793
109146410450,131243
109146410450,131254
109146410450,131258
109146410450,131259
109146410450,131260
109146410450,67099596
109146410450,67099597
109146410450,67099598
109146410450,67099599
109146410450,67099600
109146410450,67099601
109146410450,67099602
109146410450,67099603
109146410450,67099604
109146410450,67099605
109146410450,67099606
109146410450,67099607
109146410450,67099608
109146410450,67099609
109146410450,67099610
109146410450,67099611
109146410450,67099614
109146410450,67099619
109146410450,67099620
109146410450,67099622
109146410450,67099623
109146410450,67099624
109146410450,67099626
109146410450,67099627
109146410450,67099628
109146410450,67099630
109146410450,67099632
109146410450,67099639
109146410450,67099642
109146410450,67099644
109146410450,67099647
109146410450,67099648
109146410450,67099649
109146410450,67099652
109146410450,67099653
109146410450,67099655
109146410450,67099657
109146410450,67099669
109146410450,67099678
109146410450,67099682
109146410450,67099683
109146410450,67099688
109146410450,67099689
109146410450,67099699
109146410450,67099707
109146410450,67099728
109146410450,67099736
109146410450,67099755
109146410450,67099762
109146410450,67099767
109146410450,67099768
109146410450,67099770
109146410450,67099771
109146410450,67099773
109146410450,67099774
109146410450,67099785
109146410450,67099788
109146410450,67099789
109146410450,67099792
109146410450,67099797
109146410450,67099803
109146410450,67099806
109146410450,67099811
109146410450,67099812
109146410450,67099816
109146410450,67099817
109146410450,67099820
109146410450,67099824
109146410450,67099849
109146410450,67099868
109146410450,67099875
109146410450,67099881
109146410450,67099884
109146410450,67099890
109146410450,67099892
109146410450,67099909
109146410450,67099929
109146410450,67099932
109146410450,67099944
109146410450,67102197
109146410450,67102198
109146410450,67102199
109146410450,67102200
109146410450,67102206
109146410450,67102207
109146410450,67102228
109146410450,67102229
109146410450,67102230
109146410450,67102235
109146410450,67102236
109146410450,67102244
109146410450,67102245
109146410450,67102252
109146410450,67102262
109146410450,67102264
109146410450,67102265
109146410450,67102287
109146410450,67102292
109146410450,67102294
109146410450,67102306
109146410450,67102309
109146410450,67102314
109146410450,67102317
109146410450,67102319
109146410450,67104387
109146410450,67105803
109146410450,67105804
109146410450,67105807
109146410450,67105812
109146410450,67105813
109146410450,67105818
109146410450,67105842
109146410450,67105844
109146410450,67105845
109146410450,67105859
109146410450,67105941
109146410450,67106013
109146410450,67106059
109146410450,67106064
109146410450,67106312
109146410450,67106400
109146410450,67106452
109146410450,67106453
109146410450,67106455
109146410450,67106456
109146410450,67106457
109146410450,67106458
109146410450,67106459
109146410450,67106460
109146410450,67106461
109146410450,67106463
109146410450,67106464
109146410450,67106465
109146410450,67106466
109146410450,67106468
109146410450,67106469
109146410450,67106470
109146410450,67106471
109146410450,67106472
109146410450,67106473
109146410450,67106474
109146410450,67106748
109146410450,67106866
109146410450,67107128
109146410450,67107496
109146410450,67107640
109146410450,67107643
109146410450,67107787
109146410450,67107789
109146410450,67107925
109146410450,67107934
109146410450,67107936
109146410450,67108053
109146410450,67108078
109146410450,67108174
109146410450,67108321
109146410450,67108393
109146410450,67108399
109146410450,67108418
109146410450,67108429
109146410450,67108432
109146410450,67108439
109146410450,67108440
109146410450,67108441
109146410450,67108442
109146410450,67108443
109146410450,67108444
109146410450,67108445
109146410450,67108446
109146410450,67108447
109146410450,67108448
109146410450,67108449
109146410450,67108451
109146410450,67108452
109146410450,67108453
109146410450,67108454
109146410450,67108457
109146410450,67108460
109146410450,67108462
109146410450,67108464
109146410450,67108465
109146410450,67108466
109146410450,67108469
109146410450,67108470
109146410450,67108472
109146410450,67108473
109146410450,67108481
109146410450,67108485
109146410450,67108486
109146410450,67108489
109146410450,67108490
109146410450,67108494
109146410450,67108495
109146410450,67108497
109146410450,67108500
109146410450,67108512
109146410450,67108521
109146410450,67108525
109146410450,67108531
109146410450,67108532
109146410450,67108541
109146410450,67108570
109146410450,67108579
109146410450,67108598
109146410450,67108603
109146410450,67108605
109146410450,67108611
109146410450,67108612
109146410450,67108613
109146410450,67108614
109146410450,67108616
109146410450,67108628
109146410450,67108631
109146410450,67108635
109146410450,67108645
109146410450,67108647
109146410450,67108649
109146410450,67108652
109146410450,67108657
109146410450,67108659
109146410450,67108663
109146410450,67108667
109146410450,67108673
109146410450,67108704
109146410450,67108711
109146410450,67108718
109146410450,67108723
109146410450,67108726
109146410450,67108733
109146410450,67108734
109146410450,67108752
109146410450,67108775
109146410450,67108792
136207503950,67099592
136207503950,67101312
136207503950,67101471
136207503950,67101472
136207503950,67101646
136207503950,67101750
136207503950,67101781
136207503950,67101943
136207503950,67101960
136207503950,67101974
136207503950,67101976
136207503950,67101977
136207503950,67101978
136207503950,67102029
136207503950,67102039
136207503950,67102059
136207503950,67102061
136207503950,67102062
136207503950,67102095
136207503950,67102111
136207503950,67102126
136207503950,67102127
136207503950,67102132
136207503950,67102136
136207503950,67102139
136207503950,67102140
136207503950,67102153
136207503950,67102155
136207503950,67102156
136207503950,67102163
136207503950,67102164
136207503950,67102205
136207503950,67102213
136207503950,67102215
136207503950,67102216
136207503950,67102239
136207503950,67102253
136207503950,67102255
136207503950,67102256
136207503950,67102257
136207503950,67102258
136207503950,67102260
136207503950,67102298
136207503950,67102299
136207503950,67102302
136207503950,67102329
136207503950,67102334
136207503950,67102335
136207503950,67102345
136207503950,67102346
136207503950,67102348
136207503950,67102360
136207503950,67102379
136207503950,67102383
136207503950,67102389
136207503950,67102396
136207503950,67102458
136207503950,67102661
136207503950,67102670
136207503950,67102672
136207503950,67102674
136207503950,67102675
136207503950,67102676
136207503950,67102679
136207503950,67102690
136207503950,67102705
136207503950,67102717
136207503950,67102727
136207503950,67102731
136207503950,67102748
136207503950,67102755
136207503950,67102757
136207503950,67102761
136207503950,67102767
136207503950,67102768
136207503950,67102780
136207503950,67102811
136207503950,67102824
136207503950,67102827
136207503950,67102833
136207503950,67102836
136207503950,67102837
136207503950,67102861
136207503950,67102865
136207503950,67102867
136207503950,67102878
136207503950,67102906
136207503950,67102926
136207503950,67102933
136207503950,67102935
136207503950,67102939
136207503950,67102940
136207503950,67102944
136207503950,67102978
136207503950,67102981
136207503950,67102988
136207503950,67102991
136207503950,67102992
136207503950,67103003
136207503950,67103006
136207503950,67103025
136207503950,67103030
136207503950,67103044
136207503950,67103052
136207503950,67103055
136207503950,67103065
136207503950,67103069
136207503950,67103078
136207503950,67103080
136207503950,67103083
136207503950,67103096
136207503950,67103107
136207503950,67103142
136207503950,67103160
136207503950,67103162
136207503950,67103166
136207503950,67103167
136207503950,67103169
136207503950,67103174
136207503950,67103201
136207503950,67103205
136207503950,67103235
136207503950,67103244
136207503950,67103259
136207503950,67103280
136207503950,67103281
136207503950,67103282
136207503950,67103283
136207503950,67103297
136207503950,67103306
136207503950,67103308
136207503950,67103341
136207503950,67103352
136207503950,67103355
136207503950,67103361
136207503950,67103364
136207503950,67103375
136207503950,67103396
136207503950,67103402
136207503950,67103407
136207503950,67103413
136207503950,67103435
136207503950,67103450
136207503950,67103461
136207503950,67103471
136207503950,67103486
136207503950,67103505
136207503950,67103510
136207503950,67103511
136207503950,67103540
136207503950,67103554
136207503950,67103560
136207503950,67103561
136207503950,67103564
136207503950,67103565
136207503950,67103571
136207503950,67103579
136207503950,67103580
136207503950,67103582
136207503950,67103586
136207503950,67103598
136207503950,67103620
136207503950,67103623
136207503950,67103643
136207503950,67103644
136207503950,67103645
136207503950,67103646
136207503950,67103649
136207503950,67103650
136207503950,67103660
136207503950,67103663
136207503950,67103664
136207503950,67103668
136207503950,67103672
136207503950,67103687
136207503950,67103688
136207503950,67103695
136207503950,67103702
136207503950,67103704
136207503950,67103717
136207503950,67103720
136207503950,67103735
136207503950,67103765
136207503950,67103766
136207503950,67103768
136207503950,67103769
136207503950,67103775
136207503950,67103796
136207503950,67103798
136207503950,67103802
136207503950,67103807
136207503950,67103819
136207503950,67103827
136207503950,67103832
136207503950,67103834
136207503950,67103836
136207503950,67103843
136207503950,67103880
136207503950,67103889
136207503950,67103890
136207503950,67103892
136207503950,67103899
136207503950,67103901
136207503950,67103911
136207503950,67103912
136207503950,67103915
136207503950,67103918
136207503950,67103922
136207503950,67103928
136207503950,67103933
136207503950,67103963
136207503950,67103964
136207503950,67103965
136207503950,67103973
136207503950,67103977
136207503950,67103984
136207503950,67103986
136207503950,67104020
136207503950,67104021
136207503950,67104052
136207503950,67104054
136207503950,67104055
136207503950,67104119
136207503950,67104120
136207503950,67104131
136207503950,67104138
136207503950,67104171
136207503950,67104192
136207503950,67104195
136207503950,67104225
136207503950,67104258
136207503950,67104263
136207503950,67104267
136207503950,67104269
136207503950,67104273
136207503950,67104280
136207503950,67104282
136207503950,67104306
136207503950,67104308
136207503950,67104309
136207503950,67104310
136207503950,67104316
136207503950,67104320
136207503950,67104325
136207503950,67104326
136207503950,67104327
136207503950,67104328
136207503950,67104329
136207503950,67104332
136207503950,67104340
136207503950,67104342
136207503950,67105170
136207503950,67108431
136207503950,67108434
136207503950,67108435
163268597450,67099591
163268597450,67101354
163268597450,67101359
163268597450,67101360
163268597450,67101367
163268597450,67101397
163268597450,67101406
163268597450,67101414
163268597450,67101418
163268597450,67101419
163268597450,67101421
163268597450,67101424
163268597450,67101429
163268597450,67101430
163268597450,67101435
163268597450,67101441
163268597450,67101442
163268597450,67101443
163268597450,67101449
163268597450,67101456
163268597450,67101457
163268597450,67101458
163268597450,67101459
163268597450,67101465
163268597450,67101473
163268597450,67101477
163268597450,67101486
163268597450,67101487
163268597450,67101489
163268597450,67101496
163268597450,67101518
163268597450,67101519
163268597450,67101523
163268597450,67101526
163268597450,67101527
163268597450,67101528
163268597450,67101535
163268597450,67101575
163268597450,67101595
163268597450,67101596
163268597450,67101606
163268597450,67101607
163268597450,67101622
163268597450,67101626
163268597450,67101640
163268597450,67101653
163268597450,67101654
163268597450,67101655
163268597450,67101663
163268597450,67101666
163268597450,67101667
163268597450,67101668
163268597450,67101697
163268597450,67101698
163268597450,67101705
163268597450,67101712
163268597450,67101718
163268597450,67101719
163268597450,67101738
163268597450,67101739
163268597450,67101744
163268597450,67101745
163268597450,67101752
163268597450,67101753
163268597450,67101756
163268597450,67101770
163268597450,67101776
163268597450,67101806
163268597450,67101849
163268597450,67101896
163268597450,67101898
163268597450,67101901
163268597450,67101902
163268597450,67101915
163268597450,67101917
163268597450,67101918
163268597450,67101930
163268597450,67101931
163268597450,67101932
163268597450,67101933
163268597450,67101936
163268597450,67101940
163268597450,67101983
163268597450,67102037
163268597450,67102085
163268597450,67102148
163268597450,67102152
163268597450,67102172
163268597450,67102174
163268597450,67102211
163268597450,67102221
163268597450,67102270
163268597450,67102276
163268597450,67102279
163268597450,67102280
163268597450,67102281
163268597450,67102286
163268597450,67102323
163268597450,67102331
163268597450,67102347
163268597450,67102382
163268597450,67102390
163268597450,67102394
163268597450,67102395
163268597450,67102414
163268597450,67102419
163268597450,67102433
163268597450,67102434
163268597450,67102450
163268597450,67102455
163268597450,67102652
163268597450,67102742
163268597450,67102847
163268597450,67102848
163268597450,67102873
163268597450,67102887
163268597450,67102903
163268597450,67103063
163268597450,67103875
163268597450,67103958
163268597450,67104682
163268597450,67104763
163268597450,67104813
163268597450,67104834
163268597450,67104835
163268597450,67104869
163268597450,67104910
163268597450,67104946
163268597450,67104951
163268597450,67104979
163268597450,67105389
163268597450,67105409
163268597450,67105417
163268597450,67105474
163268597450,67105508
163268597450,67105535
163268597450,67105536
163268597450,67108433
