902036450,67099226
902036450,67099589
902036450,67100316
902036450,67100678
902036450,67100679
902036450,67100680
902036450,67100681
902036450,67100682
902036450,67100683
902036450,67100684
902036450,67100685
902036450,67100686
902036450,67100687
902036450,67100688
902036450,67100689
902036450,67100690
902036450,67100691
902036450,67100692
902036450,67100693
902036450,67100694
902036450,67100695
902036450,67100696
902036450,67100697
902036450,67100698
902036450,67100699
902036450,67100700
902036450,67100701
902036450,67100702
902036450,67100703
902036450,67100704
902036450,67100705
902036450,67100706
902036450,67100707
902036450,67100708
902036450,67100709
902036450,67100710
902036450,67100711
902036450,67100712
902036450,67100713
902036450,67100714
902036450,67100715
902036450,67100716
902036450,67100717
902036450,67100718
902036450,67100719
902036450,67100720
902036450,67100721
902036450,67100722
902036450,67100723
902036450,67100724
902036450,67100725
902036450,67100726
902036450,67100727
902036450,67100729
902036450,67100730
902036450,67100731
902036450,67100732
902036450,67100733
902036450,67100734
902036450,67100735
902036450,67100736
902036450,67100737
902036450,67100738
902036450,67100739
902036450,67100740
902036450,67100741
902036450,67100742
902036450,67100744
902036450,67100745
902036450,67100746
902036450,67100747
902036450,67100760
902036450,67100762
902036450,67100763
902036450,67100764
902036450,67100765
902036450,67100766
902036450,67100772
902036450,67100773
902036450,67100775
902036450,67100777
902036450,67100778
902036450,67100779
902036450,67100781
902036450,67100783
902036450,67100784
902036450,67100785
902036450,67100786
902036450,67100791
902036450,67100794
902036450,67100795
902036450,67100796
902036450,67100797
902036450,67100799
902036450,67100806
902036450,67100811
902036450,67100813
902036450,67100816
902036450,67100817
902036450,67100821
902036450,67100822
902036450,67100823
902036450,67100825
902036450,67100826
902036450,67100827
902036450,67100828
902036450,67100830
902036450,67100831
902036450,67100832
902036450,67100833
902036450,67100834
902036450,67100835
902036450,67100836
902036450,67100837
902036450,67100838
902036450,67100839
902036450,67100840
902036450,67100841
902036450,67100842
902036450,67100843
902036450,67100844
902036450,67100846
902036450,67100847
902036450,67100849
902036450,67100851
902036450,67100852
902036450,67100854
902036450,67100855
902036450,67100858
902036450,67100859
902036450,67100860
902036450,67100861
902036450,67100862
902036450,67100865
902036450,67100866
902036450,67100867
902036450,67100868
902036450,67100869
902036450,67100870
902036450,67100871
902036450,67100872
902036450,67100873
902036450,67100874
902036450,67100876
902036450,67100878
902036450,67100879
902036450,67100884
902036450,67100889
902036450,67100892
902036450,67100893
902036450,67100895
902036450,67100896
902036450,67100897
902036450,67100898
902036450,67100899
902036450,67100900
902036450,67100901
902036450,67100902
902036450,67100903
902036450,67100904
902036450,67100905
902036450,67100906
902036450,67100907
902036450,67100909
902036450,67100911
902036450,67100912
902036450,67100913
902036450,67100916
902036450,67100917
902036450,67100919
902036450,67100920
902036450,67100921
902036450,67100922
902036450,67100926
902036450,67100927
902036450,67100929
902036450,67100930
902036450,67100933
902036450,67100934
902036450,67100935
902036450,67100936
902036450,67100937
902036450,67100940
902036450,67100941
902036450,67100942
902036450,67100943
902036450,67100944
902036450,67100945
902036450,67100946
902036450,67100947
902036450,67100948
902036450,67100949
902036450,67100950
902036450,67100951
902036450,67100952
902036450,67100953
902036450,67100954
902036450,67100955
902036450,67100956
902036450,67100957
902036450,67100958
902036450,67100959
902036450,67100960
902036450,67100961
902036450,67100962
902036450,67100963
902036450,67100964
902036450,67100965
902036450,67100966
902036450,67100967
902036450,67100968
902036450,67100969
902036450,67100970
902036450,67100971
902036450,67100972
902036450,67100973
902036450,67100974
902036450,67100975
902036450,67100976
902036450,67100977
902036450,67100983
902036450,67100986
902036450,67100988
902036450,67100989
902036450,67100990
902036450,67100991
902036450,67100992
902036450,67100993
902036450,67100997
902036450,67100998
902036450,67100999
902036450,67101001
902036450,67101002
902036450,67101005
902036450,67101007
902036450,67101011
902036450,67101013
902036450,67101015
902036450,67101016
902036450,67101017
902036450,67101019
902036450,67101020
902036450,67101021
902036450,67101022
902036450,67101023
902036450,67101024
902036450,67101026
902036450,67101027
902036450,67101028
902036450,67101029
902036450,67101030
902036450,67101036
902036450,67101038
902036450,67101039
902036450,67101040
902036450,67101199
27963129950,131244
27963129950,131245
27963129950,67099232
27963129950,67099595
27963129950,67100015
27963129950,67100322
27963129950,67100728
27963129950,67100743
27963129950,67100748
27963129950,67100749
27963129950,67100750
27963129950,67100751
27963129950,67100752
27963129950,67100753
27963129950,67100754
27963129950,67100755
27963129950,67100756
27963129950,67100757
27963129950,67100758
27963129950,67100759
27963129950,67100761
27963129950,67100767
27963129950,67100768
27963129950,67100769
27963129950,67100770
27963129950,67100771
27963129950,67100774
27963129950,67100776
27963129950,67100780
27963129950,67100782
27963129950,67100787
27963129950,67100788
27963129950,67100789
27963129950,67100790
27963129950,67100792
27963129950,67100793
27963129950,67100798
27963129950,67100800
27963129950,67100801
27963129950,67100802
27963129950,67100803
27963129950,67100804
27963129950,67100805
27963129950,67100807
27963129950,67100808
27963129950,67100809
27963129950,67100810
27963129950,67100812
27963129950,67100814
27963129950,67100815
27963129950,67100818
27963129950,67100819
27963129950,67100820
27963129950,67100824
27963129950,67100829
27963129950,67100845
27963129950,67100848
27963129950,67100850
27963129950,67100853
27963129950,67100856
27963129950,67100857
27963129950,67100863
27963129950,67100864
27963129950,67100875
27963129950,67100877
27963129950,67100880
27963129950,67100881
27963129950,67100882
27963129950,67100883
27963129950,67100885
27963129950,67100886
27963129950,67100887
27963129950,67100888
27963129950,67100890
27963129950,67100891
27963129950,67100894
27963129950,67100908
27963129950,67100910
27963129950,67100914
27963129950,67100915
27963129950,67100918
27963129950,67100923
27963129950,67100924
27963129950,67100925
27963129950,67100928
27963129950,67100931
27963129950,67100932
27963129950,67100938
27963129950,67100939
27963129950,67100978
27963129950,67100979
27963129950,67100980
27963129950,67100981
27963129950,67100982
27963129950,67100984
27963129950,67100985
27963129950,67100987
27963129950,67100994
27963129950,67100995
27963129950,67100996
27963129950,67101000
27963129950,67101003
27963129950,67101004
27963129950,67101006
27963129950,67101008
27963129950,67101009
27963129950,67101010
27963129950,67101012
27963129950,67101014
27963129950,67101018
27963129950,67101025
27963129950,67101031
27963129950,67101032
27963129950,67101033
27963129950,67101034
27963129950,67101035
27963129950,67101037
27963129950,67105797
27963129950,67105798
27963129950,67105799
27963129950,67108438
