902036450,67099226
902036450,67099589
902036450,67100316
902036450,67100678
902036450,67100679
902036450,67100680
902036450,67100681
902036450,67100682
902036450,67100683
902036450,67100684
902036450,67100685
902036450,67100686
902036450,67100687
902036450,67100688
902036450,67100689
902036450,67100690
902036450,67100691
902036450,67100692
902036450,67100693
902036450,67100694
902036450,67100695
902036450,67100696
902036450,67100697
902036450,67100698
902036450,67100699
902036450,67100700
902036450,67100701
902036450,67100702
902036450,67100703
902036450,67100704
902036450,67100705
902036450,67100706
902036450,67100707
902036450,67100708
902036450,67100709
902036450,67100710
902036450,67100711
902036450,67100712
902036450,67100713
902036450,67100714
902036450,67100715
902036450,67100716
902036450,67100717
902036450,67100718
902036450,67100719
902036450,67100720
902036450,67100721
902036450,67100722
902036450,67100723
902036450,67100724
902036450,67100725
902036450,67100726
902036450,67100727
902036450,67100729
902036450,67100730
902036450,67100731
902036450,67100732
902036450,67100733
902036450,67100734
902036450,67100735
902036450,67100736
902036450,67100737
902036450,67100738
902036450,67100739
902036450,67100740
902036450,67100741
902036450,67100742
902036450,67100744
902036450,67100745
902036450,67100746
902036450,67100747
902036450,67100760
902036450,67100762
902036450,67100763
902036450,67100764
902036450,67100765
902036450,67100766
902036450,67100772
902036450,67100773
902036450,67100775
902036450,67100777
902036450,67100778
902036450,67100779
902036450,67100781
902036450,67100783
902036450,67100784
902036450,67100785
902036450,67100786
902036450,67100791
902036450,67100794
902036450,67100795
902036450,67100796
902036450,67100797
902036450,67100799
902036450,67100806
902036450,67100811
902036450,67100813
902036450,67100816
902036450,67100817
902036450,67100821
902036450,67100822
902036450,67100823
902036450,67100825
902036450,67100826
902036450,67100827
902036450,67100828
902036450,67100830
902036450,67100831
902036450,67100832
902036450,67100833
902036450,67100834
902036450,67100835
902036450,67100836
902036450,67100837
902036450,67100838
902036450,67100839
902036450,67100840
902036450,67100841
902036450,67100842
902036450,67100843
902036450,67100844
902036450,67100846
902036450,67100847
902036450,67100849
902036450,67100851
902036450,67100852
902036450,67100854
902036450,67100855
902036450,67100858
902036450,67100859
902036450,67100860
902036450,67100861
902036450,67100862
902036450,67100865
902036450,67100866
902036450,67100867
902036450,67100868
902036450,67100869
902036450,67100870
902036450,67100871
902036450,67100872
902036450,67100873
902036450,67100874
902036450,67100876
902036450,67100878
902036450,67100879
902036450,67100884
902036450,67100889
902036450,67100892
902036450,67100893
902036450,67100895
902036450,67100896
902036450,67100897
902036450,67100898
902036450,67100899
902036450,67100900
902036450,67100901
902036450,67100902
902036450,67100903
902036450,67100904
902036450,67100905
902036450,67100906
902036450,67100907
902036450,67100909
902036450,67100911
902036450,67100912
902036450,67100913
902036450,67100916
902036450,67100917
902036450,67100919
902036450,67100920
902036450,67100921
902036450,67100922
902036450,67100926
902036450,67100927
902036450,67100929
902036450,67100930
902036450,67100933
902036450,67100934
902036450,67100935
902036450,67100936
902036450,67100937
902036450,67100940
902036450,67100941
902036450,67100942
902036450,67100943
902036450,67100944
902036450,67100945
902036450,67100946
902036450,67100947
902036450,67100948
902036450,67100949
902036450,67100950
902036450,67100951
902036450,67100952
902036450,67100953
902036450,67100954
902036450,67100955
902036450,67100956
902036450,67100957
902036450,67100958
902036450,67100959
902036450,67100960
902036450,67100961
902036450,67100962
902036450,67100963
902036450,67100964
902036450,67100965
902036450,67100966
902036450,67100967
902036450,67100968
902036450,67100969
902036450,67100970
902036450,67100971
902036450,67100972
902036450,67100973
902036450,67100974
902036450,67100975
902036450,67100976
902036450,67100977
902036450,67100983
902036450,67100986
902036450,67100988
902036450,67100989
902036450,67100990
902036450,67100991
902036450,67100992
902036450,67100993
902036450,67100997
902036450,67100998
902036450,67100999
902036450,67101001
902036450,67101002
902036450,67101005
902036450,67101007
902036450,67101011
902036450,67101013
902036450,67101015
902036450,67101016
902036450,67101017
902036450,67101019
902036450,67101020
902036450,67101021
902036450,67101022
902036450,67101023
902036450,67101024
902036450,67101026
902036450,67101027
902036450,67101028
902036450,67101029
902036450,67101030
902036450,67101036
902036450,67101038
902036450,67101039
902036450,67101040
902036450,67101199
27963129950,131244
27963129950,131245
27963129950,67099232
27963129950,67099595
27963129950,67100015
27963129950,67100322
27963129950,67100728
27963129950,67100743
27963129950,67100748
27963129950,67100749
27963129950,67100750
27963129950,67100751
27963129950,67100752
27963129950,67100753
27963129950,67100754
27963129950,67100755
27963129950,67100756
27963129950,67100757
27963129950,67100758
27963129950,67100759
27963129950,67100761
27963129950,67100767
27963129950,67100768
27963129950,67100769
27963129950,67100770
27963129950,67100771
27963129950,67100774
27963129950,67100776
27963129950,67100780
27963129950,67100782
27963129950,67100787
27963129950,67100788
27963129950,67100789
27963129950,67100790
27963129950,67100792
27963129950,67100793
27963129950,67100798
27963129950,67100800
27963129950,67100801
27963129950,67100802
27963129950,67100803
27963129950,67100804
27963129950,67100805
27963129950,67100807
27963129950,67100808
27963129950,67100809
27963129950,67100810
27963129950,67100812
27963129950,67100814
27963129950,67100815
27963129950,67100818
27963129950,67100819
27963129950,67100820
27963129950,67100824
27963129950,67100829
27963129950,67100845
27963129950,67100848
27963129950,67100850
27963129950,67100853
27963129950,67100856
27963129950,67100857
27963129950,67100863
27963129950,67100864
27963129950,67100875
27963129950,67100877
27963129950,67100880
27963129950,67100881
27963129950,67100882
27963129950,67100883
27963129950,67100885
27963129950,67100886
27963129950,67100887
27963129950,67100888
27963129950,67100890
27963129950,67100891
27963129950,67100894
27963129950,67100908
27963129950,67100910
27963129950,67100914
27963129950,67100915
27963129950,67100918
27963129950,67100923
27963129950,67100924
27963129950,67100925
27963129950,67100928
27963129950,67100931
27963129950,67100932
27963129950,67100938
27963129950,67100939
27963129950,67100978
27963129950,67100979
27963129950,67100980
27963129950,67100981
27963129950,67100982
27963129950,67100984
27963129950,67100985
27963129950,67100987
27963129950,67100994
27963129950,67100995
27963129950,67100996
27963129950,67101000
27963129950,67101003
27963129950,67101004
27963129950,67101006
27963129950,67101008
27963129950,67101009
27963129950,67101010
27963129950,67101012
27963129950,67101014
27963129950,67101018
27963129950,67101025
27963129950,67101031
27963129950,67101032
27963129950,67101033
27963129950,67101034
27963129950,67101035
27963129950,67101037
27963129950,67105797
27963129950,67105798
27963129950,67105799
27963129950,67108438
55024223450,67099227
55024223450,67099228
55024223450,67099229
55024223450,67099230
55024223450,67099233
55024223450,67099234
55024223450,67099235
55024223450,67099236
55024223450,67099237
55024223450,67099238
55024223450,67099239
55024223450,67099240
55024223450,67099241
55024223450,67099242
55024223450,67099243
55024223450,67099244
55024223450,67099245
55024223450,67099246
55024223450,67099247
55024223450,67099248
55024223450,67099251
55024223450,67099252
55024223450,67099253
55024223450,67099254
55024223450,67099255
55024223450,67099256
55024223450,67099257
55024223450,67099258
55024223450,67099259
55024223450,67099260
55024223450,67099261
55024223450,67099262
55024223450,67099263
55024223450,67099264
55024223450,67099265
55024223450,67099266
55024223450,67099267
55024223450,67099268
55024223450,67099269
55024223450,67099271
55024223450,67099273
55024223450,67099274
55024223450,67099275
55024223450,67099276
55024223450,67099277
55024223450,67099278
55024223450,67099279
55024223450,67099280
55024223450,67099281
55024223450,67099282
55024223450,67099283
55024223450,67099284
55024223450,67099285
55024223450,67099286
55024223450,67099287
55024223450,67099288
55024223450,67099289
55024223450,67099290
55024223450,67099291
55024223450,67099292
55024223450,67099293
55024223450,67099294
55024223450,67099298
55024223450,67099305
55024223450,67099306
55024223450,67099307
55024223450,67099308
55024223450,67099309
55024223450,67099310
55024223450,67099311
55024223450,67099312
55024223450,67099313
55024223450,67099315
55024223450,67099316
55024223450,67099317
55024223450,67099318
55024223450,67099320
55024223450,67099321
55024223450,67099322
55024223450,67099324
55024223450,67099325
55024223450,67099326
55024223450,67099327
55024223450,67099329
55024223450,67099330
55024223450,67099332
55024223450,67099333
55024223450,67099334
55024223450,67099335
55024223450,67099338
55024223450,67099339
55024223450,67099341
55024223450,67099342
55024223450,67099343
55024223450,67099344
55024223450,67099345
55024223450,67099346
55024223450,67099347
55024223450,67099348
55024223450,67099349
55024223450,67099350
55024223450,67099351
55024223450,67099352
55024223450,67099353
55024223450,67099354
55024223450,67099355
55024223450,67099356
55024223450,67099357
55024223450,67099358
55024223450,67099359
55024223450,67099360
55024223450,67099361
55024223450,67099362
55024223450,67099363
55024223450,67099364
55024223450,67099365
55024223450,67099367
55024223450,67099368
55024223450,67099370
55024223450,67099371
55024223450,67099372
55024223450,67099373
55024223450,67099374
55024223450,67099375
55024223450,67099376
55024223450,67099378
55024223450,67099379
55024223450,67099380
55024223450,67099381
55024223450,67099382
55024223450,67099383
55024223450,67099384
55024223450,67099385
55024223450,67099386
55024223450,67099387
55024223450,67099388
55024223450,67099389
55024223450,67099390
55024223450,67099391
55024223450,67099392
55024223450,67099393
55024223450,67099394
55024223450,67099395
55024223450,67099396
55024223450,67099397
55024223450,67099398
55024223450,67099399
55024223450,67099400
55024223450,67099401
55024223450,67099402
55024223450,67099403
55024223450,67099406
55024223450,67099407
55024223450,67099408
55024223450,67099409
55024223450,67099410
55024223450,67099411
55024223450,67099412
55024223450,67099413
55024223450,67099421
55024223450,67099423
55024223450,67099429
55024223450,67099430
55024223450,67099433
55024223450,67099434
55024223450,67099435
55024223450,67099436
55024223450,67099437
55024223450,67099450
55024223450,67099451
55024223450,67099452
55024223450,67099453
55024223450,67099454
55024223450,67099455
55024223450,67099456
55024223450,67099460
55024223450,67099462
55024223450,67099464
55024223450,67099465
55024223450,67099466
55024223450,67099467
55024223450,67099469
55024223450,67099471
55024223450,67099474
55024223450,67099475
55024223450,67099478
55024223450,67099479
55024223450,67099480
55024223450,67099482
55024223450,67099483
55024223450,67099484
55024223450,67099486
55024223450,67099488
55024223450,67099489
55024223450,67099490
55024223450,67099491
55024223450,67099493
55024223450,67099494
55024223450,67099495
55024223450,67099497
55024223450,67099498
55024223450,67099499
55024223450,67099500
55024223450,67099502
55024223450,67099503
55024223450,67099504
55024223450,67099505
55024223450,67099508
55024223450,67099511
55024223450,67099512
55024223450,67099513
55024223450,67099514
55024223450,67099515
55024223450,67099516
55024223450,67099517
55024223450,67099520
55024223450,67099521
55024223450,67099523
55024223450,67099525
55024223450,67099526
55024223450,67099527
55024223450,67099530
55024223450,67099532
55024223450,67099533
55024223450,67099534
55024223450,67099535
55024223450,67099536
55024223450,67099538
55024223450,67099539
55024223450,67099549
55024223450,67099550
55024223450,67099551
55024223450,67099552
55024223450,67099553
55024223450,67099554
55024223450,67099556
55024223450,67099557
55024223450,67099560
55024223450,67099562
55024223450,67099563
55024223450,67099564
55024223450,67099566
55024223450,67099567
55024223450,67099568
55024223450,67099569
55024223450,67099571
55024223450,67099572
55024223450,67099573
55024223450,67099574
55024223450,67099575
55024223450,67099577
55024223450,67099583
55024223450,67099584
55024223450,67099585
55024223450,67099586
55024223450,67101394
82085316950,131241
82085316950,131242
82085316950,67099249
82085316950,67099250
82085316950,67099270
82085316950,67099272
82085316950,67099295
82085316950,67099296
82085316950,67099297
82085316950,67099299
82085316950,67099300
82085316950,67099301
82085316950,67099302
82085316950,67099303
82085316950,67099304
82085316950,67099314
82085316950,67099319
82085316950,67099323
82085316950,67099328
82085316950,67099331
82085316950,67099336
82085316950,67099340
82085316950,67099366
82085316950,67099369
82085316950,67099377
82085316950,67099404
82085316950,67099405
82085316950,67099414
82085316950,67099415
82085316950,67099416
82085316950,67099417
82085316950,67099418
82085316950,67099419
82085316950,67099420
82085316950,67099422
82085316950,67099424
82085316950,67099425
82085316950,67099426
82085316950,67099427
82085316950,67099428
82085316950,67099431
82085316950,67099432
82085316950,67099438
82085316950,67099439
82085316950,67099440
82085316950,67099441
82085316950,67099442
82085316950,67099443
82085316950,67099444
82085316950,67099445
82085316950,67099446
82085316950,67099447
82085316950,67099448
82085316950,67099449
82085316950,67099457
82085316950,67099458
82085316950,67099459
82085316950,67099461
82085316950,67099463
82085316950,67099468
82085316950,67099470
82085316950,67099472
82085316950,67099473
82085316950,67099476
82085316950,67099477
82085316950,67099481
82085316950,67099485
82085316950,67099487
82085316950,67099492
82085316950,67099496
82085316950,67099501
82085316950,67099506
82085316950,67099507
82085316950,67099509
82085316950,67099510
82085316950,67099518
82085316950,67099519
82085316950,67099522
82085316950,67099524
82085316950,67099528
82085316950,67099529
82085316950,67099531
82085316950,67099537
82085316950,67099540
82085316950,67099541
82085316950,67099542
82085316950,67099543
82085316950,67099544
82085316950,67099545
82085316950,67099546
82085316950,67099547
82085316950,67099555
82085316950,67099558
82085316950,67099559
82085316950,67099561
82085316950,67099565
82085316950,67099570
82085316950,67099576
82085316950,67099578
82085316950,67099581
82085316950,67099582
82085316950,67099587
82085316950,67099633
82085316950,67099636
82085316950,67099658
82085316950,67099659
82085316950,67099660
82085316950,67099661
82085316950,67099662
82085316950,67099663
82085316950,67099664
82085316950,67099665
82085316950,67099666
82085316950,67099668
82085316950,67099671
82085316950,67099677
82085316950,67099694
82085316950,67099712
82085316950,67099715
82085316950,67099718
82085316950,67099735
82085316950,67099743
82085316950,67099779
82085316950,67099780
82085316950,67099783
82085316950,67099784
82085316950,67099791
82085316950,67099794
82085316950,67099809
82085316950,67099810
82085316950,67099822
82085316950,67099823
82085316950,67099829
82085316950,67099831
82085316950,67099836
82085316950,67099848
82085316950,67099850
82085316950,67099864
82085316950,67099869
82085316950,67099870
82085316950,67099883
82085316950,67099888
82085316950,67099889
82085316950,67099891
82085316950,67099893
82085316950,67099920
82085316950,67099934
82085316950,67099941
82085316950,67099942
82085316950,67099947
82085316950,67099948
82085316950,67101857
82085316950,67101858
82085316950,67106227
82085316950,67106507
82085316950,67106918
82085316950,67107507
82085316950,67107881
82085316950,67107883
82085316950,67107884
82085316950,67107885
82085316950,67107886
82085316950,67107887
82085316950,67107888
82085316950,67107889
82085316950,67107890
82085316950,67107891
82085316950,67107892
82085316950,67107893
82085316950,67107894
82085316950,67107895
82085316950,67107896
82085316950,67107897
82085316950,67107900
82085316950,67107915
82085316950,67107945
82085316950,67108018
82085316950,67108100
82085316950,67108119
82085316950,67108122
82085316950,67108186
82085316950,67108213
82085316950,67108238
82085316950,67108241
82085316950,67108270
82085316950,67108302
82085316950,67108380
82085316950,67108475
82085316950,67108476
82085316950,67108478
82085316950,67108482
82085316950,67108487
82085316950,67108501
82085316950,67108502
82085316950,67108503
82085316950,67108504
82085316950,67108505
82085316950,67108506
82085316950,67108507
82085316950,67108508
82085316950,67108509
82085316950,67108511
82085316950,67108517
82085316950,67108519
82085316950,67108537
82085316950,67108558
82085316950,67108561
82085316950,67108563
82085316950,67108571
82085316950,67108574
82085316950,67108578
82085316950,67108583
82085316950,67108586
82085316950,67108626
82085316950,67108627
82085316950,67108630
82085316950,67108632
82085316950,67108634
82085316950,67108653
82085316950,67108661
82085316950,67108665
82085316950,67108669
82085316950,67108674
82085316950,67108678
82085316950,67108681
82085316950,67108683
82085316950,67108691
82085316950,67108692
82085316950,67108697
82085316950,67108707
82085316950,67108713
82085316950,67108720
82085316950,67108731
82085316950,67108732
82085316950,67108736
82085316950,67108747
82085316950,67108750
82085316950,67108766
82085316950,67108776
82085316950,67108777
82085316950,67108784
82085316950,67108787
82085316950,67108789
82085316950,67108793
109146410450,131243
109146410450,131254
109146410450,131258
109146410450,131259
109146410450,131260
109146410450,67099596
109146410450,67099597
109146410450,67099598
109146410450,67099599
109146410450,67099600
109146410450,67099601
109146410450,67099602
109146410450,67099603
109146410450,67099604
109146410450,67099605
109146410450,67099606
109146410450,67099607
109146410450,67099608
109146410450,67099609
109146410450,67099610
109146410450,67099611
109146410450,67099614
109146410450,67099619
109146410450,67099620
109146410450,67099622
109146410450,67099623
109146410450,67099624
109146410450,67099626
109146410450,67099627
109146410450,67099628
109146410450,67099630
109146410450,67099632
109146410450,67099639
109146410450,67099642
109146410450,67099644
109146410450,67099647
109146410450,67099648
109146410450,67099649
109146410450,67099652
109146410450,67099653
109146410450,67099655
109146410450,67099657
109146410450,67099669
109146410450,67099678
109146410450,67099682
109146410450,67099683
109146410450,67099688
109146410450,67099689
109146410450,67099699
109146410450,67099707
109146410450,67099728
109146410450,67099736
109146410450,67099755
109146410450,67099762
109146410450,67099767
109146410450,67099768
109146410450,67099770
109146410450,67099771
109146410450,67099773
109146410450,67099774
109146410450,67099785
109146410450,67099788
109146410450,67099789
109146410450,67099792
109146410450,67099797
109146410450,67099803
109146410450,67099806
109146410450,67099811
109146410450,67099812
109146410450,67099816
109146410450,67099817
109146410450,67099820
109146410450,67099824
109146410450,67099849
109146410450,67099868
109146410450,67099875
109146410450,67099881
109146410450,67099884
109146410450,67099890
109146410450,67099892
109146410450,67099909
109146410450,67099929
109146410450,67099932
109146410450,67099944
109146410450,67102197
109146410450,67102198
109146410450,67102199
109146410450,67102200
109146410450,67102206
109146410450,67102207
109146410450,67102228
109146410450,67102229
109146410450,67102230
109146410450,67102235
109146410450,67102236
109146410450,67102244
109146410450,67102245
109146410450,67102252
109146410450,67102262
109146410450,67102264
109146410450,67102265
109146410450,67102287
109146410450,67102292
109146410450,67102294
109146410450,67102306
109146410450,67102309
109146410450,67102314
109146410450,67102317
109146410450,67102319
109146410450,67104387
109146410450,67105803
109146410450,67105804
109146410450,67105807
109146410450,67105812
109146410450,67105813
109146410450,67105818
109146410450,67105842
109146410450,67105844
109146410450,67105845
109146410450,67105859
109146410450,67105941
109146410450,67106013
109146410450,67106059
109146410450,67106064
109146410450,67106312
109146410450,67106400
109146410450,67106452
109146410450,67106453
109146410450,67106455
109146410450,67106456
109146410450,67106457
109146410450,67106458
109146410450,67106459
109146410450,67106460
109146410450,67106461
109146410450,67106463
109146410450,67106464
109146410450,67106465
109146410450,67106466
109146410450,67106468
109146410450,67106469
109146410450,67106470
109146410450,67106471
109146410450,67106472
109146410450,67106473
109146410450,67106474
109146410450,67106748
109146410450,67106866
109146410450,67107128
109146410450,67107496
109146410450,67107640
109146410450,67107643
109146410450,67107787
109146410450,67107789
109146410450,67107925
109146410450,67107934
109146410450,67107936
109146410450,67108053
109146410450,67108078
109146410450,67108174
109146410450,67108321
109146410450,67108393
109146410450,67108399
109146410450,67108418
109146410450,67108429
109146410450,67108432
109146410450,67108439
109146410450,67108440
109146410450,67108441
109146410450,67108442
109146410450,67108443
109146410450,67108444
109146410450,67108445
109146410450,67108446
109146410450,67108447
109146410450,67108448
109146410450,67108449
109146410450,67108451
109146410450,67108452
109146410450,67108453
109146410450,67108454
109146410450,67108457
109146410450,67108460
109146410450,67108462
109146410450,67108464
109146410450,67108465
109146410450,67108466
109146410450,67108469
109146410450,67108470
109146410450,67108472
109146410450,67108473
109146410450,67108481
109146410450,67108485
109146410450,67108486
109146410450,67108489
109146410450,67108490
109146410450,67108494
109146410450,67108495
109146410450,67108497
109146410450,67108500
109146410450,67108512
109146410450,67108521
109146410450,67108525
109146410450,67108531
109146410450,67108532
109146410450,67108541
109146410450,67108570
109146410450,67108579
109146410450,67108598
109146410450,67108603
109146410450,67108605
109146410450,67108611
109146410450,67108612
109146410450,67108613
109146410450,67108614
109146410450,67108616
109146410450,67108628
109146410450,67108631
109146410450,67108635
109146410450,67108645
109146410450,67108647
109146410450,67108649
109146410450,67108652
109146410450,67108657
109146410450,67108659
109146410450,67108663
109146410450,67108667
109146410450,67108673
109146410450,67108704
109146410450,67108711
109146410450,67108718
109146410450,67108723
109146410450,67108726
109146410450,67108733
109146410450,67108734
109146410450,67108752
109146410450,67108775
109146410450,67108792
136207503950,67099592
136207503950,67101312
136207503950,67101471
136207503950,67101472
136207503950,67101646
136207503950,67101750
136207503950,67101781
136207503950,67101943
136207503950,67101960
136207503950,67101974
136207503950,67101976
136207503950,67101977
136207503950,67101978
136207503950,67102029
136207503950,67102039
136207503950,67102059
136207503950,67102061
136207503950,67102062
136207503950,67102095
136207503950,67102111
136207503950,67102126
136207503950,67102127
136207503950,67102132
136207503950,67102136
136207503950,67102139
136207503950,67102140
136207503950,67102153
136207503950,67102155
136207503950,67102156
136207503950,67102163
136207503950,67102164
136207503950,67102205
136207503950,67102213
136207503950,67102215
136207503950,67102216
136207503950,67102239
136207503950,67102253
136207503950,67102255
136207503950,67102256
136207503950,67102257
136207503950,67102258
136207503950,67102260
136207503950,67102298
136207503950,67102299
136207503950,67102302
136207503950,67102329
136207503950,67102334
136207503950,67102335
136207503950,67102345
136207503950,67102346
136207503950,67102348
136207503950,67102360
136207503950,67102379
136207503950,67102383
136207503950,67102389
136207503950,67102396
136207503950,67102458
136207503950,67102661
136207503950,67102670
136207503950,67102672
136207503950,67102674
136207503950,67102675
136207503950,67102676
136207503950,67102679
136207503950,67102690
136207503950,67102705
136207503950,67102717
136207503950,67102727
136207503950,67102731
136207503950,67102748
136207503950,67102755
136207503950,67102757
136207503950,67102761
136207503950,67102767
136207503950,67102768
136207503950,67102780
136207503950,67102811
136207503950,67102824
136207503950,67102827
136207503950,67102833
136207503950,67102836
136207503950,67102837
136207503950,67102861
136207503950,67102865
136207503950,67102867
136207503950,67102878
136207503950,67102906
136207503950,67102926
136207503950,67102933
136207503950,67102935
136207503950,67102939
136207503950,67102940
136207503950,67102944
136207503950,67102978
136207503950,67102981
136207503950,67102988
136207503950,67102991
136207503950,67102992
136207503950,67103003
136207503950,67103006
136207503950,67103025
136207503950,67103030
136207503950,67103044
136207503950,67103052
136207503950,67103055
136207503950,67103065
136207503950,67103069
136207503950,67103078
136207503950,67103080
136207503950,67103083
136207503950,67103096
136207503950,67103107
136207503950,67103142
136207503950,67103160
136207503950,67103162
136207503950,67103166
136207503950,67103167
136207503950,67103169
136207503950,67103174
136207503950,67103201
136207503950,67103205
136207503950,67103235
136207503950,67103244
136207503950,67103259
136207503950,67103280
136207503950,67103281
136207503950,67103282
136207503950,67103283
136207503950,67103297
136207503950,67103306
136207503950,67103308
136207503950,67103341
136207503950,67103352
136207503950,67103355
136207503950,67103361
136207503950,67103364
136207503950,67103375
136207503950,67103396
136207503950,67103402
136207503950,67103407
136207503950,67103413
136207503950,67103435
136207503950,67103450
136207503950,67103461
136207503950,67103471
136207503950,67103486
136207503950,67103505
136207503950,67103510
136207503950,67103511
136207503950,67103540
136207503950,67103554
136207503950,67103560
136207503950,67103561
136207503950,67103564
136207503950,67103565
136207503950,67103571
136207503950,67103579
136207503950,67103580
136207503950,67103582
136207503950,67103586
136207503950,67103598
136207503950,67103620
136207503950,67103623
136207503950,67103643
136207503950,67103644
136207503950,67103645
136207503950,67103646
136207503950,67103649
136207503950,67103650
136207503950,67103660
136207503950,67103663
136207503950,67103664
136207503950,67103668
136207503950,67103672
136207503950,67103687
136207503950,67103688
136207503950,67103695
136207503950,67103702
136207503950,67103704
136207503950,67103717
136207503950,67103720
136207503950,67103735
136207503950,67103765
136207503950,67103766
136207503950,67103768
136207503950,67103769
136207503950,67103775
136207503950,67103796
136207503950,67103798
136207503950,67103802
136207503950,67103807
136207503950,67103819
136207503950,67103827
136207503950,67103832
136207503950,67103834
136207503950,67103836
136207503950,67103843
136207503950,67103880
136207503950,67103889
136207503950,67103890
136207503950,67103892
136207503950,67103899
136207503950,67103901
136207503950,67103911
136207503950,67103912
136207503950,67103915
136207503950,67103918
136207503950,67103922
136207503950,67103928
136207503950,67103933
136207503950,67103963
136207503950,67103964
136207503950,67103965
136207503950,67103973
136207503950,67103977
136207503950,67103984
136207503950,67103986
136207503950,67104020
136207503950,67104021
136207503950,67104052
136207503950,67104054
136207503950,67104055
136207503950,67104119
136207503950,67104120
136207503950,67104131
136207503950,67104138
136207503950,67104171
136207503950,67104192
136207503950,67104195
136207503950,67104225
136207503950,67104258
136207503950,67104263
136207503950,67104267
136207503950,67104269
136207503950,67104273
136207503950,67104280
136207503950,67104282
136207503950,67104306
136207503950,67104308
136207503950,67104309
136207503950,67104310
136207503950,67104316
136207503950,67104320
136207503950,67104325
136207503950,67104326
136207503950,67104327
136207503950,67104328
136207503950,67104329
136207503950,67104332
136207503950,67104340
136207503950,67104342
136207503950,67105170
136207503950,67108431
136207503950,67108434
136207503950,67108435
163268597450,131247
163268597450,67099591
163268597450,67101345
163268597450,67101352
163268597450,67101354
163268597450,67101356
163268597450,67101359
163268597450,67101360
163268597450,67101362
163268597450,67101367
163268597450,67101395
163268597450,67101397
163268597450,67101406
163268597450,67101407
163268597450,67101413
163268597450,67101414
163268597450,67101418
163268597450,67101419
163268597450,67101421
163268597450,67101424
163268597450,67101429
163268597450,67101430
163268597450,67101435
163268597450,67101441
163268597450,67101442
163268597450,67101443
163268597450,67101446
163268597450,67101449
163268597450,67101456
163268597450,67101457
163268597450,67101458
163268597450,67101459
163268597450,67101464
163268597450,67101465
163268597450,67101468
163268597450,67101469
163268597450,67101473
163268597450,67101477
163268597450,67101486
163268597450,67101487
163268597450,67101489
163268597450,67101496
163268597450,67101508
163268597450,67101518
163268597450,67101519
163268597450,67101523
163268597450,67101526
163268597450,67101527
163268597450,67101528
163268597450,67101531
163268597450,67101535
163268597450,67101540
163268597450,67101575
163268597450,67101581
163268597450,67101584
163268597450,67101586
163268597450,67101587
163268597450,67101591
163268597450,67101593
163268597450,67101595
163268597450,67101596
163268597450,67101601
163268597450,67101606
163268597450,67101607
163268597450,67101622
163268597450,67101626
163268597450,67101627
163268597450,67101640
163268597450,67101643
163268597450,67101648
163268597450,67101653
163268597450,67101654
163268597450,67101655
163268597450,67101659
163268597450,67101663
163268597450,67101666
163268597450,67101667
163268597450,67101668
163268597450,67101697
163268597450,67101698
163268597450,67101699
163268597450,67101705
163268597450,67101709
163268597450,67101712
163268597450,67101718
163268597450,67101719
163268597450,67101728
163268597450,67101738
163268597450,67101739
163268597450,67101741
163268597450,67101744
163268597450,67101745
163268597450,67101747
163268597450,67101752
163268597450,67101753
163268597450,67101756
163268597450,67101762
163268597450,67101765
163268597450,67101766
163268597450,67101767
163268597450,67101770
163268597450,67101776
163268597450,67101792
163268597450,67101806
163268597450,67101843
163268597450,67101849
163268597450,67101884
163268597450,67101896
163268597450,67101898
163268597450,67101901
163268597450,67101902
163268597450,67101915
163268597450,67101916
163268597450,67101917
163268597450,67101918
163268597450,67101930
163268597450,67101931
163268597450,67101932
163268597450,67101933
163268597450,67101935
163268597450,67101936
163268597450,67101940
163268597450,67101983
163268597450,67102018
163268597450,67102037
163268597450,67102040
163268597450,67102041
163268597450,67102085
163268597450,67102096
163268597450,67102148
163268597450,67102149
163268597450,67102152
163268597450,67102172
163268597450,67102174
163268597450,67102211
163268597450,67102214
163268597450,67102221
163268597450,67102259
163268597450,67102270
163268597450,67102276
163268597450,67102279
163268597450,67102280
163268597450,67102281
163268597450,67102286
163268597450,67102323
163268597450,67102330
163268597450,67102331
163268597450,67102332
163268597450,67102344
163268597450,67102347
163268597450,67102354
163268597450,67102382
163268597450,67102390
163268597450,67102394
163268597450,67102395
163268597450,67102414
163268597450,67102419
163268597450,67102427
163268597450,67102433
163268597450,67102434
163268597450,67102450
163268597450,67102455
163268597450,67102473
163268597450,67102474
163268597450,67102652
163268597450,67102669
163268597450,67102742
163268597450,67102847
163268597450,67102848
163268597450,67102873
163268597450,67102887
163268597450,67102903
163268597450,67103063
163268597450,67103875
163268597450,67103958
163268597450,67104521
163268597450,67104541
163268597450,67104543
163268597450,67104545
163268597450,67104546
163268597450,67104554
163268597450,67104557
163268597450,67104558
163268597450,67104563
163268597450,67104571
163268597450,67104572
163268597450,67104573
163268597450,67104577
163268597450,67104583
163268597450,67104591
163268597450,67104594
163268597450,67104601
163268597450,67104608
163268597450,67104611
163268597450,67104612
163268597450,67104616
163268597450,67104617
163268597450,67104623
163268597450,67104679
163268597450,67104682
163268597450,67104697
163268597450,67104743
163268597450,67104744
163268597450,67104757
163268597450,67104763
163268597450,67104770
163268597450,67104775
163268597450,67104792
163268597450,67104793
163268597450,67104802
163268597450,67104813
163268597450,67104834
163268597450,67104835
163268597450,67104843
163268597450,67104844
163268597450,67104845
163268597450,67104857
163268597450,67104869
163268597450,67104905
163268597450,67104910
163268597450,67104913
163268597450,67104925
163268597450,67104928
163268597450,67104931
163268597450,67104946
163268597450,67104948
163268597450,67104949
163268597450,67104950
163268597450,67104951
163268597450,67104952
163268597450,67104953
163268597450,67104958
163268597450,67104963
163268597450,67104964
163268597450,67104970
163268597450,67104979
163268597450,67104980
163268597450,67105278
163268597450,67105330
163268597450,67105340
163268597450,67105389
163268597450,67105409
163268597450,67105417
163268597450,67105474
163268597450,67105500
163268597450,67105508
163268597450,67105535
163268597450,67105536
163268597450,67108433
190329690950,131246
190329690950,131248
190329690950,67101151
190329690950,67101188
190329690950,67101189
190329690950,67101212
190329690950,67101216
190329690950,67101250
190329690950,67101263
190329690950,67101288
190329690950,67101293
190329690950,67101296
190329690950,67101301
190329690950,67101307
190329690950,67101318
190329690950,67101320
190329690950,67101323
190329690950,67101330
190329690950,67101343
190329690950,67101344
190329690950,67101364
190329690950,67101402
190329690950,67101409
190329690950,67101412
190329690950,67101426
190329690950,67101431
190329690950,67101437
190329690950,67101438
190329690950,67101440
190329690950,67101447
190329690950,67101450
190329690950,67101451
190329690950,67101460
190329690950,67101470
190329690950,67101478
190329690950,67101479
190329690950,67101503
190329690950,67101505
190329690950,67101515
190329690950,67101536
190329690950,67101538
190329690950,67101539
190329690950,67101544
190329690950,67101550
190329690950,67101551
190329690950,67101565
190329690950,67101635
190329690950,67101647
190329690950,67101656
190329690950,67101657
190329690950,67101661
190329690950,67101665
190329690950,67101675
190329690950,67101704
190329690950,67101713
190329690950,67101723
190329690950,67101733
190329690950,67101737
190329690950,67101788
190329690950,67101801
190329690950,67101805
190329690950,67101809
190329690950,67101834
190329690950,67101851
190329690950,67101904
190329690950,67101914
190329690950,67101927
190329690950,67101938
190329690950,67101959
190329690950,67101967
190329690950,67101968
190329690950,67101973
190329690950,67101980
190329690950,67102025
190329690950,67102034
190329690950,67102051
190329690950,67102056
190329690950,67102057
190329690950,67102064
190329690950,67102084
190329690950,67102099
190329690950,67102105
190329690950,67102106
190329690950,67102130
190329690950,67102135
190329690950,67102137
190329690950,67102138
190329690950,67102150
190329690950,67102157
190329690950,67102159
190329690950,67102161
190329690950,67102178
190329690950,67102201
190329690950,67102246
190329690950,67102263
190329690950,67102273
190329690950,67102275
190329690950,67102277
190329690950,67102290
190329690950,67102291
190329690950,67102300
190329690950,67102303
190329690950,67102311
190329690950,67102320
190329690950,67102327
190329690950,67102349
190329690950,67102367
190329690950,67102373
190329690950,67102386
190329690950,67102397
190329690950,67102400
190329690950,67102402
190329690950,67102410
190329690950,67102428
190329690950,67102444
190329690950,67102448
190329690950,67102456
190329690950,67102512
190329690950,67102562
190329690950,67102598
190329690950,67102601
190329690950,67102616
190329690950,67102656
190329690950,67102659
190329690950,67102707
190329690950,67102720
190329690950,67102729
190329690950,67102777
190329690950,67102825
190329690950,67102826
190329690950,67102838
190329690950,67102871
190329690950,67102872
190329690950,67102890
190329690950,67102894
190329690950,67102897
190329690950,67102912
190329690950,67102916
190329690950,67102942
190329690950,67102946
190329690950,67102967
190329690950,67102969
190329690950,67102990
190329690950,67103000
190329690950,67103007
190329690950,67103017
190329690950,67103026
190329690950,67103033
190329690950,67103042
190329690950,67103046
190329690950,67103049
190329690950,67103057
190329690950,67103058
190329690950,67103067
190329690950,67103077
190329690950,67103087
190329690950,67103110
190329690950,67103112
190329690950,67103119
190329690950,67103138
190329690950,67103159
190329690950,67103171
190329690950,67103203
190329690950,67103224
190329690950,67103247
190329690950,67103255
190329690950,67103261
190329690950,67103275
190329690950,67103277
190329690950,67103302
190329690950,67103310
190329690950,67103317
190329690950,67103363
190329690950,67103371
190329690950,67103395
190329690950,67103408
190329690950,67103409
190329690950,67103410
190329690950,67103468
190329690950,67103479
190329690950,67103551
190329690950,67103604
190329690950,67103610
190329690950,67103618
190329690950,67103642
190329690950,67103671
190329690950,67103684
190329690950,67103714
190329690950,67103719
190329690950,67103753
190329690950,67103773
190329690950,67103787
190329690950,67103818
190329690950,67103858
190329690950,67103877
190329690950,67103887
190329690950,67103891
190329690950,67103902
190329690950,67103908
190329690950,67103914
190329690950,67103932
190329690950,67103957
190329690950,67103962
190329690950,67103968
190329690950,67103983
190329690950,67103991
190329690950,67104029
190329690950,67104062
190329690950,67104071
190329690950,67104086
190329690950,67104190
190329690950,67104191
190329690950,67104223
190329690950,67104235
190329690950,67104264
190329690950,67104270
190329690950,67104271
190329690950,67104300
190329690950,67104307
190329690950,67104311
190329690950,67104324
190329690950,67104337
190329690950,67104341
190329690950,67104354
190329690950,67104357
190329690950,67104359
190329690950,67104402
190329690950,67105171
190329690950,67105357
190329690950,67105641
190329690950,67105647
190329690950,67105668
190329690950,67105831
190329690950,67105885
190329690950,67105938
190329690950,67105942
190329690950,67105952
190329690950,67105959
190329690950,67105962
190329690950,67105978
190329690950,67105985
190329690950,67106018
190329690950,67106039
190329690950,67106046
190329690950,67106054
190329690950,67106055
190329690950,67106056
190329690950,67106086
190329690950,67106087
190329690950,67106088
190329690950,67106095
217390784450,131249
217390784450,131252
217390784450,131253
217390784450,67100381
217390784450,67101783
217390784450,67101784
217390784450,67101785
217390784450,67101786
217390784450,67101838
217390784450,67101844
217390784450,67101877
217390784450,67101880
217390784450,67101886
217390784450,67101911
217390784450,67101923
217390784450,67102077
217390784450,67102078
217390784450,67102362
217390784450,67102461
217390784450,67102462
217390784450,67102463
217390784450,67102465
217390784450,67102467
217390784450,67102468
217390784450,67102469
217390784450,67102470
217390784450,67102471
217390784450,67102472
217390784450,67102475
217390784450,67102476
217390784450,67102477
217390784450,67102479
217390784450,67102480
217390784450,67102481
217390784450,67102490
217390784450,67102525
217390784450,67102538
217390784450,67102540
217390784450,67102558
217390784450,67102565
217390784450,67102566
217390784450,67102570
217390784450,67102572
217390784450,67102575
217390784450,67102706
217390784450,67102714
217390784450,67102715
217390784450,67102724
217390784450,67102725
217390784450,67102732
217390784450,67102736
217390784450,67102737
217390784450,67102738
217390784450,67102745
217390784450,67102749
217390784450,67102750
217390784450,67102754
217390784450,67102760
217390784450,67102766
217390784450,67102770
217390784450,67102772
217390784450,67102776
217390784450,67102778
217390784450,67102779
217390784450,67102783
217390784450,67102784
217390784450,67102786
217390784450,67102787
217390784450,67102802
217390784450,67102803
217390784450,67102830
217390784450,67102850
217390784450,67102980
217390784450,67103015
217390784450,67103074
217390784450,67103184
217390784450,67103304
217390784450,67103307
217390784450,67103309
217390784450,67103311
217390784450,67103319
217390784450,67103321
217390784450,67103324
217390784450,67103327
217390784450,67103336
217390784450,67103346
217390784450,67103353
217390784450,67103356
217390784450,67103357
217390784450,67103358
217390784450,67103359
217390784450,67103360
217390784450,67103367
217390784450,67103368
217390784450,67103369
217390784450,67103370
217390784450,67103372
217390784450,67103389
217390784450,67103391
217390784450,67103393
217390784450,67103394
217390784450,67103483
217390784450,67103523
217390784450,67103543
217390784450,67103970
217390784450,67103972
217390784450,67103976
217390784450,67103979
217390784450,67103985
217390784450,67103987
217390784450,67103988
217390784450,67103992
217390784450,67103995
217390784450,67103998
217390784450,67103999
217390784450,67104000
217390784450,67104002
217390784450,67104005
217390784450,67104007
217390784450,67104008
217390784450,67104009
217390784450,67104010
217390784450,67104016
217390784450,67104017
217390784450,67104024
217390784450,67104025
217390784450,67104026
217390784450,67104105
217390784450,67104124
217390784450,67104137
217390784450,67104388
217390784450,67104389
217390784450,67104592
217390784450,67104597
217390784450,67104598
217390784450,67104600
217390784450,67104603
217390784450,67104604
217390784450,67104605
217390784450,67104609
217390784450,67104610
217390784450,67104692
217390784450,67104693
217390784450,67104694
217390784450,67104695
217390784450,67104696
217390784450,67104698
217390784450,67104699
217390784450,67104700
217390784450,67104703
217390784450,67104704
217390784450,67104706
217390784450,67104707
217390784450,67104708
217390784450,67104709
217390784450,67104710
217390784450,67104711
217390784450,67104926
217390784450,67104930
217390784450,67104940
217390784450,67104942
217390784450,67104943
217390784450,67104944
217390784450,67104945
217390784450,67104947
217390784450,67104954
217390784450,67104955
217390784450,67104956
217390784450,67105331
217390784450,67105332
217390784450,67105336
217390784450,67105337
217390784450,67105339
217390784450,67105341
217390784450,67105342
217390784450,67105343
217390784450,67105345
217390784450,67105346
217390784450,67105347
217390784450,67105403
217390784450,67105407
217390784450,67105408
217390784450,67105411
217390784450,67105412
217390784450,67105413
217390784450,67105414
217390784450,67105415
217390784450,67105416
217390784450,67105420
217390784450,67105421
217390784450,67105422
217390784450,67105423
217390784450,67105424
217390784450,67105425
217390784450,67105426
217390784450,67105427
217390784450,67105548
244451877950,67099969
244451877950,67101043
244451877950,67101055
244451877950,67101056
244451877950,67101057
244451877950,67101060
244451877950,67101062
244451877950,67101063
244451877950,67101081
244451877950,67101085
244451877950,67101093
244451877950,67101099
244451877950,67101102
244451877950,67101105
244451877950,67101112
244451877950,67101114
244451877950,67101115
244451877950,67101129
244451877950,67101131
244451877950,67101132
244451877950,67101136
244451877950,67101141
244451877950,67101143
244451877950,67101153
244451877950,67101155
244451877950,67101157
244451877950,67101162
244451877950,67101165
244451877950,67101169
244451877950,67101170
244451877950,67101171
244451877950,67101176
244451877950,67101179
244451877950,67101184
244451877950,67101187
244451877950,67101197
244451877950,67101200
244451877950,67101208
244451877950,67101220
244451877950,67101221
244451877950,67101226
244451877950,67101227
244451877950,67101228
244451877950,67101229
244451877950,67101234
244451877950,67101242
244451877950,67101247
244451877950,67101265
244451877950,67101266
244451877950,67101267
244451877950,67101268
244451877950,67101300
244451877950,67101303
244451877950,67101304
244451877950,67101309
244451877950,67101314
244451877950,67101324
244451877950,67101335
244451877950,67101336
244451877950,67101340
244451877950,67101342
244451877950,67101346
244451877950,67101348
244451877950,67101355
244451877950,67101358
244451877950,67101368
244451877950,67101369
244451877950,67101370
244451877950,67101371
244451877950,67101372
244451877950,67101374
244451877950,67101375
244451877950,67101376
244451877950,67101377
244451877950,67101378
244451877950,67101379
244451877950,67101380
244451877950,67101383
244451877950,67101385
244451877950,67101390
244451877950,67101391
244451877950,67101392
244451877950,67101393
244451877950,67101401
244451877950,67101408
244451877950,67101428
244451877950,67101432
244451877950,67101433
244451877950,67101439
244451877950,67101454
244451877950,67101461
244451877950,67101466
244451877950,67101482
244451877950,67101483
244451877950,67101485
244451877950,67101509
244451877950,67101529
244451877950,67101534
244451877950,67101545
244451877950,67101547
244451877950,67101553
244451877950,67101568
244451877950,67101570
244451877950,67101578
244451877950,67101579
244451877950,67101583
244451877950,67101585
244451877950,67101602
244451877950,67101603
244451877950,67101604
244451877950,67101605
244451877950,67101609
244451877950,67101618
244451877950,67101620
244451877950,67101625
244451877950,67101629
244451877950,67101671
244451877950,67101673
244451877950,67101676
244451877950,67101678
244451877950,67101681
244451877950,67101686
244451877950,67101701
244451877950,67101702
244451877950,67101710
244451877950,67101714
244451877950,67101717
244451877950,67101721
244451877950,67101724
244451877950,67101725
244451877950,67101731
244451877950,67101735
244451877950,67101755
244451877950,67101758
244451877950,67101764
244451877950,67101771
244451877950,67101772
244451877950,67101773
244451877950,67101775
244451877950,67101777
244451877950,67101779
244451877950,67101782
244451877950,67101793
244451877950,67101799
244451877950,67101800
244451877950,67101803
244451877950,67101807
244451877950,67101812
244451877950,67101815
244451877950,67101825
244451877950,67101826
244451877950,67101827
244451877950,67101828
244451877950,67101842
244451877950,67101868
244451877950,67101871
244451877950,67101872
244451877950,67101881
244451877950,67101891
244451877950,67101894
244451877950,67101905
244451877950,67101906
244451877950,67101913
244451877950,67101924
244451877950,67101926
244451877950,67101928
244451877950,67101939
244451877950,67101942
244451877950,67101944
244451877950,67101948
244451877950,67101951
244451877950,67101955
244451877950,67101965
244451877950,67101970
244451877950,67101972
244451877950,67101984
244451877950,67101985
244451877950,67101986
244451877950,67101987
244451877950,67101988
244451877950,67101989
244451877950,67102001
244451877950,67102002
244451877950,67102003
244451877950,67102006
244451877950,67102011
244451877950,67102013
244451877950,67102014
244451877950,67102015
244451877950,67102022
244451877950,67102024
244451877950,67102026
244451877950,67102028
244451877950,67102032
244451877950,67102035
244451877950,67102036
244451877950,67102044
244451877950,67102045
244451877950,67102047
244451877950,67102048
244451877950,67102050
244451877950,67102052
244451877950,67102054
244451877950,67102055
244451877950,67102060
244451877950,67102065
244451877950,67102066
244451877950,67102070
244451877950,67102072
244451877950,67102073
244451877950,67102075
244451877950,67102079
244451877950,67102083
244451877950,67102088
244451877950,67102090
244451877950,67102092
244451877950,67102097
244451877950,67102101
244451877950,67102102
244451877950,67102104
244451877950,67102107
244451877950,67102108
244451877950,67102109
244451877950,67102112
244451877950,67102114
244451877950,67102116
244451877950,67102120
244451877950,67102121
244451877950,67102123
244451877950,67102124
244451877950,67102131
244451877950,67102134
244451877950,67102142
244451877950,67102147
244451877950,67102158
244451877950,67102162
244451877950,67102169
244451877950,67102170
244451877950,67102173
244451877950,67102175
244451877950,67102179
244451877950,67102180
244451877950,67102181
244451877950,67102182
244451877950,67102183
244451877950,67102184
244451877950,67102185
271512971450,67099548
271512971450,67099580
271512971450,67099612
271512971450,67099613
271512971450,67099615
271512971450,67099616
271512971450,67099617
271512971450,67099618
271512971450,67099621
271512971450,67099625
271512971450,67099629
271512971450,67099631
271512971450,67099634
271512971450,67099635
271512971450,67099637
271512971450,67099638
271512971450,67099640
271512971450,67099641
271512971450,67099643
271512971450,67099645
271512971450,67099650
271512971450,67099651
271512971450,67099654
271512971450,67099656
271512971450,67099670
271512971450,67099692
271512971450,67099710
271512971450,67099844
271512971450,67099857
271512971450,67099862
271512971450,67099874
271512971450,67099877
271512971450,67099887
271512971450,67099896
271512971450,67099899
271512971450,67099939
271512971450,67100352
271512971450,67101160
271512971450,67102971
271512971450,67103056
271512971450,67106248
271512971450,67106305
271512971450,67106682
271512971450,67106707
271512971450,67106708
271512971450,67106730
271512971450,67106735
271512971450,67106757
271512971450,67106758
271512971450,67106759
271512971450,67106769
271512971450,67106780
271512971450,67106782
271512971450,67106792
271512971450,67106818
271512971450,67106830
271512971450,67106837
271512971450,67106850
271512971450,67106910
271512971450,67106911
271512971450,67106934
271512971450,67106935
271512971450,67106938
271512971450,67106939
271512971450,67106945
271512971450,67106958
271512971450,67106960
271512971450,67106967
271512971450,67106969
271512971450,67106970
271512971450,67106971
271512971450,67106972
271512971450,67106980
271512971450,67106981
271512971450,67106989
271512971450,67106991
271512971450,67106992
271512971450,67106995
271512971450,67106999
271512971450,67107001
271512971450,67107003
271512971450,67107007
271512971450,67107008
271512971450,67107009
271512971450,67107011
271512971450,67107012
271512971450,67107013
271512971450,67107015
271512971450,67107021
271512971450,67107023
271512971450,67107024
271512971450,67107029
271512971450,67107032
271512971450,67107034
271512971450,67107035
271512971450,67107036
271512971450,67107037
271512971450,67107039
271512971450,67107040
271512971450,67107041
271512971450,67107042
271512971450,67107044
271512971450,67107048
271512971450,67107049
271512971450,67107051
271512971450,67107054
271512971450,67107055
271512971450,67107056
271512971450,67107057
271512971450,67107058
271512971450,67107059
271512971450,67107061
271512971450,67107062
271512971450,67107063
271512971450,67107064
271512971450,67107065
271512971450,67107066
271512971450,67107069
271512971450,67107073
271512971450,67107074
271512971450,67107075
271512971450,67107078
271512971450,67107080
271512971450,67107081
271512971450,67107083
271512971450,67107085
271512971450,67107087
271512971450,67107088
271512971450,67107090
271512971450,67107091
271512971450,67107092
271512971450,67107093
271512971450,67107095
271512971450,67107096
271512971450,67107097
271512971450,67107101
271512971450,67107105
271512971450,67107106
271512971450,67107107
271512971450,67107108
271512971450,67107109
271512971450,67107111
271512971450,67107112
271512971450,67107115
271512971450,67107219
271512971450,67107240
271512971450,67107252
271512971450,67107255
271512971450,67107284
271512971450,67107294
271512971450,67107305
271512971450,67107318
271512971450,67107323
271512971450,67107331
271512971450,67107344
271512971450,67107347
271512971450,67107370
271512971450,67107373
271512971450,67107382
271512971450,67107387
271512971450,67107390
271512971450,67107392
271512971450,67107395
271512971450,67107397
271512971450,67107403
271512971450,67107413
271512971450,67107422
271512971450,67107432
271512971450,67107437
271512971450,67107448
271512971450,67107453
271512971450,67107456
271512971450,67107461
271512971450,67107462
271512971450,67107466
271512971450,67107467
271512971450,67107473
271512971450,67107516
271512971450,67107531
271512971450,67107557
271512971450,67107566
271512971450,67107568
271512971450,67107572
271512971450,67107581
271512971450,67107584
271512971450,67107585
271512971450,67107586
271512971450,67107589
271512971450,67107591
271512971450,67107600
271512971450,67107602
271512971450,67107610
271512971450,67107622
271512971450,67107623
271512971450,67107630
271512971450,67107632
271512971450,67107635
271512971450,67107671
271512971450,67107672
271512971450,67107734
271512971450,67107742
271512971450,67107773
271512971450,67107774
271512971450,67107780
271512971450,67107781
271512971450,67107800
271512971450,67107818
271512971450,67107833
271512971450,67107861
271512971450,67107867
271512971450,67107970
271512971450,67108108
271512971450,67108255
271512971450,67108317
271512971450,67108333
271512971450,67108411
271512971450,67108450
271512971450,67108455
271512971450,67108456
271512971450,67108458
271512971450,67108459
271512971450,67108461
271512971450,67108463
271512971450,67108467
271512971450,67108468
271512971450,67108471
271512971450,67108474
271512971450,67108479
271512971450,67108480
271512971450,67108483
271512971450,67108484
271512971450,67108488
271512971450,67108491
271512971450,67108492
271512971450,67108493
271512971450,67108496
271512971450,67108498
271512971450,67108499
271512971450,67108534
271512971450,67108553
271512971450,67108687
271512971450,67108699
271512971450,67108730
271512971450,67108739
271512971450,67108771
271512971450,67108772
271512971450,67108781
271512971450,67108782
298574064950,131255
298574064950,131256
298574064950,131257
298574064950,67099579
298574064950,67099588
298574064950,67099646
298574064950,67099672
298574064950,67099673
298574064950,67099685
298574064950,67099686
298574064950,67099693
298574064950,67099696
298574064950,67099697
298574064950,67099701
298574064950,67099705
298574064950,67099708
298574064950,67099713
298574064950,67099714
298574064950,67099716
298574064950,67099719
298574064950,67099720
298574064950,67099721
298574064950,67099722
298574064950,67099723
298574064950,67099726
298574064950,67099729
298574064950,67099734
298574064950,67099741
298574064950,67099742
298574064950,67099751
298574064950,67099756
298574064950,67099763
298574064950,67099766
298574064950,67099772
298574064950,67099775
298574064950,67099776
298574064950,67099778
298574064950,67099786
298574064950,67099795
298574064950,67099796
298574064950,67099813
298574064950,67099815
298574064950,67099821
298574064950,67099827
298574064950,67099828
298574064950,67099832
298574064950,67099835
298574064950,67099837
298574064950,67099838
298574064950,67099842
298574064950,67099843
298574064950,67099845
298574064950,67099846
298574064950,67099847
298574064950,67099856
298574064950,67099858
298574064950,67099861
298574064950,67099872
298574064950,67099878
298574064950,67099879
298574064950,67099882
298574064950,67099894
298574064950,67099903
298574064950,67099908
298574064950,67099914
298574064950,67099915
298574064950,67099917
298574064950,67099919
298574064950,67099922
298574064950,67099926
298574064950,67099930
298574064950,67099931
298574064950,67099937
298574064950,67099938
298574064950,67099940
298574064950,67099959
298574064950,67101384
298574064950,67102046
298574064950,67102217
298574064950,67102353
298574064950,67102563
298574064950,67102569
298574064950,67102609
298574064950,67103172
298574064950,67103626
298574064950,67103851
298574064950,67103864
298574064950,67104057
298574064950,67104370
298574064950,67104507
298574064950,67104549
298574064950,67104615
298574064950,67104689
298574064950,67104733
298574064950,67104852
298574064950,67104903
298574064950,67104972
298574064950,67104996
298574064950,67105067
298574064950,67105074
298574064950,67105355
298574064950,67105378
298574064950,67105392
298574064950,67105439
298574064950,67105464
298574064950,67105486
298574064950,67105594
298574064950,67105597
298574064950,67105620
298574064950,67105630
298574064950,67105649
298574064950,67105667
298574064950,67105916
298574064950,67105933
298574064950,67105973
298574064950,67105981
298574064950,67106049
298574064950,67106093
298574064950,67106106
298574064950,67106245
298574064950,67106357
298574064950,67106369
298574064950,67106375
298574064950,67106387
298574064950,67106397
298574064950,67106521
298574064950,67106548
298574064950,67106598
298574064950,67106615
298574064950,67106786
298574064950,67106820
298574064950,67106942
298574064950,67106965
298574064950,67107022
298574064950,67107079
298574064950,67107182
298574064950,67107224
298574064950,67107269
298574064950,67107295
298574064950,67107346
298574064950,67107354
298574064950,67107443
298574064950,67107474
298574064950,67107517
298574064950,67107519
298574064950,67107608
298574064950,67107659
298574064950,67107723
298574064950,67107725
298574064950,67107749
298574064950,67107756
298574064950,67107908
298574064950,67107926
298574064950,67107929
298574064950,67107943
298574064950,67107991
298574064950,67108005
298574064950,67108029
298574064950,67108068
298574064950,67108129
298574064950,67108151
298574064950,67108204
298574064950,67108218
298574064950,67108229
298574064950,67108296
298574064950,67108322
298574064950,67108338
298574064950,67108346
298574064950,67108369
298574064950,67108373
298574064950,67108388
298574064950,67108395
298574064950,67108424
298574064950,67108514
298574064950,67108515
298574064950,67108516
298574064950,67108526
298574064950,67108528
298574064950,67108536
298574064950,67108539
298574064950,67108544
298574064950,67108545
298574064950,67108547
298574064950,67108556
298574064950,67108557
298574064950,67108564
298574064950,67108565
298574064950,67108569
298574064950,67108572
298574064950,67108585
298574064950,67108589
298574064950,67108597
298574064950,67108599
298574064950,67108600
298574064950,67108606
298574064950,67108609
298574064950,67108618
298574064950,67108619
298574064950,67108620
298574064950,67108621
298574064950,67108623
298574064950,67108639
298574064950,67108646
298574064950,67108656
298574064950,67108666
298574064950,67108671
298574064950,67108675
298574064950,67108685
298574064950,67108686
298574064950,67108688
298574064950,67108689
298574064950,67108694
298574064950,67108703
298574064950,67108709
298574064950,67108712
298574064950,67108715
298574064950,67108719
298574064950,67108721
298574064950,67108722
298574064950,67108725
298574064950,67108740
298574064950,67108741
298574064950,67108745
298574064950,67108746
298574064950,67108751
298574064950,67108756
298574064950,67108757
298574064950,67108761
298574064950,67108763
298574064950,67108765
298574064950,67108768
298574064950,67108769
298574064950,67108773
298574064950,67108780
298574064950,67108783
298574064950,67108790
325635158450,131251
325635158450,67099675
325635158450,67099695
325635158450,67099703
325635158450,67099704
325635158450,67099724
325635158450,67099730
325635158450,67099737
325635158450,67099744
325635158450,67099747
325635158450,67099757
325635158450,67099758
325635158450,67099781
325635158450,67099787
325635158450,67099790
325635158450,67099798
325635158450,67099800
325635158450,67099801
325635158450,67099802
325635158450,67099804
325635158450,67099805
325635158450,67099807
325635158450,67099818
325635158450,67099825
325635158450,67099834
325635158450,67099839
325635158450,67099841
325635158450,67099851
325635158450,67099852
325635158450,67099853
325635158450,67099860
325635158450,67099873
325635158450,67099880
325635158450,67099886
325635158450,67099900
325635158450,67099904
325635158450,67099905
325635158450,67099910
325635158450,67099916
325635158450,67099927
325635158450,67099946
325635158450,67101045
325635158450,67101047
325635158450,67101133
325635158450,67101411
325635158450,67101481
325635158450,67101608
325635158450,67101774
325635158450,67101833
325635158450,67101958
325635158450,67102089
325635158450,67102233
325635158450,67102242
325635158450,67102372
325635158450,67102387
325635158450,67102445
325635158450,67102464
325635158450,67102484
325635158450,67102537
325635158450,67102581
325635158450,67102599
325635158450,67102612
325635158450,67102620
325635158450,67102640
325635158450,67102655
325635158450,67102663
325635158450,67102692
325635158450,67102785
325635158450,67102793
325635158450,67102818
325635158450,67102842
325635158450,67102868
325635158450,67102907
325635158450,67103037
325635158450,67103070
325635158450,67103147
325635158450,67103208
325635158450,67103239
325635158450,67103718
325635158450,67103821
325635158450,67103833
325635158450,67103842
325635158450,67103859
325635158450,67103863
325635158450,67103874
325635158450,67103926
325635158450,67103930
325635158450,67103938
325635158450,67104036
325635158450,67104039
325635158450,67104042
325635158450,67104045
325635158450,67104065
325635158450,67104129
325635158450,67104146
325635158450,67104159
325635158450,67104284
325635158450,67104317
325635158450,67104360
325635158450,67104369
325635158450,67104398
325635158450,67104408
325635158450,67104423
325635158450,67104435
325635158450,67104446
325635158450,67104500
325635158450,67104517
325635158450,67104621
325635158450,67104643
325635158450,67104681
325635158450,67104691
325635158450,67104726
325635158450,67104731
325635158450,67104732
325635158450,67104741
325635158450,67104761
325635158450,67104773
325635158450,67104777
325635158450,67104781
325635158450,67104787
325635158450,67104856
325635158450,67104860
325635158450,67104879
325635158450,67104884
325635158450,67104901
325635158450,67104918
325635158450,67104957
325635158450,67105042
325635158450,67105047
325635158450,67105142
325635158450,67105306
325635158450,67105390
325635158450,67105491
325635158450,67105537
325635158450,67105556
325635158450,67105935
325635158450,67106182
325635158450,67106241
325635158450,67106260
325635158450,67106294
325635158450,67106405
325635158450,67106450
325635158450,67106779
325635158450,67106801
325635158450,67106802
325635158450,67106985
325635158450,67107005
325635158450,67107052
325635158450,67107060
325635158450,67107070
325635158450,67107122
325635158450,67107176
325635158450,67107250
325635158450,67107267
325635158450,67107335
325635158450,67107358
325635158450,67107423
325635158450,67107489
325635158450,67107595
325635158450,67107808
325635158450,67107912
325635158450,67107933
325635158450,67107969
325635158450,67108021
325635158450,67108074
325635158450,67108115
325635158450,67108134
325635158450,67108144
325635158450,67108154
325635158450,67108175
325635158450,67108191
325635158450,67108244
325635158450,67108254
325635158450,67108257
325635158450,67108266
325635158450,67108288
325635158450,67108299
325635158450,67108316
325635158450,67108365
325635158450,67108366
325635158450,67108367
325635158450,67108477
325635158450,67108518
325635158450,67108538
325635158450,67108546
325635158450,67108560
325635158450,67108567
325635158450,67108580
325635158450,67108594
325635158450,67108596
325635158450,67108601
325635158450,67108610
325635158450,67108629
325635158450,67108638
325635158450,67108640
325635158450,67108641
325635158450,67108642
325635158450,67108644
325635158450,67108648
325635158450,67108664
325635158450,67108668
325635158450,67108676
325635158450,67108677
325635158450,67108684
325635158450,67108693
325635158450,67108695
325635158450,67108696
325635158450,67108705
325635158450,67108716
325635158450,67108727
325635158450,67108729
325635158450,67108735
325635158450,67108737
325635158450,67108743
325635158450,67108748
325635158450,67108758
325635158450,67108759
325635158450,67108770
