1379256614,67104543
1379256614,67104544
1379256614,67104545
1379256614,67104546
1379256614,67104547
1379256614,67104548
1379256614,67104549
1379256614,67104550
1379256614,67104551
1379256614,67104552
1379256614,67104553
1379256614,67104554
1379256614,67104555
1379256614,67104556
1379256614,67104557
1379256614,67104558
1379256614,67104562
1379256614,67104563
1379256614,67104565
1379256614,67104566
1379256614,67104567
1379256614,67104568
1379256614,67104570
1379256614,67104571
1379256614,67104572
1379256614,67104575
1379256614,67104576
1379256614,67104577
1379256614,67104578
1379256614,67104580
1379256614,67104582
1379256614,67104583
1379256614,67104584
1379256614,67104587
1379256614,67104589
1379256614,67104590
1379256614,67104591
1379256614,67104594
1379256614,67104595
1379256614,67104596
1379256614,67104597
1379256614,67104598
1379256614,67104600
1379256614,67104601
1379256614,67104603
1379256614,67104604
1379256614,67104606
1379256614,67104609
1379256614,67104610
1379256614,67104612
1379256614,67104613
1379256614,67104614
1379256614,67104616
1379256614,67104619
1379256614,67104620
1379256614,67104622
1379256614,67104623
1379256614,67104624
1379256614,67104625
1379256614,67104626
1379256614,67104627
1379256614,67104628
1379256614,67104629
1379256614,67104630
1379256614,67104631
1379256614,67104632
1379256614,67104633
1379256614,67104636
1379256614,67104637
1379256614,67104640
1379256614,67104641
1379256614,67104642
1379256614,67104643
1379256614,67104644
1379256614,67104646
1379256614,67104647
1379256614,67104649
1379256614,67104650
1379256614,67104651
1379256614,67104654
1379256614,67104655
1379256614,67104656
1379256614,67104657
1379256614,67104658
1379256614,67104659
1379256614,67104660
1379256614,67104661
1379256614,67104662
1379256614,67104663
1379256614,67104664
1379256614,67104665
1379256614,67104666
1379256614,67104667
1379256614,67104668
1379256614,67104669
1379256614,67104902
42756955034,67104029
42756955034,67104030
42756955034,67104031
42756955034,67104032
42756955034,67104033
42756955034,67104034
42756955034,67104035
42756955034,67104036
42756955034,67104037
42756955034,67104038
42756955034,67104039
42756955034,67104040
42756955034,67104041
42756955034,67104042
42756955034,67104043
42756955034,67104044
42756955034,67104045
42756955034,67104046
42756955034,67104047
42756955034,67104048
42756955034,67104049
42756955034,67104051
42756955034,67104052
42756955034,67104053
42756955034,67104054
42756955034,67104055
42756955034,67104056
42756955034,67104057
42756955034,67104058
42756955034,67104059
42756955034,67104060
42756955034,67104061
42756955034,67104062
42756955034,67104063
42756955034,67104064
42756955034,67104065
42756955034,67104066
42756955034,67104067
42756955034,67104068
42756955034,67104069
42756955034,67104070
42756955034,67104071
42756955034,67104072
42756955034,67104073
42756955034,67104075
42756955034,67104076
42756955034,67104077
42756955034,67104078
42756955034,67104079
42756955034,67104080
42756955034,67104081
42756955034,67104082
42756955034,67104083
42756955034,67104084
42756955034,67104085
42756955034,67104086
42756955034,67104087
42756955034,67104088
42756955034,67104089
42756955034,67104090
42756955034,67104091
42756955034,67104092
42756955034,67104093
42756955034,67104094
42756955034,67104095
42756955034,67104096
42756955034,67104097
42756955034,67104098
42756955034,67104099
42756955034,67104100
42756955034,67104102
42756955034,67104104
42756955034,67104105
42756955034,67104106
42756955034,67104107
42756955034,67104108
42756955034,67104109
42756955034,67104110
42756955034,67104111
42756955034,67104113
42756955034,67104114
42756955034,67104116
42756955034,67104117
42756955034,67104118
42756955034,67104119
42756955034,67104120
42756955034,67104121
42756955034,67104122
42756955034,67104123
42756955034,67104124
42756955034,67104125
42756955034,67104126
42756955034,67104128
42756955034,67104129
42756955034,67104130
42756955034,67104131
42756955034,67104132
42756955034,67104133
42756955034,67104134
42756955034,67104135
42756955034,67104136
42756955034,67104137
42756955034,67104138
42756955034,67104139
42756955034,67104140
42756955034,67104141
42756955034,67104142
42756955034,67104143
42756955034,67104144
42756955034,67104145
42756955034,67104146
42756955034,67104147
42756955034,67104148
42756955034,67104149
42756955034,67104150
42756955034,67104151
42756955034,67104152
42756955034,67104153
42756955034,67104154
42756955034,67104155
42756955034,67104158
42756955034,67104159
42756955034,67104160
42756955034,67104161
42756955034,67104162
42756955034,67104163
42756955034,67107061
42756955034,67107117
42756955034,67107148
42756955034,67107710
42756955034,67107894
42756955034,67107920
42756955034,67108011
42756955034,67108666
42756955034,67108667
42756955034,67108668
42756955034,67108669
42756955034,67108670
42756955034,67108671
84134653454,131252
84134653454,67104205
84134653454,67104279
84134653454,67104286
84134653454,67104433
84134653454,67104684
84134653454,67104700
84134653454,67104724
84134653454,67104738
84134653454,67104745
84134653454,67104766
84134653454,67104767
84134653454,67104774
84134653454,67104778
84134653454,67104918
84134653454,67104920
84134653454,67104936
84134653454,67104943
84134653454,67104952
84134653454,67104954
84134653454,67104957
84134653454,67104960
84134653454,67104968
84134653454,67104975
84134653454,67104976
84134653454,67104978
84134653454,67104979
84134653454,67104982
84134653454,67105002
84134653454,67105014
84134653454,67105028
84134653454,67105031
84134653454,67105032
84134653454,67105034
84134653454,67105038
84134653454,67105050
84134653454,67105053
84134653454,67105054
84134653454,67105060
84134653454,67105067
84134653454,67105073
84134653454,67105090
84134653454,67105114
84134653454,67105117
84134653454,67105119
84134653454,67105132
84134653454,67105144
84134653454,67105157
84134653454,67105173
84134653454,67105194
84134653454,67105219
84134653454,67105222
84134653454,67105224
84134653454,67105230
84134653454,67105250
84134653454,67105253
84134653454,67105257
84134653454,67105267
84134653454,67105277
84134653454,67105310
84134653454,67105313
84134653454,67105316
84134653454,67105318
84134653454,67105326
84134653454,67105340
84134653454,67105342
84134653454,67105354
84134653454,67105356
84134653454,67105362
84134653454,67105364
84134653454,67105366
84134653454,67105403
84134653454,67105418
84134653454,67105420
84134653454,67105440
84134653454,67105442
84134653454,67105456
84134653454,67105457
84134653454,67105468
84134653454,67105469
84134653454,67105472
84134653454,67105475
84134653454,67105477
84134653454,67105486
84134653454,67105491
84134653454,67105495
84134653454,67105505
84134653454,67105517
84134653454,67105520
84134653454,67105524
84134653454,67105530
84134653454,67105533
84134653454,67105538
84134653454,67105542
84134653454,67105543
84134653454,67105545
84134653454,67105546
84134653454,67105547
84134653454,67105550
84134653454,67105551
84134653454,67105552
84134653454,67105569
84134653454,67105576
84134653454,67105580
84134653454,67105581
84134653454,67105586
84134653454,67105591
84134653454,67105599
84134653454,67105603
84134653454,67105604
84134653454,67105607
84134653454,67105611
84134653454,67105612
84134653454,67105614
84134653454,67105615
84134653454,67105616
84134653454,67105617
84134653454,67105618
84134653454,67105620
84134653454,67105622
84134653454,67105624
84134653454,67105629
84134653454,67105637
84134653454,67105642
84134653454,67105644
84134653454,67105650
84134653454,67105651
84134653454,67105652
84134653454,67105653
84134653454,67105659
84134653454,67105660
84134653454,67105661
84134653454,67105662
84134653454,67105670
84134653454,67105672
84134653454,67105677
84134653454,67105678
84134653454,67105684
84134653454,67105686
84134653454,67105687
84134653454,67105691
84134653454,67105696
84134653454,67105709
84134653454,67105711
84134653454,67105712
84134653454,67105713
84134653454,67105716
84134653454,67105724
84134653454,67105726
84134653454,67105730
84134653454,67105731
84134653454,67105734
84134653454,67105739
84134653454,67105742
84134653454,67105744
84134653454,67105746
84134653454,67105747
84134653454,67105749
84134653454,67105751
84134653454,67105754
84134653454,67105755
84134653454,67105760
84134653454,67105761
84134653454,67105764
84134653454,67105765
84134653454,67105766
84134653454,67105768
84134653454,67105774
84134653454,67105778
84134653454,67105779
84134653454,67105783
84134653454,67105789
84134653454,67105791
84134653454,67105794
84134653454,67105795
84134653454,67105803
84134653454,67105815
84134653454,67105827
84134653454,67105828
84134653454,67105829
84134653454,67105831
84134653454,67105835
84134653454,67105842
84134653454,67105844
84134653454,67105852
84134653454,67105853
84134653454,67105854
84134653454,67105866
84134653454,67105869
84134653454,67105872
84134653454,67105879
84134653454,67105890
84134653454,67105893
84134653454,67105898
84134653454,67105908
84134653454,67105909
84134653454,67105910
84134653454,67105924
84134653454,67105925
84134653454,67105938
84134653454,67105942
84134653454,67105945
84134653454,67105951
84134653454,67105954
84134653454,67105959
84134653454,67105961
84134653454,67105962
84134653454,67105963
84134653454,67105965
84134653454,67105968
84134653454,67105969
84134653454,67105977
84134653454,67105978
84134653454,67105985
84134653454,67105989
84134653454,67105991
84134653454,67105993
84134653454,67105995
84134653454,67105997
84134653454,67105998
84134653454,67106001
84134653454,67106002
84134653454,67106005
84134653454,67106006
84134653454,67106015
84134653454,67106017
84134653454,67106018
84134653454,67106020
84134653454,67106021
84134653454,67106022
84134653454,67106023
84134653454,67106027
84134653454,67106030
84134653454,67106031
84134653454,67106033
84134653454,67106034
84134653454,67106035
84134653454,67106038
84134653454,67106039
84134653454,67106040
84134653454,67106044
84134653454,67106045
84134653454,67106051
84134653454,67106052
84134653454,67106056
84134653454,67106260
84134653454,67106726
84134653454,67106783
84134653454,67106881
84134653454,67106961
84134653454,67107022
84134653454,67108656
84134653454,67108707
84134653454,67108714
84134653454,67108725
84134653454,67108788
125512351874,131253
125512351874,67104424
125512351874,67104673
125512351874,67104676
125512351874,67104677
125512351874,67104678
125512351874,67104682
125512351874,67104687
125512351874,67104691
125512351874,67104693
125512351874,67104694
125512351874,67104697
125512351874,67104701
125512351874,67104702
125512351874,67104704
125512351874,67104705
125512351874,67104708
125512351874,67104710
125512351874,67104711
125512351874,67104713
125512351874,67104718
125512351874,67104719
125512351874,67104720
125512351874,67104722
125512351874,67104723
125512351874,67104725
125512351874,67104726
125512351874,67104732
125512351874,67104746
125512351874,67104747
125512351874,67104751
125512351874,67104752
125512351874,67104753
125512351874,67104756
125512351874,67104758
125512351874,67104760
125512351874,67104765
125512351874,67104768
125512351874,67104770
125512351874,67104772
125512351874,67104773
125512351874,67104775
125512351874,67104779
125512351874,67104781
125512351874,67104783
125512351874,67104903
125512351874,67104908
125512351874,67104913
125512351874,67104914
125512351874,67104915
125512351874,67104925
125512351874,67104926
125512351874,67104930
125512351874,67104931
125512351874,67104934
125512351874,67104937
125512351874,67104942
125512351874,67104947
125512351874,67104950
125512351874,67104955
125512351874,67104958
125512351874,67104959
125512351874,67104963
125512351874,67104964
125512351874,67104965
125512351874,67104969
125512351874,67104970
125512351874,67104971
125512351874,67104972
125512351874,67104977
125512351874,67104981
125512351874,67104989
125512351874,67104996
125512351874,67105000
125512351874,67105001
125512351874,67105004
125512351874,67105006
125512351874,67105008
125512351874,67105009
125512351874,67105010
125512351874,67105016
125512351874,67105019
125512351874,67105020
125512351874,67105021
125512351874,67105022
125512351874,67105023
125512351874,67105025
125512351874,67105026
125512351874,67105029
125512351874,67105030
125512351874,67105033
125512351874,67105035
125512351874,67105048
125512351874,67105051
125512351874,67105055
125512351874,67105056
125512351874,67105059
125512351874,67105063
125512351874,67105066
125512351874,67105069
125512351874,67105071
125512351874,67105076
125512351874,67105077
125512351874,67105086
125512351874,67105089
125512351874,67105096
125512351874,67105097
125512351874,67105099
125512351874,67105103
125512351874,67105104
125512351874,67105105
125512351874,67105106
125512351874,67105107
125512351874,67105109
125512351874,67105110
125512351874,67105111
125512351874,67105115
125512351874,67105118
125512351874,67105120
125512351874,67105128
125512351874,67105135
125512351874,67105139
125512351874,67105141
125512351874,67105142
125512351874,67105150
125512351874,67105151
125512351874,67105152
125512351874,67105154
125512351874,67105155
125512351874,67105159
125512351874,67105165
125512351874,67105166
125512351874,67105167
125512351874,67105170
125512351874,67105172
125512351874,67105174
125512351874,67105176
125512351874,67105178
125512351874,67105180
125512351874,67105184
125512351874,67105186
125512351874,67105191
125512351874,67105198
125512351874,67105200
125512351874,67105202
125512351874,67105206
125512351874,67105208
125512351874,67105209
125512351874,67105211
125512351874,67105212
125512351874,67105213
125512351874,67105221
125512351874,67105225
125512351874,67105228
125512351874,67105229
125512351874,67105231
125512351874,67105232
125512351874,67105237
125512351874,67105238
125512351874,67105239
125512351874,67105241
125512351874,67105242
125512351874,67105245
125512351874,67105246
125512351874,67105247
125512351874,67105248
125512351874,67105255
125512351874,67105258
125512351874,67105260
125512351874,67105264
125512351874,67105265
125512351874,67105266
125512351874,67105268
125512351874,67105269
125512351874,67105272
125512351874,67105275
125512351874,67105276
125512351874,67105278
125512351874,67105279
125512351874,67105283
125512351874,67105284
125512351874,67105285
125512351874,67105287
125512351874,67105289
125512351874,67105292
125512351874,67105294
125512351874,67105295
125512351874,67105299
125512351874,67105301
125512351874,67105304
125512351874,67105305
125512351874,67105306
125512351874,67105309
125512351874,67105311
125512351874,67105319
125512351874,67105322
125512351874,67105323
125512351874,67105324
125512351874,67105327
125512351874,67105330
125512351874,67105331
125512351874,67105333
125512351874,67105334
125512351874,67105335
125512351874,67105339
125512351874,67105341
125512351874,67105344
125512351874,67105346
125512351874,67105347
125512351874,67105352
125512351874,67105353
125512351874,67105355
125512351874,67105359
125512351874,67105360
125512351874,67105361
125512351874,67105365
125512351874,67105367
125512351874,67105368
125512351874,67105369
125512351874,67105371
125512351874,67105372
125512351874,67105373
125512351874,67105376
125512351874,67105377
125512351874,67105382
125512351874,67105384
125512351874,67105386
125512351874,67105387
125512351874,67105390
125512351874,67105391
125512351874,67105393
125512351874,67105395
125512351874,67105398
125512351874,67105399
125512351874,67105400
125512351874,67105401
125512351874,67105404
125512351874,67105405
125512351874,67105655
125512351874,67106341
125512351874,67106365
125512351874,67106641
125512351874,67106692
125512351874,67106704
125512351874,67106761
125512351874,67106777
125512351874,67106799
125512351874,67106823
125512351874,67106829
125512351874,67106849
125512351874,67106882
125512351874,67106902
125512351874,67106914
125512351874,67106959
125512351874,67106966
166890050294,131251
166890050294,67104164
166890050294,67104166
166890050294,67104168
166890050294,67104169
166890050294,67104170
166890050294,67104171
166890050294,67104172
166890050294,67108195
166890050294,67108235
166890050294,67108673
166890050294,67108675
166890050294,67108677
166890050294,67108678
166890050294,67108679
166890050294,67108680
166890050294,67108681
