732856447,67104566
732856447,67104567
732856447,67104568
732856447,67104569
732856447,67104570
732856447,67104787
22718549857,67104142
22718549857,67104271
22718549857,67104315
22718549857,67104529
22718549857,67108225
22718549857,67108226
22718549857,67108227
22718549857,67108228
22718549857,67108229
22718549857,67108779
44704243267,131251
44704243267,131252
44704243267,131259
44704243267,131260
44704243267,67104032
44704243267,67104033
44704243267,67104034
44704243267,67104035
44704243267,67104036
44704243267,67104037
44704243267,67104038
44704243267,67104039
44704243267,67104040
44704243267,67104041
44704243267,67104042
44704243267,67104043
44704243267,67104044
44704243267,67104045
44704243267,67104046
44704243267,67104047
44704243267,67104048
44704243267,67104049
44704243267,67104050
44704243267,67104051
44704243267,67104052
44704243267,67104053
44704243267,67104054
44704243267,67104055
44704243267,67104056
44704243267,67104057
44704243267,67104058
44704243267,67104059
44704243267,67104060
44704243267,67104061
44704243267,67104062
44704243267,67104063
44704243267,67104064
44704243267,67104065
44704243267,67104066
44704243267,67104067
44704243267,67104068
44704243267,67104069
44704243267,67104070
44704243267,67104071
44704243267,67104072
44704243267,67104073
44704243267,67104074
44704243267,67104075
44704243267,67104076
44704243267,67104077
44704243267,67104078
44704243267,67104079
44704243267,67104080
44704243267,67104081
44704243267,67104082
44704243267,67104083
44704243267,67104084
44704243267,67104085
44704243267,67104086
44704243267,67104087
44704243267,67104088
44704243267,67104089
44704243267,67104090
44704243267,67104091
44704243267,67104092
44704243267,67104093
44704243267,67104094
44704243267,67104095
44704243267,67104096
44704243267,67104097
44704243267,67104098
44704243267,67104099
44704243267,67104100
44704243267,67104101
44704243267,67104102
44704243267,67104103
44704243267,67104104
44704243267,67104105
44704243267,67104106
44704243267,67104107
44704243267,67104108
44704243267,67104109
44704243267,67104110
44704243267,67104111
44704243267,67104112
44704243267,67104113
44704243267,67104114
44704243267,67104115
44704243267,67104116
44704243267,67104117
44704243267,67104118
44704243267,67104119
44704243267,67104120
44704243267,67104121
44704243267,67104122
44704243267,67104123
44704243267,67104124
44704243267,67104125
44704243267,67104126
44704243267,67104127
44704243267,67104128
44704243267,67104129
44704243267,67104130
44704243267,67104131
44704243267,67104132
44704243267,67104133
44704243267,67104134
44704243267,67104143
44704243267,67104144
44704243267,67104145
44704243267,67104146
44704243267,67104147
44704243267,67104148
44704243267,67104149
44704243267,67104150
44704243267,67104151
44704243267,67104152
44704243267,67104153
44704243267,67104154
44704243267,67104155
44704243267,67104161
44704243267,67104162
44704243267,67104163
44704243267,67104164
44704243267,67104165
44704243267,67104166
44704243267,67104167
44704243267,67104168
44704243267,67104169
44704243267,67104170
44704243267,67104171
44704243267,67104173
44704243267,67104174
44704243267,67104175
44704243267,67104176
44704243267,67104177
44704243267,67104178
44704243267,67104179
44704243267,67104180
44704243267,67104181
44704243267,67104182
44704243267,67104183
44704243267,67104184
44704243267,67104185
44704243267,67104186
44704243267,67104187
44704243267,67104188
44704243267,67104189
44704243267,67104193
44704243267,67104244
44704243267,67104248
44704243267,67104440
44704243267,67104799
44704243267,67104916
44704243267,67105007
44704243267,67105064
44704243267,67105342
44704243267,67105382
44704243267,67105386
44704243267,67105413
44704243267,67105418
44704243267,67105424
44704243267,67105447
44704243267,67105465
44704243267,67105469
44704243267,67105489
44704243267,67105525
44704243267,67105545
44704243267,67105579
44704243267,67105613
44704243267,67105624
44704243267,67105653
44704243267,67105660
44704243267,67105661
44704243267,67105679
44704243267,67105689
44704243267,67108670
44704243267,67108671
44704243267,67108672
44704243267,67108673
44704243267,67108674
44704243267,67108675
44704243267,67108676
44704243267,67108677
44704243267,67108678
44704243267,67108679
44704243267,67108680
44704243267,67108681
44704243267,67108682
44704243267,67108683
44704243267,67108684
44704243267,67108685
44704243267,67108686
44704243267,67108687
44704243267,67108688
44704243267,67108689
44704243267,67108690
44704243267,67108691
44704243267,67108692
44704243267,67108693
44704243267,67108694
44704243267,67108695
44704243267,67108696
44704243267,67108697
44704243267,67108698
44704243267,67108699
44704243267,67108701
44704243267,67108752
44704243267,67108757
44704243267,67108772
66689936677,131254
66689936677,67104190
66689936677,67104191
66689936677,67104192
66689936677,67104194
66689936677,67104195
66689936677,67104196
66689936677,67104197
66689936677,67104198
66689936677,67104199
66689936677,67104200
66689936677,67104201
66689936677,67104202
66689936677,67104203
66689936677,67104204
66689936677,67104205
66689936677,67104206
66689936677,67104207
66689936677,67104208
66689936677,67104209
66689936677,67104210
66689936677,67104211
66689936677,67104212
66689936677,67104213
66689936677,67104214
66689936677,67104215
66689936677,67104216
66689936677,67104217
66689936677,67104218
66689936677,67104219
66689936677,67104220
66689936677,67104221
66689936677,67104222
66689936677,67104223
66689936677,67104224
66689936677,67104225
66689936677,67104226
66689936677,67104227
66689936677,67104228
66689936677,67104229
66689936677,67104230
66689936677,67104231
66689936677,67104232
66689936677,67104233
66689936677,67104234
66689936677,67104235
66689936677,67104240
66689936677,67104245
66689936677,67104250
66689936677,67104251
66689936677,67104254
66689936677,67104257
66689936677,67104258
66689936677,67104261
66689936677,67104262
66689936677,67104272
66689936677,67104274
66689936677,67104276
66689936677,67104277
66689936677,67104279
66689936677,67104281
66689936677,67104282
66689936677,67104283
66689936677,67104311
66689936677,67105523
66689936677,67106144
66689936677,67106244
66689936677,67106264
66689936677,67106323
66689936677,67106422
66689936677,67106427
66689936677,67106428
66689936677,67106459
66689936677,67106462
66689936677,67106471
66689936677,67106488
66689936677,67106489
66689936677,67106504
66689936677,67106527
66689936677,67106537
66689936677,67106562
66689936677,67106564
66689936677,67106636
66689936677,67106646
66689936677,67106678
66689936677,67106684
66689936677,67106693
66689936677,67106705
66689936677,67106706
66689936677,67106712
66689936677,67106721
66689936677,67106727
66689936677,67106764
66689936677,67106767
66689936677,67106781
66689936677,67106782
66689936677,67106794
66689936677,67106795
66689936677,67106798
66689936677,67106825
66689936677,67106827
66689936677,67106841
66689936677,67106842
66689936677,67106856
66689936677,67106863
66689936677,67106866
66689936677,67106871
66689936677,67106892
66689936677,67106895
66689936677,67106913
66689936677,67106915
66689936677,67106919
66689936677,67106921
66689936677,67106927
66689936677,67106946
66689936677,67106947
66689936677,67106949
66689936677,67106958
66689936677,67106959
66689936677,67106961
66689936677,67106967
66689936677,67106971
66689936677,67106972
66689936677,67106973
66689936677,67106974
66689936677,67106975
66689936677,67106979
66689936677,67106980
66689936677,67106985
66689936677,67106987
66689936677,67106989
66689936677,67106990
66689936677,67106993
66689936677,67106994
66689936677,67106995
66689936677,67106996
66689936677,67106999
66689936677,67107005
66689936677,67107006
66689936677,67107007
66689936677,67107008
66689936677,67107010
66689936677,67107012
66689936677,67107018
66689936677,67107020
66689936677,67107021
66689936677,67107022
66689936677,67107025
66689936677,67107027
66689936677,67107028
66689936677,67107029
66689936677,67107031
66689936677,67107034
66689936677,67107035
66689936677,67107036
66689936677,67107039
66689936677,67107042
66689936677,67107044
66689936677,67107046
66689936677,67107048
66689936677,67107050
66689936677,67107052
66689936677,67107055
66689936677,67107056
66689936677,67107061
66689936677,67107064
66689936677,67107068
66689936677,67107069
66689936677,67107071
66689936677,67107072
66689936677,67107073
66689936677,67107074
66689936677,67107075
66689936677,67107076
66689936677,67107078
66689936677,67107082
66689936677,67107083
66689936677,67107084
66689936677,67107085
66689936677,67107087
66689936677,67107090
66689936677,67107091
66689936677,67107094
66689936677,67107096
66689936677,67107102
66689936677,67107106
66689936677,67107109
66689936677,67107111
66689936677,67107113
66689936677,67107120
66689936677,67107125
66689936677,67107126
66689936677,67107129
66689936677,67108700
66689936677,67108702
66689936677,67108703
66689936677,67108704
66689936677,67108705
66689936677,67108706
66689936677,67108707
66689936677,67108708
66689936677,67108709
66689936677,67108710
66689936677,67108711
66689936677,67108712
66689936677,67108713
66689936677,67108714
66689936677,67108715
66689936677,67108716
66689936677,67108717
66689936677,67108718
66689936677,67108719
66689936677,67108720
66689936677,67108721
66689936677,67108722
66689936677,67108723
66689936677,67108724
66689936677,67108725
66689936677,67108726
66689936677,67108727
66689936677,67108728
66689936677,67108729
66689936677,67108730
66689936677,67108731
66689936677,67108732
66689936677,67108733
66689936677,67108734
66689936677,67108735
66689936677,67108736
66689936677,67108737
66689936677,67108738
66689936677,67108739
66689936677,67108740
66689936677,67108741
66689936677,67108742
66689936677,67108743
66689936677,67108744
66689936677,67108748
66689936677,67108763
66689936677,67108766
66689936677,67108767
66689936677,67108770
66689936677,67108771
66689936677,67108780
66689936677,67108783
66689936677,67108785
66689936677,67108786
66689936677,67108787
66689936677,67108788
66689936677,67108790
66689936677,67108791
66689936677,67108792
88675630087,131253
88675630087,131255
88675630087,131256
88675630087,131257
88675630087,131258
88675630087,67104172
88675630087,67104236
88675630087,67104237
88675630087,67104238
88675630087,67104239
88675630087,67104241
88675630087,67104242
88675630087,67104243
88675630087,67104246
88675630087,67104247
88675630087,67104249
88675630087,67104252
88675630087,67104253
88675630087,67104255
88675630087,67104256
88675630087,67104259
88675630087,67104260
88675630087,67104263
88675630087,67104273
88675630087,67104275
88675630087,67104278
88675630087,67104280
88675630087,67104284
88675630087,67104436
88675630087,67104676
88675630087,67104800
88675630087,67104811
88675630087,67104827
88675630087,67104831
88675630087,67104838
88675630087,67104848
88675630087,67104879
88675630087,67104905
88675630087,67104915
88675630087,67104940
88675630087,67104954
88675630087,67104999
88675630087,67105020
88675630087,67105027
88675630087,67105030
88675630087,67105042
88675630087,67105043
88675630087,67105044
88675630087,67105045
88675630087,67105079
88675630087,67105085
88675630087,67105086
88675630087,67105125
88675630087,67105129
88675630087,67105133
88675630087,67105143
88675630087,67105150
88675630087,67105170
88675630087,67105171
88675630087,67105180
88675630087,67105188
88675630087,67105201
88675630087,67105207
88675630087,67105208
88675630087,67105222
88675630087,67105234
88675630087,67105237
88675630087,67105256
88675630087,67105258
88675630087,67105265
88675630087,67105298
88675630087,67105301
88675630087,67105305
88675630087,67105307
88675630087,67105309
88675630087,67105322
88675630087,67105327
88675630087,67105329
88675630087,67105334
88675630087,67105348
88675630087,67105357
88675630087,67105360
88675630087,67105406
88675630087,67105412
88675630087,67105427
88675630087,67105428
88675630087,67105431
88675630087,67105440
88675630087,67105456
88675630087,67105464
88675630087,67105466
88675630087,67105490
88675630087,67105554
88675630087,67105573
88675630087,67105588
88675630087,67105590
88675630087,67105599
88675630087,67105605
88675630087,67105611
88675630087,67105633
88675630087,67105707
88675630087,67105730
88675630087,67105829
88675630087,67105834
88675630087,67105836
88675630087,67105874
88675630087,67105981
88675630087,67105994
88675630087,67106016
88675630087,67106055
88675630087,67106117
88675630087,67106158
88675630087,67106188
88675630087,67106197
88675630087,67106199
88675630087,67106257
88675630087,67106282
88675630087,67106290
88675630087,67106295
88675630087,67106306
88675630087,67106313
88675630087,67106371
88675630087,67106373
88675630087,67106386
88675630087,67106405
88675630087,67106408
88675630087,67106412
88675630087,67106430
88675630087,67106484
88675630087,67106528
88675630087,67106553
88675630087,67106592
88675630087,67106621
88675630087,67106643
88675630087,67106648
88675630087,67106650
88675630087,67106732
88675630087,67106766
88675630087,67106779
88675630087,67106811
88675630087,67106834
88675630087,67106885
88675630087,67106944
88675630087,67106970
88675630087,67107038
88675630087,67107059
88675630087,67107079
88675630087,67107134
88675630087,67107159
88675630087,67107249
88675630087,67107260
88675630087,67107263
88675630087,67107270
88675630087,67107292
88675630087,67107313
88675630087,67107380
88675630087,67107381
88675630087,67107419
88675630087,67107477
88675630087,67107504
88675630087,67107559
88675630087,67107560
88675630087,67107578
88675630087,67107619
88675630087,67107634
88675630087,67107661
88675630087,67107672
88675630087,67107683
88675630087,67107688
88675630087,67107690
88675630087,67107695
88675630087,67107696
88675630087,67107705
88675630087,67107708
88675630087,67107725
88675630087,67107763
88675630087,67107765
88675630087,67107771
88675630087,67107775
88675630087,67107781
88675630087,67107805
88675630087,67107813
88675630087,67107819
88675630087,67107845
88675630087,67107848
88675630087,67107866
88675630087,67107868
88675630087,67107893
88675630087,67107930
88675630087,67107959
88675630087,67107962
88675630087,67107970
88675630087,67107977
88675630087,67107989
88675630087,67108003
88675630087,67108271
88675630087,67108282
88675630087,67108303
88675630087,67108320
88675630087,67108360
88675630087,67108363
88675630087,67108390
88675630087,67108418
88675630087,67108420
88675630087,67108475
88675630087,67108498
88675630087,67108499
88675630087,67108536
88675630087,67108548
88675630087,67108556
88675630087,67108581
88675630087,67108587
88675630087,67108590
88675630087,67108594
88675630087,67108595
88675630087,67108596
88675630087,67108597
88675630087,67108601
88675630087,67108610
88675630087,67108624
88675630087,67108629
88675630087,67108646
88675630087,67108650
88675630087,67108652
88675630087,67108656
88675630087,67108664
88675630087,67108665
88675630087,67108745
88675630087,67108746
88675630087,67108747
88675630087,67108749
88675630087,67108750
88675630087,67108751
88675630087,67108753
88675630087,67108754
88675630087,67108755
88675630087,67108756
88675630087,67108758
88675630087,67108759
88675630087,67108760
88675630087,67108761
88675630087,67108762
88675630087,67108764
88675630087,67108765
88675630087,67108768
88675630087,67108769
88675630087,67108781
88675630087,67108782
88675630087,67108784
88675630087,67108789
88675630087,67108793
110661323497,67104673
110661323497,67104678
110661323497,67104680
110661323497,67104792
110661323497,67104795
110661323497,67104797
110661323497,67104808
110661323497,67104810
110661323497,67104813
110661323497,67104814
110661323497,67104815
110661323497,67104816
110661323497,67104817
110661323497,67104818
110661323497,67104823
110661323497,67104824
110661323497,67104833
110661323497,67104834
110661323497,67104835
110661323497,67104836
110661323497,67104839
110661323497,67104842
110661323497,67104843
110661323497,67104851
110661323497,67104852
110661323497,67104858
110661323497,67104864
110661323497,67104867
110661323497,67104868
110661323497,67104871
110661323497,67104872
110661323497,67104873
110661323497,67104877
110661323497,67104878
110661323497,67104884
110661323497,67104889
110661323497,67104890
110661323497,67104894
110661323497,67104895
110661323497,67104896
110661323497,67104901
110661323497,67104902
110661323497,67104904
110661323497,67104917
110661323497,67104921
110661323497,67104922
110661323497,67104927
110661323497,67104942
110661323497,67104947
110661323497,67104948
110661323497,67104950
110661323497,67104952
110661323497,67104955
110661323497,67104957
110661323497,67104960
110661323497,67104965
110661323497,67104967
110661323497,67104971
110661323497,67104976
110661323497,67104977
110661323497,67104980
110661323497,67104981
110661323497,67104982
110661323497,67104985
110661323497,67104986
110661323497,67104987
110661323497,67104988
110661323497,67104989
110661323497,67104994
110661323497,67105000
110661323497,67105002
110661323497,67105004
110661323497,67105005
110661323497,67105008
110661323497,67105011
110661323497,67105014
110661323497,67105015
110661323497,67105023
110661323497,67105026
110661323497,67105034
110661323497,67105038
110661323497,67105040
110661323497,67105041
110661323497,67105047
110661323497,67105050
110661323497,67105051
110661323497,67105053
110661323497,67105066
110661323497,67105074
110661323497,67105078
110661323497,67105080
110661323497,67105081
110661323497,67105083
110661323497,67105089
110661323497,67105095
110661323497,67105096
110661323497,67105097
110661323497,67105098
110661323497,67105100
110661323497,67105101
110661323497,67105102
110661323497,67105104
110661323497,67105107
110661323497,67105110
110661323497,67105115
110661323497,67105117
110661323497,67105120
110661323497,67105121
110661323497,67105127
110661323497,67105130
110661323497,67105136
110661323497,67105137
110661323497,67105140
110661323497,67105142
110661323497,67105148
110661323497,67105153
110661323497,67105154
110661323497,67105156
110661323497,67105159
110661323497,67105165
110661323497,67105169
110661323497,67105172
110661323497,67105176
110661323497,67105181
110661323497,67105185
110661323497,67105190
110661323497,67105191
110661323497,67105193
110661323497,67105194
110661323497,67105199
110661323497,67105200
110661323497,67105215
110661323497,67105217
110661323497,67105218
110661323497,67105220
110661323497,67105221
110661323497,67105224
110661323497,67105227
110661323497,67105229
110661323497,67105230
110661323497,67105235
110661323497,67105236
110661323497,67105239
110661323497,67105242
110661323497,67105245
110661323497,67105247
110661323497,67105248
110661323497,67105253
110661323497,67105255
110661323497,67105259
110661323497,67105261
110661323497,67105266
110661323497,67105267
110661323497,67105268
110661323497,67105272
110661323497,67105273
110661323497,67105274
110661323497,67105280
110661323497,67105283
110661323497,67105284
110661323497,67105285
110661323497,67105290
110661323497,67105295
110661323497,67105296
110661323497,67105297
110661323497,67105303
110661323497,67105310
110661323497,67105780
110661323497,67106156
110661323497,67106604
110661323497,67106768
110661323497,67107105
110661323497,67107183
110661323497,67107472
110661323497,67107555
110661323497,67107577
110661323497,67107616
110661323497,67107623
110661323497,67107656
110661323497,67107657
110661323497,67107677
110661323497,67107678
110661323497,67107684
110661323497,67107720
110661323497,67107773
110661323497,67107811
110661323497,67107838
110661323497,67107871
110661323497,67107892
110661323497,67107929
110661323497,67107978
110661323497,67107992
110661323497,67108000
110661323497,67108001
110661323497,67108234
110661323497,67108253
110661323497,67108257
110661323497,67108258
110661323497,67108267
110661323497,67108297
110661323497,67108305
110661323497,67108307
110661323497,67108316
110661323497,67108318
110661323497,67108326
110661323497,67108333
110661323497,67108335
110661323497,67108340
110661323497,67108349
110661323497,67108351
110661323497,67108380
110661323497,67108382
110661323497,67108387
110661323497,67108392
110661323497,67108398
110661323497,67108399
110661323497,67108406
110661323497,67108428
110661323497,67108443
110661323497,67108449
110661323497,67108482
110661323497,67108492
110661323497,67108506
110661323497,67108512
110661323497,67108516
110661323497,67108520
110661323497,67108524
110661323497,67108526
110661323497,67108529
110661323497,67108540
110661323497,67108547
110661323497,67108549
110661323497,67108552
110661323497,67108558
110661323497,67108567
110661323497,67108570
110661323497,67108573
110661323497,67108579
110661323497,67108583
110661323497,67108585
110661323497,67108589
110661323497,67108606
110661323497,67108613
110661323497,67108618
110661323497,67108627
110661323497,67108632
110661323497,67108638
110661323497,67108645
132647016907,67104433
132647016907,67104672
132647016907,67104674
132647016907,67104675
132647016907,67106219
132647016907,67106571
132647016907,67106581
132647016907,67106622
132647016907,67106711
132647016907,67106879
132647016907,67106926
132647016907,67106981
132647016907,67107051
132647016907,67107065
132647016907,67107201
132647016907,67107240
132647016907,67107242
132647016907,67107246
132647016907,67107329
132647016907,67107376
132647016907,67107387
132647016907,67107398
132647016907,67107421
132647016907,67107453
132647016907,67107460
132647016907,67107481
132647016907,67107482
132647016907,67107511
132647016907,67107517
132647016907,67107519
132647016907,67107523
132647016907,67107540
132647016907,67107550
132647016907,67107564
132647016907,67107591
132647016907,67107592
132647016907,67107600
132647016907,67107606
132647016907,67107607
132647016907,67107614
132647016907,67107621
132647016907,67107622
132647016907,67107636
132647016907,67107644
132647016907,67107645
132647016907,67107650
132647016907,67107655
132647016907,67107659
132647016907,67107664
132647016907,67107665
132647016907,67107680
132647016907,67107682
132647016907,67107707
132647016907,67107709
132647016907,67107724
132647016907,67107732
132647016907,67107736
132647016907,67107737
132647016907,67107744
132647016907,67107745
132647016907,67107751
132647016907,67107754
132647016907,67107756
132647016907,67107761
132647016907,67107769
132647016907,67107772
132647016907,67107782
132647016907,67107786
132647016907,67107793
132647016907,67107798
132647016907,67107799
132647016907,67107801
132647016907,67107802
132647016907,67107816
132647016907,67107823
132647016907,67107824
132647016907,67107826
132647016907,67107836
132647016907,67107837
132647016907,67107839
132647016907,67107843
132647016907,67107867
132647016907,67107869
132647016907,67107873
132647016907,67107876
132647016907,67107877
132647016907,67107888
132647016907,67107898
132647016907,67107900
132647016907,67107905
132647016907,67107913
132647016907,67107918
132647016907,67107919
132647016907,67107921
132647016907,67107923
132647016907,67107927
132647016907,67107928
132647016907,67107938
132647016907,67107942
132647016907,67107943
132647016907,67107949
132647016907,67107956
132647016907,67107957
132647016907,67107958
132647016907,67107961
132647016907,67107972
132647016907,67107974
132647016907,67107996
132647016907,67108232
132647016907,67108237
132647016907,67108240
132647016907,67108256
132647016907,67108268
132647016907,67108273
132647016907,67108274
132647016907,67108275
132647016907,67108284
132647016907,67108286
132647016907,67108319
132647016907,67108327
132647016907,67108330
132647016907,67108334
132647016907,67108336
132647016907,67108338
132647016907,67108344
132647016907,67108347
132647016907,67108350
132647016907,67108352
132647016907,67108361
132647016907,67108364
132647016907,67108365
132647016907,67108368
132647016907,67108370
132647016907,67108372
132647016907,67108373
132647016907,67108374
132647016907,67108377
132647016907,67108378
132647016907,67108396
132647016907,67108403
132647016907,67108404
132647016907,67108419
132647016907,67108421
132647016907,67108422
132647016907,67108425
132647016907,67108426
132647016907,67108429
132647016907,67108431
132647016907,67108436
132647016907,67108438
132647016907,67108441
132647016907,67108444
132647016907,67108447
132647016907,67108448
132647016907,67108450
132647016907,67108451
132647016907,67108452
132647016907,67108453
132647016907,67108456
132647016907,67108458
132647016907,67108462
132647016907,67108463
132647016907,67108464
132647016907,67108467
132647016907,67108468
132647016907,67108469
132647016907,67108470
132647016907,67108472
132647016907,67108473
132647016907,67108479
132647016907,67108483
132647016907,67108484
132647016907,67108486
132647016907,67108487
132647016907,67108491
132647016907,67108493
132647016907,67108494
132647016907,67108496
132647016907,67108497
132647016907,67108500
132647016907,67108501
132647016907,67108502
132647016907,67108503
132647016907,67108504
132647016907,67108505
132647016907,67108508
132647016907,67108509
132647016907,67108511
132647016907,67108513
132647016907,67108515
132647016907,67108519
132647016907,67108523
132647016907,67108525
132647016907,67108527
132647016907,67108528
132647016907,67108533
132647016907,67108538
132647016907,67108542
132647016907,67108543
132647016907,67108546
132647016907,67108550
132647016907,67108554
132647016907,67108557
132647016907,67108560
132647016907,67108561
132647016907,67108562
132647016907,67108563
132647016907,67108564
132647016907,67108565
132647016907,67108566
132647016907,67108568
132647016907,67108575
132647016907,67108577
132647016907,67108580
132647016907,67108582
132647016907,67108586
132647016907,67108588
132647016907,67108591
132647016907,67108593
132647016907,67108602
132647016907,67108603
132647016907,67108604
132647016907,67108607
132647016907,67108609
132647016907,67108612
132647016907,67108616
132647016907,67108617
132647016907,67108621
132647016907,67108622
132647016907,67108623
132647016907,67108625
132647016907,67108633
132647016907,67108634
132647016907,67108635
132647016907,67108636
132647016907,67108639
132647016907,67108640
132647016907,67108641
132647016907,67108642
132647016907,67108647
132647016907,67108651
132647016907,67108655
132647016907,67108657
132647016907,67108661
132647016907,67108662
132647016907,67108663
154632710317,67104300
154632710317,67104681
154632710317,67104788
154632710317,67104790
154632710317,67104791
154632710317,67104798
154632710317,67104804
154632710317,67104822
154632710317,67104866
154632710317,67104888
154632710317,67104919
154632710317,67104923
154632710317,67104934
154632710317,67104969
154632710317,67104972
154632710317,67104984
154632710317,67104996
154632710317,67105009
154632710317,67105017
154632710317,67105071
154632710317,67105076
154632710317,67105131
154632710317,67105158
154632710317,67105277
154632710317,67105279
154632710317,67105292
154632710317,67105300
154632710317,67105311
154632710317,67105323
154632710317,67105338
154632710317,67105376
154632710317,67105453
154632710317,67105552
154632710317,67105566
154632710317,67105600
154632710317,67105668
154632710317,67105747
154632710317,67105752
154632710317,67105757
154632710317,67105825
154632710317,67105842
154632710317,67105872
154632710317,67105906
154632710317,67105907
154632710317,67105928
154632710317,67105931
154632710317,67105936
154632710317,67105942
154632710317,67105963
154632710317,67105997
154632710317,67106054
154632710317,67106086
154632710317,67106103
154632710317,67106125
154632710317,67106126
154632710317,67106127
154632710317,67106133
154632710317,67106145
154632710317,67106157
154632710317,67106169
154632710317,67106172
154632710317,67106184
154632710317,67106186
154632710317,67106208
154632710317,67106216
154632710317,67106254
154632710317,67106269
154632710317,67106299
154632710317,67106317
154632710317,67106326
154632710317,67106331
154632710317,67106343
154632710317,67106345
154632710317,67106349
154632710317,67106368
154632710317,67106375
154632710317,67106387
154632710317,67106389
154632710317,67106394
154632710317,67106397
154632710317,67106411
154632710317,67106425
154632710317,67106441
154632710317,67106443
154632710317,67106451
154632710317,67106460
154632710317,67106474
154632710317,67106475
154632710317,67106476
154632710317,67106478
154632710317,67106499
154632710317,67106505
154632710317,67106536
154632710317,67106544
154632710317,67106577
154632710317,67106586
154632710317,67106588
154632710317,67106591
154632710317,67106610
154632710317,67106637
154632710317,67106640
154632710317,67106644
154632710317,67106645
154632710317,67106651
154632710317,67106658
154632710317,67106687
154632710317,67106688
154632710317,67106699
154632710317,67106704
154632710317,67106713
154632710317,67106717
154632710317,67106731
154632710317,67106735
154632710317,67106770
154632710317,67106778
154632710317,67106803
154632710317,67106809
154632710317,67106813
154632710317,67106826
154632710317,67106880
154632710317,67106882
154632710317,67106902
154632710317,67106904
154632710317,67106925
154632710317,67106930
154632710317,67106937
154632710317,67106942
154632710317,67106945
154632710317,67106957
154632710317,67106960
154632710317,67107053
154632710317,67107070
154632710317,67107081
154632710317,67107127
154632710317,67107130
154632710317,67107144
154632710317,67107148
154632710317,67107151
154632710317,67107165
154632710317,67107167
154632710317,67107171
154632710317,67107177
154632710317,67107190
154632710317,67107195
154632710317,67107217
154632710317,67107241
154632710317,67107267
154632710317,67107274
154632710317,67107285
154632710317,67107291
154632710317,67107331
154632710317,67107333
154632710317,67107379
154632710317,67107385
154632710317,67107395
154632710317,67107405
154632710317,67107415
154632710317,67107434
154632710317,67107439
154632710317,67107458
154632710317,67107463
154632710317,67107466
154632710317,67107468
154632710317,67107475
154632710317,67107487
154632710317,67107507
154632710317,67107524
154632710317,67107541
154632710317,67107553
154632710317,67107554
154632710317,67107586
154632710317,67107587
154632710317,67107588
154632710317,67107597
154632710317,67107601
154632710317,67107604
154632710317,67107641
154632710317,67107668
154632710317,67107686
154632710317,67107687
154632710317,67107691
154632710317,67107692
154632710317,67107698
154632710317,67107699
154632710317,67107711
154632710317,67107712
154632710317,67107718
154632710317,67107726
154632710317,67107730
154632710317,67107749
154632710317,67107779
154632710317,67107787
154632710317,67107791
154632710317,67107795
154632710317,67107803
154632710317,67107806
154632710317,67107809
154632710317,67107818
154632710317,67107820
154632710317,67107825
154632710317,67107851
154632710317,67107852
154632710317,67107861
154632710317,67107864
154632710317,67107870
154632710317,67107882
154632710317,67107886
154632710317,67107895
154632710317,67107897
154632710317,67107904
154632710317,67107908
154632710317,67107911
154632710317,67107914
154632710317,67107920
154632710317,67107965
154632710317,67107967
154632710317,67107976
154632710317,67108002
154632710317,67108238
154632710317,67108239
154632710317,67108252
154632710317,67108260
154632710317,67108265
154632710317,67108276
154632710317,67108285
154632710317,67108290
154632710317,67108295
154632710317,67108296
154632710317,67108299
154632710317,67108310
154632710317,67108317
154632710317,67108337
154632710317,67108354
154632710317,67108355
154632710317,67108357
154632710317,67108369
154632710317,67108375
154632710317,67108379
154632710317,67108381
154632710317,67108395
154632710317,67108412
154632710317,67108414
154632710317,67108478
154632710317,67108514
154632710317,67108521
154632710317,67108614
176618403727,67104430
176618403727,67104903
176618403727,67105415
176618403727,67105549
176618403727,67105556
176618403727,67105577
176618403727,67105739
176618403727,67105741
176618403727,67105848
176618403727,67105867
176618403727,67105880
176618403727,67105886
176618403727,67105895
176618403727,67105999
176618403727,67106009
176618403727,67106021
176618403727,67106035
176618403727,67106057
176618403727,67106064
176618403727,67106087
176618403727,67106089
176618403727,67106091
176618403727,67106153
176618403727,67106180
176618403727,67106217
176618403727,67106261
176618403727,67106288
176618403727,67106307
176618403727,67106369
176618403727,67106370
176618403727,67106409
176618403727,67106418
176618403727,67106431
176618403727,67106508
176618403727,67106520
176618403727,67106524
176618403727,67106525
176618403727,67106551
176618403727,67106563
176618403727,67106574
176618403727,67106575
176618403727,67106606
176618403727,67106628
176618403727,67106635
176618403727,67106642
176618403727,67106649
176618403727,67106655
176618403727,67106657
176618403727,67106661
176618403727,67106666
176618403727,67106673
176618403727,67106702
176618403727,67106707
176618403727,67106709
176618403727,67106710
176618403727,67106715
