732856447,67104566
732856447,67104567
732856447,67104568
732856447,67104569
732856447,67104570
732856447,67104787
22718549857,67104142
22718549857,67104271
22718549857,67104315
22718549857,67104529
22718549857,67108225
22718549857,67108226
22718549857,67108227
22718549857,67108228
22718549857,67108229
22718549857,67108779
44704243267,131251
44704243267,131252
44704243267,131259
44704243267,131260
44704243267,67104032
44704243267,67104033
44704243267,67104034
44704243267,67104035
44704243267,67104036
44704243267,67104037
44704243267,67104038
44704243267,67104039
44704243267,67104040
44704243267,67104041
44704243267,67104042
44704243267,67104043
44704243267,67104044
44704243267,67104045
44704243267,67104046
44704243267,67104047
44704243267,67104048
44704243267,67104049
44704243267,67104050
44704243267,67104051
44704243267,67104052
44704243267,67104053
44704243267,67104054
44704243267,67104055
44704243267,67104056
44704243267,67104057
44704243267,67104058
44704243267,67104059
44704243267,67104060
44704243267,67104061
44704243267,67104062
44704243267,67104063
44704243267,67104064
44704243267,67104065
44704243267,67104066
44704243267,67104067
44704243267,67104068
44704243267,67104069
44704243267,67104070
44704243267,67104071
44704243267,67104072
44704243267,67104073
44704243267,67104074
44704243267,67104075
44704243267,67104076
44704243267,67104077
44704243267,67104078
44704243267,67104079
44704243267,67104080
44704243267,67104081
44704243267,67104082
44704243267,67104083
44704243267,67104084
44704243267,67104085
44704243267,67104086
44704243267,67104087
44704243267,67104088
44704243267,67104089
44704243267,67104090
44704243267,67104091
44704243267,67104092
44704243267,67104093
44704243267,67104094
44704243267,67104095
44704243267,67104096
44704243267,67104097
44704243267,67104098
44704243267,67104099
44704243267,67104100
44704243267,67104101
44704243267,67104102
44704243267,67104103
44704243267,67104104
44704243267,67104105
44704243267,67104106
44704243267,67104107
44704243267,67104108
44704243267,67104109
44704243267,67104110
44704243267,67104111
44704243267,67104112
44704243267,67104113
44704243267,67104114
44704243267,67104115
44704243267,67104116
44704243267,67104117
44704243267,67104118
44704243267,67104119
44704243267,67104120
44704243267,67104121
44704243267,67104122
44704243267,67104123
44704243267,67104124
44704243267,67104125
44704243267,67104126
44704243267,67104127
44704243267,67104128
44704243267,67104129
44704243267,67104130
44704243267,67104131
44704243267,67104132
44704243267,67104133
44704243267,67104134
44704243267,67104143
44704243267,67104144
44704243267,67104145
44704243267,67104146
44704243267,67104147
44704243267,67104148
44704243267,67104149
44704243267,67104150
44704243267,67104151
44704243267,67104152
44704243267,67104153
44704243267,67104154
44704243267,67104155
44704243267,67104161
44704243267,67104162
44704243267,67104163
44704243267,67104164
44704243267,67104165
44704243267,67104166
44704243267,67104167
44704243267,67104168
44704243267,67104169
44704243267,67104170
44704243267,67104171
44704243267,67104173
44704243267,67104174
44704243267,67104175
44704243267,67104176
44704243267,67104177
44704243267,67104178
44704243267,67104179
44704243267,67104180
44704243267,67104181
44704243267,67104182
44704243267,67104183
44704243267,67104184
44704243267,67104185
44704243267,67104186
44704243267,67104187
44704243267,67104188
44704243267,67104189
44704243267,67104193
44704243267,67104244
44704243267,67104248
44704243267,67104440
44704243267,67104799
44704243267,67104916
44704243267,67105007
44704243267,67105064
44704243267,67105342
44704243267,67105382
44704243267,67105386
44704243267,67105413
44704243267,67105418
44704243267,67105424
44704243267,67105447
44704243267,67105465
44704243267,67105469
44704243267,67105489
44704243267,67105525
44704243267,67105545
44704243267,67105579
44704243267,67105613
44704243267,67105624
44704243267,67105653
44704243267,67105660
44704243267,67105661
44704243267,67105679
44704243267,67105689
44704243267,67108670
44704243267,67108671
44704243267,67108672
44704243267,67108673
44704243267,67108674
44704243267,67108675
44704243267,67108676
44704243267,67108677
44704243267,67108678
44704243267,67108679
44704243267,67108680
44704243267,67108681
44704243267,67108682
44704243267,67108683
44704243267,67108684
44704243267,67108685
44704243267,67108686
44704243267,67108687
44704243267,67108688
44704243267,67108689
44704243267,67108690
44704243267,67108691
44704243267,67108692
44704243267,67108693
44704243267,67108694
44704243267,67108695
44704243267,67108696
44704243267,67108697
44704243267,67108698
44704243267,67108699
44704243267,67108701
44704243267,67108752
44704243267,67108757
44704243267,67108772
66689936677,131254
66689936677,67104190
66689936677,67104191
66689936677,67104192
66689936677,67104194
66689936677,67104195
66689936677,67104196
66689936677,67104197
66689936677,67104198
66689936677,67104199
66689936677,67104200
66689936677,67104201
66689936677,67104202
66689936677,67104203
66689936677,67104204
66689936677,67104205
66689936677,67104206
66689936677,67104207
66689936677,67104208
66689936677,67104209
66689936677,67104210
66689936677,67104211
66689936677,67104212
66689936677,67104213
66689936677,67104214
66689936677,67104215
66689936677,67104216
66689936677,67104217
66689936677,67104218
66689936677,67104219
66689936677,67104220
66689936677,67104221
66689936677,67104222
66689936677,67104223
66689936677,67104224
66689936677,67104225
66689936677,67104226
66689936677,67104227
66689936677,67104228
66689936677,67104229
66689936677,67104230
66689936677,67104231
66689936677,67104232
66689936677,67104233
66689936677,67104234
66689936677,67104235
66689936677,67104240
66689936677,67104251
66689936677,67104258
66689936677,67104261
66689936677,67104276
66689936677,67104277
66689936677,67104279
66689936677,67104281
66689936677,67104282
66689936677,67104283
66689936677,67106244
66689936677,67106471
66689936677,67106527
66689936677,67106562
66689936677,67106564
66689936677,67106678
66689936677,67106705
66689936677,67106706
66689936677,67106712
66689936677,67106721
66689936677,67106767
66689936677,67106781
66689936677,67106782
66689936677,67106794
66689936677,67106795
66689936677,67106825
66689936677,67106827
66689936677,67106841
66689936677,67106866
66689936677,67106871
66689936677,67106895
66689936677,67106913
66689936677,67106915
66689936677,67106919
66689936677,67106921
66689936677,67106927
66689936677,67106946
66689936677,67106947
66689936677,67106958
66689936677,67106967
66689936677,67106972
66689936677,67107006
66689936677,67107007
66689936677,67107010
66689936677,67107031
66689936677,67107042
66689936677,67107061
66689936677,67107069
66689936677,67107072
66689936677,67107084
66689936677,67107094
66689936677,67107109
66689936677,67107125
66689936677,67107126
66689936677,67108700
66689936677,67108702
66689936677,67108703
66689936677,67108704
66689936677,67108705
66689936677,67108706
66689936677,67108707
66689936677,67108708
66689936677,67108709
66689936677,67108710
66689936677,67108711
66689936677,67108712
66689936677,67108713
66689936677,67108714
66689936677,67108715
66689936677,67108716
66689936677,67108717
66689936677,67108718
66689936677,67108719
66689936677,67108720
66689936677,67108721
66689936677,67108722
66689936677,67108723
66689936677,67108724
66689936677,67108725
66689936677,67108726
66689936677,67108727
66689936677,67108728
66689936677,67108729
66689936677,67108730
66689936677,67108731
66689936677,67108732
66689936677,67108733
66689936677,67108734
66689936677,67108735
66689936677,67108736
66689936677,67108737
66689936677,67108738
66689936677,67108739
66689936677,67108740
66689936677,67108741
66689936677,67108742
66689936677,67108743
66689936677,67108744
66689936677,67108763
66689936677,67108767
66689936677,67108770
66689936677,67108780
66689936677,67108783
66689936677,67108785
66689936677,67108786
66689936677,67108788
66689936677,67108790
66689936677,67108791
66689936677,67108792
