1093269888,67100903
1093269888,67100904
1093269888,67100905
1093269888,67100906
1093269888,67100907
1093269888,67100908
1093269888,67100909
1093269888,67100910
1093269888,67100911
1093269888,67100912
1093269888,67100913
1093269888,67100914
1093269888,67100915
1093269888,67100916
1093269888,67100917
1093269888,67100918
1093269888,67100919
1093269888,67100920
1093269888,67100921
1093269888,67100922
1093269888,67100923
1093269888,67100924
1093269888,67100925
1093269888,67100926
1093269888,67100927
1093269888,67100928
1093269888,67100929
1093269888,67100930
1093269888,67100931
1093269888,67100932
1093269888,67100933
1093269888,67100934
1093269888,67100935
1093269888,67100936
1093269888,67100937
1093269888,67100938
1093269888,67100939
1093269888,67100940
1093269888,67100941
1093269888,67100942
1093269888,67101281
33891366528,67100156
33891366528,67100357
33891366528,67100565
33891366528,67100760
33891366528,67101039
33891366528,67101040
33891366528,67101042
33891366528,67101043
33891366528,67101044
33891366528,67101046
33891366528,67101053
33891366528,67101054
33891366528,67101056
33891366528,67101072
33891366528,67101075
33891366528,67101077
33891366528,67101081
33891366528,67101090
33891366528,67101091
33891366528,67101092
33891366528,67101093
33891366528,67101095
33891366528,67101096
33891366528,67101099
33891366528,67101100
33891366528,67101101
33891366528,67106637
33891366528,67106638
33891366528,67106639
33891366528,67106640
33891366528,67106641
33891366528,67108651
66689463168,67100099
66689463168,67100100
66689463168,67100101
66689463168,67100102
66689463168,67100103
66689463168,67100104
66689463168,67100105
66689463168,67100106
66689463168,67100107
66689463168,67100108
66689463168,67100109
66689463168,67100110
66689463168,67100113
