1093269888,67100903
1093269888,67100904
1093269888,67100905
1093269888,67100906
1093269888,67100907
1093269888,67100908
1093269888,67100909
1093269888,67100910
1093269888,67100911
1093269888,67100912
1093269888,67100913
1093269888,67100914
1093269888,67100915
1093269888,67100916
1093269888,67100917
1093269888,67100918
1093269888,67100919
1093269888,67100920
1093269888,67100921
1093269888,67100922
1093269888,67100923
1093269888,67100924
1093269888,67100925
1093269888,67100926
1093269888,67100927
1093269888,67100928
1093269888,67100929
1093269888,67100930
1093269888,67100931
1093269888,67100932
1093269888,67100933
1093269888,67100934
1093269888,67100935
1093269888,67100936
1093269888,67100937
1093269888,67100938
1093269888,67100939
1093269888,67100940
1093269888,67100941
1093269888,67100942
1093269888,67101281
33891366528,67100156
33891366528,67100357
33891366528,67100565
33891366528,67100760
33891366528,67101039
33891366528,67101040
33891366528,67101042
33891366528,67101043
33891366528,67101044
33891366528,67101046
33891366528,67101053
33891366528,67101054
33891366528,67101056
33891366528,67101072
33891366528,67101075
33891366528,67101077
33891366528,67101081
33891366528,67101090
33891366528,67101091
33891366528,67101092
33891366528,67101093
33891366528,67101095
33891366528,67101096
33891366528,67101099
33891366528,67101100
33891366528,67101101
33891366528,67106637
33891366528,67106638
33891366528,67106639
33891366528,67106640
33891366528,67106641
33891366528,67108651
66689463168,67100099
66689463168,67100100
66689463168,67100101
66689463168,67100102
66689463168,67100103
66689463168,67100104
66689463168,67100105
66689463168,67100106
66689463168,67100107
66689463168,67100108
66689463168,67100109
66689463168,67100110
66689463168,67100111
66689463168,67100112
66689463168,67100113
66689463168,67100114
66689463168,67100115
66689463168,67100116
66689463168,67100117
66689463168,67100118
66689463168,67100119
66689463168,67100120
66689463168,67100121
66689463168,67100122
66689463168,67100123
66689463168,67100124
66689463168,67100125
66689463168,67100126
66689463168,67100127
66689463168,67100128
66689463168,67100129
66689463168,67100130
66689463168,67100131
66689463168,67100132
66689463168,67100133
66689463168,67100134
66689463168,67100135
66689463168,67100136
66689463168,67100137
66689463168,67100138
66689463168,67100139
66689463168,67100140
66689463168,67100141
66689463168,67100142
66689463168,67100143
66689463168,67100144
66689463168,67100145
66689463168,67100146
66689463168,67100147
66689463168,67100148
66689463168,67100157
66689463168,67100158
66689463168,67100160
66689463168,67100161
66689463168,67100162
66689463168,67100164
66689463168,67100165
66689463168,67100166
66689463168,67100167
66689463168,67100169
66689463168,67100170
66689463168,67100171
66689463168,67100173
66689463168,67100174
66689463168,67100175
66689463168,67100177
66689463168,67100179
66689463168,67100181
66689463168,67100182
66689463168,67100188
66689463168,67100189
66689463168,67100191
66689463168,67100192
66689463168,67100195
66689463168,67100216
66689463168,67100230
66689463168,67100300
66689463168,67100301
66689463168,67102272
66689463168,67102274
66689463168,67102280
66689463168,67102451
66689463168,67102819
66689463168,67108594
66689463168,67108595
99487559808,131243
99487559808,131244
99487559808,131245
99487559808,131251
99487559808,131252
99487559808,131255
99487559808,131260
99487559808,67100312
99487559808,67100313
99487559808,67100314
99487559808,67100315
99487559808,67100317
99487559808,67100318
99487559808,67100319
99487559808,67100320
99487559808,67100321
99487559808,67100322
99487559808,67100323
99487559808,67100324
99487559808,67100325
99487559808,67100326
99487559808,67100327
99487559808,67100328
99487559808,67100330
99487559808,67100331
99487559808,67100332
99487559808,67100334
99487559808,67100335
99487559808,67100338
99487559808,67100339
99487559808,67100340
99487559808,67100346
99487559808,67100358
99487559808,67100365
99487559808,67100373
99487559808,67100375
99487559808,67101198
99487559808,67101332
99487559808,67101430
99487559808,67101495
99487559808,67101562
99487559808,67101572
99487559808,67101574
99487559808,67101599
99487559808,67101651
99487559808,67101658
99487559808,67101667
99487559808,67101672
99487559808,67101682
99487559808,67101697
99487559808,67101712
99487559808,67101777
99487559808,67101778
99487559808,67102136
99487559808,67102226
99487559808,67102254
99487559808,67102271
99487559808,67102286
99487559808,67102289
99487559808,67102297
99487559808,67102464
99487559808,67102480
99487559808,67102721
99487559808,67102730
99487559808,67102733
99487559808,67102880
99487559808,67102885
99487559808,67102944
99487559808,67102978
99487559808,67103035
99487559808,67103038
99487559808,67103082
99487559808,67103121
99487559808,67103126
99487559808,67103127
99487559808,67103194
99487559808,67103234
99487559808,67103256
99487559808,67103270
99487559808,67103278
99487559808,67103299
99487559808,67103362
99487559808,67103372
99487559808,67103374
99487559808,67103378
99487559808,67103382
99487559808,67103407
99487559808,67103409
99487559808,67103439
99487559808,67103444
99487559808,67103473
99487559808,67103498
99487559808,67103508
99487559808,67103534
99487559808,67103628
99487559808,67103629
99487559808,67103657
99487559808,67103674
99487559808,67103681
99487559808,67103685
99487559808,67103686
99487559808,67103687
99487559808,67103693
99487559808,67103695
99487559808,67103696
99487559808,67103697
99487559808,67103707
99487559808,67103756
99487559808,67103771
99487559808,67103772
99487559808,67103788
99487559808,67103821
99487559808,67103870
99487559808,67103893
99487559808,67103894
99487559808,67103910
99487559808,67103913
99487559808,67103929
99487559808,67103937
99487559808,67103940
99487559808,67103949
99487559808,67103962
99487559808,67103963
99487559808,67103978
99487559808,67103985
99487559808,67104038
99487559808,67104047
99487559808,67104064
99487559808,67104094
99487559808,67104132
99487559808,67104153
99487559808,67104179
99487559808,67104182
99487559808,67104191
99487559808,67104196
99487559808,67104208
99487559808,67104229
99487559808,67104245
99487559808,67104315
99487559808,67104319
99487559808,67104328
99487559808,67104352
99487559808,67104365
99487559808,67104373
99487559808,67104379
99487559808,67104389
99487559808,67104391
99487559808,67104393
99487559808,67104396
99487559808,67104397
99487559808,67104410
99487559808,67104430
99487559808,67104460
99487559808,67104469
99487559808,67104478
99487559808,67104483
99487559808,67104490
99487559808,67104492
99487559808,67104500
99487559808,67104503
99487559808,67104526
99487559808,67104565
99487559808,67104568
99487559808,67104604
99487559808,67104608
99487559808,67104610
99487559808,67104611
99487559808,67104627
99487559808,67104638
99487559808,67104645
99487559808,67104667
99487559808,67104674
99487559808,67104680
99487559808,67104689
99487559808,67104698
99487559808,67104701
99487559808,67104705
99487559808,67104709
99487559808,67104731
99487559808,67104732
99487559808,67104758
99487559808,67104759
99487559808,67104781
99487559808,67104782
99487559808,67104800
99487559808,67104808
99487559808,67104810
99487559808,67104819
99487559808,67104882
99487559808,67104895
99487559808,67104939
99487559808,67104948
99487559808,67104949
99487559808,67104988
99487559808,67105001
99487559808,67105002
99487559808,67105003
99487559808,67105007
99487559808,67105009
99487559808,67105015
99487559808,67105025
99487559808,67105035
99487559808,67105040
99487559808,67105047
99487559808,67105050
99487559808,67105054
99487559808,67105058
99487559808,67105063
99487559808,67105076
99487559808,67105086
99487559808,67105094
99487559808,67105117
99487559808,67105132
99487559808,67105137
99487559808,67105152
99487559808,67105161
99487559808,67105271
99487559808,67105334
99487559808,67105459
99487559808,67105549
99487559808,67106086
99487559808,67106116
99487559808,67106124
99487559808,67106331
99487559808,67106685
99487559808,67106845
99487559808,67106900
99487559808,67107021
99487559808,67107054
99487559808,67108606
99487559808,67108607
99487559808,67108608
99487559808,67108609
99487559808,67108611
99487559808,67108612
99487559808,67108613
99487559808,67108614
99487559808,67108615
99487559808,67108616
99487559808,67108617
99487559808,67108618
99487559808,67108619
99487559808,67108620
99487559808,67108621
99487559808,67108622
99487559808,67108625
99487559808,67108626
99487559808,67108628
99487559808,67108629
99487559808,67108633
99487559808,67108634
99487559808,67108640
99487559808,67108653
99487559808,67108659
99487559808,67108668
99487559808,67108669
132285656448,131249
132285656448,131250
132285656448,131256
132285656448,67100237
132285656448,67100244
132285656448,67100245
132285656448,67100252
132285656448,67100255
132285656448,67100262
132285656448,67100266
132285656448,67100267
132285656448,67100268
132285656448,67100270
132285656448,67100273
132285656448,67100278
132285656448,67100279
132285656448,67100284
132285656448,67100290
132285656448,67100333
132285656448,67100336
132285656448,67100337
132285656448,67100341
132285656448,67100342
132285656448,67100343
132285656448,67100344
132285656448,67100345
132285656448,67100347
132285656448,67100348
132285656448,67100349
132285656448,67100359
132285656448,67100360
132285656448,67100361
132285656448,67100363
132285656448,67100364
132285656448,67100366
132285656448,67100367
132285656448,67100369
132285656448,67100371
132285656448,67100374
132285656448,67100379
132285656448,67100724
132285656448,67101108
132285656448,67101111
132285656448,67101200
132285656448,67101538
132285656448,67101568
132285656448,67101600
132285656448,67101612
132285656448,67101626
132285656448,67101647
132285656448,67101673
132285656448,67101681
132285656448,67101714
132285656448,67101717
132285656448,67101793
132285656448,67101898
132285656448,67102058
132285656448,67102065
132285656448,67102076
132285656448,67102094
132285656448,67102119
132285656448,67102122
132285656448,67102158
132285656448,67102166
132285656448,67102181
132285656448,67102201
132285656448,67102219
132285656448,67102238
132285656448,67102240
132285656448,67102251
132285656448,67102252
132285656448,67102256
132285656448,67102258
132285656448,67102267
132285656448,67102327
132285656448,67102363
132285656448,67102428
132285656448,67102444
132285656448,67102447
132285656448,67102561
132285656448,67102564
132285656448,67102581
132285656448,67102617
132285656448,67102618
132285656448,67102623
132285656448,67102648
132285656448,67102681
132285656448,67102701
132285656448,67102704
132285656448,67102710
132285656448,67102713
132285656448,67102747
132285656448,67102759
132285656448,67102769
132285656448,67102781
132285656448,67102794
132285656448,67102807
132285656448,67102824
132285656448,67102825
132285656448,67102826
132285656448,67102827
132285656448,67102828
132285656448,67102829
132285656448,67102830
132285656448,67102844
132285656448,67102845
132285656448,67102854
132285656448,67102855
132285656448,67102889
132285656448,67102892
132285656448,67102925
132285656448,67102934
132285656448,67102949
132285656448,67102950
132285656448,67102956
132285656448,67102964
132285656448,67102980
132285656448,67103003
132285656448,67103037
132285656448,67103040
132285656448,67103047
132285656448,67103089
132285656448,67103109
132285656448,67103112
132285656448,67103122
132285656448,67103181
132285656448,67103182
132285656448,67103191
132285656448,67103201
132285656448,67103249
132285656448,67103258
132285656448,67103295
132285656448,67103296
132285656448,67103297
132285656448,67103298
132285656448,67103307
132285656448,67103309
132285656448,67103311
132285656448,67103317
132285656448,67103384
132285656448,67103427
132285656448,67103440
132285656448,67103474
132285656448,67103491
132285656448,67103492
132285656448,67103493
132285656448,67103533
132285656448,67103571
132285656448,67103577
132285656448,67103585
132285656448,67103607
132285656448,67103608
132285656448,67103610
132285656448,67103626
132285656448,67103627
132285656448,67103648
132285656448,67103664
132285656448,67103669
132285656448,67103701
132285656448,67103706
132285656448,67103719
132285656448,67103720
132285656448,67103725
132285656448,67103737
132285656448,67103745
132285656448,67103763
132285656448,67103765
132285656448,67103800
132285656448,67103801
132285656448,67103823
132285656448,67103835
132285656448,67103850
132285656448,67103876
132285656448,67103878
132285656448,67103879
132285656448,67103925
132285656448,67103991
132285656448,67104001
132285656448,67104042
132285656448,67104096
132285656448,67104104
132285656448,67104157
132285656448,67104169
132285656448,67104193
132285656448,67104194
132285656448,67104214
132285656448,67104270
132285656448,67104297
132285656448,67104300
132285656448,67104325
132285656448,67104342
132285656448,67104371
132285656448,67104383
132285656448,67104394
132285656448,67104400
132285656448,67104436
132285656448,67104444
132285656448,67104454
132285656448,67104457
132285656448,67104582
132285656448,67104685
132285656448,67104720
132285656448,67104727
132285656448,67104778
132285656448,67104818
132285656448,67104823
132285656448,67104838
132285656448,67105090
132285656448,67105091
132285656448,67105170
132285656448,67105171
132285656448,67105172
132285656448,67105277
132285656448,67105691
132285656448,67105696
132285656448,67105711
132285656448,67105803
132285656448,67105822
132285656448,67105866
132285656448,67105902
132285656448,67106110
132285656448,67106257
132285656448,67106258
132285656448,67106259
132285656448,67106324
132285656448,67106355
132285656448,67108624
132285656448,67108627
132285656448,67108630
132285656448,67108631
132285656448,67108632
132285656448,67108635
132285656448,67108636
132285656448,67108637
132285656448,67108638
132285656448,67108639
132285656448,67108641
132285656448,67108642
132285656448,67108643
132285656448,67108654
132285656448,67108655
132285656448,67108656
132285656448,67108658
132285656448,67108660
132285656448,67108661
132285656448,67108663
132285656448,67108664
132285656448,67108665
132285656448,67108667
132285656448,67108673
165083753088,131248
165083753088,67100521
165083753088,67101179
165083753088,67101603
165083753088,67101606
165083753088,67101676
165083753088,67101774
165083753088,67101840
165083753088,67102030
165083753088,67102144
165083753088,67102211
165083753088,67102245
165083753088,67102265
165083753088,67102273
165083753088,67102276
165083753088,67102411
165083753088,67102462
165083753088,67102509
165083753088,67102591
165083753088,67102743
165083753088,67102838
165083753088,67102968
165083753088,67103002
165083753088,67103510
165083753088,67103511
165083753088,67104195
165083753088,67104462
165083753088,67104510
165083753088,67104910
165083753088,67104930
165083753088,67105306
