827860087,67100683
827860087,67100686
827860087,67100687
827860087,67100691
827860087,67100692
827860087,67100693
827860087,67100694
827860087,67100695
827860087,67100696
827860087,67100697
827860087,67100700
827860087,67100701
827860087,67100702
827860087,67100704
827860087,67100708
827860087,67100709
827860087,67100714
827860087,67100715
827860087,67100716
827860087,67100717
827860087,67100718
827860087,67100720
827860087,67100723
827860087,67100724
827860087,67100725
827860087,67100727
827860087,67100728
827860087,67100732
827860087,67100735
827860087,67100736
827860087,67100737
827860087,67100738
827860087,67100739
827860087,67100741
827860087,67100743
827860087,67100744
827860087,67100746
827860087,67100750
827860087,67100753
827860087,67100754
827860087,67100755
827860087,67100756
827860087,67100759
827860087,67100760
827860087,67100761
827860087,67100763
827860087,67100764
827860087,67100765
827860087,67100766
827860087,67100767
827860087,67100768
827860087,67100772
827860087,67100775
827860087,67100776
827860087,67100779
827860087,67100780
827860087,67100783
827860087,67100784
827860087,67100785
827860087,67100786
827860087,67100787
827860087,67100788
827860087,67100789
827860087,67100790
827860087,67100792
827860087,67100793
827860087,67100794
827860087,67100796
827860087,67100797
827860087,67100798
827860087,67100799
827860087,67100801
827860087,67100802
827860087,67100803
827860087,67100804
827860087,67100805
827860087,67100806
827860087,67100807
827860087,67100809
827860087,67100810
827860087,67100811
827860087,67100812
827860087,67100813
827860087,67100814
827860087,67100815
827860087,67100816
827860087,67100817
827860087,67100819
827860087,67100820
827860087,67100821
827860087,67100822
827860087,67100823
827860087,67100824
827860087,67100825
827860087,67100829
827860087,67100831
827860087,67100832
827860087,67100833
827860087,67100834
827860087,67100836
827860087,67100837
827860087,67100838
827860087,67100839
827860087,67100840
827860087,67100841
827860087,67100842
827860087,67100843
827860087,67100844
827860087,67100845
827860087,67100846
827860087,67100847
827860087,67100848
827860087,67100852
827860087,67100853
827860087,67100855
827860087,67100860
827860087,67100861
827860087,67100862
827860087,67100864
827860087,67100866
827860087,67100867
827860087,67100869
827860087,67100871
827860087,67100874
827860087,67100876
827860087,67100877
827860087,67100878
827860087,67100879
827860087,67100880
827860087,67100882
827860087,67100883
827860087,67100888
827860087,67100890
827860087,67100891
827860087,67100892
827860087,67100893
827860087,67100894
827860087,67100895
827860087,67100897
827860087,67100898
827860087,67100899
827860087,67100901
827860087,67100902
827860087,67100903
827860087,67100904
827860087,67100905
827860087,67100906
827860087,67100907
827860087,67100908
827860087,67100909
827860087,67100911
827860087,67100912
827860087,67100913
827860087,67100914
827860087,67100915
827860087,67100916
827860087,67100917
827860087,67100918
827860087,67100919
827860087,67100920
827860087,67100921
827860087,67100922
827860087,67100924
827860087,67100925
827860087,67100926
827860087,67100927
827860087,67100928
827860087,67100929
827860087,67100930
827860087,67100931
827860087,67100932
827860087,67100933
827860087,67100935
827860087,67100936
827860087,67100937
827860087,67100938
827860087,67100939
827860087,67100940
827860087,67100942
827860087,67100943
827860087,67100944
827860087,67100945
827860087,67100948
827860087,67100949
827860087,67100950
827860087,67100952
827860087,67100953
827860087,67100957
827860087,67100958
827860087,67100959
827860087,67100960
827860087,67100961
827860087,67100962
827860087,67100963
827860087,67100964
827860087,67100965
827860087,67100966
827860087,67100967
827860087,67100968
827860087,67100969
827860087,67100970
827860087,67100971
827860087,67100972
827860087,67100973
827860087,67100976
827860087,67100977
827860087,67100978
827860087,67100979
827860087,67100980
827860087,67100983
827860087,67100984
827860087,67100985
827860087,67100986
827860087,67100987
827860087,67100988
827860087,67100989
827860087,67100990
827860087,67100992
827860087,67100993
827860087,67100994
827860087,67100995
827860087,67100996
827860087,67100997
827860087,67100998
827860087,67100999
827860087,67101000
827860087,67101002
827860087,67101003
827860087,67101005
827860087,67101006
827860087,67101007
827860087,67101008
827860087,67101009
827860087,67101010
827860087,67101011
827860087,67101012
827860087,67101013
827860087,67101014
827860087,67101015
827860087,67101017
827860087,67101018
827860087,67101019
827860087,67101020
827860087,67101021
827860087,67101022
827860087,67101024
827860087,67101025
827860087,67101026
827860087,67101027
827860087,67101028
827860087,67101033
827860087,67101036
827860087,67101038
827860087,67101039
827860087,67101040
827860087,67101166
25663662697,131244
25663662697,131245
25663662697,67099423
25663662697,67099786
25663662697,67100043
25663662697,67100513
25663662697,67100679
25663662697,67100680
25663662697,67100681
25663662697,67100682
25663662697,67100684
25663662697,67100685
25663662697,67100688
25663662697,67100689
25663662697,67100690
25663662697,67100698
25663662697,67100699
25663662697,67100703
25663662697,67100705
25663662697,67100706
25663662697,67100707
25663662697,67100710
25663662697,67100711
25663662697,67100712
25663662697,67100713
25663662697,67100721
25663662697,67100722
25663662697,67100726
25663662697,67100729
25663662697,67100731
25663662697,67100733
25663662697,67100734
25663662697,67100740
25663662697,67100742
25663662697,67100745
25663662697,67100747
25663662697,67100748
25663662697,67100749
25663662697,67100751
25663662697,67100752
25663662697,67100757
25663662697,67100758
25663662697,67100762
25663662697,67100769
25663662697,67100770
25663662697,67100771
25663662697,67100773
25663662697,67100774
25663662697,67100777
25663662697,67100778
25663662697,67100781
25663662697,67100782
25663662697,67100791
25663662697,67100795
25663662697,67100800
25663662697,67100808
25663662697,67100818
25663662697,67100826
25663662697,67100827
25663662697,67100828
25663662697,67100830
25663662697,67100835
25663662697,67100849
25663662697,67100850
25663662697,67100851
25663662697,67100854
25663662697,67100856
25663662697,67100857
25663662697,67100858
25663662697,67100859
25663662697,67100863
25663662697,67100865
25663662697,67100868
25663662697,67100870
25663662697,67100872
25663662697,67100873
25663662697,67100875
25663662697,67100881
25663662697,67100884
25663662697,67100885
25663662697,67100886
25663662697,67100887
25663662697,67100889
25663662697,67100896
25663662697,67100900
25663662697,67100910
25663662697,67100923
25663662697,67100934
25663662697,67100941
25663662697,67100946
25663662697,67100947
25663662697,67100951
25663662697,67100954
25663662697,67100955
25663662697,67100956
25663662697,67100974
25663662697,67100975
25663662697,67100981
25663662697,67100982
25663662697,67100991
25663662697,67101001
25663662697,67101004
25663662697,67101016
25663662697,67101023
25663662697,67101029
25663662697,67101030
25663662697,67101031
25663662697,67101032
25663662697,67101034
25663662697,67101035
25663662697,67101037
25663662697,67104986
25663662697,67108628
50499465307,67099238
50499465307,67099239
50499465307,67099240
50499465307,67099241
50499465307,67099243
50499465307,67099244
50499465307,67099245
50499465307,67099248
50499465307,67099250
50499465307,67099251
50499465307,67099256
50499465307,67099257
50499465307,67099258
50499465307,67099260
50499465307,67099261
50499465307,67099262
50499465307,67099263
50499465307,67099265
50499465307,67099273
50499465307,67099274
50499465307,67099275
50499465307,67099282
50499465307,67099286
50499465307,67099287
50499465307,67099288
50499465307,67099289
50499465307,67099290
50499465307,67099292
50499465307,67099293
50499465307,67099294
50499465307,67099295
50499465307,67099296
50499465307,67099297
50499465307,67099298
50499465307,67099299
50499465307,67099301
50499465307,67099303
50499465307,67099304
50499465307,67099305
50499465307,67099306
50499465307,67099307
50499465307,67099308
50499465307,67099309
50499465307,67099310
50499465307,67099311
50499465307,67099312
50499465307,67099313
50499465307,67099314
50499465307,67099315
50499465307,67099316
50499465307,67099319
50499465307,67099320
50499465307,67099321
50499465307,67099322
50499465307,67099324
50499465307,67099326
50499465307,67099330
50499465307,67099332
50499465307,67099333
50499465307,67099334
50499465307,67099335
50499465307,67099336
50499465307,67099338
50499465307,67099339
50499465307,67099340
50499465307,67099341
50499465307,67099344
50499465307,67099345
50499465307,67099346
50499465307,67099347
50499465307,67099348
50499465307,67099349
50499465307,67099351
50499465307,67099352
50499465307,67099353
50499465307,67099354
50499465307,67099356
50499465307,67099357
50499465307,67099358
50499465307,67099364
50499465307,67099365
50499465307,67099367
50499465307,67099368
50499465307,67099369
50499465307,67099370
50499465307,67099372
50499465307,67099375
50499465307,67099376
50499465307,67099379
50499465307,67099380
50499465307,67099381
50499465307,67099384
50499465307,67099385
50499465307,67099386
50499465307,67099387
50499465307,67099388
50499465307,67099389
50499465307,67099390
50499465307,67099391
50499465307,67099392
50499465307,67099393
50499465307,67099394
50499465307,67099395
50499465307,67099398
50499465307,67099400
50499465307,67099401
50499465307,67099402
50499465307,67099403
50499465307,67099404
50499465307,67099406
50499465307,67099408
50499465307,67099409
50499465307,67099411
50499465307,67099414
50499465307,67099415
50499465307,67099416
50499465307,67099424
50499465307,67099425
50499465307,67099426
50499465307,67099428
50499465307,67099429
50499465307,67099430
50499465307,67099432
50499465307,67099433
50499465307,67099435
50499465307,67099436
50499465307,67099437
50499465307,67099438
50499465307,67099440
50499465307,67099441
50499465307,67099442
50499465307,67099443
50499465307,67099444
50499465307,67099445
50499465307,67099447
50499465307,67099448
50499465307,67099450
50499465307,67099451
50499465307,67099452
50499465307,67099453
50499465307,67099454
50499465307,67099455
50499465307,67099456
50499465307,67099457
50499465307,67099458
50499465307,67099460
50499465307,67099461
50499465307,67099462
50499465307,67099463
50499465307,67099464
50499465307,67099465
50499465307,67099466
50499465307,67099467
50499465307,67099468
50499465307,67099469
50499465307,67099470
50499465307,67099472
50499465307,67099474
50499465307,67099475
50499465307,67099476
50499465307,67099477
50499465307,67099478
50499465307,67099479
50499465307,67099480
50499465307,67099481
50499465307,67099483
50499465307,67099484
50499465307,67099485
50499465307,67099486
50499465307,67099487
50499465307,67099489
50499465307,67099492
50499465307,67099493
50499465307,67099495
50499465307,67099497
50499465307,67099498
50499465307,67099499
50499465307,67099500
50499465307,67099501
50499465307,67099503
50499465307,67099504
50499465307,67099505
50499465307,67099506
50499465307,67099507
50499465307,67099508
50499465307,67099509
50499465307,67099510
50499465307,67099511
50499465307,67099512
50499465307,67099513
50499465307,67099514
50499465307,67099515
50499465307,67099516
50499465307,67099517
50499465307,67099518
50499465307,67099519
50499465307,67099520
50499465307,67099521
50499465307,67099522
50499465307,67099523
50499465307,67099524
50499465307,67099525
50499465307,67099526
50499465307,67099527
50499465307,67099528
50499465307,67099529
50499465307,67099530
50499465307,67099531
50499465307,67099532
50499465307,67099533
50499465307,67099534
50499465307,67099535
50499465307,67099536
50499465307,67099537
50499465307,67099538
50499465307,67099540
50499465307,67099542
50499465307,67099543
50499465307,67099544
50499465307,67099545
50499465307,67099546
50499465307,67099548
50499465307,67099550
50499465307,67099551
50499465307,67099552
50499465307,67099553
50499465307,67099554
50499465307,67099555
50499465307,67099556
50499465307,67099557
50499465307,67099558
50499465307,67099559
50499465307,67099560
50499465307,67099561
50499465307,67099562
50499465307,67099563
50499465307,67099564
50499465307,67099565
50499465307,67099566
50499465307,67099567
50499465307,67099568
50499465307,67099569
50499465307,67099570
50499465307,67099571
50499465307,67099572
50499465307,67099573
50499465307,67099574
50499465307,67099575
50499465307,67099576
50499465307,67099578
50499465307,67099583
50499465307,67099584
50499465307,67106262
50499465307,67108685
75335267917,131241
75335267917,131242
75335267917,131252
75335267917,131260
75335267917,67099226
75335267917,67099227
75335267917,67099228
75335267917,67099229
75335267917,67099230
75335267917,67099231
75335267917,67099232
75335267917,67099233
75335267917,67099234
75335267917,67099235
75335267917,67099236
75335267917,67099237
75335267917,67099242
75335267917,67099246
75335267917,67099247
75335267917,67099249
75335267917,67099252
75335267917,67099253
75335267917,67099254
75335267917,67099255
75335267917,67099259
75335267917,67099264
75335267917,67099266
75335267917,67099267
75335267917,67099268
75335267917,67099269
75335267917,67099270
75335267917,67099271
75335267917,67099272
75335267917,67099276
75335267917,67099277
75335267917,67099279
75335267917,67099280
75335267917,67099281
75335267917,67099283
75335267917,67099284
75335267917,67099285
75335267917,67099291
75335267917,67099300
75335267917,67099302
75335267917,67099317
75335267917,67099318
75335267917,67099323
75335267917,67099325
75335267917,67099327
75335267917,67099328
75335267917,67099329
75335267917,67099331
75335267917,67099337
75335267917,67099342
75335267917,67099343
75335267917,67099350
75335267917,67099355
75335267917,67099359
75335267917,67099360
75335267917,67099361
75335267917,67099362
75335267917,67099363
75335267917,67099366
75335267917,67099371
75335267917,67099373
75335267917,67099374
75335267917,67099377
75335267917,67099378
75335267917,67099382
75335267917,67099383
75335267917,67099396
75335267917,67099397
75335267917,67099399
75335267917,67099405
75335267917,67099407
75335267917,67099410
75335267917,67099412
75335267917,67099413
75335267917,67099427
75335267917,67099431
75335267917,67099434
75335267917,67099439
75335267917,67099446
75335267917,67099449
75335267917,67099459
75335267917,67099471
75335267917,67099473
75335267917,67099482
75335267917,67099488
75335267917,67099490
75335267917,67099491
75335267917,67099494
75335267917,67099496
75335267917,67099502
75335267917,67099539
75335267917,67099541
75335267917,67099547
75335267917,67099549
75335267917,67099577
75335267917,67099579
75335267917,67099580
75335267917,67099581
75335267917,67099582
75335267917,67099585
75335267917,67099586
75335267917,67099587
75335267917,67099607
75335267917,67099608
75335267917,67099610
75335267917,67099626
75335267917,67099627
75335267917,67099628
75335267917,67099643
75335267917,67099647
75335267917,67099651
75335267917,67099652
75335267917,67099655
75335267917,67099670
75335267917,67099675
75335267917,67099677
75335267917,67099682
75335267917,67099696
75335267917,67099697
75335267917,67099703
75335267917,67099709
75335267917,67099717
75335267917,67099718
75335267917,67099748
75335267917,67099750
75335267917,67099768
75335267917,67099772
75335267917,67099774
75335267917,67099775
75335267917,67099792
75335267917,67099800
75335267917,67099806
75335267917,67099808
75335267917,67099819
75335267917,67099820
75335267917,67099821
75335267917,67099823
75335267917,67099824
75335267917,67099830
75335267917,67099839
75335267917,67099840
75335267917,67099841
75335267917,67099846
75335267917,67099850
75335267917,67099853
75335267917,67099857
75335267917,67099862
75335267917,67099863
75335267917,67099864
75335267917,67099865
75335267917,67099868
75335267917,67099871
75335267917,67099872
75335267917,67099873
75335267917,67099874
75335267917,67099881
75335267917,67099888
75335267917,67099890
75335267917,67099898
75335267917,67099899
75335267917,67099906
75335267917,67099907
75335267917,67099908
75335267917,67099909
75335267917,67099910
75335267917,67099925
75335267917,67099927
75335267917,67099936
75335267917,67101969
75335267917,67102030
75335267917,67102079
75335267917,67102232
75335267917,67102560
75335267917,67103870
75335267917,67104032
75335267917,67104271
75335267917,67105593
75335267917,67105736
75335267917,67105767
75335267917,67105798
75335267917,67105866
75335267917,67106256
75335267917,67106280
75335267917,67106435
75335267917,67106544
75335267917,67106726
75335267917,67106760
75335267917,67106921
75335267917,67107246
75335267917,67107722
75335267917,67108447
75335267917,67108451
75335267917,67108469
75335267917,67108485
75335267917,67108490
75335267917,67108492
75335267917,67108493
75335267917,67108497
75335267917,67108502
75335267917,67108512
75335267917,67108517
75335267917,67108528
75335267917,67108539
75335267917,67108561
75335267917,67108591
75335267917,67108592
75335267917,67108611
75335267917,67108615
75335267917,67108616
75335267917,67108640
75335267917,67108643
75335267917,67108647
75335267917,67108649
75335267917,67108662
75335267917,67108663
75335267917,67108664
75335267917,67108666
75335267917,67108667
75335267917,67108673
75335267917,67108681
75335267917,67108683
75335267917,67108689
75335267917,67108692
75335267917,67108696
75335267917,67108700
75335267917,67108706
75335267917,67108707
75335267917,67108708
75335267917,67108713
75335267917,67108714
75335267917,67108715
75335267917,67108716
75335267917,67108717
75335267917,67108724
75335267917,67108731
75335267917,67108740
75335267917,67108741
75335267917,67108748
75335267917,67108750
75335267917,67108752
75335267917,67108755
75335267917,67108762
75335267917,67108768
75335267917,67108769
75335267917,67108771
75335267917,67108774
75335267917,67108779
100171070527,131243
100171070527,131259
100171070527,67099602
100171070527,67099603
100171070527,67099604
100171070527,67099621
100171070527,67099625
100171070527,67099631
100171070527,67099632
100171070527,67099634
100171070527,67099635
100171070527,67099639
100171070527,67099642
100171070527,67099644
100171070527,67099646
100171070527,67099649
100171070527,67099650
100171070527,67099653
100171070527,67099658
100171070527,67099659
100171070527,67099661
100171070527,67099662
100171070527,67099669
100171070527,67099671
100171070527,67099674
100171070527,67099685
100171070527,67099691
100171070527,67099692
100171070527,67099698
100171070527,67099699
100171070527,67099701
100171070527,67099711
100171070527,67099713
100171070527,67099715
100171070527,67099728
100171070527,67099729
100171070527,67099731
100171070527,67099733
100171070527,67099740
100171070527,67099741
100171070527,67099742
100171070527,67099744
100171070527,67099746
100171070527,67099747
100171070527,67099770
100171070527,67099773
100171070527,67099779
100171070527,67099788
100171070527,67099796
100171070527,67099797
100171070527,67099811
100171070527,67099822
100171070527,67099825
100171070527,67099826
100171070527,67099828
100171070527,67099834
100171070527,67099842
100171070527,67099845
100171070527,67099856
100171070527,67099861
100171070527,67099877
100171070527,67099886
100171070527,67099887
100171070527,67099891
100171070527,67099897
100171070527,67099900
100171070527,67099913
100171070527,67099915
100171070527,67099917
100171070527,67099926
100171070527,67099928
100171070527,67099931
100171070527,67099933
100171070527,67099934
100171070527,67099935
100171070527,67099937
100171070527,67101255
100171070527,67101260
100171070527,67101486
100171070527,67101616
100171070527,67101653
100171070527,67101666
100171070527,67101823
100171070527,67101936
100171070527,67102072
100171070527,67102154
100171070527,67102155
100171070527,67102182
100171070527,67102273
100171070527,67102315
100171070527,67102345
100171070527,67102405
100171070527,67103129
100171070527,67104049
100171070527,67106219
100171070527,67106729
100171070527,67106880
100171070527,67107589
100171070527,67108086
100171070527,67108445
100171070527,67108453
100171070527,67108464
100171070527,67108467
100171070527,67108468
100171070527,67108470
100171070527,67108474
100171070527,67108475
100171070527,67108476
100171070527,67108478
100171070527,67108480
100171070527,67108482
100171070527,67108486
100171070527,67108489
100171070527,67108494
100171070527,67108496
100171070527,67108498
100171070527,67108500
100171070527,67108501
100171070527,67108504
100171070527,67108505
100171070527,67108507
100171070527,67108511
100171070527,67108515
100171070527,67108516
100171070527,67108518
100171070527,67108519
100171070527,67108538
100171070527,67108540
100171070527,67108542
100171070527,67108544
100171070527,67108546
100171070527,67108554
100171070527,67108558
100171070527,67108572
100171070527,67108573
100171070527,67108575
100171070527,67108579
100171070527,67108581
100171070527,67108582
100171070527,67108584
100171070527,67108585
100171070527,67108586
100171070527,67108588
100171070527,67108589
100171070527,67108602
100171070527,67108613
100171070527,67108622
100171070527,67108630
100171070527,67108631
100171070527,67108638
100171070527,67108653
100171070527,67108654
100171070527,67108661
100171070527,67108665
100171070527,67108669
100171070527,67108671
100171070527,67108680
100171070527,67108684
100171070527,67108688
100171070527,67108699
100171070527,67108704
100171070527,67108710
100171070527,67108711
100171070527,67108718
100171070527,67108728
100171070527,67108729
100171070527,67108730
100171070527,67108733
100171070527,67108734
100171070527,67108743
100171070527,67108749
100171070527,67108751
100171070527,67108753
100171070527,67108756
100171070527,67108757
100171070527,67108767
100171070527,67108770
100171070527,67108773
100171070527,67108776
100171070527,67108777
100171070527,67108778
100171070527,67108780
125006873137,131253
125006873137,67099588
125006873137,67099592
125006873137,67099594
125006873137,67099611
125006873137,67099613
125006873137,67099616
125006873137,67099630
125006873137,67099654
125006873137,67099666
125006873137,67099680
125006873137,67099686
125006873137,67099689
125006873137,67099693
125006873137,67099694
125006873137,67099708
125006873137,67099712
125006873137,67099716
125006873137,67099721
125006873137,67099722
125006873137,67099723
125006873137,67099732
125006873137,67099738
125006873137,67099749
125006873137,67099751
125006873137,67099756
125006873137,67099758
125006873137,67099761
125006873137,67099762
125006873137,67099765
125006873137,67099766
125006873137,67099767
125006873137,67099771
125006873137,67099787
125006873137,67099790
125006873137,67099803
125006873137,67099805
125006873137,67099816
125006873137,67099831
125006873137,67099833
125006873137,67099838
125006873137,67099854
125006873137,67099860
125006873137,67099869
125006873137,67099880
125006873137,67099885
125006873137,67099893
125006873137,67099904
125006873137,67099905
125006873137,67099919
125006873137,67099920
125006873137,67099921
125006873137,67099923
125006873137,67099924
125006873137,67099929
125006873137,67099938
125006873137,67099942
125006873137,67099944
125006873137,67099947
125006873137,67099948
125006873137,67099949
125006873137,67101096
125006873137,67101119
125006873137,67101277
125006873137,67101280
125006873137,67101283
125006873137,67101362
125006873137,67101440
125006873137,67101468
125006873137,67101509
125006873137,67101523
125006873137,67101547
125006873137,67101652
125006873137,67101764
125006873137,67101789
125006873137,67101982
125006873137,67102014
125006873137,67102078
125006873137,67102227
125006873137,67102664
125006873137,67102708
125006873137,67102814
125006873137,67102815
125006873137,67102934
125006873137,67102942
125006873137,67103077
125006873137,67103133
125006873137,67103197
125006873137,67103215
125006873137,67103227
125006873137,67103228
125006873137,67103422
125006873137,67103490
125006873137,67103523
125006873137,67103528
125006873137,67103546
125006873137,67103552
125006873137,67103559
125006873137,67103613
125006873137,67103616
125006873137,67103654
125006873137,67103665
125006873137,67103675
125006873137,67103684
125006873137,67103686
125006873137,67103690
125006873137,67103693
125006873137,67103872
125006873137,67103982
125006873137,67103996
125006873137,67104085
125006873137,67104086
125006873137,67104191
125006873137,67104220
125006873137,67104250
125006873137,67104261
125006873137,67104316
125006873137,67104430
125006873137,67104505
125006873137,67104530
125006873137,67104531
125006873137,67104535
125006873137,67104583
125006873137,67104673
125006873137,67104738
125006873137,67104749
125006873137,67104800
125006873137,67104801
125006873137,67104828
125006873137,67105026
125006873137,67105146
125006873137,67105175
125006873137,67105228
125006873137,67105279
125006873137,67105309
125006873137,67105389
125006873137,67105455
125006873137,67105518
125006873137,67105525
125006873137,67105584
125006873137,67105602
125006873137,67105642
125006873137,67105797
125006873137,67105810
125006873137,67106136
125006873137,67106316
125006873137,67106535
125006873137,67106664
125006873137,67106681
125006873137,67106693
125006873137,67106796
125006873137,67106886
125006873137,67106919
125006873137,67107014
125006873137,67107100
125006873137,67107177
125006873137,67107225
125006873137,67107249
125006873137,67107300
125006873137,67107342
125006873137,67107388
125006873137,67107505
125006873137,67107540
125006873137,67107572
125006873137,67107579
125006873137,67107629
125006873137,67107720
125006873137,67107744
125006873137,67107745
125006873137,67107746
125006873137,67107770
125006873137,67107831
125006873137,67107875
125006873137,67107993
125006873137,67108041
125006873137,67108059
125006873137,67108099
125006873137,67108202
125006873137,67108226
125006873137,67108254
125006873137,67108336
125006873137,67108345
125006873137,67108364
125006873137,67108370
125006873137,67108375
125006873137,67108435
125006873137,67108436
125006873137,67108446
125006873137,67108450
125006873137,67108452
125006873137,67108458
125006873137,67108459
125006873137,67108471
125006873137,67108473
125006873137,67108479
125006873137,67108513
125006873137,67108523
125006873137,67108524
125006873137,67108526
125006873137,67108529
125006873137,67108532
125006873137,67108536
125006873137,67108543
125006873137,67108551
125006873137,67108555
125006873137,67108559
125006873137,67108564
125006873137,67108565
125006873137,67108571
125006873137,67108574
125006873137,67108578
125006873137,67108594
125006873137,67108597
125006873137,67108599
125006873137,67108601
125006873137,67108604
125006873137,67108607
125006873137,67108608
125006873137,67108609
125006873137,67108610
125006873137,67108632
125006873137,67108645
125006873137,67108646
125006873137,67108648
125006873137,67108650
125006873137,67108658
125006873137,67108670
125006873137,67108674
125006873137,67108677
125006873137,67108687
125006873137,67108693
125006873137,67108697
125006873137,67108703
125006873137,67108712
125006873137,67108719
125006873137,67108722
125006873137,67108732
125006873137,67108736
125006873137,67108746
125006873137,67108747
125006873137,67108754
125006873137,67108760
125006873137,67108764
125006873137,67108766
125006873137,67108781
125006873137,67108785
125006873137,67108789
125006873137,67108790
125006873137,67108791
149842675747,67099903
149842675747,67099911
149842675747,67099912
149842675747,67099914
149842675747,67099983
149842675747,67100324
149842675747,67107494
149842675747,67107495
149842675747,67107496
149842675747,67107498
149842675747,67107499
149842675747,67107501
149842675747,67107502
149842675747,67107503
149842675747,67107504
149842675747,67107506
149842675747,67107507
149842675747,67107508
149842675747,67107509
149842675747,67107510
149842675747,67107511
149842675747,67107512
149842675747,67107513
149842675747,67107514
149842675747,67107515
149842675747,67107516
149842675747,67107517
149842675747,67107518
149842675747,67107519
149842675747,67107520
149842675747,67107521
149842675747,67107522
149842675747,67107523
149842675747,67107524
149842675747,67107525
149842675747,67107526
149842675747,67107527
149842675747,67107528
149842675747,67107529
149842675747,67107530
149842675747,67107531
149842675747,67107532
149842675747,67107533
149842675747,67107534
149842675747,67107536
149842675747,67107537
149842675747,67107538
149842675747,67107539
149842675747,67107541
149842675747,67107542
149842675747,67107543
149842675747,67107544
149842675747,67107545
149842675747,67107546
149842675747,67107547
149842675747,67107548
149842675747,67107549
149842675747,67107550
149842675747,67107551
149842675747,67107552
149842675747,67107553
149842675747,67107554
149842675747,67107555
149842675747,67107556
149842675747,67107557
149842675747,67107558
149842675747,67107559
149842675747,67107560
149842675747,67107561
149842675747,67107562
149842675747,67107563
149842675747,67107564
149842675747,67107565
149842675747,67107566
149842675747,67107567
149842675747,67107568
149842675747,67107569
149842675747,67107570
149842675747,67107571
149842675747,67107573
149842675747,67107574
149842675747,67107575
149842675747,67107576
149842675747,67107577
149842675747,67107578
149842675747,67107580
149842675747,67107581
149842675747,67107582
149842675747,67107583
149842675747,67107584
149842675747,67107585
149842675747,67107586
149842675747,67107587
149842675747,67107588
149842675747,67107590
149842675747,67107591
149842675747,67107592
149842675747,67107593
149842675747,67107594
149842675747,67107595
149842675747,67107596
149842675747,67107597
149842675747,67107598
149842675747,67107599
149842675747,67107600
149842675747,67107601
149842675747,67107602
149842675747,67107603
149842675747,67107604
149842675747,67107605
149842675747,67107606
149842675747,67107607
149842675747,67107608
149842675747,67107609
149842675747,67107610
149842675747,67107611
149842675747,67107612
149842675747,67107613
149842675747,67107614
149842675747,67107615
149842675747,67107616
149842675747,67107617
149842675747,67107618
149842675747,67107619
149842675747,67107620
149842675747,67107621
149842675747,67107622
149842675747,67107623
149842675747,67107624
149842675747,67107625
149842675747,67107626
149842675747,67107627
149842675747,67107628
149842675747,67107630
149842675747,67107631
149842675747,67107632
149842675747,67107633
149842675747,67107634
149842675747,67107635
149842675747,67107636
149842675747,67107637
149842675747,67107638
149842675747,67107639
149842675747,67107640
149842675747,67107641
149842675747,67107642
149842675747,67107643
149842675747,67107644
149842675747,67107645
149842675747,67107646
149842675747,67107647
149842675747,67107648
149842675747,67107649
149842675747,67107650
149842675747,67107651
149842675747,67107653
149842675747,67107654
149842675747,67107655
149842675747,67107656
149842675747,67107657
149842675747,67107658
149842675747,67107659
149842675747,67107660
149842675747,67107661
149842675747,67107662
149842675747,67107663
149842675747,67107664
149842675747,67107665
149842675747,67107666
149842675747,67107667
149842675747,67107668
149842675747,67107669
149842675747,67107670
149842675747,67107671
149842675747,67107672
149842675747,67107673
149842675747,67107674
149842675747,67107675
149842675747,67107676
149842675747,67107677
149842675747,67107678
149842675747,67107679
149842675747,67107680
149842675747,67107681
149842675747,67107682
149842675747,67107683
149842675747,67107684
149842675747,67107685
149842675747,67107686
174678478357,131258
174678478357,67099922
174678478357,67100326
174678478357,67101321
174678478357,67101377
174678478357,67101476
174678478357,67101571
174678478357,67101584
174678478357,67101633
174678478357,67101670
174678478357,67101962
174678478357,67104148
174678478357,67108765
