827860087,67100683
827860087,67100686
827860087,67100687
827860087,67100691
827860087,67100692
827860087,67100693
827860087,67100694
827860087,67100695
827860087,67100696
827860087,67100697
827860087,67100700
827860087,67100701
827860087,67100702
827860087,67100704
827860087,67100708
827860087,67100709
827860087,67100714
827860087,67100715
827860087,67100716
827860087,67100717
827860087,67100718
827860087,67100720
827860087,67100723
827860087,67100724
827860087,67100725
827860087,67100727
827860087,67100728
827860087,67100732
827860087,67100735
827860087,67100736
827860087,67100737
827860087,67100738
827860087,67100739
827860087,67100741
827860087,67100743
827860087,67100744
827860087,67100746
827860087,67100750
827860087,67100753
827860087,67100754
827860087,67100755
827860087,67100756
827860087,67100759
827860087,67100760
827860087,67100761
827860087,67100763
827860087,67100764
827860087,67100765
827860087,67100766
827860087,67100767
827860087,67100768
827860087,67100772
827860087,67100775
827860087,67100776
827860087,67100779
827860087,67100780
827860087,67100783
827860087,67100784
827860087,67100785
827860087,67100786
827860087,67100787
827860087,67100788
827860087,67100789
827860087,67100790
827860087,67100792
827860087,67100793
827860087,67100794
827860087,67100796
827860087,67100797
827860087,67100798
827860087,67100799
827860087,67100801
827860087,67100802
827860087,67100803
827860087,67100804
827860087,67100805
827860087,67100806
827860087,67100807
827860087,67100809
827860087,67100810
827860087,67100811
827860087,67100812
827860087,67100813
827860087,67100814
827860087,67100815
827860087,67100816
827860087,67100817
827860087,67100819
827860087,67100820
827860087,67100821
827860087,67100822
827860087,67100823
827860087,67100824
827860087,67100825
827860087,67100829
827860087,67100831
827860087,67100832
827860087,67100833
827860087,67100834
827860087,67100836
827860087,67100837
827860087,67100838
827860087,67100839
827860087,67100840
827860087,67100841
827860087,67100842
827860087,67100843
827860087,67100844
827860087,67100845
827860087,67100846
827860087,67100847
827860087,67100848
827860087,67100852
827860087,67100853
827860087,67100855
827860087,67100860
827860087,67100861
827860087,67100862
827860087,67100864
827860087,67100866
827860087,67100867
827860087,67100869
827860087,67100871
827860087,67100874
827860087,67100876
827860087,67100877
827860087,67100878
827860087,67100879
827860087,67100880
827860087,67100882
827860087,67100883
827860087,67100888
827860087,67100890
827860087,67100891
827860087,67100892
827860087,67100893
827860087,67100894
827860087,67100895
827860087,67100897
827860087,67100898
827860087,67100899
827860087,67100901
827860087,67100902
827860087,67100903
827860087,67100904
827860087,67100905
827860087,67100906
827860087,67100907
827860087,67100908
827860087,67100909
827860087,67100911
827860087,67100912
827860087,67100913
827860087,67100914
827860087,67100915
827860087,67100916
827860087,67100917
827860087,67100918
827860087,67100919
827860087,67100920
827860087,67100921
827860087,67100922
827860087,67100924
827860087,67100925
827860087,67100926
827860087,67100927
827860087,67100928
827860087,67100929
827860087,67100930
827860087,67100931
827860087,67100932
827860087,67100933
827860087,67100935
827860087,67100936
827860087,67100937
827860087,67100938
827860087,67100939
827860087,67100940
827860087,67100942
827860087,67100943
827860087,67100944
827860087,67100945
827860087,67100948
827860087,67100949
827860087,67100950
827860087,67100952
827860087,67100953
827860087,67100957
827860087,67100958
827860087,67100959
827860087,67100960
827860087,67100961
827860087,67100962
827860087,67100963
827860087,67100964
827860087,67100965
827860087,67100966
827860087,67100967
827860087,67100968
827860087,67100969
827860087,67100970
827860087,67100971
827860087,67100972
827860087,67100973
827860087,67100976
827860087,67100977
827860087,67100978
827860087,67100979
827860087,67100980
827860087,67100983
827860087,67100984
827860087,67100985
827860087,67100986
827860087,67100987
827860087,67100988
827860087,67100989
827860087,67100990
827860087,67100992
827860087,67100993
827860087,67100994
827860087,67100995
827860087,67100996
827860087,67100997
827860087,67100998
827860087,67100999
827860087,67101000
827860087,67101002
827860087,67101003
827860087,67101005
827860087,67101006
827860087,67101007
827860087,67101008
827860087,67101009
827860087,67101010
827860087,67101011
827860087,67101012
827860087,67101013
827860087,67101014
827860087,67101015
827860087,67101017
827860087,67101018
827860087,67101019
827860087,67101020
827860087,67101021
827860087,67101022
827860087,67101024
827860087,67101025
827860087,67101026
827860087,67101027
827860087,67101028
827860087,67101033
827860087,67101036
827860087,67101038
827860087,67101039
827860087,67101040
827860087,67101166
25663662697,131244
25663662697,131245
25663662697,67099423
25663662697,67099786
25663662697,67100043
25663662697,67100513
25663662697,67100679
25663662697,67100680
25663662697,67100681
25663662697,67100682
25663662697,67100684
25663662697,67100685
25663662697,67100688
25663662697,67100689
25663662697,67100690
25663662697,67100698
25663662697,67100699
25663662697,67100703
25663662697,67100705
25663662697,67100706
25663662697,67100707
25663662697,67100710
25663662697,67100711
25663662697,67100712
25663662697,67100713
25663662697,67100721
25663662697,67100722
25663662697,67100726
25663662697,67100729
25663662697,67100731
25663662697,67100733
25663662697,67100734
25663662697,67100740
25663662697,67100742
25663662697,67100745
25663662697,67100747
25663662697,67100748
25663662697,67100749
25663662697,67100751
25663662697,67100752
25663662697,67100757
25663662697,67100758
25663662697,67100762
25663662697,67100769
25663662697,67100770
25663662697,67100771
25663662697,67100773
25663662697,67100774
25663662697,67100777
25663662697,67100778
25663662697,67100781
25663662697,67100782
25663662697,67100791
25663662697,67100795
25663662697,67100800
25663662697,67100808
25663662697,67100818
25663662697,67100826
25663662697,67100827
25663662697,67100828
25663662697,67100830
25663662697,67100835
25663662697,67100849
25663662697,67100850
25663662697,67100851
25663662697,67100854
25663662697,67100856
25663662697,67100857
25663662697,67100858
25663662697,67100859
25663662697,67100863
25663662697,67100865
25663662697,67100868
25663662697,67100870
25663662697,67100872
25663662697,67100873
25663662697,67100875
25663662697,67100881
25663662697,67100884
25663662697,67100885
25663662697,67100886
25663662697,67100887
25663662697,67100889
25663662697,67100896
25663662697,67100900
25663662697,67100910
25663662697,67100923
25663662697,67100934
25663662697,67100941
25663662697,67100946
25663662697,67100947
25663662697,67100951
25663662697,67100954
25663662697,67100955
25663662697,67100956
25663662697,67100974
25663662697,67100975
25663662697,67100981
25663662697,67100982
25663662697,67100991
25663662697,67101001
25663662697,67101004
25663662697,67101016
25663662697,67101023
25663662697,67101029
25663662697,67101030
25663662697,67101031
25663662697,67101032
25663662697,67101034
25663662697,67101035
25663662697,67101037
25663662697,67104986
25663662697,67108628
50499465307,67099238
50499465307,67099239
50499465307,67099240
50499465307,67099241
50499465307,67099243
50499465307,67099244
50499465307,67099245
50499465307,67099248
50499465307,67099250
50499465307,67099251
50499465307,67099256
50499465307,67099257
50499465307,67099258
50499465307,67099260
50499465307,67099261
50499465307,67099262
50499465307,67099263
50499465307,67099265
50499465307,67099273
50499465307,67099274
50499465307,67099275
50499465307,67099282
50499465307,67099286
50499465307,67099287
50499465307,67099288
50499465307,67099289
50499465307,67099290
50499465307,67099292
50499465307,67099293
50499465307,67099294
50499465307,67099295
50499465307,67099296
50499465307,67099297
50499465307,67099298
50499465307,67099299
50499465307,67099301
50499465307,67099303
50499465307,67099304
50499465307,67099305
50499465307,67099306
50499465307,67099307
50499465307,67099308
50499465307,67099309
50499465307,67099310
50499465307,67099311
50499465307,67099312
50499465307,67099313
50499465307,67099314
50499465307,67099315
50499465307,67099316
50499465307,67099319
50499465307,67099320
50499465307,67099321
50499465307,67099322
50499465307,67099324
50499465307,67099326
50499465307,67099330
50499465307,67099332
50499465307,67099333
50499465307,67099334
50499465307,67099335
50499465307,67099336
50499465307,67099338
50499465307,67099339
50499465307,67099340
50499465307,67099341
50499465307,67099344
50499465307,67099345
50499465307,67099346
50499465307,67099347
50499465307,67099348
50499465307,67099349
50499465307,67099351
50499465307,67099352
50499465307,67099353
50499465307,67099354
50499465307,67099356
50499465307,67099357
50499465307,67099358
50499465307,67099364
50499465307,67099365
50499465307,67099367
50499465307,67099368
50499465307,67099369
50499465307,67099370
50499465307,67099372
50499465307,67099375
50499465307,67099376
50499465307,67099379
50499465307,67099380
50499465307,67099381
50499465307,67099384
50499465307,67099385
50499465307,67099386
50499465307,67099387
50499465307,67099388
50499465307,67099389
50499465307,67099390
50499465307,67099391
50499465307,67099392
50499465307,67099393
50499465307,67099394
50499465307,67099395
50499465307,67099398
50499465307,67099400
50499465307,67099401
50499465307,67099402
50499465307,67099403
50499465307,67099404
50499465307,67099406
50499465307,67099408
50499465307,67099409
50499465307,67099411
50499465307,67099414
50499465307,67099415
50499465307,67099416
50499465307,67099424
50499465307,67099425
50499465307,67099426
50499465307,67099428
50499465307,67099429
50499465307,67099430
50499465307,67099432
50499465307,67099433
50499465307,67099435
50499465307,67099436
50499465307,67099437
50499465307,67099438
50499465307,67099440
50499465307,67099441
50499465307,67099442
50499465307,67099443
50499465307,67099444
50499465307,67099445
50499465307,67099447
50499465307,67099448
50499465307,67099450
50499465307,67099451
50499465307,67099452
50499465307,67099453
50499465307,67099454
50499465307,67099455
50499465307,67099456
50499465307,67099457
50499465307,67099458
50499465307,67099460
50499465307,67099461
50499465307,67099462
50499465307,67099463
50499465307,67099464
50499465307,67099465
50499465307,67099466
50499465307,67099467
50499465307,67099468
50499465307,67099469
50499465307,67099470
50499465307,67099472
50499465307,67099474
50499465307,67099475
50499465307,67099476
50499465307,67099477
50499465307,67099478
50499465307,67099479
50499465307,67099480
50499465307,67099481
50499465307,67099483
50499465307,67099484
50499465307,67099485
50499465307,67099486
50499465307,67099487
50499465307,67099489
50499465307,67099492
50499465307,67099493
50499465307,67099495
50499465307,67099497
50499465307,67099498
50499465307,67099499
50499465307,67099500
50499465307,67099501
50499465307,67099503
50499465307,67099504
50499465307,67099505
50499465307,67099506
50499465307,67099507
50499465307,67099508
50499465307,67099509
50499465307,67099510
50499465307,67099511
50499465307,67099512
50499465307,67099513
50499465307,67099514
50499465307,67099515
50499465307,67099516
50499465307,67099517
50499465307,67099518
50499465307,67099519
50499465307,67099520
50499465307,67099521
50499465307,67099522
50499465307,67099523
50499465307,67099524
50499465307,67099525
50499465307,67099526
50499465307,67099527
50499465307,67099528
50499465307,67099529
50499465307,67099530
50499465307,67099531
50499465307,67099532
50499465307,67099533
50499465307,67099534
50499465307,67099535
50499465307,67099536
50499465307,67099537
50499465307,67099538
50499465307,67099540
50499465307,67099542
50499465307,67099543
50499465307,67099544
50499465307,67099545
50499465307,67099546
50499465307,67099548
50499465307,67099550
50499465307,67099551
50499465307,67099552
50499465307,67099553
50499465307,67099554
50499465307,67099555
50499465307,67099556
50499465307,67099557
50499465307,67099558
50499465307,67099559
50499465307,67099560
50499465307,67099561
50499465307,67099562
50499465307,67099563
50499465307,67099564
50499465307,67099565
50499465307,67099566
50499465307,67099567
50499465307,67099568
50499465307,67099569
50499465307,67099570
50499465307,67099571
50499465307,67099572
50499465307,67099573
50499465307,67099574
50499465307,67099575
50499465307,67099576
50499465307,67099578
50499465307,67099583
50499465307,67099584
50499465307,67106262
50499465307,67108685
75335267917,131241
75335267917,131242
75335267917,131252
75335267917,131260
75335267917,67099227
75335267917,67099228
75335267917,67099230
75335267917,67099231
75335267917,67099232
75335267917,67099233
75335267917,67099234
75335267917,67099235
75335267917,67099236
75335267917,67099237
75335267917,67099242
75335267917,67099246
75335267917,67099247
75335267917,67099249
75335267917,67099252
75335267917,67099253
75335267917,67099254
75335267917,67099255
75335267917,67099259
75335267917,67099264
75335267917,67099266
75335267917,67099267
75335267917,67099268
75335267917,67099269
75335267917,67099270
75335267917,67099271
75335267917,67099272
75335267917,67099276
75335267917,67099277
75335267917,67099279
75335267917,67099280
75335267917,67099281
75335267917,67099283
75335267917,67099284
75335267917,67099285
75335267917,67099291
75335267917,67099300
75335267917,67099302
75335267917,67099317
75335267917,67099318
75335267917,67099323
75335267917,67099325
75335267917,67099327
75335267917,67099328
75335267917,67099329
75335267917,67099331
75335267917,67099337
75335267917,67099342
75335267917,67099343
75335267917,67099350
75335267917,67099355
75335267917,67099359
75335267917,67099360
75335267917,67099361
75335267917,67099362
75335267917,67099363
75335267917,67099366
75335267917,67099371
75335267917,67099373
75335267917,67099374
75335267917,67099377
75335267917,67099378
75335267917,67099382
75335267917,67099383
75335267917,67099396
75335267917,67099397
75335267917,67099399
75335267917,67099405
75335267917,67099407
75335267917,67099410
75335267917,67099412
75335267917,67099413
75335267917,67099427
75335267917,67099431
75335267917,67099434
75335267917,67099439
75335267917,67099446
75335267917,67099449
75335267917,67099459
75335267917,67099471
75335267917,67099473
75335267917,67099482
75335267917,67099488
75335267917,67099490
75335267917,67099491
75335267917,67099494
75335267917,67099496
75335267917,67099502
75335267917,67099539
75335267917,67099541
75335267917,67099547
75335267917,67099549
75335267917,67099577
75335267917,67099579
75335267917,67099580
75335267917,67099581
75335267917,67099582
75335267917,67099585
75335267917,67099586
75335267917,67099587
75335267917,67099670
75335267917,67099748
75335267917,67099819
75335267917,67099821
75335267917,67099823
75335267917,67099824
75335267917,67099846
75335267917,67099871
75335267917,67099936
75335267917,67102560
75335267917,67105736
75335267917,67105798
75335267917,67106544
75335267917,67108512
75335267917,67108561
75335267917,67108591
75335267917,67108649
75335267917,67108662
75335267917,67108663
75335267917,67108664
75335267917,67108666
75335267917,67108667
75335267917,67108689
75335267917,67108715
75335267917,67108740
75335267917,67108748
