1379256614,134200757
1379256614,134200758
1379256614,134200759
1379256614,134200760
1379256614,134200761
1379256614,134201166
1379256614,134205161
42756955034,67231452
42756955034,67231453
42756955034,67231460
42756955034,134200199
42756955034,134200886
42756955034,134200891
42756955034,134200892
42756955034,134200894
42756955034,134200895
42756955034,134200896
42756955034,134200898
42756955034,134200899
42756955034,134200900
42756955034,134200901
42756955034,134200903
42756955034,134200904
42756955034,134200905
42756955034,134200908
42756955034,134200909
42756955034,134200911
42756955034,134200912
42756955034,134200913
42756955034,134200918
42756955034,134200921
42756955034,134200922
42756955034,134200923
42756955034,134200927
42756955034,134200929
42756955034,134200931
42756955034,134200933
42756955034,134200934
42756955034,134200935
42756955034,134200938
42756955034,134200939
42756955034,134200941
42756955034,134200945
42756955034,134200946
42756955034,134200947
42756955034,134200949
42756955034,134200950
42756955034,134200951
42756955034,134200952
42756955034,134200957
42756955034,134200958
42756955034,134200961
42756955034,134200962
42756955034,134200963
42756955034,134200965
42756955034,134200969
42756955034,134200970
42756955034,134200972
42756955034,134200973
42756955034,134200976
42756955034,134200977
42756955034,134200978
42756955034,134200979
42756955034,134200981
42756955034,134201167
42756955034,134201168
42756955034,134201169
42756955034,134201170
42756955034,134201172
42756955034,134201174
42756955034,134201175
42756955034,134201176
42756955034,134201178
42756955034,134201179
42756955034,134201181
42756955034,134201182
42756955034,134201183
42756955034,134201184
42756955034,134201185
42756955034,134201186
42756955034,134201187
42756955034,134201188
42756955034,134201189
42756955034,134201190
42756955034,134201191
42756955034,134201192
42756955034,134201193
42756955034,134201194
42756955034,134201195
42756955034,134201196
42756955034,134201197
42756955034,134201198
42756955034,134201199
42756955034,134201200
42756955034,134201202
42756955034,134201203
42756955034,134201204
42756955034,134201205
42756955034,134201206
42756955034,134201207
42756955034,134201208
42756955034,134201209
42756955034,134201210
42756955034,134201211
42756955034,134201212
42756955034,134201213
42756955034,134201214
42756955034,134201215
42756955034,134201216
42756955034,134201217
42756955034,134201218
42756955034,134201219
42756955034,134201220
42756955034,134201221
42756955034,134201222
42756955034,134201223
42756955034,134201224
42756955034,134201225
42756955034,134201226
42756955034,134201227
42756955034,134201228
42756955034,134201229
42756955034,134201230
42756955034,134201231
42756955034,134201232
42756955034,134201233
42756955034,134201234
42756955034,134201235
42756955034,134201237
42756955034,134201238
42756955034,134201240
42756955034,134201241
42756955034,134201242
42756955034,134201243
42756955034,134201244
42756955034,134201245
42756955034,134201246
42756955034,134201247
42756955034,134201248
42756955034,134201249
42756955034,134201250
42756955034,134201251
42756955034,134201252
42756955034,134201253
42756955034,134201254
42756955034,134201255
42756955034,134201256
42756955034,134201257
42756955034,134201258
42756955034,134201259
42756955034,134201260
42756955034,134201261
42756955034,134201262
42756955034,134201263
42756955034,134201264
42756955034,134201265
42756955034,134201267
42756955034,134201268
42756955034,134201269
42756955034,134201270
42756955034,134201271
42756955034,134201272
42756955034,134201273
42756955034,134201274
42756955034,134201275
42756955034,134201276
42756955034,134201277
42756955034,134201278
42756955034,134201279
42756955034,134201280
42756955034,134201281
42756955034,134201282
42756955034,134201283
42756955034,134201284
42756955034,134201285
42756955034,134201286
42756955034,134201287
42756955034,134201288
42756955034,134201289
42756955034,134201290
42756955034,134201291
42756955034,134201292
42756955034,134201293
42756955034,134201294
42756955034,134201295
42756955034,134201296
42756955034,134201297
42756955034,134201298
42756955034,134201299
42756955034,134201300
42756955034,134201301
42756955034,134201302
42756955034,134201303
42756955034,134201304
42756955034,134201305
42756955034,134201306
42756955034,134201307
42756955034,134201308
42756955034,134201309
42756955034,134201310
42756955034,134202022
42756955034,134202023
42756955034,134202024
42756955034,134202025
42756955034,134202026
42756955034,134202027
42756955034,134202028
42756955034,134202029
42756955034,134202030
42756955034,134202031
42756955034,134202033
42756955034,134202604
42756955034,134204840
42756955034,134204841
42756955034,134204842
42756955034,134204843
42756955034,134204844
42756955034,134204845
42756955034,134204846
42756955034,134204847
42756955034,134204848
42756955034,134204849
42756955034,134204850
42756955034,134204851
42756955034,134204852
42756955034,134204853
42756955034,134204854
42756955034,134204855
42756955034,134204856
42756955034,134204857
42756955034,134204858
42756955034,134204859
42756955034,134204860
42756955034,134204861
42756955034,134204862
42756955034,134204863
42756955034,134204864
42756955034,134204865
42756955034,134204866
42756955034,134204867
42756955034,134204868
42756955034,134204869
42756955034,134204870
42756955034,134204871
42756955034,134204872
42756955034,134204873
42756955034,134204874
42756955034,134204875
42756955034,134204876
42756955034,134204877
42756955034,134204878
42756955034,134204881
42756955034,134204886
42756955034,134204887
42756955034,134204888
42756955034,134204889
42756955034,134204890
42756955034,134204893
42756955034,134204895
42756955034,134204896
42756955034,134204897
42756955034,134204898
42756955034,134204899
42756955034,134204903
42756955034,134204904
42756955034,134204906
42756955034,134204907
42756955034,134204908
42756955034,134204912
42756955034,134204913
42756955034,134204916
42756955034,134204917
42756955034,134204918
42756955034,134204924
42756955034,134204925
42756955034,134204926
42756955034,134204927
42756955034,134204928
42756955034,134204929
42756955034,134204930
42756955034,134204932
42756955034,134204933
42756955034,134204934
42756955034,134204935
42756955034,134204936
42756955034,134204939
42756955034,134204940
42756955034,134204942
42756955034,134204943
42756955034,134204944
42756955034,134204945
42756955034,134204946
42756955034,134204947
42756955034,134204951
42756955034,134204952
42756955034,134204953
42756955034,134204955
42756955034,134204956
42756955034,134204957
42756955034,134204958
42756955034,134204960
42756955034,134204964
42756955034,134204965
42756955034,134204967
42756955034,134204968
42756955034,134204971
42756955034,134204972
42756955034,134204973
42756955034,134204974
42756955034,134205162
42756955034,134205163
42756955034,134205164
42756955034,134205165
42756955034,134205166
42756955034,134205167
42756955034,134205169
42756955034,134205170
42756955034,134205171
42756955034,134205173
42756955034,134205174
42756955034,134205176
42756955034,134205177
42756955034,134205178
42756955034,134205179
42756955034,134205180
42756955034,134205181
42756955034,134205182
42756955034,134205184
42756955034,134205185
42756955034,134205186
42756955034,134205187
42756955034,134205188
42756955034,134205189
42756955034,134205190
42756955034,134205191
42756955034,134205192
42756955034,134205193
42756955034,134205194
42756955034,134205195
42756955034,134205197
42756955034,134205198
42756955034,134205199
42756955034,134205200
42756955034,134205201
42756955034,134205202
42756955034,134205203
42756955034,134205204
42756955034,134205206
42756955034,134205207
42756955034,134205208
42756955034,134205209
42756955034,134205210
42756955034,134205211
42756955034,134205212
42756955034,134205213
42756955034,134205214
42756955034,134205215
42756955034,134205216
42756955034,134205217
42756955034,134205218
42756955034,134205219
42756955034,134205220
42756955034,134205221
42756955034,134205222
42756955034,134205223
42756955034,134205224
42756955034,134205225
42756955034,134205226
42756955034,134205227
42756955034,134205228
42756955034,134205229
42756955034,134205230
42756955034,134205232
42756955034,134205233
42756955034,134205235
42756955034,134205236
42756955034,134205237
42756955034,134205238
42756955034,134205239
42756955034,134205240
42756955034,134205241
42756955034,134205242
42756955034,134205243
42756955034,134205244
42756955034,134205245
42756955034,134205246
42756955034,134205248
42756955034,134205249
42756955034,134205250
42756955034,134205251
42756955034,134205252
42756955034,134205253
42756955034,134205254
42756955034,134205256
42756955034,134205257
42756955034,134205258
42756955034,134205259
42756955034,134205260
42756955034,134205261
42756955034,134205262
42756955034,134205263
42756955034,134205264
42756955034,134205265
42756955034,134205266
42756955034,134205267
42756955034,134205268
42756955034,134205269
42756955034,134205270
42756955034,134205271
42756955034,134205272
42756955034,134205273
42756955034,134205274
42756955034,134205275
42756955034,134205276
42756955034,134205277
42756955034,134205278
42756955034,134205279
42756955034,134205280
42756955034,134205281
42756955034,134205282
42756955034,134205283
42756955034,134205284
42756955034,134205285
42756955034,134205286
42756955034,134205287
42756955034,134205288
42756955034,134205289
42756955034,134205290
42756955034,134205291
42756955034,134205292
42756955034,134205293
42756955034,134205294
42756955034,134205295
42756955034,134205296
42756955034,134205297
42756955034,134205298
42756955034,134205299
42756955034,134205300
42756955034,134205301
42756955034,134205302
42756955034,134205303
42756955034,134205304
42756955034,134205305
42756955034,134206017
42756955034,134206018
42756955034,134206019
42756955034,134206020
42756955034,134206021
42756955034,134206022
42756955034,134206023
42756955034,134206024
42756955034,134206025
42756955034,134206026
42756955034,134206027
42756955034,134206028
42756955034,134208835
42756955034,134208836
42756955034,134208837
42756955034,134208838
42756955034,134208839
42756955034,134208841
42756955034,134208842
42756955034,134208843
42756955034,134208844
42756955034,134208845
42756955034,134208846
42756955034,134208847
42756955034,134208848
42756955034,134208849
42756955034,134208850
42756955034,134208851
42756955034,134208852
42756955034,134208853
42756955034,134208854
42756955034,134208855
42756955034,134208856
42756955034,134208857
42756955034,134208858
42756955034,134208859
42756955034,134208860
42756955034,134208861
42756955034,134208862
42756955034,134208863
42756955034,134208864
42756955034,134208865
42756955034,134208866
42756955034,134208867
42756955034,134208868
42756955034,134208869
42756955034,134208870
42756955034,134208871
42756955034,134208872
42756955034,134208874
42756955034,134208974
42756955034,134208976
42756955034,134208977
42756955034,134208978
42756955034,134208979
42756955034,134208981
42756955034,134208982
42756955034,134208983
42756955034,134208984
42756955034,134208985
42756955034,134208986
42756955034,134208987
42756955034,134208988
42756955034,134208989
42756955034,134208990
42756955034,134208991
42756955034,134208992
42756955034,134208993
42756955034,134208994
42756955034,134208995
42756955034,134208996
42756955034,134208997
42756955034,134208998
42756955034,134208999
42756955034,134209000
42756955034,134209001
84134653454,134199489
84134653454,134200226
84134653454,134203271
84134653454,134203272
84134653454,134203274
84134653454,134203275
84134653454,134203276
84134653454,134203277
84134653454,134203278
84134653454,134203279
84134653454,134203280
84134653454,134203282
84134653454,134203283
84134653454,134203285
84134653454,134203287
84134653454,134203288
84134653454,134203289
84134653454,134203290
84134653454,134203291
84134653454,134203293
84134653454,134203294
84134653454,134203295
84134653454,134203296
84134653454,134203298
84134653454,134203299
84134653454,134203302
84134653454,134203304
84134653454,134203305
84134653454,134203307
84134653454,134203308
84134653454,134203309
84134653454,134203310
84134653454,134203311
84134653454,134203312
84134653454,134203313
84134653454,134203314
84134653454,134203315
84134653454,134203317
84134653454,134203319
84134653454,134203320
84134653454,134203321
84134653454,134203322
84134653454,134203324
84134653454,134203325
84134653454,134203327
84134653454,134203328
84134653454,134203329
84134653454,134203331
84134653454,134203332
84134653454,134203334
84134653454,134203335
84134653454,134203338
84134653454,134203340
84134653454,134203341
84134653454,134203342
84134653454,134203343
84134653454,134203345
84134653454,134203346
84134653454,134203347
84134653454,134203348
84134653454,134203349
84134653454,134203350
84134653454,134203352
84134653454,134203353
84134653454,134203354
84134653454,134203356
84134653454,134203358
84134653454,134203359
84134653454,134203360
84134653454,134203361
84134653454,134203362
84134653454,134203364
84134653454,134203366
84134653454,134203367
84134653454,134203368
84134653454,134203370
84134653454,134203371
84134653454,134203372
84134653454,134203373
84134653454,134203375
84134653454,134203376
84134653454,134203377
84134653454,134203378
84134653454,134203379
84134653454,134203382
84134653454,134203384
84134653454,134203385
84134653454,134203386
84134653454,134203388
84134653454,134203389
84134653454,134203391
84134653454,134203393
84134653454,134203394
84134653454,134203395
84134653454,134203396
84134653454,134203397
84134653454,134203398
84134653454,134203399
84134653454,134203400
84134653454,134203401
84134653454,134203403
84134653454,134203404
84134653454,134203405
84134653454,134203406
84134653454,134203408
84134653454,134203409
84134653454,134203410
84134653454,134203413
84134653454,134203414
84134653454,134203415
84134653454,134203416
84134653454,134203417
84134653454,134203418
84134653454,134203420
84134653454,134203421
84134653454,134203422
84134653454,134203423
84134653454,134203424
84134653454,134203425
84134653454,134203427
84134653454,134203428
84134653454,134203429
84134653454,134203430
84134653454,134203431
84134653454,134203432
84134653454,134203434
84134653454,134203436
84134653454,134203438
84134653454,134203439
84134653454,134203440
84134653454,134203442
84134653454,134203443
84134653454,134203444
84134653454,134203445
84134653454,134203448
84134653454,134203449
84134653454,134203450
84134653454,134203451
84134653454,134203452
84134653454,134203453
84134653454,134203454
84134653454,134203456
84134653454,134203457
84134653454,134203458
84134653454,134203459
84134653454,134203462
84134653454,134203463
84134653454,134203464
84134653454,134203465
84134653454,134203466
84134653454,134203467
84134653454,134203468
84134653454,134203469
84134653454,134203470
84134653454,134203471
84134653454,134203473
84134653454,134203474
84134653454,134203475
84134653454,134203476
84134653454,134203477
84134653454,134203479
84134653454,134203480
84134653454,134203481
84134653454,134203482
84134653454,134203483
84134653454,134203485
84134653454,134203486
84134653454,134203487
84134653454,134203488
84134653454,134203489
84134653454,134203491
84134653454,134203492
84134653454,134203494
84134653454,134203495
84134653454,134203497
84134653454,134203498
84134653454,134203499
84134653454,134203500
84134653454,134203501
84134653454,134203502
84134653454,134203506
84134653454,134203508
84134653454,134203509
84134653454,134203510
84134653454,134203511
84134653454,134203512
84134653454,134203513
84134653454,134203514
84134653454,134203515
84134653454,134203516
84134653454,134203517
84134653454,134203518
84134653454,134203519
84134653454,134203520
84134653454,134203521
84134653454,134203522
84134653454,134203523
84134653454,134203524
84134653454,134203525
84134653454,134203526
84134653454,134203527
84134653454,134203528
84134653454,134203529
84134653454,134203530
84134653454,134203531
84134653454,134203532
84134653454,134203533
84134653454,134203534
84134653454,134203535
84134653454,134203536
84134653454,134203537
84134653454,134203538
84134653454,134203539
84134653454,134203540
84134653454,134203541
84134653454,134203542
84134653454,134203543
84134653454,134203544
84134653454,134203545
84134653454,134203546
84134653454,134203547
84134653454,134203548
84134653454,134203549
84134653454,134203550
84134653454,134203551
84134653454,134203552
84134653454,134203553
84134653454,134203554
84134653454,134203555
84134653454,134203556
84134653454,134203557
84134653454,134203558
84134653454,134203559
84134653454,134203560
84134653454,134203561
84134653454,134203562
84134653454,134203563
84134653454,134203564
84134653454,134203565
84134653454,134203566
84134653454,134203567
84134653454,134203568
84134653454,134203569
84134653454,134203570
84134653454,134203571
84134653454,134203572
84134653454,134203573
84134653454,134203574
84134653454,134203575
84134653454,134203576
84134653454,134203577
84134653454,134203578
84134653454,134203579
84134653454,134207266
84134653454,134207267
84134653454,134207268
84134653454,134207269
84134653454,134207270
84134653454,134207272
84134653454,134207273
84134653454,134207275
84134653454,134207276
84134653454,134207277
84134653454,134207280
84134653454,134207281
84134653454,134207282
84134653454,134207283
84134653454,134207284
84134653454,134207285
84134653454,134207286
84134653454,134207288
84134653454,134207289
84134653454,134207290
84134653454,134207291
84134653454,134207293
84134653454,134207294
84134653454,134207296
84134653454,134207297
84134653454,134207298
84134653454,134207299
84134653454,134207300
84134653454,134207302
84134653454,134207303
84134653454,134207304
84134653454,134207305
84134653454,134207306
84134653454,134207307
84134653454,134207308
84134653454,134207309
84134653454,134207310
84134653454,134207311
84134653454,134207312
84134653454,134207314
84134653454,134207315
84134653454,134207316
84134653454,134207317
84134653454,134207318
84134653454,134207319
84134653454,134207320
84134653454,134207322
84134653454,134207323
84134653454,134207324
84134653454,134207325
84134653454,134207326
84134653454,134207327
84134653454,134207329
84134653454,134207330
84134653454,134207332
84134653454,134207333
84134653454,134207335
84134653454,134207336
84134653454,134207337
84134653454,134207338
84134653454,134207340
84134653454,134207341
84134653454,134207342
84134653454,134207343
84134653454,134207344
84134653454,134207345
84134653454,134207347
84134653454,134207348
84134653454,134207349
84134653454,134207351
84134653454,134207352
84134653454,134207353
84134653454,134207354
84134653454,134207356
84134653454,134207357
84134653454,134207358
84134653454,134207359
84134653454,134207362
84134653454,134207364
84134653454,134207365
84134653454,134207366
84134653454,134207369
84134653454,134207370
84134653454,134207372
84134653454,134207373
84134653454,134207374
84134653454,134207375
84134653454,134207377
84134653454,134207378
84134653454,134207379
84134653454,134207381
84134653454,134207382
84134653454,134207383
84134653454,134207386
84134653454,134207387
84134653454,134207388
84134653454,134207389
84134653454,134207390
84134653454,134207392
84134653454,134207393
84134653454,134207394
84134653454,134207395
84134653454,134207396
84134653454,134207398
84134653454,134207399
84134653454,134207400
84134653454,134207401
84134653454,134207403
84134653454,134207404
84134653454,134207405
84134653454,134207408
84134653454,134207409
84134653454,134207410
84134653454,134207411
84134653454,134207412
84134653454,134207415
84134653454,134207416
84134653454,134207417
84134653454,134207418
84134653454,134207419
84134653454,134207420
84134653454,134207421
84134653454,134207422
84134653454,134207424
84134653454,134207425
84134653454,134207426
84134653454,134207427
84134653454,134207429
84134653454,134207430
84134653454,134207431
84134653454,134207432
84134653454,134207433
84134653454,134207434
84134653454,134207435
84134653454,134207437
84134653454,134207438
84134653454,134207439
84134653454,134207440
84134653454,134207443
84134653454,134207444
84134653454,134207447
84134653454,134207449
84134653454,134207451
84134653454,134207452
84134653454,134207453
84134653454,134207454
84134653454,134207456
84134653454,134207457
84134653454,134207458
84134653454,134207459
84134653454,134207460
84134653454,134207462
84134653454,134207463
84134653454,134207464
84134653454,134207465
84134653454,134207466
84134653454,134207467
84134653454,134207468
84134653454,134207469
84134653454,134207470
84134653454,134207471
84134653454,134207472
84134653454,134207474
84134653454,134207475
84134653454,134207476
84134653454,134207477
84134653454,134207478
84134653454,134207480
84134653454,134207481
84134653454,134207482
84134653454,134207483
84134653454,134207484
84134653454,134207486
84134653454,134207487
84134653454,134207489
84134653454,134207490
84134653454,134207492
84134653454,134207493
84134653454,134207494
84134653454,134207495
84134653454,134207496
84134653454,134207497
84134653454,134207499
84134653454,134207501
84134653454,134207502
84134653454,134207503
84134653454,134207504
84134653454,134207505
84134653454,134207506
84134653454,134207507
84134653454,134207508
84134653454,134207509
84134653454,134207510
84134653454,134207511
84134653454,134207512
84134653454,134207513
84134653454,134207514
84134653454,134207515
84134653454,134207516
84134653454,134207517
84134653454,134207518
84134653454,134207519
84134653454,134207520
84134653454,134207521
84134653454,134207522
84134653454,134207523
84134653454,134207524
84134653454,134207525
84134653454,134207526
84134653454,134207527
84134653454,134207528
84134653454,134207529
84134653454,134207530
84134653454,134207531
84134653454,134207532
84134653454,134207533
84134653454,134207534
84134653454,134207535
84134653454,134207536
84134653454,134207537
84134653454,134207538
84134653454,134207539
84134653454,134207540
84134653454,134207541
84134653454,134207542
84134653454,134207543
84134653454,134207544
84134653454,134207545
84134653454,134207546
84134653454,134207547
84134653454,134207548
84134653454,134207549
84134653454,134207550
84134653454,134207551
84134653454,134207552
84134653454,134207553
84134653454,134207554
84134653454,134207555
84134653454,134207556
84134653454,134207557
84134653454,134207558
84134653454,134207559
84134653454,134207560
84134653454,134207561
84134653454,134207562
84134653454,134207563
84134653454,134207564
84134653454,134207565
84134653454,134207566
84134653454,134207567
84134653454,134207568
84134653454,134207569
84134653454,134207570
84134653454,134207571
84134653454,134207572
84134653454,134207573
84134653454,134207574
84134653454,134208875
125512351874,134202109
125512351874,134202110
125512351874,134202111
125512351874,134202112
125512351874,134202113
125512351874,134202118
125512351874,134202119
125512351874,134202123
125512351874,134202124
125512351874,134202125
125512351874,134202126
125512351874,134202128
125512351874,134202131
125512351874,134202134
125512351874,134202135
125512351874,134202136
125512351874,134202138
125512351874,134202139
125512351874,134202140
125512351874,134202143
125512351874,134202144
125512351874,134202146
125512351874,134202147
125512351874,134202149
125512351874,134202150
125512351874,134202152
125512351874,134202153
125512351874,134202154
125512351874,134202155
125512351874,134202158
125512351874,134202159
125512351874,134202160
125512351874,134202161
125512351874,134202162
125512351874,134202163
125512351874,134202165
125512351874,134202166
125512351874,134202169
125512351874,134202171
125512351874,134202172
125512351874,134202173
125512351874,134202175
125512351874,134202176
125512351874,134202179
125512351874,134202181
125512351874,134202182
125512351874,134202185
125512351874,134202186
125512351874,134202187
125512351874,134202189
125512351874,134202190
125512351874,134202192
125512351874,134202194
125512351874,134202195
125512351874,134202196
125512351874,134202198
125512351874,134202199
125512351874,134202201
125512351874,134202202
125512351874,134202203
125512351874,134202204
125512351874,134202209
125512351874,134202211
125512351874,134202213
125512351874,134202215
125512351874,134202218
125512351874,134202219
125512351874,134202221
125512351874,134202223
125512351874,134202224
125512351874,134202226
125512351874,134202227
125512351874,134202229
125512351874,134202230
125512351874,134202231
125512351874,134202232
125512351874,134202233
125512351874,134202235
125512351874,134202237
125512351874,134202238
125512351874,134202241
125512351874,134202242
125512351874,134202243
125512351874,134202244
125512351874,134202246
125512351874,134202247
125512351874,134202249
125512351874,134202250
125512351874,134202253
125512351874,134202254
125512351874,134202256
125512351874,134202258
125512351874,134202259
125512351874,134202260
125512351874,134202263
125512351874,134202264
125512351874,134202265
125512351874,134202268
125512351874,134202269
125512351874,134202272
125512351874,134202273
125512351874,134202277
125512351874,134202278
125512351874,134202280
125512351874,134202281
125512351874,134202284
125512351874,134202285
125512351874,134202286
125512351874,134202287
125512351874,134202288
125512351874,134202289
125512351874,134202291
125512351874,134202292
125512351874,134202293
125512351874,134202294
125512351874,134202295
125512351874,134202297
125512351874,134202298
125512351874,134202299
125512351874,134202300
125512351874,134202301
125512351874,134202302
125512351874,134202305
125512351874,134202306
125512351874,134202307
125512351874,134202308
125512351874,134202309
125512351874,134202310
125512351874,134202311
125512351874,134202312
125512351874,134202314
125512351874,134202315
125512351874,134202317
125512351874,134202319
125512351874,134202320
125512351874,134202323
125512351874,134202324
125512351874,134202326
125512351874,134202328
125512351874,134202329
125512351874,134202330
125512351874,134202331
125512351874,134202333
125512351874,134202334
125512351874,134202336
125512351874,134202338
125512351874,134202339
125512351874,134202340
125512351874,134202343
125512351874,134202344
125512351874,134202345
125512351874,134202346
125512351874,134202347
125512351874,134202348
125512351874,134202352
125512351874,134202353
125512351874,134202355
125512351874,134202357
125512351874,134202358
125512351874,134202360
125512351874,134202361
125512351874,134202362
125512351874,134202363
125512351874,134202364
125512351874,134202365
125512351874,134202367
125512351874,134202368
125512351874,134202369
125512351874,134202370
125512351874,134202372
125512351874,134202376
125512351874,134202377
125512351874,134202378
125512351874,134202379
125512351874,134202380
125512351874,134202385
125512351874,134202386
125512351874,134202387
125512351874,134202388
125512351874,134206104
125512351874,134206105
125512351874,134206106
125512351874,134206107
125512351874,134206108
125512351874,134206113
125512351874,134206115
125512351874,134206119
125512351874,134206120
125512351874,134206121
125512351874,134206123
125512351874,134206126
125512351874,134206129
125512351874,134206130
125512351874,134206133
125512351874,134206134
125512351874,134206135
125512351874,134206136
125512351874,134206138
125512351874,134206139
125512351874,134206141
125512351874,134206144
125512351874,134206145
125512351874,134206147
125512351874,134206148
125512351874,134206149
125512351874,134206150
125512351874,134206153
125512351874,134206154
125512351874,134206155
125512351874,134206156
125512351874,134206157
125512351874,134206158
125512351874,134206159
125512351874,134206160
125512351874,134206161
125512351874,134206164
125512351874,134206165
125512351874,134206166
125512351874,134206167
125512351874,134206170
125512351874,134206171
125512351874,134206173
125512351874,134206174
125512351874,134206176
125512351874,134206177
125512351874,134206180
125512351874,134206181
125512351874,134206184
125512351874,134206187
125512351874,134206188
125512351874,134206189
125512351874,134206190
125512351874,134206191
125512351874,134206193
125512351874,134206194
125512351874,134206195
125512351874,134206196
125512351874,134206198
125512351874,134206199
125512351874,134206204
125512351874,134206206
125512351874,134206208
125512351874,134206210
125512351874,134206212
125512351874,134206213
125512351874,134206215
125512351874,134206218
125512351874,134206219
125512351874,134206221
125512351874,134206222
125512351874,134206224
125512351874,134206225
125512351874,134206226
125512351874,134206228
125512351874,134206231
125512351874,134206232
125512351874,134206233
125512351874,134206236
125512351874,134206237
125512351874,134206238
125512351874,134206239
125512351874,134206241
125512351874,134206242
125512351874,134206244
125512351874,134206246
125512351874,134206248
125512351874,134206249
125512351874,134206251
125512351874,134206253
125512351874,134206254
125512351874,134206255
125512351874,134206258
125512351874,134206259
125512351874,134206262
125512351874,134206263
125512351874,134206264
125512351874,134206267
125512351874,134206272
125512351874,134206273
125512351874,134206275
125512351874,134206276
125512351874,134206279
125512351874,134206280
125512351874,134206281
125512351874,134206282
125512351874,134206284
125512351874,134206286
125512351874,134206287
125512351874,134206288
125512351874,134206289
125512351874,134206290
125512351874,134206291
125512351874,134206292
125512351874,134206293
125512351874,134206294
125512351874,134206295
125512351874,134206296
125512351874,134206297
125512351874,134206300
125512351874,134206302
125512351874,134206303
125512351874,134206304
125512351874,134206305
125512351874,134206306
125512351874,134206307
125512351874,134206310
125512351874,134206311
125512351874,134206314
125512351874,134206318
125512351874,134206319
125512351874,134206323
125512351874,134206324
125512351874,134206325
125512351874,134206327
125512351874,134206329
125512351874,134206330
125512351874,134206331
125512351874,134206333
125512351874,134206334
125512351874,134206335
125512351874,134206338
125512351874,134206339
125512351874,134206340
125512351874,134206341
125512351874,134206342
125512351874,134206343
125512351874,134206346
125512351874,134206347
125512351874,134206348
125512351874,134206349
125512351874,134206350
125512351874,134206352
125512351874,134206353
125512351874,134206354
125512351874,134206355
125512351874,134206357
125512351874,134206358
125512351874,134206359
125512351874,134206362
125512351874,134206363
125512351874,134206364
125512351874,134206365
125512351874,134206367
125512351874,134206371
125512351874,134206372
125512351874,134206373
125512351874,134206374
125512351874,134206375
125512351874,134206379
125512351874,134206381
125512351874,134206382
