732856447,134200812
732856447,134200813
732856447,134200814
732856447,134200815
732856447,134201001
732856447,134204996
22718549857,67231459
22718549857,67231467
22718549857,134200141
22718549857,134204069
22718549857,134204090
22718549857,134204093
22718549857,134204095
22718549857,134204096
22718549857,134204100
22718549857,134204101
22718549857,134204109
22718549857,134204111
22718549857,134204113
22718549857,134204116
22718549857,134204117
22718549857,134204118
22718549857,134204119
22718549857,134204120
22718549857,134204121
22718549857,134204122
22718549857,134204123
22718549857,134204124
22718549857,134204125
22718549857,134204126
22718549857,134204127
22718549857,134204130
22718549857,134204131
22718549857,134204132
22718549857,134204133
22718549857,134204134
22718549857,134204135
22718549857,134204136
22718549857,134204137
22718549857,134204138
22718549857,134204139
22718549857,134204140
22718549857,134204141
22718549857,134204142
22718549857,134204143
22718549857,134204144
22718549857,134204148
22718549857,134204150
22718549857,134204151
22718549857,134204152
22718549857,134204153
22718549857,134204154
22718549857,134204155
22718549857,134204156
22718549857,134204160
22718549857,134204161
22718549857,134204162
22718549857,134204165
22718549857,134204168
22718549857,134204169
22718549857,134204170
22718549857,134204171
22718549857,134204172
22718549857,134204173
22718549857,134204174
22718549857,134204176
22718549857,134204177
22718549857,134204179
22718549857,134204180
22718549857,134204181
22718549857,134204182
22718549857,134204183
22718549857,134204184
22718549857,134204185
22718549857,134204187
22718549857,134204188
22718549857,134204189
22718549857,134204190
22718549857,134204191
22718549857,134204192
22718549857,134204193
22718549857,134204195
22718549857,134204196
22718549857,134204197
22718549857,134204198
22718549857,134204200
22718549857,134204201
22718549857,134204202
22718549857,134204203
22718549857,134204206
22718549857,134204207
22718549857,134204208
22718549857,134204209
22718549857,134204210
22718549857,134204211
22718549857,134204212
22718549857,134204213
22718549857,134204214
22718549857,134204215
22718549857,134204216
22718549857,134204217
22718549857,134204218
22718549857,134204219
22718549857,134204220
22718549857,134204221
22718549857,134204222
22718549857,134204224
22718549857,134204225
22718549857,134204227
22718549857,134204228
22718549857,134204229
22718549857,134204230
22718549857,134204231
22718549857,134204232
22718549857,134204233
22718549857,134204234
22718549857,134204235
22718549857,134204237
22718549857,134204238
22718549857,134204239
22718549857,134204240
22718549857,134204241
22718549857,134204242
22718549857,134204243
22718549857,134204244
22718549857,134204245
22718549857,134204247
22718549857,134204248
22718549857,134204250
22718549857,134204251
22718549857,134204252
22718549857,134204253
22718549857,134204254
22718549857,134204255
22718549857,134204257
22718549857,134204258
22718549857,134204259
22718549857,134204260
22718549857,134204261
22718549857,134204264
22718549857,134204265
22718549857,134204269
22718549857,134204270
22718549857,134204271
22718549857,134204273
22718549857,134204274
22718549857,134204275
22718549857,134204276
22718549857,134204277
22718549857,134204278
22718549857,134204279
22718549857,134204281
22718549857,134204282
22718549857,134204283
22718549857,134204284
22718549857,134204285
22718549857,134204288
22718549857,134204289
22718549857,134204293
22718549857,134204294
22718549857,134204295
22718549857,134204296
22718549857,134204297
22718549857,134204298
22718549857,134204299
22718549857,134204303
22718549857,134204304
22718549857,134204305
22718549857,134204306
22718549857,134204307
22718549857,134204312
22718549857,134204313
22718549857,134204314
22718549857,134204315
22718549857,134204316
22718549857,134204320
22718549857,134204321
22718549857,134204322
22718549857,134204325
22718549857,134204326
22718549857,134204327
22718549857,134204328
22718549857,134204329
22718549857,134204330
22718549857,134204332
22718549857,134204333
22718549857,134204335
22718549857,134204336
22718549857,134204337
22718549857,134204339
22718549857,134204340
22718549857,134204342
22718549857,134204343
22718549857,134204344
22718549857,134204349
22718549857,134204350
22718549857,134204351
22718549857,134204352
22718549857,134204353
22718549857,134204354
22718549857,134204356
22718549857,134204357
22718549857,134204358
22718549857,134204359
22718549857,134204360
22718549857,134204361
22718549857,134204362
22718549857,134204363
22718549857,134204364
22718549857,134204365
22718549857,134204366
22718549857,134204367
22718549857,134204368
22718549857,134204371
22718549857,134204372
22718549857,134204373
22718549857,134204374
22718549857,134204375
22718549857,134204376
22718549857,134204377
22718549857,134204378
22718549857,134204380
22718549857,134204381
22718549857,134204382
22718549857,134204383
22718549857,134204384
22718549857,134204385
22718549857,134204386
22718549857,134204387
22718549857,134204388
22718549857,134204389
22718549857,134204390
22718549857,134204391
22718549857,134204392
22718549857,134204393
22718549857,134204394
22718549857,134204395
22718549857,134204396
22718549857,134204397
22718549857,134204398
22718549857,134204399
22718549857,134204400
22718549857,134204401
22718549857,134204402
22718549857,134204403
22718549857,134204405
22718549857,134204406
22718549857,134204407
22718549857,134204408
22718549857,134204409
22718549857,134204410
22718549857,134204411
22718549857,134204412
22718549857,134204413
22718549857,134204414
22718549857,134204416
22718549857,134204417
22718549857,134204419
22718549857,134204420
22718549857,134204421
22718549857,134204422
22718549857,134204423
22718549857,134204425
22718549857,134208064
22718549857,134208084
22718549857,134208085
22718549857,134208087
22718549857,134208088
22718549857,134208089
22718549857,134208090
22718549857,134208095
22718549857,134208096
22718549857,134208104
22718549857,134208105
22718549857,134208107
22718549857,134208108
22718549857,134208111
22718549857,134208112
22718549857,134208113
22718549857,134208114
22718549857,134208116
22718549857,134208117
22718549857,134208118
22718549857,134208119
22718549857,134208120
22718549857,134208121
22718549857,134208123
22718549857,134208125
22718549857,134208126
22718549857,134208127
22718549857,134208128
22718549857,134208129
22718549857,134208130
22718549857,134208131
22718549857,134208132
22718549857,134208133
22718549857,134208134
22718549857,134208135
22718549857,134208136
22718549857,134208137
22718549857,134208138
22718549857,134208139
22718549857,134208142
22718549857,134208144
22718549857,134208145
22718549857,134208146
22718549857,134208147
22718549857,134208148
22718549857,134208149
22718549857,134208150
22718549857,134208151
22718549857,134208154
22718549857,134208156
22718549857,134208157
22718549857,134208160
22718549857,134208163
22718549857,134208164
22718549857,134208165
22718549857,134208166
22718549857,134208167
22718549857,134208168
22718549857,134208169
22718549857,134208171
22718549857,134208172
22718549857,134208173
22718549857,134208174
22718549857,134208175
22718549857,134208177
22718549857,134208178
22718549857,134208179
22718549857,134208182
22718549857,134208183
22718549857,134208184
22718549857,134208185
22718549857,134208186
22718549857,134208187
22718549857,134208188
22718549857,134208189
22718549857,134208190
22718549857,134208192
22718549857,134208195
22718549857,134208196
22718549857,134208197
22718549857,134208198
22718549857,134208201
22718549857,134208203
22718549857,134208204
22718549857,134208205
22718549857,134208206
22718549857,134208207
22718549857,134208208
22718549857,134208209
22718549857,134208210
22718549857,134208211
22718549857,134208213
22718549857,134208214
22718549857,134208215
22718549857,134208216
22718549857,134208217
22718549857,134208219
22718549857,134208221
22718549857,134208222
22718549857,134208223
22718549857,134208224
22718549857,134208226
22718549857,134208227
22718549857,134208228
22718549857,134208229
22718549857,134208231
22718549857,134208232
22718549857,134208233
22718549857,134208234
22718549857,134208235
22718549857,134208236
22718549857,134208237
22718549857,134208238
22718549857,134208239
22718549857,134208242
22718549857,134208243
22718549857,134208245
22718549857,134208246
22718549857,134208247
22718549857,134208248
22718549857,134208249
22718549857,134208250
22718549857,134208252
22718549857,134208253
22718549857,134208254
22718549857,134208255
22718549857,134208256
22718549857,134208258
22718549857,134208259
22718549857,134208260
22718549857,134208265
22718549857,134208267
22718549857,134208268
22718549857,134208269
22718549857,134208270
22718549857,134208271
22718549857,134208272
22718549857,134208273
22718549857,134208274
22718549857,134208275
22718549857,134208276
22718549857,134208277
22718549857,134208278
22718549857,134208279
22718549857,134208280
22718549857,134208283
22718549857,134208284
22718549857,134208285
22718549857,134208288
22718549857,134208289
22718549857,134208290
22718549857,134208291
22718549857,134208293
22718549857,134208294
22718549857,134208299
22718549857,134208300
22718549857,134208301
22718549857,134208302
22718549857,134208304
22718549857,134208305
22718549857,134208307
22718549857,134208308
22718549857,134208309
22718549857,134208310
22718549857,134208311
22718549857,134208315
22718549857,134208316
22718549857,134208317
22718549857,134208320
22718549857,134208321
22718549857,134208322
22718549857,134208323
22718549857,134208324
22718549857,134208327
22718549857,134208328
22718549857,134208330
22718549857,134208331
22718549857,134208332
22718549857,134208334
22718549857,134208337
22718549857,134208338
22718549857,134208339
22718549857,134208344
22718549857,134208345
22718549857,134208346
22718549857,134208347
22718549857,134208348
22718549857,134208349
22718549857,134208351
22718549857,134208352
22718549857,134208353
22718549857,134208354
22718549857,134208355
22718549857,134208356
22718549857,134208357
22718549857,134208358
22718549857,134208359
22718549857,134208360
22718549857,134208361
22718549857,134208362
22718549857,134208363
22718549857,134208365
22718549857,134208366
22718549857,134208367
22718549857,134208368
22718549857,134208369
22718549857,134208370
22718549857,134208371
22718549857,134208372
22718549857,134208373
22718549857,134208375
22718549857,134208376
22718549857,134208377
22718549857,134208378
22718549857,134208379
22718549857,134208380
22718549857,134208381
22718549857,134208382
22718549857,134208383
22718549857,134208384
22718549857,134208385
22718549857,134208386
22718549857,134208387
22718549857,134208388
22718549857,134208389
22718549857,134208390
22718549857,134208391
22718549857,134208392
22718549857,134208393
22718549857,134208394
22718549857,134208395
22718549857,134208396
22718549857,134208397
22718549857,134208398
22718549857,134208400
22718549857,134208401
22718549857,134208402
22718549857,134208403
22718549857,134208404
22718549857,134208405
22718549857,134208406
22718549857,134208407
22718549857,134208408
22718549857,134208409
22718549857,134208411
22718549857,134208412
22718549857,134208414
22718549857,134208415
22718549857,134208416
22718549857,134208417
22718549857,134208419
22718549857,134208420
22718549857,134208975
22718549857,134208976
22718549857,134208977
44704243267,67231452
44704243267,67231460
44704243267,67231466
44704243267,67231468
44704243267,134200167
44704243267,134200885
44704243267,134200888
44704243267,134200889
44704243267,134200890
44704243267,134200891
44704243267,134200892
44704243267,134200895
44704243267,134200896
44704243267,134200898
44704243267,134200899
44704243267,134200900
44704243267,134200901
44704243267,134200902
44704243267,134200903
44704243267,134200904
44704243267,134200905
44704243267,134200906
44704243267,134200907
44704243267,134200908
44704243267,134200910
44704243267,134200911
44704243267,134200913
44704243267,134200914
44704243267,134200915
44704243267,134200916
44704243267,134200917
44704243267,134200918
44704243267,134200919
44704243267,134200920
44704243267,134200921
44704243267,134200922
44704243267,134200923
44704243267,134200924
44704243267,134200925
44704243267,134200926
44704243267,134200927
44704243267,134200928
44704243267,134200929
44704243267,134200931
44704243267,134200932
44704243267,134200933
44704243267,134200934
44704243267,134200937
44704243267,134200939
44704243267,134200940
44704243267,134200941
44704243267,134200942
44704243267,134200943
44704243267,134200944
44704243267,134200945
44704243267,134200946
44704243267,134200948
44704243267,134200949
44704243267,134200950
44704243267,134200951
44704243267,134200952
44704243267,134200953
44704243267,134200954
44704243267,134200955
44704243267,134200956
44704243267,134200958
44704243267,134200959
44704243267,134200961
44704243267,134200962
44704243267,134200964
44704243267,134200965
44704243267,134204114
44704243267,134204194
44704243267,134204427
44704243267,134204429
44704243267,134204431
44704243267,134204434
44704243267,134204435
44704243267,134204437
44704243267,134204443
44704243267,134204448
44704243267,134204459
44704243267,134204462
44704243267,134204463
44704243267,134204464
44704243267,134204467
44704243267,134204473
44704243267,134204479
44704243267,134204488
44704243267,134204495
44704243267,134204497
44704243267,134204498
44704243267,134204503
44704243267,134204508
44704243267,134204515
44704243267,134204516
44704243267,134204517
44704243267,134204518
44704243267,134204523
44704243267,134204528
44704243267,134204529
44704243267,134204533
44704243267,134204535
44704243267,134204539
44704243267,134204542
44704243267,134204544
44704243267,134204545
44704243267,134204547
44704243267,134204550
44704243267,134204551
44704243267,134204565
44704243267,134204568
44704243267,134204569
44704243267,134204571
44704243267,134204584
44704243267,134204589
44704243267,134204590
44704243267,134204594
44704243267,134204595
44704243267,134204597
44704243267,134204599
44704243267,134204600
44704243267,134204605
44704243267,134204607
44704243267,134204608
44704243267,134204615
44704243267,134204616
44704243267,134204621
44704243267,134204624
44704243267,134204626
44704243267,134204627
44704243267,134204631
44704243267,134204634
44704243267,134204635
44704243267,134204643
44704243267,134204653
44704243267,134204654
44704243267,134204655
44704243267,134204657
44704243267,134204660
44704243267,134204661
44704243267,134204662
44704243267,134204664
44704243267,134204665
44704243267,134204673
44704243267,134204678
44704243267,134204679
44704243267,134204681
44704243267,134204690
44704243267,134204701
44704243267,134204707
44704243267,134204710
44704243267,134204711
44704243267,134204712
44704243267,134204713
44704243267,134204720
44704243267,134204721
44704243267,134204722
44704243267,134204730
44704243267,134204732
44704243267,134204734
44704243267,134204739
44704243267,134204744
44704243267,134204747
44704243267,134204750
44704243267,134204755
44704243267,134204758
44704243267,134204761
44704243267,134204764
44704243267,134204767
44704243267,134204768
44704243267,134204773
44704243267,134204776
44704243267,134204777
44704243267,134204778
44704243267,134204779
44704243267,134204781
44704243267,134204783
44704243267,134204786
44704243267,134204788
44704243267,134204789
44704243267,134204790
44704243267,134204791
44704243267,134204792
44704243267,134204793
44704243267,134204796
44704243267,134204800
44704243267,134204802
44704243267,134204806
44704243267,134204808
44704243267,134204809
44704243267,134204812
44704243267,134204820
44704243267,134204832
44704243267,134204834
44704243267,134204836
44704243267,134204837
44704243267,134204838
44704243267,134204840
44704243267,134204842
44704243267,134204843
44704243267,134204845
44704243267,134204847
44704243267,134204848
44704243267,134204849
44704243267,134204851
44704243267,134204853
44704243267,134204855
44704243267,134204857
44704243267,134204858
44704243267,134204860
44704243267,134204861
44704243267,134204862
44704243267,134204865
44704243267,134204866
44704243267,134204867
44704243267,134204870
44704243267,134204875
44704243267,134204878
44704243267,134204879
44704243267,134204880
44704243267,134204883
44704243267,134204884
44704243267,134204885
44704243267,134204886
44704243267,134204887
44704243267,134204892
44704243267,134204893
44704243267,134204894
44704243267,134204895
44704243267,134204896
44704243267,134204897
44704243267,134204898
44704243267,134204899
44704243267,134204900
44704243267,134204901
44704243267,134204902
44704243267,134204903
44704243267,134204905
44704243267,134204906
44704243267,134204908
44704243267,134204909
44704243267,134204910
44704243267,134204911
44704243267,134204912
44704243267,134204913
44704243267,134204914
44704243267,134204915
44704243267,134204916
44704243267,134204917
44704243267,134204918
44704243267,134204919
44704243267,134204920
44704243267,134204921
44704243267,134204922
44704243267,134204923
44704243267,134204924
44704243267,134204926
44704243267,134204927
44704243267,134204928
44704243267,134204930
44704243267,134204933
44704243267,134204934
44704243267,134204935
44704243267,134204936
44704243267,134204937
44704243267,134204938
44704243267,134204939
44704243267,134204940
44704243267,134204941
44704243267,134204943
44704243267,134204944
44704243267,134204945
44704243267,134204946
44704243267,134204947
44704243267,134204948
44704243267,134204949
44704243267,134204950
44704243267,134204951
44704243267,134204953
44704243267,134204954
44704243267,134204956
44704243267,134204957
44704243267,134204959
44704243267,134204960
44704243267,134208109
44704243267,134208422
44704243267,134208424
44704243267,134208429
44704243267,134208430
44704243267,134208434
44704243267,134208438
44704243267,134208442
44704243267,134208445
44704243267,134208454
44704243267,134208457
44704243267,134208458
44704243267,134208459
44704243267,134208461
44704243267,134208475
44704243267,134208483
44704243267,134208486
44704243267,134208489
44704243267,134208490
44704243267,134208492
44704243267,134208493
44704243267,134208498
44704243267,134208503
44704243267,134208510
44704243267,134208512
44704243267,134208513
44704243267,134208523
44704243267,134208524
44704243267,134208528
44704243267,134208534
44704243267,134208537
44704243267,134208539
44704243267,134208540
44704243267,134208541
44704243267,134208545
44704243267,134208557
44704243267,134208560
44704243267,134208564
44704243267,134208566
44704243267,134208579
44704243267,134208584
44704243267,134208585
44704243267,134208589
44704243267,134208595
44704243267,134208602
44704243267,134208603
44704243267,134208610
44704243267,134208616
44704243267,134208619
44704243267,134208621
44704243267,134208622
44704243267,134208628
44704243267,134208630
44704243267,134208648
44704243267,134208650
44704243267,134208652
44704243267,134208655
44704243267,134208656
44704243267,134208657
44704243267,134208659
44704243267,134208660
44704243267,134208668
44704243267,134208674
44704243267,134208675
44704243267,134208676
44704243267,134208681
44704243267,134208685
44704243267,134208692
44704243267,134208694
44704243267,134208701
44704243267,134208702
44704243267,134208705
44704243267,134208707
44704243267,134208708
44704243267,134208711
44704243267,134208716
44704243267,134208717
44704243267,134208719
44704243267,134208725
44704243267,134208727
44704243267,134208729
44704243267,134208734
44704243267,134208739
44704243267,134208742
44704243267,134208745
44704243267,134208748
44704243267,134208750
44704243267,134208753
44704243267,134208755
44704243267,134208756
44704243267,134208758
44704243267,134208762
44704243267,134208768
44704243267,134208771
44704243267,134208772
44704243267,134208773
44704243267,134208774
44704243267,134208776
44704243267,134208781
44704243267,134208782
44704243267,134208783
44704243267,134208784
44704243267,134208785
44704243267,134208786
44704243267,134208787
44704243267,134208791
44704243267,134208795
44704243267,134208796
44704243267,134208797
44704243267,134208801
44704243267,134208803
44704243267,134208804
44704243267,134208807
44704243267,134208814
44704243267,134208828
44704243267,134208831
44704243267,134208833
44704243267,134208835
44704243267,134208837
44704243267,134208838
44704243267,134208840
44704243267,134208842
44704243267,134208843
44704243267,134208844
44704243267,134208846
44704243267,134208848
44704243267,134208850
44704243267,134208851
44704243267,134208853
44704243267,134208855
44704243267,134208856
44704243267,134208857
44704243267,134208859
44704243267,134208860
44704243267,134208861
44704243267,134208862
44704243267,134208865
44704243267,134208871
44704243267,134208878
44704243267,134208879
44704243267,134208880
44704243267,134208881
44704243267,134208882
44704243267,134208883
44704243267,134208884
44704243267,134208885
44704243267,134208886
44704243267,134208887
44704243267,134208888
44704243267,134208889
44704243267,134208890
44704243267,134208891
44704243267,134208892
44704243267,134208893
44704243267,134208894
44704243267,134208895
44704243267,134208896
44704243267,134208897
44704243267,134208898
44704243267,134208899
44704243267,134208900
44704243267,134208901
44704243267,134208902
44704243267,134208903
44704243267,134208904
44704243267,134208905
44704243267,134208906
44704243267,134208907
44704243267,134208908
44704243267,134208909
44704243267,134208910
44704243267,134208911
44704243267,134208912
44704243267,134208913
44704243267,134208914
44704243267,134208915
44704243267,134208916
44704243267,134208917
44704243267,134208918
44704243267,134208919
44704243267,134208920
44704243267,134208921
44704243267,134208922
44704243267,134208923
44704243267,134208924
44704243267,134208925
44704243267,134208926
44704243267,134208927
44704243267,134208928
44704243267,134208929
44704243267,134208930
44704243267,134208931
44704243267,134208932
44704243267,134208933
44704243267,134208934
44704243267,134208935
44704243267,134208936
44704243267,134208937
44704243267,134208938
44704243267,134208939
44704243267,134208940
44704243267,134208941
44704243267,134208942
44704243267,134208943
44704243267,134208944
44704243267,134208945
44704243267,134208946
44704243267,134208947
44704243267,134208948
44704243267,134208951
44704243267,134208952
44704243267,134208954
44704243267,134208956
44704243267,134208957
44704243267,134208960
44704243267,134208963
44704243267,134208964
44704243267,134208965
44704243267,134208966
44704243267,134208967
44704243267,134208968
44704243267,134208970
44704243267,134208971
44704243267,134208972
44704243267,134208973
66689936677,67231458
66689936677,134199485
66689936677,134200178
66689936677,134200968
66689936677,134200970
66689936677,134200971
66689936677,134200974
66689936677,134200975
66689936677,134200976
66689936677,134200977
66689936677,134200978
66689936677,134200979
66689936677,134200980
66689936677,134200981
66689936677,134200982
66689936677,134200983
66689936677,134200984
66689936677,134200985
66689936677,134200986
66689936677,134200987
66689936677,134200988
66689936677,134200989
66689936677,134200992
66689936677,134200993
66689936677,134200994
66689936677,134200996
66689936677,134200999
66689936677,134201005
66689936677,134201033
66689936677,134201416
66689936677,134201926
66689936677,134201975
66689936677,134202110
66689936677,134202158
66689936677,134202253
66689936677,134202280
66689936677,134202326
66689936677,134202336
66689936677,134202372
66689936677,134202412
66689936677,134202834
66689936677,134203083
66689936677,134203096
66689936677,134203097
66689936677,134203181
66689936677,134203322
66689936677,134203324
66689936677,134203530
66689936677,134203563
66689936677,134203961
66689936677,134204256
66689936677,134204346
66689936677,134204432
66689936677,134204439
66689936677,134204440
66689936677,134204449
66689936677,134204452
66689936677,134204453
66689936677,134204455
66689936677,134204468
66689936677,134204469
66689936677,134204476
66689936677,134204478
66689936677,134204483
66689936677,134204494
66689936677,134204496
66689936677,134204499
66689936677,134204500
66689936677,134204507
66689936677,134204511
66689936677,134204512
66689936677,134204524
66689936677,134204537
66689936677,134204540
66689936677,134204543
66689936677,134204546
66689936677,134204549
66689936677,134204554
66689936677,134204555
66689936677,134204556
66689936677,134204557
66689936677,134204558
66689936677,134204563
66689936677,134204564
66689936677,134204566
66689936677,134204573
66689936677,134204574
66689936677,134204575
66689936677,134204576
66689936677,134204581
66689936677,134204582
66689936677,134204583
66689936677,134204587
66689936677,134204588
66689936677,134204591
66689936677,134204592
66689936677,134204593
66689936677,134204601
66689936677,134204602
66689936677,134204609
66689936677,134204612
66689936677,134204613
66689936677,134204617
66689936677,134204623
66689936677,134204636
66689936677,134204639
66689936677,134204641
66689936677,134204644
66689936677,134204645
66689936677,134204646
66689936677,134204647
66689936677,134204648
66689936677,134204649
66689936677,134204651
66689936677,134204656
66689936677,134204666
66689936677,134204668
66689936677,134204670
66689936677,134204680
66689936677,134204682
66689936677,134204683
66689936677,134204686
66689936677,134204689
66689936677,134204691
66689936677,134204693
66689936677,134204698
66689936677,134204699
66689936677,134204704
66689936677,134204705
66689936677,134204708
66689936677,134204714
66689936677,134204715
66689936677,134204716
66689936677,134204717
66689936677,134204718
66689936677,134204719
66689936677,134204725
66689936677,134204727
66689936677,134204728
66689936677,134204733
66689936677,134204735
66689936677,134204741
66689936677,134204742
66689936677,134204745
66689936677,134204749
66689936677,134204752
66689936677,134204753
66689936677,134204756
66689936677,134204757
66689936677,134204759
66689936677,134204760
66689936677,134204763
66689936677,134204774
66689936677,134204787
66689936677,134204801
66689936677,134204804
66689936677,134204810
66689936677,134204813
66689936677,134204815
66689936677,134204817
66689936677,134204823
66689936677,134204825
66689936677,134204826
66689936677,134204827
66689936677,134204828
66689936677,134204829
66689936677,134204833
66689936677,134204835
66689936677,134204844
66689936677,134204846
66689936677,134204859
66689936677,134204863
66689936677,134204963
66689936677,134204965
66689936677,134204966
66689936677,134204967
66689936677,134204969
66689936677,134204970
66689936677,134204971
66689936677,134204972
66689936677,134204973
66689936677,134204974
66689936677,134204975
66689936677,134204976
66689936677,134204977
66689936677,134204978
66689936677,134204979
66689936677,134204980
66689936677,134204981
66689936677,134204982
66689936677,134204983
66689936677,134204984
66689936677,134204987
66689936677,134204988
66689936677,134204990
66689936677,134204999
66689936677,134205028
66689936677,134205411
66689936677,134205921
66689936677,134205969
66689936677,134206105
66689936677,134206153
66689936677,134206248
66689936677,134206275
66689936677,134206321
66689936677,134206331
66689936677,134206407
66689936677,134206757
66689936677,134206829
66689936677,134207078
66689936677,134207091
66689936677,134207175
66689936677,134207317
66689936677,134207319
66689936677,134207340
66689936677,134207558
66689936677,134207956
66689936677,134208176
66689936677,134208251
66689936677,134208341
66689936677,134208427
66689936677,134208431
66689936677,134208435
66689936677,134208444
66689936677,134208447
66689936677,134208448
66689936677,134208450
66689936677,134208463
66689936677,134208464
66689936677,134208471
66689936677,134208473
66689936677,134208474
66689936677,134208477
66689936677,134208478
66689936677,134208491
66689936677,134208494
66689936677,134208495
66689936677,134208496
66689936677,134208506
66689936677,134208507
66689936677,134208511
66689936677,134208519
66689936677,134208530
66689936677,134208532
66689936677,134208535
66689936677,134208538
66689936677,134208543
66689936677,134208544
66689936677,134208548
66689936677,134208549
66689936677,134208550
66689936677,134208551
66689936677,134208552
66689936677,134208553
66689936677,134208558
66689936677,134208559
66689936677,134208561
66689936677,134208562
66689936677,134208563
66689936677,134208568
66689936677,134208569
66689936677,134208570
66689936677,134208571
66689936677,134208576
66689936677,134208577
66689936677,134208582
66689936677,134208583
66689936677,134208586
66689936677,134208587
66689936677,134208590
66689936677,134208594
66689936677,134208596
66689936677,134208597
66689936677,134208600
66689936677,134208604
66689936677,134208607
66689936677,134208609
66689936677,134208611
66689936677,134208618
66689936677,134208631
66689936677,134208634
66689936677,134208636
66689936677,134208638
66689936677,134208640
66689936677,134208641
66689936677,134208642
66689936677,134208643
66689936677,134208651
66689936677,134208661
66689936677,134208662
66689936677,134208663
66689936677,134208664
66689936677,134208673
66689936677,134208677
66689936677,134208684
66689936677,134208686
66689936677,134208688
66689936677,134208693
66689936677,134208697
66689936677,134208699
66689936677,134208700
66689936677,134208704
66689936677,134208706
66689936677,134208709
66689936677,134208710
66689936677,134208713
66689936677,134208714
66689936677,134208715
66689936677,134208720
66689936677,134208722
66689936677,134208724
66689936677,134208728
66689936677,134208730
66689936677,134208736
66689936677,134208737
66689936677,134208740
66689936677,134208743
66689936677,134208747
66689936677,134208751
66689936677,134208752
66689936677,134208754
66689936677,134208760
66689936677,134208764
66689936677,134208769
66689936677,134208805
66689936677,134208808
66689936677,134208810
66689936677,134208812
66689936677,134208817
66689936677,134208818
66689936677,134208820
66689936677,134208821
66689936677,134208822
66689936677,134208823
66689936677,134208824
66689936677,134208829
66689936677,134208830
66689936677,134208834
66689936677,134208839
66689936677,134208841
66689936677,134208852
66689936677,134208854
66689936677,134208949
66689936677,134208950
66689936677,134208953
66689936677,134208955
66689936677,134208958
66689936677,134208961
66689936677,134208962
66689936677,134208969
66689936677,134208974
