1093269888,134193622
1093269888,134193623
1093269888,134193624
1093269888,134193625
1093269888,134193626
1093269888,134193627
1093269888,134193628
1093269888,134193629
1093269888,134193630
1093269888,134193631
1093269888,134193632
1093269888,134193633
1093269888,134193634
1093269888,134193635
1093269888,134193636
1093269888,134193637
1093269888,134193638
1093269888,134193639
1093269888,134193640
1093269888,134193641
1093269888,134193642
1093269888,134193643
1093269888,134193646
1093269888,134193647
1093269888,134193648
1093269888,134193649
1093269888,134194122
1093269888,134201611
33891366528,67231438
33891366528,134191627
33891366528,134192801
33891366528,134193704
33891366528,134193716
33891366528,134193717
33891366528,134193723
33891366528,134193726
33891366528,134193727
33891366528,134193728
33891366528,134193729
33891366528,134193730
33891366528,134193732
33891366528,134193733
33891366528,134193734
33891366528,134193735
33891366528,134193736
33891366528,134193738
33891366528,134193740
33891366528,134193743
33891366528,134193744
33891366528,134193746
33891366528,134198659
33891366528,134198660
33891366528,134198661
33891366528,134198662
33891366528,134206149
33891366528,134206150
33891366528,134206151
33891366528,134208837
66689463168,67231439
66689463168,67231453
66689463168,67231454
66689463168,134193814
66689463168,134193815
66689463168,134193818
66689463168,134193832
66689463168,134193845
66689463168,134193847
66689463168,134193856
66689463168,134193864
66689463168,134193868
66689463168,134193880
66689463168,134193881
66689463168,134193885
66689463168,134193893
66689463168,134193901
66689463168,134193905
66689463168,134193921
66689463168,134194123
66689463168,134194127
66689463168,134194128
66689463168,134194131
66689463168,134194132
66689463168,134194137
66689463168,134194139
66689463168,134194140
66689463168,134194142
66689463168,134194144
66689463168,134194146
66689463168,134194147
66689463168,134194148
66689463168,134194151
66689463168,134194156
66689463168,134194157
66689463168,134194158
66689463168,134194160
66689463168,134194161
66689463168,134194162
66689463168,134194164
66689463168,134194165
66689463168,134194166
66689463168,134194167
66689463168,134194168
66689463168,134194181
66689463168,134194183
66689463168,134194186
66689463168,134194187
66689463168,134194188
66689463168,134194190
66689463168,134194191
66689463168,134194192
66689463168,134194194
66689463168,134194197
66689463168,134194202
66689463168,134194203
66689463168,134194204
66689463168,134194206
66689463168,134194213
66689463168,134194216
66689463168,134194219
66689463168,134194220
66689463168,134194223
66689463168,134194224
66689463168,134194227
66689463168,134194229
66689463168,134194230
66689463168,134194233
66689463168,134194234
66689463168,134194237
66689463168,134194239
66689463168,134194240
66689463168,134194242
66689463168,134194244
66689463168,134194251
66689463168,134194261
66689463168,134194262
66689463168,134194263
66689463168,134194270
66689463168,134194273
66689463168,134194280
66689463168,134194283
66689463168,134194291
66689463168,134194292
66689463168,134194296
66689463168,134194305
66689463168,134194307
66689463168,134194312
66689463168,134194328
66689463168,134194336
66689463168,134194338
66689463168,134194345
66689463168,134194346
66689463168,134194349
66689463168,134194355
66689463168,134194356
66689463168,134194360
66689463168,134194362
66689463168,134194368
66689463168,134194371
66689463168,134194381
66689463168,134194390
66689463168,134194393
66689463168,134194398
66689463168,134194404
66689463168,134194405
66689463168,134194406
66689463168,134194414
66689463168,134194415
66689463168,134194418
66689463168,134194419
66689463168,134194420
66689463168,134194421
66689463168,134194423
66689463168,134194425
66689463168,134194427
66689463168,134194428
66689463168,134194434
66689463168,134194436
66689463168,134194438
66689463168,134194444
66689463168,134194447
66689463168,134194448
66689463168,134194467
66689463168,134194469
66689463168,134194471
66689463168,134194477
66689463168,134194478
66689463168,134194479
66689463168,134194480
66689463168,134194481
66689463168,134194482
66689463168,134194489
66689463168,134194490
66689463168,134194491
66689463168,134194495
66689463168,134194496
66689463168,134194498
66689463168,134194503
66689463168,134194504
66689463168,134194505
66689463168,134194508
66689463168,134194509
66689463168,134194523
66689463168,134194524
66689463168,134194525
66689463168,134194527
66689463168,134194528
66689463168,134194530
66689463168,134194531
66689463168,134194532
66689463168,134194533
66689463168,134194534
66689463168,134194537
66689463168,134194538
66689463168,134194539
66689463168,134194543
66689463168,134194544
66689463168,134194545
66689463168,134194547
66689463168,134194548
66689463168,134194549
66689463168,134194550
66689463168,134194552
66689463168,134194553
66689463168,134194554
66689463168,134194555
66689463168,134194559
66689463168,134194563
66689463168,134194564
66689463168,134194565
66689463168,134194566
66689463168,134194569
66689463168,134194570
66689463168,134194571
66689463168,134194572
66689463168,134194573
66689463168,134194575
66689463168,134194576
66689463168,134194577
66689463168,134194578
66689463168,134194579
66689463168,134194580
66689463168,134194583
66689463168,134194584
66689463168,134194585
66689463168,134194586
66689463168,134194587
66689463168,134194589
66689463168,134194590
66689463168,134194591
66689463168,134194593
66689463168,134194594
66689463168,134194596
66689463168,134194597
66689463168,134194598
66689463168,134194599
66689463168,134194600
66689463168,134194601
66689463168,134194602
66689463168,134194603
66689463168,134194604
66689463168,134194605
66689463168,134194608
66689463168,134194609
66689463168,134194611
66689463168,134194613
66689463168,134194621
66689463168,134194622
66689463168,134194623
66689463168,134194624
66689463168,134194626
66689463168,134194627
66689463168,134194628
66689463168,134194631
66689463168,134194632
66689463168,134194634
66689463168,134194635
66689463168,134194636
66689463168,134194638
66689463168,134194639
66689463168,134194641
66689463168,134194642
66689463168,134194643
66689463168,134194644
66689463168,134194646
66689463168,134194647
66689463168,134194648
66689463168,134194649
66689463168,134194650
66689463168,134194651
66689463168,134194652
66689463168,134194653
66689463168,134194654
66689463168,134194655
66689463168,134194656
66689463168,134194657
66689463168,134194658
66689463168,134194659
66689463168,134194660
66689463168,134194662
66689463168,134194663
66689463168,134194664
66689463168,134194665
66689463168,134194666
66689463168,134194667
66689463168,134194668
66689463168,134194669
66689463168,134194670
66689463168,134194671
66689463168,134194672
66689463168,134194673
66689463168,134194674
66689463168,134194675
66689463168,134194676
66689463168,134195070
66689463168,134196682
66689463168,134196683
66689463168,134201322
66689463168,134201334
66689463168,134201336
66689463168,134201345
66689463168,134201353
66689463168,134201358
66689463168,134201367
66689463168,134201370
66689463168,134201374
66689463168,134201382
66689463168,134201394
66689463168,134201410
66689463168,134201616
66689463168,134201617
66689463168,134201620
66689463168,134201621
66689463168,134201626
66689463168,134201629
66689463168,134201630
66689463168,134201631
66689463168,134201633
66689463168,134201635
66689463168,134201636
66689463168,134201637
66689463168,134201640
66689463168,134201641
66689463168,134201645
66689463168,134201647
66689463168,134201649
66689463168,134201650
66689463168,134201651
66689463168,134201653
66689463168,134201655
66689463168,134201657
66689463168,134201670
66689463168,134201672
66689463168,134201675
66689463168,134201676
66689463168,134201677
66689463168,134201680
66689463168,134201681
66689463168,134201682
66689463168,134201683
66689463168,134201686
66689463168,134201687
66689463168,134201691
66689463168,134201692
66689463168,134201693
66689463168,134201695
66689463168,134201702
66689463168,134201706
66689463168,134201709
66689463168,134201713
66689463168,134201714
66689463168,134201716
66689463168,134201717
66689463168,134201718
66689463168,134201719
66689463168,134201721
66689463168,134201722
66689463168,134201723
66689463168,134201725
66689463168,134201728
66689463168,134201729
66689463168,134201730
66689463168,134201731
66689463168,134201733
66689463168,134201740
66689463168,134201751
66689463168,134201753
66689463168,134201755
66689463168,134201762
66689463168,134201769
66689463168,134201780
66689463168,134201781
66689463168,134201784
66689463168,134201786
66689463168,134201794
66689463168,134201796
66689463168,134201801
66689463168,134201802
66689463168,134201810
66689463168,134201817
66689463168,134201825
66689463168,134201827
66689463168,134201834
66689463168,134201835
66689463168,134201838
66689463168,134201844
66689463168,134201846
66689463168,134201849
66689463168,134201851
66689463168,134201857
66689463168,134201860
66689463168,134201863
66689463168,134201870
66689463168,134201883
66689463168,134201888
66689463168,134201894
66689463168,134201895
66689463168,134201904
66689463168,134201907
66689463168,134201908
66689463168,134201909
66689463168,134201911
66689463168,134201912
66689463168,134201916
66689463168,134201917
66689463168,134201923
66689463168,134201926
66689463168,134201933
66689463168,134201936
66689463168,134201937
66689463168,134201941
66689463168,134201956
66689463168,134201958
66689463168,134201961
66689463168,134201966
66689463168,134201967
66689463168,134201968
66689463168,134201969
66689463168,134201970
66689463168,134201971
66689463168,134201978
66689463168,134201979
66689463168,134201980
66689463168,134201984
66689463168,134201987
66689463168,134201992
66689463168,134201993
66689463168,134201994
66689463168,134201997
66689463168,134201998
66689463168,134202012
66689463168,134202014
66689463168,134202015
66689463168,134202016
66689463168,134202017
66689463168,134202019
66689463168,134202020
66689463168,134202022
66689463168,134202023
66689463168,134202026
66689463168,134202027
66689463168,134202029
66689463168,134202030
66689463168,134202032
66689463168,134202033
66689463168,134202034
66689463168,134202036
66689463168,134202038
66689463168,134202039
66689463168,134202041
66689463168,134202042
66689463168,134202043
66689463168,134202044
66689463168,134202049
66689463168,134202052
66689463168,134202053
66689463168,134202054
66689463168,134202055
66689463168,134202056
66689463168,134202058
66689463168,134202059
66689463168,134202060
66689463168,134202061
66689463168,134202062
66689463168,134202063
66689463168,134202064
66689463168,134202065
66689463168,134202066
66689463168,134202068
66689463168,134202069
66689463168,134202072
66689463168,134202073
66689463168,134202074
66689463168,134202075
66689463168,134202076
66689463168,134202077
66689463168,134202078
66689463168,134202079
66689463168,134202080
66689463168,134202081
66689463168,134202082
66689463168,134202083
66689463168,134202084
66689463168,134202085
66689463168,134202086
66689463168,134202087
66689463168,134202088
66689463168,134202089
66689463168,134202090
66689463168,134202091
66689463168,134202092
66689463168,134202093
66689463168,134202094
66689463168,134202095
66689463168,134202097
66689463168,134202098
66689463168,134202099
66689463168,134202101
66689463168,134202102
66689463168,134202103
66689463168,134202110
66689463168,134202112
66689463168,134202113
66689463168,134202115
66689463168,134202116
66689463168,134202117
66689463168,134202120
66689463168,134202121
66689463168,134202123
66689463168,134202124
66689463168,134202125
66689463168,134202127
66689463168,134202128
66689463168,134202129
66689463168,134202130
66689463168,134202131
66689463168,134202132
66689463168,134202133
66689463168,134202135
66689463168,134202137
66689463168,134202138
66689463168,134202139
66689463168,134202140
66689463168,134202141
66689463168,134202142
66689463168,134202143
66689463168,134202144
66689463168,134202145
66689463168,134202146
66689463168,134202147
66689463168,134202148
66689463168,134202149
66689463168,134202150
66689463168,134202151
66689463168,134202152
66689463168,134202153
66689463168,134202154
66689463168,134202155
66689463168,134202156
66689463168,134202157
66689463168,134202158
66689463168,134202159
66689463168,134202160
66689463168,134202161
66689463168,134202162
66689463168,134202163
66689463168,134202164
66689463168,134202165
66689463168,134204171
66689463168,134204172
99487559808,67231440
99487559808,67231455
99487559808,134191659
99487559808,134193819
99487559808,134194125
99487559808,134194134
99487559808,134194235
99487559808,134194256
99487559808,134194259
99487559808,134194269
99487559808,134194288
99487559808,134194290
99487559808,134194293
99487559808,134194314
99487559808,134194319
99487559808,134194357
99487559808,134194361
99487559808,134194363
99487559808,134194385
99487559808,134194388
99487559808,134194442
99487559808,134194445
99487559808,134194446
99487559808,134194486
99487559808,134194488
99487559808,134194492
99487559808,134194493
99487559808,134194514
99487559808,134194542
99487559808,134194581
99487559808,134194677
99487559808,134194679
99487559808,134194686
99487559808,134194691
99487559808,134194697
99487559808,134194699
99487559808,134194702
99487559808,134194705
99487559808,134194718
99487559808,134194720
99487559808,134194995
99487559808,134194998
99487559808,134194999
99487559808,134195000
99487559808,134195001
99487559808,134195002
99487559808,134195003
99487559808,134195004
99487559808,134195005
99487559808,134195007
99487559808,134195008
99487559808,134195022
99487559808,134195023
99487559808,134195031
99487559808,134195038
99487559808,134195064
99487559808,134195074
99487559808,134195075
99487559808,134195077
99487559808,134195083
99487559808,134195105
99487559808,134195109
99487559808,134195117
99487559808,134195130
99487559808,134195135
99487559808,134195141
99487559808,134195144
99487559808,134195147
99487559808,134195149
99487559808,134195152
99487559808,134195155
99487559808,134195156
99487559808,134195160
99487559808,134195161
99487559808,134195162
99487559808,134195163
99487559808,134195165
99487559808,134195177
99487559808,134195179
99487559808,134195180
99487559808,134195182
99487559808,134195183
99487559808,134195185
99487559808,134195193
99487559808,134195195
99487559808,134195206
99487559808,134195213
99487559808,134195214
99487559808,134195217
99487559808,134195222
99487559808,134195235
99487559808,134195245
99487559808,134195253
99487559808,134195260
99487559808,134195271
99487559808,134195273
99487559808,134195277
99487559808,134195279
99487559808,134195281
99487559808,134195283
99487559808,134195284
99487559808,134195285
99487559808,134195286
99487559808,134195287
99487559808,134195288
99487559808,134195292
99487559808,134195293
99487559808,134195295
99487559808,134195296
99487559808,134195298
99487559808,134195299
99487559808,134195301
99487559808,134195308
99487559808,134195310
99487559808,134195323
99487559808,134195333
99487559808,134195334
99487559808,134195336
99487559808,134195337
99487559808,134195345
99487559808,134195346
99487559808,134195360
99487559808,134195373
99487559808,134195375
99487559808,134195404
99487559808,134195412
99487559808,134195417
99487559808,134195425
99487559808,134195429
99487559808,134195431
99487559808,134195432
99487559808,134195433
99487559808,134195434
99487559808,134195436
99487559808,134195437
99487559808,134195438
99487559808,134195439
99487559808,134195440
99487559808,134195441
99487559808,134195443
99487559808,134195444
99487559808,134195445
99487559808,134195451
99487559808,134195461
99487559808,134195464
99487559808,134195466
99487559808,134195476
99487559808,134195478
99487559808,134195479
99487559808,134195486
99487559808,134195492
99487559808,134195497
99487559808,134195517
99487559808,134195522
99487559808,134195527
99487559808,134195528
99487559808,134195540
99487559808,134195546
99487559808,134195558
99487559808,134195565
99487559808,134195567
99487559808,134195569
99487559808,134195571
99487559808,134195573
99487559808,134195574
99487559808,134195575
99487559808,134195576
99487559808,134195577
99487559808,134195591
99487559808,134195592
99487559808,134195594
99487559808,134195595
99487559808,134195596
99487559808,134195597
99487559808,134195599
99487559808,134195600
99487559808,134195601
99487559808,134195602
99487559808,134195603
99487559808,134195605
99487559808,134195606
99487559808,134195620
99487559808,134195621
99487559808,134195623
99487559808,134195624
99487559808,134195625
99487559808,134196204
99487559808,134196557
99487559808,134196559
99487559808,134196565
99487559808,134196572
99487559808,134196614
99487559808,134196615
99487559808,134196749
99487559808,134196753
99487559808,134196754
99487559808,134196757
99487559808,134196761
99487559808,134196766
99487559808,134196774
99487559808,134196794
99487559808,134196803
99487559808,134196814
99487559808,134196818
99487559808,134196820
99487559808,134196823
99487559808,134196824
99487559808,134196825
99487559808,134196826
99487559808,134196834
99487559808,134196837
99487559808,134196840
99487559808,134196844
99487559808,134196848
99487559808,134196850
99487559808,134196853
99487559808,134196854
99487559808,134196855
99487559808,134196856
99487559808,134196857
99487559808,134196862
99487559808,134196876
99487559808,134196881
99487559808,134196900
99487559808,134196901
99487559808,134196916
99487559808,134196922
99487559808,134196924
99487559808,134196925
99487559808,134196926
99487559808,134196927
99487559808,134196935
99487559808,134196940
99487559808,134196943
99487559808,134196951
99487559808,134196952
99487559808,134196953
99487559808,134196959
99487559808,134196963
99487559808,134196970
99487559808,134196972
99487559808,134196975
99487559808,134196976
99487559808,134196977
99487559808,134196986
99487559808,134196999
99487559808,134197004
99487559808,134197011
99487559808,134197012
99487559808,134197013
99487559808,134197019
99487559808,134197020
99487559808,134197022
99487559808,134197023
99487559808,134197025
99487559808,134197029
99487559808,134201614
99487559808,134201623
99487559808,134201694
99487559808,134201724
99487559808,134201745
99487559808,134201749
99487559808,134201758
99487559808,134201777
99487559808,134201779
99487559808,134201782
99487559808,134201804
99487559808,134201808
99487559808,134201828
99487559808,134201850
99487559808,134201852
99487559808,134201853
99487559808,134201874
99487559808,134201877
99487559808,134201931
99487559808,134201934
99487559808,134201935
99487559808,134201975
99487559808,134201977
99487559808,134201982
99487559808,134202003
99487559808,134202031
99487559808,134202070
99487559808,134202071
99487559808,134202166
99487559808,134202168
99487559808,134202175
99487559808,134202180
99487559808,134202186
99487559808,134202188
99487559808,134202191
99487559808,134202195
99487559808,134202207
99487559808,134202209
99487559808,134202210
99487559808,134202484
99487559808,134202486
99487559808,134202487
99487559808,134202489
99487559808,134202490
99487559808,134202491
99487559808,134202493
99487559808,134202494
99487559808,134202496
99487559808,134202497
99487559808,134202511
99487559808,134202512
99487559808,134202520
99487559808,134202521
99487559808,134202527
99487559808,134202553
99487559808,134202564
99487559808,134202566
99487559808,134202572
99487559808,134202594
99487559808,134202598
99487559808,134202607
99487559808,134202619
99487559808,134202624
99487559808,134202630
99487559808,134202633
99487559808,134202636
99487559808,134202638
99487559808,134202641
99487559808,134202645
99487559808,134202649
99487559808,134202650
99487559808,134202651
99487559808,134202652
99487559808,134202653
99487559808,134202654
99487559808,134202655
99487559808,134202667
99487559808,134202669
99487559808,134202671
99487559808,134202672
99487559808,134202673
99487559808,134202675
99487559808,134202682
99487559808,134202684
99487559808,134202695
99487559808,134202702
99487559808,134202703
99487559808,134202706
99487559808,134202711
99487559808,134202724
99487559808,134202735
99487559808,134202742
99487559808,134202750
99487559808,134202760
99487559808,134202762
99487559808,134202767
99487559808,134202768
99487559808,134202770
99487559808,134202771
99487559808,134202773
99487559808,134202774
99487559808,134202775
99487559808,134202776
99487559808,134202777
99487559808,134202781
99487559808,134202782
99487559808,134202784
99487559808,134202785
99487559808,134202787
99487559808,134202788
99487559808,134202790
99487559808,134202797
99487559808,134202798
99487559808,134202799
99487559808,134202800
99487559808,134202813
99487559808,134202822
99487559808,134202823
99487559808,134202825
99487559808,134202826
99487559808,134202834
99487559808,134202835
99487559808,134202849
99487559808,134202850
99487559808,134202862
99487559808,134202864
99487559808,134202893
99487559808,134202902
99487559808,134202907
99487559808,134202914
99487559808,134202918
99487559808,134202920
99487559808,134202922
99487559808,134202924
99487559808,134202925
99487559808,134202926
99487559808,134202927
99487559808,134202929
99487559808,134202930
99487559808,134202932
99487559808,134202933
99487559808,134202934
99487559808,134202940
99487559808,134202950
99487559808,134202953
99487559808,134202956
99487559808,134202965
99487559808,134202967
99487559808,134202968
99487559808,134202975
99487559808,134202982
99487559808,134202987
99487559808,134203006
99487559808,134203011
99487559808,134203017
99487559808,134203029
99487559808,134203035
99487559808,134203047
99487559808,134203054
99487559808,134203056
99487559808,134203059
99487559808,134203060
99487559808,134203062
99487559808,134203063
99487559808,134203064
99487559808,134203065
99487559808,134203066
99487559808,134203080
99487559808,134203081
99487559808,134203084
99487559808,134203085
99487559808,134203087
99487559808,134203088
99487559808,134203089
99487559808,134203090
99487559808,134203091
99487559808,134203092
99487559808,134203094
99487559808,134203095
99487559808,134203096
99487559808,134203109
99487559808,134203111
99487559808,134203112
99487559808,134203113
99487559808,134203114
99487559808,134204048
99487559808,134204049
99487559808,134204054
99487559808,134204062
99487559808,134204104
99487559808,134204233
99487559808,134204243
99487559808,134204250
99487559808,134204254
99487559808,134204255
99487559808,134204292
99487559808,134204304
99487559808,134204307
99487559808,134204309
99487559808,134204312
99487559808,134204313
99487559808,134204314
99487559808,134204315
99487559808,134204317
99487559808,134204323
99487559808,134204328
99487559808,134204329
99487559808,134204333
99487559808,134204339
99487559808,134204342
99487559808,134204343
99487559808,134204344
99487559808,134204346
99487559808,134204350
99487559808,134204355
99487559808,134204370
99487559808,134204389
99487559808,134204390
99487559808,134204411
99487559808,134204413
99487559808,134204414
99487559808,134204415
99487559808,134204417
99487559808,134204424
99487559808,134204429
99487559808,134204440
99487559808,134204442
99487559808,134204448
99487559808,134204453
99487559808,134204463
99487559808,134204464
99487559808,134204465
99487559808,134204466
99487559808,134204475
99487559808,134204488
99487559808,134204493
99487559808,134204495
99487559808,134204500
99487559808,134204502
99487559808,134204508
99487559808,134204509
99487559808,134204511
99487559808,134204519
99487559808,134204522
99487559808,134208802
99487559808,134208803
99487559808,134208804
99487559808,134208805
99487559808,134208806
99487559808,134208807
99487559808,134208808
99487559808,134208809
132285656448,67231441
132285656448,67231442
132285656448,67231444
132285656448,67231445
132285656448,67231447
132285656448,67231448
132285656448,67231456
132285656448,67231459
132285656448,67231462
132285656448,67231468
132285656448,134191703
132285656448,134193867
132285656448,134193870
132285656448,134193904
132285656448,134193910
132285656448,134193927
132285656448,134194152
132285656448,134194153
132285656448,134194205
132285656448,134194231
132285656448,134194232
132285656448,134194252
132285656448,134194266
132285656448,134194289
132285656448,134194295
132285656448,134194310
132285656448,134194330
132285656448,134194358
132285656448,134194370
132285656448,134194374
132285656448,134194378
132285656448,134194409
132285656448,134194422
132285656448,134194430
132285656448,134194433
132285656448,134194450
132285656448,134194452
132285656448,134194484
132285656448,134194557
132285656448,134194687
132285656448,134194696
132285656448,134194708
132285656448,134194716
132285656448,134194741
132285656448,134194759
132285656448,134194762
132285656448,134194768
132285656448,134194772
132285656448,134194779
132285656448,134194783
132285656448,134194789
132285656448,134194792
132285656448,134194794
132285656448,134194795
132285656448,134194796
132285656448,134194801
132285656448,134194819
132285656448,134194823
132285656448,134194835
132285656448,134194842
132285656448,134194853
132285656448,134194859
132285656448,134194865
132285656448,134194868
132285656448,134194884
132285656448,134194893
132285656448,134194899
132285656448,134194908
132285656448,134194912
132285656448,134194914
132285656448,134194919
132285656448,134194921
132285656448,134194924
132285656448,134194938
132285656448,134194948
132285656448,134194955
132285656448,134194960
132285656448,134194967
132285656448,134194977
132285656448,134194981
132285656448,134194991
132285656448,134194996
132285656448,134195020
132285656448,134195044
132285656448,134195050
132285656448,134195051
132285656448,134195052
132285656448,134195055
132285656448,134195056
132285656448,134195057
132285656448,134195059
132285656448,134195060
132285656448,134195061
132285656448,134195062
132285656448,134195065
132285656448,134195066
132285656448,134195068
132285656448,134195071
132285656448,134195079
132285656448,134195080
132285656448,134195084
132285656448,134195093
132285656448,134195106
132285656448,134195110
132285656448,134195118
132285656448,134195119
132285656448,134195140
132285656448,134195196
132285656448,134195211
132285656448,134195218
132285656448,134195246
132285656448,134195255
132285656448,134195268
132285656448,134195314
132285656448,134195340
132285656448,134195347
132285656448,134195371
132285656448,134195409
132285656448,134195416
132285656448,134195418
132285656448,134195419
132285656448,134195421
132285656448,134195435
132285656448,134195481
132285656448,134195490
132285656448,134195523
132285656448,134195541
132285656448,134195555
132285656448,134195572
132285656448,134195604
132285656448,134195669
132285656448,134195710
132285656448,134195711
132285656448,134195712
132285656448,134195716
132285656448,134195720
132285656448,134195726
132285656448,134195786
132285656448,134195812
132285656448,134195815
132285656448,134195825
132285656448,134195897
132285656448,134195916
132285656448,134195967
132285656448,134195987
132285656448,134195992
132285656448,134196017
132285656448,134196018
132285656448,134196021
132285656448,134196042
132285656448,134196044
132285656448,134196074
132285656448,134196102
132285656448,134196104
132285656448,134196109
132285656448,134196113
132285656448,134196125
132285656448,134196143
132285656448,134196191
132285656448,134196224
132285656448,134196237
132285656448,134196271
132285656448,134196294
132285656448,134196326
132285656448,134196343
132285656448,134196401
132285656448,134196459
132285656448,134196539
132285656448,134196561
132285656448,134196585
132285656448,134196608
132285656448,134196769
132285656448,134196805
132285656448,134196813
132285656448,134196864
132285656448,134196867
132285656448,134196909
132285656448,134196954
132285656448,134196957
132285656448,134196988
132285656448,134197008
132285656448,134197040
132285656448,134197060
132285656448,134197072
132285656448,134197084
132285656448,134197115
132285656448,134197146
132285656448,134197213
132285656448,134197266
132285656448,134197332
132285656448,134197359
132285656448,134197362
132285656448,134197376
132285656448,134197397
132285656448,134197474
132285656448,134197486
132285656448,134197503
132285656448,134197536
132285656448,134197556
132285656448,134197566
132285656448,134197585
132285656448,134197598
132285656448,134197603
132285656448,134197611
132285656448,134197625
132285656448,134197640
132285656448,134197665
132285656448,134197669
132285656448,134197674
132285656448,134197686
132285656448,134197708
132285656448,134197728
132285656448,134197762
132285656448,134197827
132285656448,134197831
132285656448,134197844
132285656448,134197852
132285656448,134197858
132285656448,134197869
132285656448,134197934
132285656448,134197963
132285656448,134197985
132285656448,134198048
132285656448,134198054
132285656448,134198084
132285656448,134198152
132285656448,134198211
132285656448,134198217
132285656448,134198260
132285656448,134198261
132285656448,134198275
132285656448,134198325
132285656448,134198385
132285656448,134198398
132285656448,134198406
132285656448,134198694
132285656448,134198751
132285656448,134198763
132285656448,134199196
132285656448,134199206
132285656448,134199220
132285656448,134199299
132285656448,134199611
132285656448,134201356
132285656448,134201357
132285656448,134201360
132285656448,134201399
132285656448,134201417
132285656448,134201642
132285656448,134201646
132285656448,134201741
132285656448,134201759
132285656448,134201799
132285656448,134201820
132285656448,134201847
132285656448,134201859
132285656448,134201868
132285656448,134201898
132285656448,134201919
132285656448,134201924
132285656448,134201939
132285656448,134201942
132285656448,134201960
132285656448,134201973
132285656448,134202047
132285656448,134202067
132285656448,134202111
132285656448,134202177
132285656448,134202197
132285656448,134202205
132285656448,134202231
132285656448,134202248
132285656448,134202251
132285656448,134202257
132285656448,134202262
132285656448,134202268
132285656448,134202272
132285656448,134202279
132285656448,134202281
132285656448,134202284
132285656448,134202285
132285656448,134202290
132285656448,134202308
132285656448,134202313
132285656448,134202324
132285656448,134202331
132285656448,134202343
132285656448,134202348
132285656448,134202354
132285656448,134202357
132285656448,134202358
132285656448,134202373
132285656448,134202382
132285656448,134202383
132285656448,134202388
132285656448,134202397
132285656448,134202401
132285656448,134202404
132285656448,134202408
132285656448,134202410
132285656448,134202413
132285656448,134202427
132285656448,134202438
132285656448,134202444
132285656448,134202450
132285656448,134202456
132285656448,134202467
132285656448,134202470
132285656448,134202480
132285656448,134202485
132285656448,134202509
132285656448,134202533
132285656448,134202539
132285656448,134202540
132285656448,134202541
132285656448,134202545
132285656448,134202546
132285656448,134202549
132285656448,134202550
132285656448,134202551
132285656448,134202554
132285656448,134202555
132285656448,134202557
132285656448,134202559
132285656448,134202560
132285656448,134202568
132285656448,134202569
132285656448,134202573
132285656448,134202582
132285656448,134202595
132285656448,134202599
132285656448,134202608
132285656448,134202609
132285656448,134202629
132285656448,134202674
132285656448,134202686
132285656448,134202696
132285656448,134202701
132285656448,134202707
132285656448,134202736
132285656448,134202744
132285656448,134202757
132285656448,134202786
132285656448,134202803
132285656448,134202829
132285656448,134202836
132285656448,134202860
132285656448,134202898
132285656448,134202905
132285656448,134202908
132285656448,134202911
132285656448,134202979
132285656448,134203012
132285656448,134203030
132285656448,134203044
132285656448,134203061
132285656448,134203093
132285656448,134203158
132285656448,134203199
132285656448,134203200
132285656448,134203201
132285656448,134203205
132285656448,134203209
132285656448,134203215
132285656448,134203276
132285656448,134203301
132285656448,134203304
132285656448,134203314
132285656448,134203386
132285656448,134203405
132285656448,134203406
132285656448,134203457
132285656448,134203476
132285656448,134203482
132285656448,134203506
132285656448,134203508
132285656448,134203510
132285656448,134203531
132285656448,134203533
132285656448,134203563
132285656448,134203591
132285656448,134203593
132285656448,134203598
132285656448,134203602
132285656448,134203614
132285656448,134203632
132285656448,134203681
132285656448,134203714
132285656448,134203727
132285656448,134203757
132285656448,134203760
132285656448,134203784
132285656448,134203815
132285656448,134203832
132285656448,134203890
132285656448,134203948
132285656448,134203988
132285656448,134204028
132285656448,134204050
132285656448,134204061
132285656448,134204074
132285656448,134204097
132285656448,134204134
132285656448,134204258
132285656448,134204294
132285656448,134204302
132285656448,134204353
132285656448,134204357
132285656448,134204443
132285656448,134204446
132285656448,134204477
132285656448,134204497
132285656448,134204529
132285656448,134204549
132285656448,134204561
132285656448,134204573
132285656448,134204636
132285656448,134204702
132285656448,134204755
132285656448,134204822
132285656448,134204848
132285656448,134204852
132285656448,134204866
132285656448,134204886
132285656448,134204963
132285656448,134204976
132285656448,134204992
132285656448,134205025
132285656448,134205045
132285656448,134205055
132285656448,134205074
132285656448,134205087
132285656448,134205092
132285656448,134205100
132285656448,134205114
132285656448,134205129
132285656448,134205155
132285656448,134205158
132285656448,134205164
132285656448,134205175
132285656448,134205197
132285656448,134205218
132285656448,134205251
132285656448,134205316
132285656448,134205320
132285656448,134205333
132285656448,134205341
132285656448,134205347
132285656448,134205358
132285656448,134205423
132285656448,134205452
132285656448,134205474
132285656448,134205537
132285656448,134205543
132285656448,134205574
132285656448,134205641
132285656448,134205700
132285656448,134205706
132285656448,134205749
132285656448,134205751
132285656448,134205764
132285656448,134205874
132285656448,134205883
132285656448,134205887
132285656448,134205895
132285656448,134205952
132285656448,134206183
132285656448,134206241
132285656448,134206252
132285656448,134206685
132285656448,134206695
132285656448,134206709
132285656448,134206788
132285656448,134207100
132285656448,134208810
132285656448,134208811
132285656448,134208812
132285656448,134208813
132285656448,134208814
132285656448,134208815
132285656448,134208816
132285656448,134208817
132285656448,134208818
132285656448,134208819
132285656448,134208820
132285656448,134208821
132285656448,134208822
132285656448,134208823
132285656448,134208825
132285656448,134208826
132285656448,134208827
132285656448,134208828
132285656448,134208829
132285656448,134208838
132285656448,134208839
132285656448,134208840
132285656448,134208841
132285656448,134208843
132285656448,134208845
132285656448,134208846
132285656448,134208847
132285656448,134208848
132285656448,134208850
132285656448,134208852
132285656448,134208853
132285656448,134208858
165083753088,67231443
165083753088,67231446
165083753088,67231460
165083753088,67231461
165083753088,67231464
165083753088,134191768
165083753088,134193822
165083753088,134193855
165083753088,134194145
165083753088,134194329
165083753088,134194331
165083753088,134194332
165083753088,134194343
165083753088,134194369
165083753088,134194395
165083753088,134194453
165083753088,134194461
165083753088,134194510
165083753088,134194521
165083753088,134194804
165083753088,134194857
165083753088,134194871
165083753088,134194910
165083753088,134195010
165083753088,134195028
165083753088,134195040
165083753088,134195046
165083753088,134195098
165083753088,134195100
165083753088,134195101
165083753088,134195145
165083753088,134195153
165083753088,134195202
165083753088,134195236
165083753088,134195242
165083753088,134195243
165083753088,134195251
165083753088,134195261
165083753088,134195351
165083753088,134195358
165083753088,134195367
165083753088,134195392
165083753088,134195395
165083753088,134195396
165083753088,134195403
165083753088,134195477
165083753088,134195485
165083753088,134195504
165083753088,134195513
165083753088,134195521
165083753088,134195545
165083753088,134195616
165083753088,134195676
165083753088,134195684
165083753088,134195757
165083753088,134195784
165083753088,134195800
165083753088,134195860
165083753088,134195876
165083753088,134195879
165083753088,134195932
165083753088,134195938
165083753088,134195941
165083753088,134195947
165083753088,134195953
165083753088,134196001
165083753088,134196002
165083753088,134196057
165083753088,134196070
165083753088,134196080
165083753088,134196105
165083753088,134196152
165083753088,134196154
165083753088,134196179
165083753088,134196186
165083753088,134196193
165083753088,134196199
165083753088,134196205
165083753088,134196243
165083753088,134196244
165083753088,134196247
165083753088,134196252
165083753088,134196258
165083753088,134196302
165083753088,134196309
165083753088,134196310
165083753088,134196458
165083753088,134196481
165083753088,134196495
165083753088,134196497
165083753088,134196515
165083753088,134196527
165083753088,134196537
165083753088,134196540
165083753088,134196549
165083753088,134196552
165083753088,134196577
165083753088,134196588
165083753088,134196591
165083753088,134196623
165083753088,134196635
165083753088,134196643
165083753088,134196656
165083753088,134196664
165083753088,134196698
165083753088,134196705
165083753088,134196711
165083753088,134196718
165083753088,134196719
165083753088,134196758
165083753088,134196770
165083753088,134196771
165083753088,134196775
165083753088,134196783
165083753088,134196789
165083753088,134196809
165083753088,134196815
165083753088,134196828
165083753088,134196829
165083753088,134196831
165083753088,134196875
165083753088,134196961
165083753088,134196978
165083753088,134196985
165083753088,134196991
165083753088,134197001
165083753088,134197014
165083753088,134197016
165083753088,134197021
165083753088,134197033
165083753088,134197044
165083753088,134197048
165083753088,134197050
165083753088,134197065
165083753088,134197070
165083753088,134197081
165083753088,134197093
165083753088,134197161
165083753088,134197167
165083753088,134197169
165083753088,134197175
165083753088,134197201
165083753088,134197205
165083753088,134197216
165083753088,134197227
165083753088,134197250
165083753088,134197279
165083753088,134197293
165083753088,134197314
165083753088,134197315
165083753088,134197320
165083753088,134197343
165083753088,134197357
165083753088,134197373
165083753088,134197383
165083753088,134197391
165083753088,134197392
165083753088,134197403
165083753088,134197409
165083753088,134197414
165083753088,134197420
165083753088,134197429
165083753088,134197434
165083753088,134197437
165083753088,134197491
165083753088,134197494
165083753088,134197495
165083753088,134197500
165083753088,134197520
165083753088,134197529
165083753088,134197554
165083753088,134197615
165083753088,134197621
165083753088,134197626
165083753088,134197628
165083753088,134197642
165083753088,134197644
165083753088,134197655
165083753088,134197691
165083753088,134197694
165083753088,134197696
165083753088,134197699
165083753088,134197716
165083753088,134197746
165083753088,134197760
165083753088,134197766
165083753088,134197802
165083753088,134197870
165083753088,134197874
165083753088,134197880
165083753088,134197931
165083753088,134197932
165083753088,134197945
165083753088,134197974
165083753088,134197981
165083753088,134197982
165083753088,134197999
165083753088,134198003
165083753088,134198017
165083753088,134198034
165083753088,134198040
165083753088,134198047
165083753088,134198108
165083753088,134198133
165083753088,134198147
165083753088,134198161
165083753088,134198162
165083753088,134198227
165083753088,134198235
165083753088,134198250
165083753088,134198314
165083753088,134198320
165083753088,134198330
165083753088,134198348
165083753088,134198370
165083753088,134198371
165083753088,134198416
165083753088,134198428
165083753088,134198679
165083753088,134198734
165083753088,134198771
165083753088,134198887
165083753088,134198909
165083753088,134198946
165083753088,134198963
165083753088,134199026
165083753088,134199107
165083753088,134199123
165083753088,134199169
165083753088,134199170
165083753088,134199210
165083753088,134199302
165083753088,134199310
165083753088,134199392
165083753088,134199406
165083753088,134199491
165083753088,134199536
165083753088,134199610
165083753088,134199661
165083753088,134199683
165083753088,134199789
165083753088,134201343
165083753088,134201344
165083753088,134201634
165083753088,134201818
165083753088,134201821
165083753088,134201833
165083753088,134201858
165083753088,134201879
165083753088,134201884
165083753088,134201927
165083753088,134201951
165083753088,134201985
165083753088,134201999
165083753088,134202010
165083753088,134202293
165083753088,134202346
165083753088,134202360
165083753088,134202399
165083753088,134202499
165083753088,134202517
165083753088,134202529
165083753088,134202535
165083753088,134202578
165083753088,134202587
165083753088,134202589
165083753088,134202590
165083753088,134202634
165083753088,134202642
165083753088,134202691
165083753088,134202708
165083753088,134202725
165083753088,134202731
165083753088,134202732
165083753088,134202740
165083753088,134202812
165083753088,134202840
165083753088,134202847
165083753088,134202857
165083753088,134202881
165083753088,134202885
165083753088,134202892
165083753088,134202966
165083753088,134202993
165083753088,134203002
165083753088,134203010
165083753088,134203018
165083753088,134203034
165083753088,134203106
165083753088,134203166
165083753088,134203173
165083753088,134203246
165083753088,134203273
165083753088,134203350
165083753088,134203365
165083753088,134203368
165083753088,134203428
165083753088,134203430
165083753088,134203436
165083753088,134203442
165083753088,134203490
165083753088,134203492
165083753088,134203546
165083753088,134203551
165083753088,134203559
165083753088,134203569
165083753088,134203595
165083753088,134203642
165083753088,134203644
165083753088,134203668
165083753088,134203675
165083753088,134203682
165083753088,134203689
165083753088,134203694
165083753088,134203721
165083753088,134203733
165083753088,134203737
165083753088,134203747
165083753088,134203792
165083753088,134203799
165083753088,134203872
165083753088,134203970
165083753088,134203984
165083753088,134203986
165083753088,134204004
165083753088,134204016
165083753088,134204027
165083753088,134204041
165083753088,134204067
165083753088,134204078
165083753088,134204112
165083753088,134204124
165083753088,134204132
165083753088,134204145
165083753088,134204153
165083753088,134204187
165083753088,134204194
165083753088,134204200
165083753088,134204207
165083753088,134204208
165083753088,134204247
165083753088,134204260
165083753088,134204264
165083753088,134204273
165083753088,134204278
165083753088,134204295
165083753088,134204299
165083753088,134204318
165083753088,134204320
165083753088,134204364
165083753088,134204451
165083753088,134204452
165083753088,134204468
165083753088,134204480
165083753088,134204490
165083753088,134204504
165083753088,134204505
165083753088,134204510
165083753088,134204513
165083753088,134204533
165083753088,134204537
165083753088,134204539
165083753088,134204554
165083753088,134204559
165083753088,134204570
165083753088,134204582
165083753088,134204651
165083753088,134204657
165083753088,134204658
165083753088,134204665
165083753088,134204675
165083753088,134204691
165083753088,134204695
165083753088,134204705
165083753088,134204716
165083753088,134204739
165083753088,134204769
165083753088,134204783
165083753088,134204789
165083753088,134204803
165083753088,134204804
165083753088,134204809
165083753088,134204833
165083753088,134204846
165083753088,134204862
165083753088,134204865
165083753088,134204872
165083753088,134204880
165083753088,134204881
165083753088,134204892
165083753088,134204898
165083753088,134204903
165083753088,134204909
165083753088,134204918
165083753088,134204923
165083753088,134204927
165083753088,134204980
165083753088,134204984
165083753088,134204985
165083753088,134204990
165083753088,134205010
165083753088,134205019
165083753088,134205043
165083753088,134205104
165083753088,134205110
165083753088,134205115
165083753088,134205117
165083753088,134205132
165083753088,134205133
165083753088,134205144
165083753088,134205180
165083753088,134205181
165083753088,134205183
165083753088,134205185
165083753088,134205188
165083753088,134205206
165083753088,134205249
165083753088,134205255
165083753088,134205291
165083753088,134205321
165083753088,134205360
165083753088,134205364
165083753088,134205369
165083753088,134205420
165083753088,134205422
165083753088,134205435
165083753088,134205464
165083753088,134205471
165083753088,134205488
165083753088,134205492
165083753088,134205507
165083753088,134205523
165083753088,134205530
165083753088,134205536
165083753088,134205597
165083753088,134205622
165083753088,134205651
165083753088,134205719
165083753088,134205724
165083753088,134205739
165083753088,134205803
165083753088,134205810
165083753088,134205819
165083753088,134205837
165083753088,134205859
165083753088,134205860
165083753088,134205905
165083753088,134205917
165083753088,134205948
165083753088,134206169
165083753088,134206223
165083753088,134206260
165083753088,134206376
165083753088,134206398
165083753088,134206435
165083753088,134206452
165083753088,134206516
165083753088,134206596
165083753088,134206610
165083753088,134206612
165083753088,134206613
165083753088,134206658
165083753088,134206659
165083753088,134206699
165083753088,134206791
165083753088,134206799
165083753088,134206882
165083753088,134206896
165083753088,134206980
165083753088,134207026
165083753088,134207151
165083753088,134207172
165083753088,134207279
165083753088,134208824
165083753088,134208842
165083753088,134208844
165083753088,134208849
165083753088,134208851
165083753088,134208854
165083753088,134208855
165083753088,134208856
165083753088,134208857
165083753088,134208859
165083753088,134208860
165083753088,134208861
165083753088,134208862
165083753088,134208863
165083753088,134208864
165083753088,134208865
165083753088,134208866
165083753088,134208867
165083753088,134208869
165083753088,134208870
165083753088,134208871
165083753088,134208872
165083753088,134208878
197881849728,67231457
197881849728,67231458
197881849728,134191829
197881849728,134192685
197881849728,134193835
197881849728,134194324
197881849728,134194416
197881849728,134194568
197881849728,134195937
197881849728,134196039
197881849728,134196050
197881849728,134196051
197881849728,134196265
197881849728,134196272
197881849728,134196503
197881849728,134196506
197881849728,134196508
197881849728,134196630
197881849728,134196764
197881849728,134196768
197881849728,134196779
197881849728,134196780
197881849728,134197000
197881849728,134197024
197881849728,134197028
197881849728,134197117
197881849728,134197121
197881849728,134197262
197881849728,134197297
197881849728,134197355
197881849728,134197458
197881849728,134197459
197881849728,134197475
197881849728,134197483
197881849728,134197510
197881849728,134197511
197881849728,134197519
197881849728,134197537
197881849728,134197544
197881849728,134197547
197881849728,134197548
197881849728,134197594
197881849728,134197595
197881849728,134197597
197881849728,134197614
197881849728,134197631
197881849728,134197632
197881849728,134197641
197881849728,134197645
197881849728,134197677
197881849728,134197678
197881849728,134197692
197881849728,134197702
197881849728,134197713
197881849728,134197714
197881849728,134197736
197881849728,134197754
197881849728,134197757
197881849728,134197770
197881849728,134197771
197881849728,134197780
197881849728,134197804
197881849728,134197820
197881849728,134197832
197881849728,134197839
197881849728,134197840
197881849728,134197843
197881849728,134197846
197881849728,134197847
197881849728,134197848
197881849728,134197850
197881849728,134197853
197881849728,134197856
197881849728,134197859
197881849728,134197876
197881849728,134197882
197881849728,134197883
197881849728,134197884
197881849728,134197917
197881849728,134197918
197881849728,134197919
197881849728,134197923
197881849728,134197924
197881849728,134197928
197881849728,134197930
197881849728,134197940
197881849728,134197941
197881849728,134197957
197881849728,134197961
197881849728,134197967
197881849728,134197975
197881849728,134197978
197881849728,134197994
197881849728,134198000
197881849728,134198004
197881849728,134198016
197881849728,134198018
197881849728,134198019
197881849728,134198036
197881849728,134198037
197881849728,134198051
197881849728,134198055
197881849728,134198059
197881849728,134198117
197881849728,134198118
197881849728,134198119
197881849728,134198120
197881849728,134198121
197881849728,134198122
197881849728,134198123
197881849728,134198124
197881849728,134198125
197881849728,134198126
197881849728,134198127
197881849728,134198128
197881849728,134198129
197881849728,134198130
197881849728,134198131
197881849728,134198156
197881849728,134198166
197881849728,134198168
197881849728,134198175
197881849728,134198177
197881849728,134198179
197881849728,134198180
197881849728,134198181
197881849728,134198183
197881849728,134198184
197881849728,134198187
197881849728,134198193
197881849728,134198198
197881849728,134198200
197881849728,134198204
197881849728,134198205
197881849728,134198206
197881849728,134198207
197881849728,134198210
197881849728,134198213
197881849728,134198220
197881849728,134198228
197881849728,134198231
197881849728,134198236
197881849728,134198237
197881849728,134198238
197881849728,134198239
197881849728,134198240
197881849728,134198241
197881849728,134198245
197881849728,134198246
197881849728,134198247
197881849728,134198253
197881849728,134198254
197881849728,134198255
197881849728,134198257
197881849728,134198263
197881849728,134198264
197881849728,134198268
197881849728,134198271
197881849728,134198272
197881849728,134198280
197881849728,134198281
197881849728,134198282
197881849728,134198287
197881849728,134198290
197881849728,134198292
197881849728,134198293
197881849728,134198294
197881849728,134198295
197881849728,134198296
197881849728,134198297
197881849728,134198298
197881849728,134198299
197881849728,134198300
197881849728,134198302
197881849728,134198303
197881849728,134198304
197881849728,134198307
197881849728,134198308
197881849728,134198310
197881849728,134198311
197881849728,134198312
197881849728,134198323
197881849728,134198327
197881849728,134198328
197881849728,134198331
197881849728,134198333
197881849728,134198334
197881849728,134198336
197881849728,134198337
197881849728,134198339
197881849728,134198340
197881849728,134198341
197881849728,134198344
197881849728,134198345
197881849728,134198346
197881849728,134198347
197881849728,134198349
197881849728,134198353
197881849728,134198354
197881849728,134198356
197881849728,134198357
197881849728,134198358
197881849728,134198386
197881849728,134198387
197881849728,134198388
197881849728,134198389
197881849728,134198390
197881849728,134198391
197881849728,134198392
197881849728,134198393
197881849728,134198396
197881849728,134198397
197881849728,134198400
197881849728,134198401
197881849728,134198402
197881849728,134198403
197881849728,134198404
197881849728,134198405
197881849728,134198407
197881849728,134198412
197881849728,134198413
197881849728,134198414
197881849728,134198415
197881849728,134198417
197881849728,134198418
197881849728,134198419
197881849728,134198420
197881849728,134198421
197881849728,134198423
197881849728,134198426
197881849728,134198427
197881849728,134198429
197881849728,134198433
197881849728,134198435
197881849728,134198436
197881849728,134198437
197881849728,134198438
197881849728,134198439
197881849728,134198441
197881849728,134198444
197881849728,134198450
197881849728,134198451
197881849728,134198454
197881849728,134198458
197881849728,134198465
197881849728,134198466
197881849728,134198479
197881849728,134201324
197881849728,134201813
197881849728,134201905
197881849728,134202057
197881849728,134202863
197881849728,134203426
197881849728,134203528
197881849728,134203530
197881849728,134203539
197881849728,134203540
197881849728,134203754
197881849728,134203992
197881849728,134203997
197881849728,134204119
197881849728,134204253
197881849728,134204257
197881849728,134204268
197881849728,134204269
197881849728,134204368
197881849728,134204455
197881849728,134204489
197881849728,134204514
197881849728,134204517
197881849728,134204606
197881849728,134204610
197881849728,134204751
197881849728,134204786
197881849728,134204844
197881849728,134204845
197881849728,134204910
197881849728,134204948
197881849728,134204964
197881849728,134204973
197881849728,134204999
197881849728,134205000
197881849728,134205008
197881849728,134205018
197881849728,134205036
197881849728,134205037
197881849728,134205083
197881849728,134205084
197881849728,134205085
197881849728,134205086
197881849728,134205103
197881849728,134205121
197881849728,134205130
197881849728,134205134
197881849728,134205135
197881849728,134205166
197881849728,134205167
197881849728,134205192
197881849728,134205203
197881849728,134205229
197881849728,134205243
197881849728,134205246
197881849728,134205260
197881849728,134205269
197881849728,134205293
197881849728,134205309
197881849728,134205328
197881849728,134205329
197881849728,134205330
197881849728,134205332
197881849728,134205335
197881849728,134205336
197881849728,134205337
197881849728,134205338
197881849728,134205339
197881849728,134205342
197881849728,134205345
197881849728,134205346
197881849728,134205365
197881849728,134205371
197881849728,134205372
197881849728,134205373
197881849728,134205406
197881849728,134205407
197881849728,134205408
197881849728,134205413
197881849728,134205417
197881849728,134205430
197881849728,134205431
197881849728,134205450
197881849728,134205467
197881849728,134205482
197881849728,134205489
197881849728,134205490
197881849728,134205505
197881849728,134205508
197881849728,134205525
197881849728,134205526
197881849728,134205527
197881849728,134205529
197881849728,134205541
197881849728,134205544
197881849728,134205545
197881849728,134205548
197881849728,134205607
197881849728,134205608
197881849728,134205609
197881849728,134205610
197881849728,134205611
197881849728,134205612
197881849728,134205613
197881849728,134205614
197881849728,134205615
197881849728,134205616
197881849728,134205617
197881849728,134205618
197881849728,134205619
197881849728,134205620
197881849728,134205624
197881849728,134205636
197881849728,134205656
197881849728,134205657
197881849728,134205658
197881849728,134205664
197881849728,134205665
197881849728,134205666
197881849728,134205668
197881849728,134205669
197881849728,134205670
197881849728,134205671
197881849728,134205672
197881849728,134205674
197881849728,134205676
197881849728,134205682
197881849728,134205687
197881849728,134205689
197881849728,134205691
197881849728,134205693
197881849728,134205694
197881849728,134205695
197881849728,134205697
197881849728,134205709
197881849728,134205717
197881849728,134205718
197881849728,134205726
197881849728,134205728
197881849728,134205729
197881849728,134205731
197881849728,134205735
197881849728,134205737
197881849728,134205742
197881849728,134205743
197881849728,134205745
197881849728,134205746
197881849728,134205752
197881849728,134205753
197881849728,134205757
197881849728,134205760
197881849728,134205762
197881849728,134205770
197881849728,134205771
197881849728,134205772
197881849728,134205776
197881849728,134205779
197881849728,134205780
197881849728,134205781
197881849728,134205783
197881849728,134205784
197881849728,134205785
197881849728,134205787
197881849728,134205788
197881849728,134205789
197881849728,134205790
197881849728,134205791
197881849728,134205792
197881849728,134205793
197881849728,134205796
197881849728,134205799
197881849728,134205800
197881849728,134205801
197881849728,134205802
197881849728,134205809
197881849728,134205816
197881849728,134205817
197881849728,134205822
197881849728,134205823
197881849728,134205824
197881849728,134205826
197881849728,134205827
197881849728,134205829
197881849728,134205830
197881849728,134205831
197881849728,134205833
197881849728,134205835
197881849728,134205836
197881849728,134205838
197881849728,134205842
197881849728,134205843
197881849728,134205845
197881849728,134205846
197881849728,134205847
197881849728,134205875
197881849728,134205876
197881849728,134205877
197881849728,134205878
197881849728,134205879
197881849728,134205880
197881849728,134205881
197881849728,134205882
197881849728,134205885
197881849728,134205888
197881849728,134205889
197881849728,134205891
197881849728,134205892
197881849728,134205893
197881849728,134205894
197881849728,134205896
197881849728,134205901
197881849728,134205902
197881849728,134205903
197881849728,134205904
197881849728,134205906
197881849728,134205907
197881849728,134205908
197881849728,134205909
197881849728,134205910
197881849728,134205912
197881849728,134205914
197881849728,134205916
197881849728,134205918
197881849728,134205919
197881849728,134205924
197881849728,134205925
197881849728,134205926
197881849728,134205927
197881849728,134205928
197881849728,134205929
197881849728,134205930
197881849728,134205934
197881849728,134205938
197881849728,134205945
197881849728,134205947
197881849728,134205955
197881849728,134205958
197881849728,134205969
