827860087,134189875
827860087,134191733
827860087,134193496
827860087,134193497
827860087,134193498
827860087,134193499
827860087,134193500
827860087,134193501
827860087,134193502
827860087,134193503
827860087,134193504
827860087,134193505
827860087,134193506
827860087,134193507
827860087,134193508
827860087,134193509
827860087,134193510
827860087,134193511
827860087,134193512
827860087,134193513
827860087,134193514
827860087,134193515
827860087,134193516
827860087,134193517
827860087,134193518
827860087,134193519
827860087,134193520
827860087,134193521
827860087,134193522
827860087,134193523
827860087,134193524
827860087,134193525
827860087,134193526
827860087,134193527
827860087,134193528
827860087,134193529
827860087,134193530
827860087,134193531
827860087,134193532
827860087,134193533
827860087,134193534
827860087,134193535
827860087,134193537
827860087,134193538
827860087,134193539
827860087,134193540
827860087,134193541
827860087,134193542
827860087,134193543
827860087,134193544
827860087,134193545
827860087,134193546
827860087,134193547
827860087,134193548
827860087,134193549
827860087,134193550
827860087,134193551
827860087,134193552
827860087,134193553
827860087,134193554
827860087,134193555
827860087,134193556
827860087,134193557
827860087,134193558
827860087,134193559
827860087,134193560
827860087,134193561
827860087,134193562
827860087,134193563
827860087,134193564
827860087,134193565
827860087,134193566
827860087,134193567
827860087,134193568
827860087,134193569
827860087,134193570
827860087,134193571
827860087,134193572
827860087,134193573
827860087,134193574
827860087,134193575
827860087,134193576
827860087,134193577
827860087,134193578
827860087,134193579
827860087,134193580
827860087,134193581
827860087,134193582
827860087,134193583
827860087,134193584
827860087,134193585
827860087,134193586
827860087,134193587
827860087,134193588
827860087,134193589
827860087,134193590
827860087,134193591
827860087,134193592
827860087,134193593
827860087,134193594
827860087,134193595
827860087,134193596
827860087,134193597
827860087,134193598
827860087,134193599
827860087,134193600
827860087,134193601
827860087,134193602
827860087,134193603
827860087,134193604
827860087,134193605
827860087,134193606
827860087,134193607
827860087,134193608
827860087,134193609
827860087,134193610
827860087,134193611
827860087,134193612
827860087,134193613
827860087,134193614
827860087,134193615
827860087,134193616
827860087,134193617
827860087,134193618
827860087,134193619
827860087,134193620
827860087,134193621
827860087,134193622
827860087,134193623
827860087,134193624
827860087,134193625
827860087,134193626
827860087,134193627
827860087,134193628
827860087,134193629
827860087,134193630
827860087,134193631
827860087,134193632
827860087,134193633
827860087,134193634
827860087,134193635
827860087,134193636
827860087,134193637
827860087,134193638
827860087,134193639
827860087,134193640
827860087,134193641
827860087,134193642
827860087,134193643
827860087,134193644
827860087,134193645
827860087,134193646
827860087,134193647
827860087,134193648
827860087,134193649
827860087,134193650
827860087,134193651
827860087,134193652
827860087,134193653
827860087,134193654
827860087,134193655
827860087,134193656
827860087,134193657
827860087,134193658
827860087,134193659
827860087,134193660
827860087,134193661
827860087,134193662
827860087,134193663
827860087,134193664
827860087,134193665
827860087,134193666
827860087,134193667
827860087,134193668
827860087,134193669
827860087,134193670
827860087,134193671
827860087,134193672
827860087,134193673
827860087,134193674
827860087,134193675
827860087,134193676
827860087,134193677
827860087,134193678
827860087,134193679
827860087,134193680
827860087,134193681
827860087,134193682
827860087,134193683
827860087,134193684
827860087,134193685
827860087,134193686
827860087,134193687
827860087,134193688
827860087,134193689
827860087,134193690
827860087,134193691
827860087,134193692
827860087,134193693
827860087,134193694
827860087,134193695
827860087,134193696
827860087,134193697
827860087,134193698
827860087,134193699
827860087,134193700
827860087,134193701
827860087,134193702
827860087,134193703
827860087,134193704
827860087,134193705
827860087,134193706
827860087,134193707
827860087,134193708
827860087,134193709
827860087,134193710
827860087,134193711
827860087,134193712
827860087,134193713
827860087,134193714
827860087,134193715
827860087,134193716
827860087,134193717
827860087,134193718
827860087,134193719
827860087,134193720
827860087,134193721
827860087,134193722
827860087,134193723
827860087,134193724
827860087,134193725
827860087,134193726
827860087,134193727
827860087,134193728
827860087,134193729
827860087,134193730
827860087,134193731
827860087,134193732
827860087,134193733
827860087,134193734
827860087,134193735
827860087,134193736
827860087,134193737
827860087,134193738
827860087,134193739
827860087,134193740
827860087,134193741
827860087,134193742
827860087,134193743
827860087,134193744
827860087,134193745
827860087,134193746
827860087,134193747
827860087,134193748
827860087,134193749
827860087,134193750
827860087,134193751
827860087,134193752
827860087,134193753
827860087,134193754
827860087,134193755
827860087,134193756
827860087,134193757
827860087,134193758
827860087,134193759
827860087,134193760
827860087,134193761
827860087,134193762
827860087,134193763
827860087,134193764
827860087,134193765
827860087,134193766
827860087,134193767
827860087,134193768
827860087,134193769
827860087,134193770
827860087,134193771
827860087,134193772
827860087,134193773
827860087,134193774
827860087,134193775
827860087,134193776
827860087,134193777
827860087,134193778
827860087,134193779
827860087,134193780
827860087,134193781
827860087,134193782
827860087,134193783
827860087,134193784
827860087,134193785
827860087,134193786
827860087,134193787
827860087,134193788
827860087,134193789
827860087,134193790
827860087,134193791
827860087,134193792
827860087,134193793
827860087,134193794
827860087,134193795
827860087,134193796
827860087,134193797
827860087,134193798
827860087,134193799
827860087,134193800
827860087,134193801
827860087,134193802
827860087,134193803
827860087,134193804
827860087,134193805
827860087,134193806
827860087,134193807
827860087,134193808
827860087,134193809
827860087,134193810
827860087,134193811
827860087,134193812
827860087,134193813
827860087,134193814
827860087,134193815
827860087,134193816
827860087,134193817
827860087,134193818
827860087,134193819
827860087,134193820
827860087,134193821
827860087,134193822
827860087,134193823
827860087,134193824
827860087,134193825
827860087,134193826
827860087,134193827
827860087,134193828
827860087,134193829
827860087,134193830
827860087,134193831
827860087,134193832
827860087,134193833
827860087,134193834
827860087,134193835
827860087,134193836
827860087,134193837
827860087,134193838
827860087,134193839
827860087,134193840
827860087,134193841
827860087,134193842
827860087,134193843
827860087,134193844
827860087,134193845
827860087,134193846
827860087,134193847
827860087,134193848
827860087,134193849
827860087,134193850
827860087,134193851
827860087,134193852
827860087,134193853
827860087,134193854
827860087,134193855
827860087,134193856
827860087,134193857
827860087,134196016
827860087,134196017
827860087,134196018
827860087,134196019
827860087,134196020
827860087,134196021
827860087,134203407
827860087,134203408
827860087,134203409
827860087,134203410
827860087,134203411
827860087,134203412
827860087,134208750
25663662697,67231438
25663662697,67231443
25663662697,67231457
25663662697,67231467
25663662697,67231468
25663662697,134190276
25663662697,134194102
25663662697,134194112
25663662697,134194167
25663662697,134194172
25663662697,134194203
25663662697,134194226
25663662697,134194274
25663662697,134194345
25663662697,134194356
25663662697,134194357
25663662697,134194358
25663662697,134194360
25663662697,134194361
25663662697,134194362
25663662697,134194425
25663662697,134194443
25663662697,134194488
25663662697,134194492
25663662697,134194498
25663662697,134194507
25663662697,134194513
25663662697,134194528
25663662697,134194554
25663662697,134194564
25663662697,134194607
25663662697,134194663
25663662697,134194670
25663662697,134194740
25663662697,134194856
25663662697,134195002
25663662697,134195117
25663662697,134195155
25663662697,134195206
25663662697,134195304
25663662697,134195305
25663662697,134195393
25663662697,134195432
25663662697,134195471
25663662697,134195512
25663662697,134195531
25663662697,134195534
25663662697,134195560
25663662697,134195589
25663662697,134195636
25663662697,134195693
25663662697,134195697
25663662697,134195698
25663662697,134195703
25663662697,134195716
25663662697,134195728
25663662697,134195742
25663662697,134195749
25663662697,134195751
25663662697,134195760
25663662697,134195763
25663662697,134195828
25663662697,134195841
25663662697,134195842
25663662697,134195843
25663662697,134195856
25663662697,134195865
25663662697,134195876
25663662697,134195895
25663662697,134195906
25663662697,134195908
25663662697,134195923
25663662697,134195936
25663662697,134195939
25663662697,134196027
25663662697,134196029
25663662697,134196032
25663662697,134196090
25663662697,134196155
25663662697,134196610
25663662697,134197078
25663662697,134197084
25663662697,134197095
25663662697,134197143
25663662697,134197720
25663662697,134197954
25663662697,134197972
25663662697,134197977
25663662697,134198161
25663662697,134198288
25663662697,134198437
25663662697,134198646
25663662697,134198694
25663662697,134199059
25663662697,134199497
25663662697,134199666
25663662697,134199727
25663662697,134199765
25663662697,134199993
25663662697,134200140
25663662697,134200176
25663662697,134200310
25663662697,134200311
25663662697,134200361
25663662697,134200393
25663662697,134200443
25663662697,134200622
25663662697,134200642
25663662697,134200900
25663662697,134200972
25663662697,134201009
25663662697,134201493
25663662697,134201503
25663662697,134201558
25663662697,134201563
25663662697,134201594
25663662697,134201617
25663662697,134201665
25663662697,134201736
25663662697,134201747
25663662697,134201748
25663662697,134201749
25663662697,134201751
25663662697,134201752
25663662697,134201753
25663662697,134201816
25663662697,134201834
25663662697,134201879
25663662697,134201883
25663662697,134201889
25663662697,134201898
25663662697,134201904
25663662697,134201919
25663662697,134201945
25663662697,134201955
25663662697,134201998
25663662697,134202054
25663662697,134202061
25663662697,134202131
25663662697,134202247
25663662697,134202393
25663662697,134202508
25663662697,134202546
25663662697,134202597
25663662697,134202614
25663662697,134202695
25663662697,134202696
25663662697,134202784
25663662697,134202823
25663662697,134202862
25663662697,134202903
25663662697,134202922
25663662697,134202925
25663662697,134202951
25663662697,134202980
25663662697,134203027
25663662697,134203088
25663662697,134203089
25663662697,134203094
25663662697,134203107
25663662697,134203119
25663662697,134203133
25663662697,134203140
25663662697,134203142
25663662697,134203151
25663662697,134203154
25663662697,134203219
25663662697,134203232
25663662697,134203233
25663662697,134203247
25663662697,134203256
25663662697,134203267
25663662697,134203286
25663662697,134203296
25663662697,134203299
25663662697,134203314
25663662697,134203327
25663662697,134203330
25663662697,134203418
25663662697,134203420
25663662697,134203423
25663662697,134203481
25663662697,134203546
25663662697,134204001
25663662697,134204469
25663662697,134204475
25663662697,134204486
25663662697,134204534
25663662697,134205111
25663662697,134205345
25663662697,134205363
25663662697,134205368
25663662697,134205552
25663662697,134205679
25663662697,134205828
25663662697,134206037
25663662697,134206085
25663662697,134206450
25663662697,134206888
25663662697,134207057
25663662697,134207118
25663662697,134207156
25663662697,134207384
25663662697,134207531
25663662697,134207567
25663662697,134207656
25663662697,134207701
25663662697,134207752
25663662697,134207784
25663662697,134207834
25663662697,134208013
25663662697,134208033
25663662697,134208290
25663662697,134208291
25663662697,134208400
25663662697,134208641
25663662697,134208644
25663662697,134208654
25663662697,134208655
25663662697,134208656
25663662697,134208657
25663662697,134208658
25663662697,134208659
25663662697,134208660
25663662697,134208661
25663662697,134208662
25663662697,134208663
25663662697,134208664
25663662697,134208666
25663662697,134208667
25663662697,134208668
25663662697,134208669
25663662697,134208670
25663662697,134208671
25663662697,134208672
25663662697,134208673
25663662697,134208675
25663662697,134208676
25663662697,134208677
25663662697,134208678
25663662697,134208679
25663662697,134208685
25663662697,134208686
25663662697,134208687
25663662697,134208690
25663662697,134208693
25663662697,134208695
25663662697,134208696
25663662697,134208697
25663662697,134208699
25663662697,134208700
25663662697,134208702
25663662697,134208703
25663662697,134208704
25663662697,134208705
25663662697,134208707
25663662697,134208708
25663662697,134208709
25663662697,134208710
25663662697,134208711
25663662697,134208712
25663662697,134208713
25663662697,134208714
25663662697,134208715
25663662697,134208716
25663662697,134208717
25663662697,134208718
25663662697,134208719
25663662697,134208720
25663662697,134208721
25663662697,134208722
25663662697,134208723
25663662697,134208724
25663662697,134208725
25663662697,134208726
25663662697,134208727
25663662697,134208728
25663662697,134208729
25663662697,134208731
25663662697,134208733
25663662697,134208734
25663662697,134208735
25663662697,134208736
25663662697,134208737
25663662697,134208740
25663662697,134208741
25663662697,134208742
25663662697,134208743
25663662697,134208744
25663662697,134208745
25663662697,134208751
25663662697,134208752
25663662697,134208753
25663662697,134208754
25663662697,134208755
25663662697,134208757
25663662697,134208758
25663662697,134208759
25663662697,134208760
25663662697,134208761
25663662697,134208762
25663662697,134208763
25663662697,134208764
25663662697,134208765
25663662697,134208766
25663662697,134208767
25663662697,134208768
25663662697,134208769
25663662697,134208770
25663662697,134208772
25663662697,134208773
25663662697,134208775
25663662697,134208776
25663662697,134208777
25663662697,134208778
25663662697,134208779
25663662697,134208781
25663662697,134208783
25663662697,134208784
25663662697,134208785
25663662697,134208787
25663662697,134208790
25663662697,134208791
25663662697,134208792
25663662697,134208794
25663662697,134208795
25663662697,134208797
25663662697,134208798
25663662697,134208799
25663662697,134208800
25663662697,134208801
25663662697,134208802
25663662697,134208803
25663662697,134208804
25663662697,134208805
25663662697,134208806
25663662697,134208807
25663662697,134208808
25663662697,134208809
25663662697,134208810
25663662697,134208813
25663662697,134208814
25663662697,134208816
25663662697,134208822
25663662697,134208823
25663662697,134208825
25663662697,134208826
25663662697,134208827
25663662697,134208828
25663662697,134208829
25663662697,134208830
25663662697,134208831
25663662697,134208832
25663662697,134208833
25663662697,134208835
25663662697,134208836
25663662697,134208837
25663662697,134208839
25663662697,134208840
25663662697,134208842
25663662697,134208843
25663662697,134208844
25663662697,134208845
25663662697,134208846
25663662697,134208847
25663662697,134208848
25663662697,134208850
25663662697,134208851
25663662697,134208852
25663662697,134208853
25663662697,134208854
25663662697,134208855
25663662697,134208856
25663662697,134208857
25663662697,134208858
25663662697,134208859
25663662697,134208860
25663662697,134208861
25663662697,134208862
25663662697,134208863
25663662697,134208864
25663662697,134208865
25663662697,134208866
25663662697,134208867
25663662697,134208868
25663662697,134208869
25663662697,134208870
25663662697,134208871
25663662697,134208872
25663662697,134208873
25663662697,134208874
25663662697,134208875
25663662697,134208876
25663662697,134208877
25663662697,134208878
25663662697,134208879
25663662697,134208880
25663662697,134208881
25663662697,134208882
25663662697,134208883
25663662697,134208884
25663662697,134208885
25663662697,134208886
25663662697,134208887
25663662697,134208888
25663662697,134208889
25663662697,134208890
25663662697,134208891
25663662697,134208892
25663662697,134208893
25663662697,134208894
25663662697,134208895
25663662697,134208896
25663662697,134208897
25663662697,134208898
25663662697,134208899
25663662697,134208900
25663662697,134208901
25663662697,134208902
25663662697,134208903
25663662697,134208904
25663662697,134208905
25663662697,134208906
25663662697,134208907
25663662697,134208908
25663662697,134208909
25663662697,134208910
25663662697,134208911
25663662697,134208912
25663662697,134208913
25663662697,134208914
25663662697,134208915
25663662697,134208916
25663662697,134208917
25663662697,134208918
25663662697,134208919
25663662697,134208920
25663662697,134208921
25663662697,134208922
25663662697,134208923
25663662697,134208924
25663662697,134208925
25663662697,134208926
25663662697,134208927
25663662697,134208929
25663662697,134208930
25663662697,134208931
25663662697,134208932
25663662697,134208933
25663662697,134208934
25663662697,134208935
25663662697,134208936
25663662697,134208937
25663662697,134208938
25663662697,134208939
25663662697,134208940
25663662697,134208941
25663662697,134208942
25663662697,134208943
25663662697,134208944
25663662697,134208945
25663662697,134208946
25663662697,134208948
25663662697,134208949
25663662697,134208950
25663662697,134208951
25663662697,134208952
25663662697,134208953
25663662697,134208954
25663662697,134208955
25663662697,134208956
25663662697,134208957
25663662697,134208958
25663662697,134208959
25663662697,134208960
25663662697,134208961
25663662697,134208962
25663662697,134208964
25663662697,134208965
25663662697,134208966
25663662697,134208967
25663662697,134208968
25663662697,134208969
25663662697,134208970
25663662697,134208971
25663662697,134208972
25663662697,134208973
25663662697,134208974
25663662697,134208975
25663662697,134208976
25663662697,134208977
25663662697,134208978
25663662697,134208979
25663662697,134208980
25663662697,134208981
25663662697,134208982
25663662697,134208983
25663662697,134208984
25663662697,134208985
25663662697,134208986
25663662697,134208987
25663662697,134208988
25663662697,134208989
25663662697,134208991
25663662697,134208992
25663662697,134208993
25663662697,134208996
25663662697,134208997
25663662697,134208998
25663662697,134208999
25663662697,134209000
25663662697,134209001
50499465307,67231442
50499465307,67231446
50499465307,67231454
50499465307,67231461
50499465307,134189895
50499465307,134191715
50499465307,134194645
50499465307,134194844
50499465307,134194845
50499465307,134194847
50499465307,134194854
50499465307,134196072
50499465307,134196074
50499465307,134197184
50499465307,134197257
50499465307,134197260
50499465307,134197271
50499465307,134197342
50499465307,134197381
50499465307,134197396
50499465307,134197414
50499465307,134197418
50499465307,134197419
50499465307,134197460
50499465307,134197480
50499465307,134197486
50499465307,134197516
50499465307,134197529
50499465307,134197571
50499465307,134197627
50499465307,134197639
50499465307,134197663
50499465307,134197687
50499465307,134197689
50499465307,134197713
50499465307,134197723
50499465307,134197724
50499465307,134197731
50499465307,134197749
50499465307,134197759
50499465307,134197763
50499465307,134197782
50499465307,134197788
50499465307,134197789
50499465307,134197808
50499465307,134197822
50499465307,134197830
50499465307,134197835
50499465307,134197855
50499465307,134197856
50499465307,134197857
50499465307,134197859
50499465307,134197876
50499465307,134197891
50499465307,134197893
50499465307,134197894
50499465307,134197897
50499465307,134197901
50499465307,134197912
50499465307,134197931
50499465307,134197932
50499465307,134197933
50499465307,134197934
50499465307,134197948
50499465307,134197949
50499465307,134197953
50499465307,134197959
50499465307,134197967
50499465307,134197979
50499465307,134197983
50499465307,134197995
50499465307,134197999
50499465307,134198010
50499465307,134198013
50499465307,134198026
50499465307,134198036
50499465307,134198047
50499465307,134198050
50499465307,134198053
50499465307,134198055
50499465307,134198057
50499465307,134198062
50499465307,134198072
50499465307,134198074
50499465307,134198075
50499465307,134198079
50499465307,134198086
50499465307,134198094
50499465307,134198095
50499465307,134198101
50499465307,134198104
50499465307,134198105
50499465307,134198106
50499465307,134198123
50499465307,134198126
50499465307,134198127
50499465307,134198134
50499465307,134198136
50499465307,134198153
50499465307,134198165
50499465307,134198167
50499465307,134198168
50499465307,134198180
50499465307,134198183
50499465307,134198188
50499465307,134198191
50499465307,134198195
50499465307,134198196
50499465307,134198197
50499465307,134198199
50499465307,134198200
50499465307,134198201
50499465307,134198222
50499465307,134198223
50499465307,134198225
50499465307,134198226
50499465307,134198228
50499465307,134198230
50499465307,134198235
50499465307,134198241
50499465307,134198243
50499465307,134198244
50499465307,134198245
50499465307,134198246
50499465307,134198249
50499465307,134198250
50499465307,134198252
50499465307,134198253
50499465307,134198254
50499465307,134198256
50499465307,134198257
50499465307,134198260
50499465307,134198261
50499465307,134198262
50499465307,134198264
50499465307,134198265
50499465307,134198266
50499465307,134198267
50499465307,134198268
50499465307,134198269
50499465307,134198271
50499465307,134198272
50499465307,134198274
50499465307,134198275
50499465307,134198277
50499465307,134198278
50499465307,134198279
50499465307,134198283
50499465307,134198284
50499465307,134198286
50499465307,134198293
50499465307,134198294
50499465307,134198296
50499465307,134198298
50499465307,134198299
50499465307,134198308
50499465307,134198309
50499465307,134198310
50499465307,134198311
50499465307,134198312
50499465307,134198317
50499465307,134198319
50499465307,134198325
50499465307,134198327
50499465307,134198331
50499465307,134198332
50499465307,134198333
50499465307,134198334
50499465307,134198338
50499465307,134198340
50499465307,134198343
50499465307,134198344
50499465307,134198346
50499465307,134198353
50499465307,134198355
50499465307,134198356
50499465307,134198357
50499465307,134198358
50499465307,134198369
50499465307,134198370
50499465307,134198372
50499465307,134198373
50499465307,134198376
50499465307,134198377
50499465307,134198378
50499465307,134198379
50499465307,134198380
50499465307,134198381
50499465307,134198383
50499465307,134198384
50499465307,134198385
50499465307,134198386
50499465307,134198389
50499465307,134198390
50499465307,134198391
50499465307,134198392
50499465307,134198393
50499465307,134198394
50499465307,134198398
50499465307,134198399
50499465307,134198400
50499465307,134198401
50499465307,134198403
50499465307,134198404
50499465307,134198407
50499465307,134198408
50499465307,134198410
50499465307,134198411
50499465307,134198412
50499465307,134198413
50499465307,134198414
50499465307,134198416
50499465307,134198420
50499465307,134198425
50499465307,134198427
50499465307,134198428
50499465307,134198429
50499465307,134198430
50499465307,134198431
50499465307,134198433
50499465307,134198434
50499465307,134198435
50499465307,134198436
50499465307,134198438
50499465307,134198439
50499465307,134198440
50499465307,134198443
50499465307,134198444
50499465307,134198445
50499465307,134198446
50499465307,134198448
50499465307,134198450
50499465307,134198655
50499465307,134202036
50499465307,134202235
50499465307,134202237
50499465307,134202245
50499465307,134203168
50499465307,134203435
50499465307,134203463
50499465307,134203465
50499465307,134204575
50499465307,134204645
50499465307,134204648
50499465307,134204650
50499465307,134204662
50499465307,134204698
50499465307,134204733
50499465307,134204772
50499465307,134204787
50499465307,134204789
50499465307,134204805
50499465307,134204809
50499465307,134204810
50499465307,134204851
50499465307,134204863
50499465307,134204871
50499465307,134204877
50499465307,134204907
50499465307,134204920
50499465307,134204962
50499465307,134205018
50499465307,134205030
50499465307,134205053
50499465307,134205078
50499465307,134205080
50499465307,134205097
50499465307,134205104
50499465307,134205114
50499465307,134205115
50499465307,134205122
50499465307,134205123
50499465307,134205140
50499465307,134205150
50499465307,134205153
50499465307,134205173
50499465307,134205179
50499465307,134205180
50499465307,134205199
50499465307,134205213
50499465307,134205220
50499465307,134205221
50499465307,134205226
50499465307,134205246
50499465307,134205247
50499465307,134205248
50499465307,134205250
50499465307,134205267
50499465307,134205282
50499465307,134205284
50499465307,134205285
50499465307,134205288
50499465307,134205289
50499465307,134205292
50499465307,134205303
50499465307,134205322
50499465307,134205323
50499465307,134205324
50499465307,134205325
50499465307,134205339
50499465307,134205340
50499465307,134205344
50499465307,134205350
50499465307,134205358
50499465307,134205370
50499465307,134205374
50499465307,134205383
50499465307,134205386
50499465307,134205390
50499465307,134205401
50499465307,134205404
50499465307,134205417
50499465307,134205427
50499465307,134205438
50499465307,134205441
50499465307,134205446
50499465307,134205448
50499465307,134205453
50499465307,134205465
50499465307,134205466
50499465307,134205470
50499465307,134205477
50499465307,134205485
50499465307,134205486
50499465307,134205492
50499465307,134205495
50499465307,134205496
50499465307,134205497
50499465307,134205514
50499465307,134205517
50499465307,134205518
50499465307,134205525
50499465307,134205527
50499465307,134205532
50499465307,134205534
50499465307,134205544
50499465307,134205545
50499465307,134205556
50499465307,134205559
50499465307,134205570
50499465307,134205571
50499465307,134205579
50499465307,134205582
50499465307,134205586
50499465307,134205587
50499465307,134205588
50499465307,134205590
50499465307,134205591
50499465307,134205592
50499465307,134205613
50499465307,134205614
50499465307,134205616
50499465307,134205617
50499465307,134205619
50499465307,134205621
50499465307,134205626
50499465307,134205632
50499465307,134205634
50499465307,134205635
50499465307,134205636
50499465307,134205637
50499465307,134205640
50499465307,134205641
50499465307,134205642
50499465307,134205644
50499465307,134205645
50499465307,134205647
50499465307,134205648
50499465307,134205651
50499465307,134205652
50499465307,134205653
50499465307,134205655
50499465307,134205656
50499465307,134205657
50499465307,134205658
50499465307,134205659
50499465307,134205660
50499465307,134205661
50499465307,134205663
50499465307,134205665
50499465307,134205666
50499465307,134205668
50499465307,134205669
50499465307,134205670
50499465307,134205674
50499465307,134205675
50499465307,134205677
50499465307,134205684
50499465307,134205687
50499465307,134205689
50499465307,134205690
50499465307,134205695
50499465307,134205699
50499465307,134205700
50499465307,134205701
50499465307,134205702
50499465307,134205703
50499465307,134205708
50499465307,134205709
50499465307,134205710
50499465307,134205716
50499465307,134205718
50499465307,134205722
50499465307,134205723
50499465307,134205724
50499465307,134205725
50499465307,134205729
50499465307,134205731
50499465307,134205733
50499465307,134205735
50499465307,134205744
50499465307,134205746
50499465307,134205747
50499465307,134205748
50499465307,134205760
50499465307,134205761
50499465307,134205763
50499465307,134205764
50499465307,134205767
50499465307,134205768
50499465307,134205769
50499465307,134205770
50499465307,134205771
50499465307,134205774
50499465307,134205775
50499465307,134205776
50499465307,134205780
50499465307,134205781
50499465307,134205782
50499465307,134205783
50499465307,134205784
50499465307,134205785
50499465307,134205789
50499465307,134205790
50499465307,134205791
50499465307,134205792
50499465307,134205794
50499465307,134205798
50499465307,134205799
50499465307,134205801
50499465307,134205802
50499465307,134205803
50499465307,134205804
50499465307,134205805
50499465307,134205807
50499465307,134205811
50499465307,134205816
50499465307,134205818
50499465307,134205819
50499465307,134205820
50499465307,134205821
50499465307,134205822
50499465307,134205824
50499465307,134205825
50499465307,134205826
50499465307,134205827
50499465307,134205829
50499465307,134205830
50499465307,134205831
50499465307,134205834
50499465307,134205835
50499465307,134205836
50499465307,134205837
50499465307,134205839
50499465307,134205841
50499465307,134205848
50499465307,134208645
50499465307,134208648
50499465307,134208650
50499465307,134208653
50499465307,134208665
50499465307,134208674
50499465307,134208681
50499465307,134208682
50499465307,134208683
50499465307,134208684
50499465307,134208688
50499465307,134208689
50499465307,134208694
50499465307,134208698
50499465307,134208701
50499465307,134208706
50499465307,134208730
50499465307,134208732
50499465307,134208738
50499465307,134208739
50499465307,134208756
50499465307,134208774
50499465307,134208780
50499465307,134208782
50499465307,134208788
50499465307,134208789
50499465307,134208793
50499465307,134208796
50499465307,134208811
50499465307,134208812
50499465307,134208815
50499465307,134208817
50499465307,134208818
50499465307,134208819
50499465307,134208820
50499465307,134208821
50499465307,134208824
50499465307,134208834
50499465307,134208838
50499465307,134208841
50499465307,134208849
75335267917,67231439
75335267917,67231440
75335267917,67231441
75335267917,67231447
75335267917,67231453
75335267917,67231456
75335267917,67231460
75335267917,67231462
75335267917,134190005
75335267917,134191823
75335267917,134194185
75335267917,134194359
75335267917,134194363
75335267917,134194512
75335267917,134194544
75335267917,134194547
75335267917,134194759
75335267917,134194914
75335267917,134195223
75335267917,134195571
75335267917,134195809
75335267917,134196169
75335267917,134196632
75335267917,134196759
75335267917,134196760
75335267917,134196866
75335267917,134196954
75335267917,134197005
75335267917,134197006
75335267917,134197059
75335267917,134197132
75335267917,134197358
75335267917,134197526
75335267917,134197650
75335267917,134197718
75335267917,134197727
75335267917,134197736
75335267917,134197741
75335267917,134197866
75335267917,134197992
75335267917,134198135
75335267917,134198854
75335267917,134199401
75335267917,134199405
75335267917,134199971
75335267917,134200261
75335267917,134200490
75335267917,134200683
75335267917,134200774
75335267917,134200786
75335267917,134201576
75335267917,134201750
75335267917,134201754
75335267917,134201903
75335267917,134201935
75335267917,134201938
75335267917,134202150
75335267917,134202305
75335267917,134202547
75335267917,134202962
75335267917,134203200
75335267917,134203560
75335267917,134204023
75335267917,134204150
75335267917,134204151
75335267917,134204257
75335267917,134204345
75335267917,134204396
75335267917,134204397
75335267917,134204450
75335267917,134204523
75335267917,134204749
75335267917,134204917
75335267917,134205041
75335267917,134205109
75335267917,134205118
75335267917,134205127
75335267917,134205132
75335267917,134205257
75335267917,134206245
75335267917,134206792
75335267917,134206796
75335267917,134207362
75335267917,134207652
75335267917,134207702
75335267917,134207867
75335267917,134207881
75335267917,134208074
75335267917,134208165
75335267917,134208177
75335267917,134208642
75335267917,134208786
75335267917,134208963
75335267917,134208995
100171070527,67231445
100171070527,67231449
100171070527,67231450
100171070527,67231451
100171070527,67231452
100171070527,67231455
100171070527,67231459
100171070527,67231463
100171070527,67231464
100171070527,67231465
100171070527,67231466
100171070527,134190130
100171070527,134191900
100171070527,134193941
100171070527,134194130
100171070527,134194380
100171070527,134194709
100171070527,134194828
100171070527,134195552
100171070527,134196310
100171070527,134196339
100171070527,134196603
100171070527,134197105
100171070527,134197246
100171070527,134197326
100171070527,134197368
100171070527,134197817
100171070527,134198160
100171070527,134198371
100171070527,134198545
100171070527,134198760
100171070527,134198943
100171070527,134199020
100171070527,134199070
100171070527,134199482
100171070527,134199684
100171070527,134199831
100171070527,134199871
100171070527,134199902
100171070527,134199943
100171070527,134199951
100171070527,134200099
100171070527,134200109
100171070527,134200275
100171070527,134200276
100171070527,134200278
100171070527,134200465
100171070527,134200496
100171070527,134200548
100171070527,134200580
100171070527,134200587
100171070527,134200599
100171070527,134200615
100171070527,134200650
100171070527,134200655
100171070527,134200670
100171070527,134200747
100171070527,134200952
100171070527,134200973
100171070527,134200992
100171070527,134201038
100171070527,134201042
100171070527,134201059
100171070527,134201173
100171070527,134201208
100171070527,134201243
100171070527,134201332
100171070527,134201521
100171070527,134201771
100171070527,134202219
100171070527,134203701
100171070527,134203730
100171070527,134203993
100171070527,134204496
100171070527,134204637
100171070527,134204717
100171070527,134204759
100171070527,134205208
100171070527,134205551
100171070527,134205762
100171070527,134205935
100171070527,134205967
100171070527,134206151
100171070527,134206334
100171070527,134206411
100171070527,134206461
100171070527,134206873
100171070527,134207075
100171070527,134207222
100171070527,134207262
100171070527,134207334
100171070527,134207342
100171070527,134207489
100171070527,134207500
100171070527,134207666
100171070527,134207667
100171070527,134207669
100171070527,134207856
100171070527,134207887
100171070527,134207939
100171070527,134207971
100171070527,134207978
100171070527,134207990
100171070527,134208006
100171070527,134208037
100171070527,134208041
100171070527,134208046
100171070527,134208061
100171070527,134208343
100171070527,134208364
100171070527,134208383
100171070527,134208429
100171070527,134208433
100171070527,134208450
100171070527,134208599
100171070527,134208634
100171070527,134208652
100171070527,134208692
100171070527,134208771
100171070527,134208928
125006873137,67231448
125006873137,134190291
125006873137,134195790
125006873137,134195880
125006873137,134197071
125006873137,134197122
125006873137,134197309
125006873137,134197312
125006873137,134197313
125006873137,134197324
125006873137,134197325
125006873137,134197329
125006873137,134197374
125006873137,134197377
125006873137,134197382
125006873137,134197383
125006873137,134197385
125006873137,134197386
125006873137,134197387
125006873137,134197393
125006873137,134197395
125006873137,134197398
125006873137,134197399
125006873137,134197400
125006873137,134197411
125006873137,134197420
125006873137,134197432
125006873137,134197467
125006873137,134197483
125006873137,134197503
125006873137,134197518
125006873137,134197568
125006873137,134197729
125006873137,134197730
125006873137,134197776
125006873137,134197790
125006873137,134197793
125006873137,134197794
125006873137,134197825
125006873137,134197829
125006873137,134197841
125006873137,134197842
125006873137,134197843
125006873137,134197844
125006873137,134197877
125006873137,134197881
125006873137,134197889
125006873137,134197892
125006873137,134197898
125006873137,134197902
125006873137,134197921
125006873137,134197923
125006873137,134197924
125006873137,134197925
125006873137,134197926
125006873137,134197927
125006873137,134197928
125006873137,134197939
125006873137,134197945
125006873137,134197955
125006873137,134197960
125006873137,134197963
125006873137,134197966
125006873137,134197968
125006873137,134197969
125006873137,134197975
125006873137,134197980
125006873137,134197993
125006873137,134198000
125006873137,134198017
125006873137,134198018
125006873137,134198022
125006873137,134198023
125006873137,134198029
125006873137,134198031
125006873137,134198034
125006873137,134198035
125006873137,134198039
125006873137,134198042
125006873137,134198046
125006873137,134198048
125006873137,134198049
125006873137,134198051
125006873137,134198054
125006873137,134198056
125006873137,134198058
125006873137,134198059
125006873137,134198060
125006873137,134198061
125006873137,134198064
125006873137,134198068
125006873137,134198069
125006873137,134198070
125006873137,134198071
125006873137,134198073
125006873137,134198076
125006873137,134198083
125006873137,134198087
125006873137,134198090
125006873137,134198093
125006873137,134198096
125006873137,134198100
125006873137,134198102
125006873137,134198103
125006873137,134198107
125006873137,134198108
125006873137,134198114
125006873137,134198132
125006873137,134198133
125006873137,134198141
125006873137,134198142
125006873137,134198144
125006873137,134198145
125006873137,134198146
125006873137,134198147
125006873137,134198148
125006873137,134198150
125006873137,134198151
125006873137,134198152
125006873137,134198154
125006873137,134198155
125006873137,134198156
125006873137,134198170
125006873137,134198172
125006873137,134198175
125006873137,134198176
125006873137,134198185
125006873137,134198198
125006873137,134198202
125006873137,134198203
125006873137,134198204
125006873137,134198206
125006873137,134198207
125006873137,134198216
125006873137,134198218
125006873137,134198219
125006873137,134198221
125006873137,134198224
125006873137,134198227
125006873137,134198229
125006873137,134198247
125006873137,134198251
125006873137,134198255
125006873137,134198258
125006873137,134198259
125006873137,134198263
125006873137,134198270
125006873137,134198273
125006873137,134198276
125006873137,134198280
125006873137,134198281
125006873137,134198282
125006873137,134198285
125006873137,134198287
125006873137,134198291
125006873137,134198292
125006873137,134198300
125006873137,134198304
125006873137,134198305
125006873137,134198306
125006873137,134198307
125006873137,134198313
125006873137,134198314
125006873137,134198318
125006873137,134198320
125006873137,134198322
125006873137,134198326
125006873137,134198335
125006873137,134198336
125006873137,134198337
125006873137,134198339
125006873137,134198341
125006873137,134198342
125006873137,134198345
125006873137,134198348
125006873137,134198350
125006873137,134198352
125006873137,134198354
125006873137,134198360
125006873137,134198361
125006873137,134198368
125006873137,134198382
125006873137,134198387
125006873137,134198388
125006873137,134198395
125006873137,134198402
125006873137,134198406
125006873137,134198409
125006873137,134198415
125006873137,134198417
125006873137,134198418
125006873137,134198419
125006873137,134198421
125006873137,134198422
125006873137,134198424
125006873137,134198426
125006873137,134198432
125006873137,134198457
125006873137,134198458
125006873137,134198459
125006873137,134198460
125006873137,134198461
125006873137,134198462
125006873137,134198463
125006873137,134198464
125006873137,134198465
125006873137,134198466
125006873137,134198467
125006873137,134198468
125006873137,134198469
125006873137,134198472
125006873137,134198473
125006873137,134198474
125006873137,134198475
125006873137,134198476
125006873137,134198477
125006873137,134198478
125006873137,134198479
125006873137,134198480
125006873137,134198481
125006873137,134198482
125006873137,134198483
125006873137,134198484
125006873137,134198485
125006873137,134198486
125006873137,134198487
125006873137,134198547
125006873137,134198548
125006873137,134198549
125006873137,134198550
125006873137,134198551
125006873137,134198552
125006873137,134198562
125006873137,134198564
125006873137,134198565
125006873137,134198566
125006873137,134198567
125006873137,134198568
125006873137,134198569
125006873137,134198570
125006873137,134198571
125006873137,134198572
125006873137,134198573
125006873137,134198574
125006873137,134198578
125006873137,134198580
125006873137,134198581
125006873137,134198582
125006873137,134198583
125006873137,134198584
125006873137,134198585
125006873137,134198586
125006873137,134198617
125006873137,134203181
125006873137,134203271
125006873137,134203523
125006873137,134204513
125006873137,134204703
125006873137,134204704
125006873137,134204715
125006873137,134204716
125006873137,134204720
125006873137,134204765
125006873137,134204768
125006873137,134204773
125006873137,134204774
125006873137,134204776
125006873137,134204777
125006873137,134204778
125006873137,134204784
125006873137,134204786
125006873137,134204790
125006873137,134204791
125006873137,134204798
125006873137,134204802
125006873137,134204823
125006873137,134204858
125006873137,134204872
125006873137,134204873
125006873137,134204874
125006873137,134204894
125006873137,134204900
125006873137,134204909
125006873137,134204959
125006873137,134205120
125006873137,134205121
125006873137,134205167
125006873137,134205181
125006873137,134205184
125006873137,134205185
125006873137,134205215
125006873137,134205232
125006873137,134205233
125006873137,134205234
125006873137,134205235
125006873137,134205252
125006873137,134205272
125006873137,134205280
125006873137,134205283
125006873137,134205293
125006873137,134205312
125006873137,134205314
125006873137,134205315
125006873137,134205316
125006873137,134205317
125006873137,134205318
125006873137,134205319
125006873137,134205330
125006873137,134205336
125006873137,134205346
125006873137,134205351
125006873137,134205354
125006873137,134205357
125006873137,134205359
125006873137,134205360
125006873137,134205365
125006873137,134205371
125006873137,134205384
125006873137,134205408
125006873137,134205409
125006873137,134205413
125006873137,134205414
125006873137,134205420
125006873137,134205422
125006873137,134205425
125006873137,134205426
125006873137,134205430
125006873137,134205433
125006873137,134205434
125006873137,134205437
125006873137,134205439
125006873137,134205440
125006873137,134205442
125006873137,134205443
125006873137,134205444
125006873137,134205445
125006873137,134205447
125006873137,134205449
125006873137,134205450
125006873137,134205451
125006873137,134205452
125006873137,134205455
125006873137,134205459
125006873137,134205460
125006873137,134205461
125006873137,134205462
125006873137,134205464
125006873137,134205467
125006873137,134205474
125006873137,134205478
125006873137,134205481
125006873137,134205484
125006873137,134205487
125006873137,134205491
125006873137,134205493
125006873137,134205494
125006873137,134205498
125006873137,134205499
125006873137,134205503
125006873137,134205505
125006873137,134205523
125006873137,134205524
125006873137,134205533
125006873137,134205536
125006873137,134205537
125006873137,134205538
125006873137,134205539
125006873137,134205541
125006873137,134205542
125006873137,134205543
125006873137,134205546
125006873137,134205547
125006873137,134205561
125006873137,134205565
125006873137,134205567
125006873137,134205574
125006873137,134205576
125006873137,134205593
125006873137,134205594
125006873137,134205595
125006873137,134205597
125006873137,134205598
125006873137,134205607
125006873137,134205608
125006873137,134205609
125006873137,134205610
125006873137,134205612
125006873137,134205615
125006873137,134205618
125006873137,134205620
125006873137,134205638
125006873137,134205643
125006873137,134205646
125006873137,134205649
125006873137,134205650
125006873137,134205654
125006873137,134205662
125006873137,134205664
125006873137,134205667
125006873137,134205671
125006873137,134205672
125006873137,134205673
125006873137,134205676
125006873137,134205678
125006873137,134205682
125006873137,134205683
125006873137,134205685
125006873137,134205691
125006873137,134205696
125006873137,134205697
125006873137,134205698
125006873137,134205704
125006873137,134205705
125006873137,134205711
125006873137,134205713
125006873137,134205717
125006873137,134205726
125006873137,134205727
125006873137,134205728
125006873137,134205730
125006873137,134205732
125006873137,134205734
125006873137,134205736
125006873137,134205737
125006873137,134205739
125006873137,134205741
125006873137,134205743
125006873137,134205745
125006873137,134205752
125006873137,134205759
125006873137,134205772
125006873137,134205773
125006873137,134205777
125006873137,134205778
125006873137,134205779
125006873137,134205786
125006873137,134205793
125006873137,134205795
125006873137,134205796
125006873137,134205800
125006873137,134205806
125006873137,134205808
125006873137,134205809
125006873137,134205810
125006873137,134205812
125006873137,134205814
125006873137,134205815
125006873137,134205817
125006873137,134205823
125006873137,134205849
125006873137,134205850
125006873137,134205851
125006873137,134205852
125006873137,134205853
125006873137,134205854
125006873137,134205855
125006873137,134205856
125006873137,134205857
125006873137,134205858
125006873137,134205859
125006873137,134205860
125006873137,134205863
125006873137,134205864
125006873137,134205866
125006873137,134205867
125006873137,134205869
125006873137,134205870
125006873137,134205871
125006873137,134205872
125006873137,134205873
125006873137,134205874
125006873137,134205875
125006873137,134205876
125006873137,134205877
125006873137,134205878
125006873137,134205938
125006873137,134205939
125006873137,134205940
125006873137,134205941
125006873137,134205942
125006873137,134205943
125006873137,134205955
125006873137,134205956
125006873137,134205957
125006873137,134205958
125006873137,134205959
125006873137,134205960
125006873137,134205961
125006873137,134205962
125006873137,134205963
125006873137,134205964
125006873137,134205965
125006873137,134205968
125006873137,134205969
125006873137,134205971
125006873137,134205972
125006873137,134205973
125006873137,134205974
125006873137,134205975
125006873137,134205976
125006873137,134205977
149842675747,67231444
149842675747,67231458
149842675747,134191695
149842675747,134193999
149842675747,134194142
149842675747,134194163
149842675747,134194293
149842675747,134194546
149842675747,134194837
149842675747,134194946
149842675747,134195086
149842675747,134195122
149842675747,134195137
149842675747,134195217
149842675747,134195681
149842675747,134196053
149842675747,134196055
149842675747,134196145
149842675747,134196185
149842675747,134196355
149842675747,134196472
149842675747,134196774
149842675747,134196886
149842675747,134197046
149842675747,134197904
149842675747,134198842
149842675747,134199134
149842675747,134199165
149842675747,134199251
149842675747,134199302
149842675747,134199512
149842675747,134199652
149842675747,134199842
149842675747,134199914
149842675747,134200335
149842675747,134200336
149842675747,134200337
149842675747,134200338
149842675747,134200339
149842675747,134200340
149842675747,134200341
149842675747,134200342
149842675747,134200343
149842675747,134200344
149842675747,134200345
149842675747,134200359
149842675747,134200367
149842675747,134200372
149842675747,134200373
149842675747,134200432
149842675747,134200577
149842675747,134200624
149842675747,134200719
149842675747,134200729
149842675747,134200986
149842675747,134201152
149842675747,134201390
149842675747,134201533
149842675747,134201554
149842675747,134201684
149842675747,134201937
149842675747,134202228
149842675747,134202337
149842675747,134202477
149842675747,134202513
149842675747,134202528
149842675747,134202608
149842675747,134203072
149842675747,134203444
149842675747,134203536
149842675747,134203576
149842675747,134203746
149842675747,134203863
149842675747,134204165
149842675747,134204277
149842675747,134204436
149842675747,134205295
149842675747,134206233
149842675747,134206525
149842675747,134206556
149842675747,134206642
149842675747,134206693
149842675747,134206903
149842675747,134207043
149842675747,134207233
149842675747,134207305
149842675747,134207468
149842675747,134207490
149842675747,134207715
149842675747,134207725
149842675747,134207726
149842675747,134207727
149842675747,134207728
149842675747,134207729
149842675747,134207730
149842675747,134207731
149842675747,134207732
149842675747,134207733
149842675747,134207734
149842675747,134207735
149842675747,134207750
149842675747,134207757
149842675747,134207763
149842675747,134207764
149842675747,134207823
149842675747,134207968
149842675747,134208015
149842675747,134208110
149842675747,134208120
149842675747,134208377
149842675747,134208543
149842675747,134208647
149842675747,134208990
174678478357,134191841
174678478357,134194118
174678478357,134194434
174678478357,134194503
174678478357,134194521
174678478357,134194524
174678478357,134194627
174678478357,134194669
174678478357,134194691
174678478357,134194701
174678478357,134194727
174678478357,134194775
174678478357,134194894
174678478357,134194912
174678478357,134194918
174678478357,134194931
174678478357,134194941
174678478357,134194952
174678478357,134194971
174678478357,134194978
174678478357,134194989
174678478357,134194996
174678478357,134195079
174678478357,134195103
174678478357,134195131
174678478357,134195146
174678478357,134195163
174678478357,134195205
174678478357,134195296
174678478357,134195336
174678478357,134195350
174678478357,134195358
174678478357,134195390
174678478357,134195408
174678478357,134195412
174678478357,134195414
174678478357,134195442
174678478357,134195468
174678478357,134195575
174678478357,134195614
174678478357,134195750
174678478357,134195904
174678478357,134196040
174678478357,134196107
174678478357,134196250
174678478357,134196266
174678478357,134196319
174678478357,134196333
174678478357,134196397
174678478357,134196477
174678478357,134196524
174678478357,134196705
174678478357,134196710
174678478357,134196712
174678478357,134196863
174678478357,134196877
174678478357,134196878
174678478357,134196879
174678478357,134196885
174678478357,134196894
174678478357,134196923
174678478357,134196924
174678478357,134196925
174678478357,134196972
174678478357,134197048
174678478357,134197237
174678478357,134197425
174678478357,134197450
174678478357,134197461
174678478357,134197497
174678478357,134197583
174678478357,134197657
174678478357,134197659
174678478357,134197662
174678478357,134197674
174678478357,134197683
174678478357,134197772
174678478357,134197872
174678478357,134197883
174678478357,134197895
174678478357,134197903
174678478357,134197909
174678478357,134198118
174678478357,134198177
174678478357,134198233
174678478357,134198237
174678478357,134198637
174678478357,134198638
174678478357,134198641
174678478357,134198647
174678478357,134198685
174678478357,134198688
174678478357,134198733
174678478357,134198767
174678478357,134198837
174678478357,134198867
174678478357,134198868
174678478357,134198869
174678478357,134198873
174678478357,134198915
174678478357,134198961
174678478357,134199014
174678478357,134199039
174678478357,134199056
174678478357,134199172
174678478357,134199188
174678478357,134199205
174678478357,134199332
174678478357,134199369
174678478357,134199389
174678478357,134199396
174678478357,134199431
174678478357,134199470
174678478357,134199491
174678478357,134199532
174678478357,134199586
174678478357,134199607
174678478357,134199622
174678478357,134199623
174678478357,134199624
174678478357,134199627
174678478357,134199629
174678478357,134199637
174678478357,134199638
174678478357,134199720
174678478357,134199722
174678478357,134199743
174678478357,134199754
174678478357,134199770
174678478357,134199813
174678478357,134199817
174678478357,134199843
174678478357,134199866
174678478357,134199935
174678478357,134199984
174678478357,134200028
174678478357,134200041
174678478357,134200042
174678478357,134200078
174678478357,134200114
174678478357,134200116
174678478357,134200119
174678478357,134200174
174678478357,134200229
174678478357,134200297
174678478357,134200407
174678478357,134200557
174678478357,134200651
174678478357,134200664
174678478357,134200754
174678478357,134200760
174678478357,134200843
174678478357,134200928
174678478357,134200932
174678478357,134200936
174678478357,134200938
174678478357,134200950
174678478357,134201024
174678478357,134201509
174678478357,134201825
174678478357,134201894
174678478357,134201912
174678478357,134201915
174678478357,134201934
174678478357,134202018
174678478357,134202060
174678478357,134202082
174678478357,134202089
174678478357,134202092
174678478357,134202118
174678478357,134202166
174678478357,134202275
174678478357,134202285
174678478357,134202303
174678478357,134202309
174678478357,134202322
174678478357,134202332
174678478357,134202343
174678478357,134202362
174678478357,134202369
174678478357,134202380
174678478357,134202386
174678478357,134202470
174678478357,134202494
174678478357,134202537
174678478357,134202554
174678478357,134202596
174678478357,134202727
174678478357,134202741
174678478357,134202749
174678478357,134202781
174678478357,134202799
174678478357,134202803
174678478357,134202805
174678478357,134202833
174678478357,134202859
174678478357,134202966
174678478357,134203004
174678478357,134203081
174678478357,134203141
174678478357,134203295
174678478357,134203431
174678478357,134203498
174678478357,134203641
174678478357,134203657
174678478357,134203710
174678478357,134203724
174678478357,134203788
174678478357,134203868
174678478357,134203915
174678478357,134204096
174678478357,134204101
174678478357,134204103
174678478357,134204268
174678478357,134204269
174678478357,134204270
174678478357,134204276
174678478357,134204285
174678478357,134204315
174678478357,134204363
174678478357,134204439
174678478357,134204628
174678478357,134204816
174678478357,134204841
174678478357,134204852
174678478357,134204888
174678478357,134204974
174678478357,134205048
174678478357,134205050
174678478357,134205065
174678478357,134205074
174678478357,134205163
174678478357,134205263
174678478357,134205274
174678478357,134205294
174678478357,134205300
174678478357,134205416
174678478357,134205509
174678478357,134205568
174678478357,134205624
174678478357,134205628
174678478357,134205970
174678478357,134206028
174678478357,134206029
174678478357,134206032
174678478357,134206038
174678478357,134206076
174678478357,134206079
174678478357,134206124
174678478357,134206158
174678478357,134206195
174678478357,134206227
174678478357,134206228
174678478357,134206258
174678478357,134206259
174678478357,134206260
174678478357,134206264
174678478357,134206306
174678478357,134206352
174678478357,134206405
174678478357,134206447
174678478357,134206563
174678478357,134206579
174678478357,134206596
174678478357,134206719
174678478357,134206723
174678478357,134206760
174678478357,134206780
174678478357,134206861
174678478357,134206882
174678478357,134206923
174678478357,134206977
174678478357,134206998
174678478357,134207012
174678478357,134207013
174678478357,134207014
174678478357,134207015
174678478357,134207018
174678478357,134207020
174678478357,134207028
174678478357,134207029
174678478357,134207038
174678478357,134207111
174678478357,134207113
174678478357,134207134
174678478357,134207161
174678478357,134207204
174678478357,134207208
174678478357,134207257
174678478357,134207325
174678478357,134207375
174678478357,134207419
174678478357,134207432
174678478357,134207433
174678478357,134207469
174678478357,134207480
174678478357,134207505
174678478357,134207507
174678478357,134207509
174678478357,134207565
174678478357,134207620
174678478357,134207688
174678478357,134207948
174678478357,134208042
174678478357,134208145
174678478357,134208151
174678478357,134208234
174678478357,134208319
174678478357,134208323
174678478357,134208326
174678478357,134208329
174678478357,134208341
174678478357,134208415
199514280967,134191970
199514280967,134194012
199514280967,134194079
199514280967,134194190
199514280967,134194200
199514280967,134194215
199514280967,134194243
199514280967,134194303
199514280967,134194351
199514280967,134194583
199514280967,134195251
199514280967,134195270
199514280967,134195527
199514280967,134195644
199514280967,134196186
199514280967,134196269
199514280967,134196272
199514280967,134196489
199514280967,134196490
199514280967,134196791
199514280967,134196814
199514280967,134196815
199514280967,134196902
199514280967,134196948
199514280967,134197112
199514280967,134197133
199514280967,134197281
199514280967,134197482
199514280967,134197490
199514280967,134197684
199514280967,134197762
199514280967,134197851
199514280967,134198727
199514280967,134198888
199514280967,134199017
199514280967,134199018
199514280967,134199019
199514280967,134199383
199514280967,134199466
199514280967,134199646
199514280967,134199760
199514280967,134199800
199514280967,134199814
199514280967,134199818
199514280967,134200133
199514280967,134200254
199514280967,134200426
199514280967,134200479
199514280967,134200531
199514280967,134200765
199514280967,134200798
199514280967,134200834
199514280967,134201139
199514280967,134201140
199514280967,134201186
199514280967,134201403
199514280967,134201470
199514280967,134201581
199514280967,134201591
199514280967,134201606
199514280967,134201634
199514280967,134201694
199514280967,134201742
199514280967,134202642
199514280967,134202661
199514280967,134202918
199514280967,134203035
199514280967,134203577
199514280967,134203660
199514280967,134203663
199514280967,134203880
199514280967,134203881
199514280967,134204182
199514280967,134204205
199514280967,134204206
199514280967,134204293
199514280967,134204339
199514280967,134204489
199514280967,134204503
199514280967,134204524
199514280967,134204672
199514280967,134205075
199514280967,134205242
199514280967,134206118
199514280967,134206279
199514280967,134206408
199514280967,134206409
199514280967,134206774
199514280967,134206912
199514280967,134207037
199514280967,134207151
199514280967,134207191
199514280967,134207205
199514280967,134207524
199514280967,134207817
199514280967,134207870
199514280967,134207922
199514280967,134208156
199514280967,134208189
199514280967,134208225
199514280967,134208530
199514280967,134208531
199514280967,134208577
