1379256614,67099270
1379256614,67099271
1379256614,67099272
1379256614,67099273
1379256614,67101902
1379256614,67101903
1379256614,67102262
1379256614,67108667
44136211648,67099274
44136211648,67099275
44136211648,67099276
44136211648,67099277
44136211648,67099278
44136211648,67099279
44136211648,67099280
44136211648,67099281
86893166682,67100550
86893166682,67100551
86893166682,67100552
86893166682,67100553
86893166682,67100554
86893166682,67100555
86893166682,67100556
86893166682,67100557
129650121716,67100558
129650121716,67100559
129650121716,67100560
129650121716,67100561
129650121716,67100562
129650121716,67100563
129650121716,67100564
129650121716,67100565
172407076750,67100566
172407076750,67100567
172407076750,67100568
172407076750,67100569
172407076750,67100570
172407076750,67100571
172407076750,67100572
172407076750,67100573
215164031784,67100574
215164031784,67100575
215164031784,67100576
215164031784,67100577
215164031784,67100578
215164031784,67100579
215164031784,67100580
215164031784,67100581
257920986818,67100582
257920986818,67100583
257920986818,67100584
257920986818,67100585
257920986818,67100586
257920986818,67100587
257920986818,67100588
257920986818,67100589
300677941852,67100590
300677941852,67100591
300677941852,67100592
300677941852,67100593
300677941852,67100594
300677941852,67100595
300677941852,67100596
300677941852,67100597
343434896886,67100598
343434896886,67100599
343434896886,67100600
343434896886,67100601
343434896886,67100602
343434896886,67100603
343434896886,67100604
343434896886,67100605
