1096522560,67101107
1096522560,67101108
1096522560,67101109
1096522560,67101111
1096522560,67101116
1096522560,67101120
1096522560,67101123
1096522560,67101129
35088721920,67092413
35088721920,67092414
35088721920,67092415
35088721920,67101130
35088721920,67101133
35088721920,67101147
35088721920,67101188
35088721920,67101189
69080921280,67093418
69080921280,67093420
69080921280,67093421
69080921280,67093423
69080921280,67093424
69080921280,67093425
69080921280,67093426
69080921280,67093429
103073120640,67093430
103073120640,67093431
103073120640,67093432
103073120640,67093433
103073120640,67093434
103073120640,67093435
103073120640,67093436
103073120640,67093438
137065320000,67093439
137065320000,67093440
137065320000,67093441
137065320000,67093442
137065320000,67093443
137065320000,67093444
137065320000,67093445
137065320000,67093446
171057519360,67093447
171057519360,67093448
171057519360,67093449
171057519360,67093450
171057519360,67093451
171057519360,67093452
171057519360,67093453
171057519360,67093454
205049718720,67093455
205049718720,67093456
205049718720,67093457
205049718720,67093458
205049718720,67093477
205049718720,67093478
205049718720,67093479
205049718720,67093480
239041918080,67093481
239041918080,67093482
239041918080,67093483
239041918080,67093484
239041918080,67093485
239041918080,67093486
239041918080,67093487
239041918080,67093488
273034117440,67093489
273034117440,67093490
273034117440,67093491
273034117440,67093492
273034117440,67093493
273034117440,67093494
273034117440,67093495
273034117440,67093496
307026316800,67093497
307026316800,67093498
307026316800,67093499
307026316800,67093500
307026316800,67093501
307026316800,67093502
307026316800,67093503
307026316800,67093504
