732856447,67099270
732856447,67099271
732856447,67102726
732856447,67102736
732856447,67104565
732856447,67104578
732856447,67108106
732856447,67108573
23451406304,67099272
23451406304,67099273
23451406304,67099274
23451406304,67099275
23451406304,67099276
23451406304,67099277
23451406304,67099278
23451406304,67099279
46169956161,67100550
46169956161,67100551
46169956161,67100552
46169956161,67100553
46169956161,67100554
46169956161,67100555
46169956161,67100556
46169956161,67100557
68888506018,67100558
68888506018,67100559
68888506018,67100560
68888506018,67100561
68888506018,67100562
68888506018,67100563
68888506018,67100564
68888506018,67100565
91607055875,67100566
91607055875,67100567
91607055875,67100568
91607055875,67100569
91607055875,67100570
91607055875,67100571
91607055875,67100572
91607055875,67100573
114325605732,67100574
114325605732,67100575
114325605732,67100576
114325605732,67100577
114325605732,67100578
114325605732,67100579
114325605732,67100580
114325605732,67100581
137044155589,67100582
137044155589,67100583
137044155589,67100584
137044155589,67100585
137044155589,67100586
137044155589,67100587
137044155589,67100588
137044155589,67100589
159762705446,67100590
159762705446,67100591
159762705446,67100592
159762705446,67100593
159762705446,67100594
159762705446,67100595
159762705446,67100596
159762705446,67100597
182481255303,67100598
182481255303,67100599
182481255303,67100600
182481255303,67100601
182481255303,67100602
182481255303,67100603
182481255303,67100604
182481255303,67100605
205199805160,67100606
205199805160,67100607
205199805160,67100608
205199805160,67100609
205199805160,67100610
205199805160,67100611
205199805160,67100612
205199805160,67100613
227918355017,67100614
227918355017,67100615
227918355017,67100616
227918355017,67100617
227918355017,67100618
227918355017,67100619
227918355017,67100620
227918355017,67100621
250636904874,67100622
250636904874,67100623
250636904874,67100624
250636904874,67100625
250636904874,67100626
250636904874,67100627
250636904874,67100628
250636904874,67100629
273355454731,67100630
273355454731,67100631
273355454731,67100632
273355454731,67100633
273355454731,67100634
273355454731,67100635
273355454731,67100636
273355454731,67100637
296074004588,67100638
296074004588,67100639
296074004588,67100640
296074004588,67100641
296074004588,67100642
296074004588,67100643
296074004588,67100644
296074004588,67100645
