902036450,134193495
902036450,134193496
902036450,134193497
902036450,134193498
902036450,134193499
902036450,134193500
902036450,134193501
902036450,134193502
902036450,134193503
902036450,134193504
902036450,134193505
902036450,134193506
902036450,134193507
902036450,134193508
902036450,134193509
902036450,134193510
902036450,134193511
902036450,134193512
902036450,134193513
902036450,134193514
902036450,134193515
902036450,134193516
902036450,134193517
902036450,134193518
902036450,134193520
902036450,134193521
902036450,134193522
902036450,134193523
902036450,134193524
902036450,134193525
902036450,134193526
902036450,134193527
902036450,134193528
902036450,134193529
902036450,134193530
902036450,134193531
902036450,134193532
902036450,134193533
902036450,134193534
902036450,134193535
902036450,134193536
902036450,134193537
902036450,134193538
902036450,134193540
902036450,134193542
902036450,134193543
902036450,134193544
902036450,134193545
902036450,134193546
902036450,134193547
902036450,134193548
902036450,134193549
902036450,134193550
902036450,134193551
902036450,134193552
902036450,134193553
902036450,134193554
902036450,134193555
902036450,134193556
902036450,134193557
902036450,134193558
902036450,134193559
902036450,134193560
902036450,134193561
902036450,134193562
902036450,134193563
902036450,134193564
902036450,134193577
902036450,134193580
902036450,134193582
902036450,134193604
902036450,134193610
902036450,134193613
902036450,134193614
902036450,134193616
902036450,134193617
902036450,134193620
902036450,134193622
902036450,134193623
902036450,134193624
902036450,134193625
902036450,134193629
902036450,134193630
902036450,134193633
902036450,134193635
902036450,134193640
902036450,134193643
902036450,134193645
902036450,134193647
902036450,134193649
902036450,134193650
902036450,134193653
902036450,134193662
902036450,134193668
902036450,134193671
902036450,134193672
902036450,134193674
902036450,134193678
902036450,134193679
902036450,134193680
902036450,134193681
902036450,134193684
902036450,134193685
902036450,134193687
902036450,134193692
902036450,134193695
902036450,134193697
902036450,134193699
902036450,134193700
902036450,134193701
902036450,134193706
902036450,134193711
902036450,134193712
902036450,134193720
902036450,134193723
902036450,134193724
902036450,134193725
902036450,134193729
902036450,134193730
902036450,134193733
902036450,134193738
902036450,134193739
902036450,134193742
902036450,134193743
902036450,134193747
902036450,134193748
902036450,134193752
902036450,134193755
902036450,134193757
902036450,134193759
902036450,134193760
902036450,134193765
902036450,134193766
902036450,134193768
902036450,134193769
902036450,134193772
902036450,134193773
902036450,134193774
902036450,134193777
902036450,134193780
902036450,134193781
902036450,134193783
902036450,134193788
902036450,134193792
902036450,134193793
902036450,134193798
902036450,134193801
902036450,134193802
902036450,134193804
902036450,134193805
902036450,134193810
902036450,134193820
902036450,134193821
902036450,134193822
902036450,134193823
902036450,134193824
902036450,134193826
902036450,134193831
902036450,134193841
902036450,134193844
902036450,134193845
902036450,134193846
902036450,134193847
902036450,134195602
902036450,134202993
