1096522560,134191616
1096522560,134192634
1096522560,134193622
1096522560,134193623
1096522560,134193624
1096522560,134193625
1096522560,134193626
1096522560,134193627
1096522560,134193628
1096522560,134193629
1096522560,134193630
1096522560,134193631
1096522560,134193632
1096522560,134193633
1096522560,134193634
1096522560,134193635
1096522560,134193636
1096522560,134193637
1096522560,134193638
1096522560,134193639
1096522560,134193640
1096522560,134193641
1096522560,134193642
1096522560,134193644
1096522560,134193645
1096522560,134193646
1096522560,134193647
1096522560,134193648
1096522560,134193649
1096522560,134193650
1096522560,134193651
1096522560,134193652
1096522560,134193653
1096522560,134193654
1096522560,134193655
1096522560,134193656
1096522560,134193657
1096522560,134193658
1096522560,134193683
1096522560,134193684
1096522560,134193685
1096522560,134193686
1096522560,134193687
1096522560,134193688
1096522560,134193689
1096522560,134193690
1096522560,134193691
1096522560,134193692
1096522560,134193693
1096522560,134193694
1096522560,134193695
1096522560,134193696
1096522560,134193697
1096522560,134193698
1096522560,134193699
1096522560,134193700
1096522560,134193701
1096522560,134193702
1096522560,134193703
1096522560,134193704
1096522560,134193706
1096522560,134193708
1096522560,134193710
1096522560,134193711
1096522560,134193712
1096522560,134193713
1096522560,134193714
1096522560,134193715
1096522560,134193718
1096522560,134194115
1096522560,134201604
33992199360,67231438
33992199360,134193730
33992199360,134193731
33992199360,134193733
33992199360,134198945
33992199360,134198946
33992199360,134198951
33992199360,134198954
33992199360,134198966
33992199360,134198967
33992199360,134198975
33992199360,134198979
33992199360,134198983
33992199360,134198985
33992199360,134198988
33992199360,134198990
33992199360,134198993
33992199360,134198994
33992199360,134198995
33992199360,134199000
33992199360,134199001
33992199360,134199004
33992199360,134199008
33992199360,134199010
33992199360,134199011
33992199360,134199012
33992199360,134199014
33992199360,134199016
33992199360,134199017
33992199360,134199018
33992199360,134199019
33992199360,134199020
33992199360,134199021
33992199360,134199022
33992199360,134199023
33992199360,134199024
33992199360,134199025
33992199360,134199026
33992199360,134199027
33992199360,134199028
33992199360,134199029
33992199360,134199030
33992199360,134199031
33992199360,134206023
33992199360,134206428
33992199360,134206434
33992199360,134206440
33992199360,134206443
33992199360,134206450
33992199360,134206456
33992199360,134206464
33992199360,134206465
33992199360,134206474
33992199360,134206475
33992199360,134206477
33992199360,134206479
33992199360,134206480
33992199360,134206482
33992199360,134206483
33992199360,134206484
33992199360,134206485
33992199360,134206489
33992199360,134206490
33992199360,134206493
33992199360,134206497
33992199360,134206498
33992199360,134206499
33992199360,134206500
33992199360,134206501
33992199360,134206503
33992199360,134206505
33992199360,134206507
33992199360,134206508
33992199360,134206509
33992199360,134206510
33992199360,134206511
33992199360,134206512
33992199360,134206513
33992199360,134206514
33992199360,134206515
33992199360,134206516
33992199360,134206518
33992199360,134206519
33992199360,134206520
33992199360,134206521
33992199360,134208806
33992199360,134208807
33992199360,134208809
33992199360,134208810
