732856447,134200812
732856447,134200813
732856447,134200814
732856447,134200815
732856447,134201001
732856447,134204996
22718549857,134200141
22718549857,134204119
22718549857,134204137
22718549857,134204150
22718549857,134204152
22718549857,134204160
22718549857,134204169
22718549857,134204172
22718549857,134204179
22718549857,134204197
22718549857,134204213
22718549857,134204216
22718549857,134204224
22718549857,134204232
22718549857,134204269
22718549857,134204279
22718549857,134204289
22718549857,134204304
22718549857,134204321
22718549857,134204322
22718549857,134204337
22718549857,134204342
22718549857,134204344
22718549857,134204350
22718549857,134204356
22718549857,134204358
22718549857,134204362
22718549857,134204363
22718549857,134204364
22718549857,134204373
22718549857,134204381
22718549857,134204385
22718549857,134204386
22718549857,134204397
22718549857,134204398
22718549857,134204399
22718549857,134204405
22718549857,134204410
22718549857,134204416
22718549857,134204419
22718549857,134204420
22718549857,134204422
22718549857,134208132
22718549857,134208147
22718549857,134208164
22718549857,134208167
22718549857,134208174
22718549857,134208192
22718549857,134208201
22718549857,134208211
22718549857,134208217
22718549857,134208221
22718549857,134208222
22718549857,134208233
22718549857,134208274
22718549857,134208299
22718549857,134208316
22718549857,134208317
22718549857,134208337
22718549857,134208339
22718549857,134208345
22718549857,134208351
22718549857,134208353
22718549857,134208358
22718549857,134208359
22718549857,134208376
22718549857,134208379
22718549857,134208381
22718549857,134208391
22718549857,134208392
22718549857,134208393
22718549857,134208394
22718549857,134208408
22718549857,134208411
22718549857,134208414
22718549857,134208415
22718549857,134208417
22718549857,134208420
22718549857,134208976
22718549857,134208977
