1093269888,134193622
1093269888,134193623
1093269888,134193624
1093269888,134193625
1093269888,134193626
1093269888,134193627
1093269888,134193628
1093269888,134193629
1093269888,134193630
1093269888,134193631
1093269888,134193632
1093269888,134193633
1093269888,134193634
1093269888,134193635
1093269888,134193636
1093269888,134193637
1093269888,134193638
1093269888,134193639
1093269888,134193640
1093269888,134193641
1093269888,134193642
1093269888,134193643
1093269888,134193646
1093269888,134193647
1093269888,134193648
1093269888,134193649
1093269888,134194122
1093269888,134201611
33891366528,67231438
33891366528,134191627
33891366528,134192801
33891366528,134193704
33891366528,134193716
33891366528,134193717
33891366528,134193723
33891366528,134193726
33891366528,134193727
33891366528,134193728
33891366528,134193729
33891366528,134193730
33891366528,134193732
33891366528,134193733
33891366528,134193734
33891366528,134193735
33891366528,134193736
33891366528,134193738
33891366528,134193740
33891366528,134193743
33891366528,134193744
33891366528,134193746
33891366528,134198659
33891366528,134198660
33891366528,134198661
33891366528,134198662
33891366528,134206149
33891366528,134206150
33891366528,134206151
33891366528,134208837
66689463168,67231439
66689463168,67231453
66689463168,134193847
66689463168,134193856
66689463168,134193881
66689463168,134193885
66689463168,134193905
66689463168,134194132
66689463168,134194167
66689463168,134194181
66689463168,134194186
66689463168,134194191
66689463168,134194192
66689463168,134194224
66689463168,134194227
66689463168,134194234
66689463168,134194242
66689463168,134194312
66689463168,134194345
66689463168,134194349
66689463168,134194448
66689463168,134194491
66689463168,134194508
66689463168,134194524
66689463168,134194532
66689463168,134194533
66689463168,134194543
66689463168,134194550
66689463168,134194563
66689463168,134194566
66689463168,134194573
66689463168,134194575
66689463168,134194591
66689463168,134194593
66689463168,134194594
66689463168,134194597
66689463168,134194598
66689463168,134194600
66689463168,134194602
66689463168,134194623
66689463168,134194639
66689463168,134194650
66689463168,134194653
66689463168,134194654
66689463168,134194655
66689463168,134194658
66689463168,134194664
66689463168,134194666
66689463168,134194668
66689463168,134194672
66689463168,134194675
66689463168,134196682
66689463168,134196683
66689463168,134201336
66689463168,134201345
66689463168,134201370
66689463168,134201374
66689463168,134201621
66689463168,134201657
66689463168,134201670
66689463168,134201675
66689463168,134201680
66689463168,134201681
66689463168,134201713
66689463168,134201723
66689463168,134201838
66689463168,134201937
66689463168,134201997
66689463168,134201998
66689463168,134202014
66689463168,134202017
66689463168,134202022
66689463168,134202023
66689463168,134202032
66689463168,134202039
66689463168,134202052
66689463168,134202055
66689463168,134202064
66689463168,134202068
66689463168,134202080
66689463168,134202083
66689463168,134202086
66689463168,134202087
66689463168,134202088
66689463168,134202089
66689463168,134202091
66689463168,134202092
66689463168,134202128
66689463168,134202139
66689463168,134202141
66689463168,134202142
66689463168,134202143
66689463168,134202144
66689463168,134202147
66689463168,134202152
66689463168,134202153
66689463168,134202156
66689463168,134202157
66689463168,134202158
66689463168,134202162
66689463168,134202164
66689463168,134204172
