1,67099296
1,67099906
1,67100546
1,67100547
1,67100548
1,67100549
1,67100550
1,67100551
1,67100552
1,67100553
1,67100554
1,67100555
1,67100556
1,67100557
1,67100558
1,67100559
1,67100560
1,67100561
1,67100562
1,67100563
1,67100564
1,67100565
1,67100566
1,67100567
1,67100568
1,67100569
1,67100570
1,67100571
1,67100572
1,67100573
1,67100574
1,67100575
1,67100576
1,67100577
1,67100578
1,67100579
1,67100580
1,67100581
1,67100582
1,67100583
1,67100584
1,67100585
1,67100586
1,67100587
1,67100588
1,67100589
1,67100590
1,67100591
1,67100592
1,67100593
1,67100594
1,67100595
1,67100596
1,67100597
1,67100598
1,67100599
1,67100600
1,67100601
1,67100602
1,67100603
1,67100604
1,67100605
1,67100606
1,67100607
1,67100608
1,67100609
1,67100610
1,67100611
1,67100612
1,67100613
1,67100614
1,67100615
1,67100616
1,67100617
1,67100618
1,67100619
1,67100620
1,67100621
1,67100622
1,67100623
1,67100624
1,67100625
1,67100626
1,67100627
1,67100628
1,67100629
1,67100630
1,67100631
1,67100632
1,67100633
1,67100634
1,67100635
1,67100636
1,67100637
1,67100638
1,67100639
1,67100640
1,67100641
1,67100642
1,67100643
1,67100644
1,67100645
1,67100646
1,67100647
1,67100648
1,67100649
1,67100650
1,67100651
1,67100652
1,67100653
1,67100654
1,67100655
1,67100656
1,67100657
1,67100658
1,67100659
1,67100660
1,67100661
1,67100662
1,67100663
1,67100664
1,67100665
1,67100666
1,67100667
1,67100668
1,67100669
1,67100670
1,67100671
1,67100672
1,67100673
1,67100674
1,67100676
1,67100677
1,67100683
1,67100684
1,67100687
1,67100699
1,67100702
1,67100720
1,67100725
1,67100726
1,67100728
1,67100737
1,67100747
1,67100750
1,67100753
1,67100756
1,67100757
1,67100759
1,67100762
1,67100763
1,67100780
1,67100781
1,67100785
1,67100787
1,67100788
1,67100790
1,67100791
1,67104562
1,67104574
1,67104575
1,67104584
1,67104585
1,67104587
1,67104588
1,67104589
1,67104593
1,67104595
1,67104597
1,67104601
1,67104604
1,67104606
1,67104609
1,67104620
1,67104621
1,67104631
1,67104640
1,67104642
1,67104644
1,67104654
1,67104658
1,67104659
1,67104661
1,67104662
1,67104663
1,67104664
1,67104666
1,67104667
1,67104671
1,67104672
1,67104678
1,67104679
1,67104680
1,67104681
1,67104694
1,67104697
1,67104715
1,67104719
1,67104721
1,67104722
1,67104732
1,67104742
1,67104745
1,67104748
1,67104751
1,67104752
1,67104754
1,67104758
1,67104775
1,67104776
1,67104779
1,67104781
1,67104782
1,67104783
1,67104785
1,67104786
1,67108557
1,67108569
1,67108570
1,67108578
1,67108579
1,67108580
1,67108582
1,67108583
1,67108584
1,67108588
1,67108590
1,67108592
1,67108596
1,67108599
1,67108601
1,67108603
1,67108615
1,67108616
1,67108626
1,67108635
1,67108637
1,67108639
1,67108648
1,67108653
1,67108654
1,67108656
1,67108657
1,67108658
1,67108660
1,67108662
1,67108663
1,67108664
1,67108665
1,67108666
1,67108667
1,67108788
1,67108789
1,67108790
1,67108791
1,67109050
2,67099295
2,67104474
2,67104478
2,67104528
2,67104533
2,67104536
2,67104556
2,67104559
2,67104561
2,67108469
2,67108473
2,67108523
2,67108528
2,67108531
2,67108551
2,67108553
2,67108556
2,67108787
3,67099931
3,67103908
3,67103909
3,67103915
3,67103920
3,67103924
3,67103927
3,67103929
3,67103930
3,67103933
3,67103934
3,67103940
3,67103942
3,67103944
3,67103946
3,67103950
3,67103951
3,67103952
3,67103959
3,67103961
3,67103962
3,67103964
3,67103969
3,67103970
3,67103972
3,67103974
3,67103977
3,67103980
3,67103981
3,67103983
3,67103985
3,67103987
3,67103996
3,67103999
3,67104000
3,67104001
3,67104003
3,67104005
3,67104006
3,67104009
3,67104010
3,67104011
3,67104012
3,67104014
3,67104015
3,67104017
3,67104018
3,67104022
3,67104025
3,67104028
3,67104031
3,67104032
3,67104033
3,67104034
3,67104037
3,67104040
3,67104043
3,67104048
3,67104054
3,67104059
3,67104060
3,67104061
3,67104063
3,67104064
3,67104067
3,67104069
3,67104071
3,67104072
3,67104079
3,67104083
3,67104084
3,67104085
3,67104089
3,67104094
3,67104095
3,67104111
3,67104112
3,67104115
3,67104116
3,67104117
3,67104118
3,67104122
3,67104127
3,67104132
3,67104134
3,67104139
3,67104140
3,67104142
3,67104143
3,67104144
3,67104146
3,67104148
3,67104149
3,67104152
3,67104153
3,67104154
3,67104155
3,67104157
3,67104162
3,67104163
3,67104164
3,67104165
3,67104166
3,67104167
3,67104168
3,67104171
3,67104172
3,67104174
3,67104175
3,67104176
3,67104177
3,67104179
3,67104180
3,67104182
3,67104195
3,67104196
3,67104197
3,67104199
3,67104200
3,67104202
3,67104203
3,67104204
3,67104206
3,67104207
3,67104209
3,67104210
3,67104211
3,67104212
3,67104213
3,67104215
3,67107903
3,67107904
3,67107908
3,67107915
3,67107920
3,67107922
3,67107924
3,67107926
3,67107929
3,67107935
3,67107937
3,67107939
3,67107945
3,67107947
3,67107954
3,67107955
3,67107956
3,67107957
3,67107959
3,67107964
3,67107965
3,67107967
3,67107969
3,67107975
3,67107976
3,67107982
3,67107991
3,67107993
3,67107995
3,67107997
3,67107998
3,67108000
3,67108001
3,67108004
3,67108005
3,67108006
3,67108007
3,67108009
3,67108011
3,67108012
3,67108013
3,67108016
3,67108017
3,67108019
3,67108021
3,67108023
3,67108027
3,67108028
3,67108029
3,67108035
3,67108038
3,67108043
3,67108048
3,67108050
3,67108057
3,67108059
3,67108062
3,67108064
3,67108066
3,67108074
3,67108078
3,67108079
3,67108080
3,67108089
3,67108090
3,67108105
3,67108106
3,67108107
3,67108110
3,67108111
3,67108112
3,67108113
3,67108114
3,67108117
3,67108122
3,67108127
3,67108128
3,67108129
3,67108134
3,67108135
3,67108137
3,67108138
3,67108139
3,67108141
3,67108143
3,67108144
3,67108146
3,67108147
3,67108148
3,67108149
3,67108150
3,67108152
3,67108155
3,67108157
3,67108158
3,67108159
3,67108160
3,67108161
3,67108162
3,67108163
3,67108166
3,67108168
3,67108169
3,67108170
3,67108171
3,67108172
3,67108174
3,67108175
3,67108177
3,67108190
3,67108191
3,67108192
3,67108194
3,67108195
3,67108196
3,67108197
3,67108198
3,67108201
3,67108202
3,67108204
3,67108205
3,67108206
3,67108207
3,67108210
3,67108766
3,67108767
4,67104130
4,67104198
4,67108067
4,67108084
4,67108092
