1,67104289
1,67104548
1,67104549
1,67104550
1,67104551
1,67104552
1,67104553
1,67104554
1,67104555
1,67104556
1,67104557
1,67104558
1,67104559
1,67104560
1,67104561
1,67104562
1,67104563
1,67104564
1,67104565
1,67104566
1,67104567
1,67104568
1,67104569
1,67104570
1,67104787
3,67104142
3,67104271
3,67104315
3,67104529
3,67104547
3,67108225
3,67108226
3,67108227
3,67108228
3,67108229
3,67108779
5,67104033
5,67104034
5,67104036
5,67104038
5,67104044
5,67104047
5,67104048
5,67104050
5,67104059
5,67104061
5,67104066
5,67104070
5,67104073
5,67104075
5,67104076
5,67104079
5,67104081
5,67104082
5,67104086
5,67104089
5,67104091
5,67104092
5,67104093
5,67104094
5,67104095
5,67104097
5,67104099
5,67104100
5,67104101
5,67104105
5,67104108
5,67104111
5,67104113
5,67104115
5,67104117
5,67104121
5,67104124
5,67104144
5,67104147
5,67104152
