1,2
1,3
1,67108271
1,67108272
1,67108273
1,67108274
1,67108275
1,67108276
1,67108277
1,67108278
1,67108279
1,67108280
1,67108632
1,67108633
1,67108634
1,67108635
1,67108636
1,67108638
1,67108640
1,67108642
1,67108643
1,67108644
1,67108798
1,67108799
3,131070
3,131071
5,67106078
5,67107098
5,67107099
5,67107107
5,67107108
5,67107109
5,67107110
5,67107111
5,67107112
5,67107113
5,67107114
5,67107115
5,67107116
5,67107117
5,67107118
5,67107119
5,67107120
5,67107121
5,67107122
5,67107123
5,67107124
5,67107125
5,67107127
5,67107128
5,67107129
5,67107130
5,67107131
5,67107132
5,67107133
5,67107134
5,67107135
5,67107136
5,67107137
5,67107138
5,67107139
5,67107140
5,67107141
5,67107142
5,67107143
5,67107144
5,67107147
5,67107148
5,67107149
5,67107152
5,67107154
5,67107155
5,67107156
5,67107157
5,67107158
5,67107159
5,67107160
5,67107161
5,67107162
5,67107163
5,67107164
5,67107165
5,67107166
5,67107167
5,67107168
5,67107169
5,67107170
5,67107171
5,67107172
5,67107173
5,67107174
5,67107175
5,67107176
5,67107177
5,67107180
5,67107188
5,67107189
5,67107192
5,67107197
5,67107201
5,67107202
5,67107203
5,67107206
5,67107207
5,67107208
5,67107210
5,67107212
5,67107215
5,67107216
5,67107217
5,67107218
5,67107219
5,67107220
5,67107221
5,67107222
5,67107223
5,67107224
5,67107225
5,67107226
5,67107227
5,67107228
5,67107229
5,67107230
5,67107231
5,67107232
5,67107233
5,67107234
5,67107235
5,67107236
5,67107237
5,67107238
5,67107239
5,67107240
5,67107241
5,67107242
5,67107243
5,67107244
5,67107245
5,67107246
5,67107247
5,67107248
5,67107251
5,67107253
5,67107272
5,67107296
5,67107297
5,67107298
5,67107299
5,67107314
5,67107318
5,67107323
5,67107324
5,67107325
5,67107326
5,67107328
5,67107329
5,67107330
5,67107331
5,67107332
5,67107333
5,67107334
5,67107335
5,67107336
5,67107337
5,67107338
5,67107339
5,67107340
5,67107341
5,67107342
5,67107343
5,67107344
5,67107345
5,67107346
5,67107347
5,67107348
5,67107349
5,67107350
5,67107351
5,67107352
5,67107353
5,67107354
5,67107355
5,67107356
5,67107357
5,67107358
5,67107361
5,67107362
5,67107363
5,67107365
5,67107367
5,67107370
5,67107371
5,67107372
5,67107373
5,67107374
5,67107375
5,67107376
5,67107377
5,67107378
5,67107379
5,67107380
5,67107381
5,67107382
5,67107383
5,67107384
5,67107385
5,67107386
5,67107387
5,67107388
5,67107389
5,67107399
5,67107487
5,67107490
5,67107492
5,67107522
5,67107539
5,67107541
5,67107543
5,67107546
5,67107552
5,67107554
5,67107555
5,67107556
5,67107557
5,67107559
5,67107561
5,67107562
5,67107563
5,67107564
5,67107565
5,67107566
5,67107567
5,67107568
5,67107569
5,67107570
5,67107572
5,67107573
5,67107574
5,67107575
5,67107576
5,67107577
5,67107578
5,67107579
5,67107580
5,67107581
5,67107582
5,67107584
5,67107585
5,67107586
5,67107587
5,67107589
5,67107591
5,67107592
5,67107596
5,67107597
5,67107600
5,67107602
5,67107608
5,67107610
5,67107617
5,67107619
5,67107634
5,67107635
5,67107636
5,67107637
5,67107638
5,67107640
5,67107642
5,67107644
5,67107645
5,67107647
5,67107648
5,67107650
5,67107651
5,67107652
5,67107653
5,67107654
5,67107656
5,67107657
5,67107658
5,67107659
5,67107660
5,67107661
5,67107662
5,67107663
5,67107664
5,67107666
5,67107667
5,67107668
5,67107669
5,67107670
5,67107671
5,67107672
5,67107692
5,67107937
5,67107971
5,67107976
5,67107985
5,67108007
5,67108017
5,67108022
5,67108024
5,67108026
5,67108027
5,67108032
5,67108033
5,67108050
5,67108052
5,67108055
5,67108056
5,67108057
5,67108061
5,67108063
5,67108072
5,67108088
5,67108093
6,67107126
6,67107145
6,67107146
6,67107150
6,67107151
6,67107153
6,67107178
6,67107179
6,67107181
6,67107182
6,67107183
6,67107185
6,67107187
6,67107190
6,67107194
6,67107196
6,67107198
6,67107199
6,67107200
6,67107204
6,67107205
6,67107209
6,67107211
6,67107213
6,67107249
6,67107256
6,67107257
6,67107269
6,67107270
6,67107271
6,67107273
6,67107277
6,67107278
6,67107282
6,67107285
6,67107287
6,67107288
6,67107290
6,67107294
6,67107295
6,67107301
6,67107303
6,67107305
6,67107307
6,67107308
6,67107309
6,67107310
6,67107311
6,67107316
6,67107317
6,67107320
6,67107327
6,67107359
6,67107364
6,67107366
6,67107368
6,67107369
6,67107392
6,67107395
6,67107432
6,67107435
6,67107437
6,67107447
6,67107449
6,67107457
6,67107467
6,67107469
6,67107474
6,67107485
6,67107486
6,67107488
6,67107489
6,67107491
6,67107496
6,67107503
6,67107504
6,67107508
6,67107509
6,67107511
6,67107512
6,67107516
6,67107521
6,67107525
6,67107528
6,67107529
6,67107530
6,67107540
6,67107542
6,67107544
6,67107545
6,67107547
6,67107548
6,67107549
6,67107550
6,67107551
6,67107553
6,67107558
6,67107560
6,67107571
6,67107583
6,67107588
6,67107590
6,67107593
6,67107595
6,67107599
6,67107601
6,67107603
6,67107604
6,67107605
6,67107606
6,67107607
6,67107609
6,67107612
6,67107622
6,67107623
6,67107624
6,67107627
6,67107629
6,67107639
6,67107678
6,67107683
6,67107757
6,67107768
6,67107808
6,67107828
6,67107830
6,67107864
6,67107865
6,67107866
6,67107867
6,67107868
6,67107870
6,67107872
6,67107873
6,67107875
6,67107877
6,67107878
6,67107899
6,67107901
6,67107902
6,67107909
6,67107912
6,67107926
6,67107935
6,67107936
6,67107938
6,67107944
6,67107950
6,67107951
6,67107952
6,67107954
6,67107972
6,67107973
6,67107974
6,67107975
6,67107977
6,67107978
6,67107979
6,67107980
6,67107981
6,67107983
6,67107984
6,67107986
6,67107987
6,67107989
6,67107993
6,67107995
6,67107996
6,67107997
6,67107998
6,67108000
6,67108001
6,67108002
6,67108003
6,67108004
6,67108006
6,67108010
6,67108011
6,67108012
6,67108014
6,67108015
6,67108016
6,67108019
6,67108020
6,67108023
6,67108025
6,67108028
6,67108029
6,67108030
6,67108031
6,67108034
6,67108035
6,67108037
6,67108038
6,67108039
6,67108040
6,67108042
6,67108044
6,67108045
6,67108046
6,67108051
6,67108053
6,67108054
6,67108058
6,67108060
6,67108062
6,67108065
6,67108066
6,67108067
6,67108071
6,67108073
6,67108075
6,67108076
6,67108077
6,67108078
6,67108079
6,67108084
6,67108085
6,67108086
6,67108087
6,67108098
6,67108099
7,67106080
7,67106081
7,67106082
8,67105925
8,67105926
8,67105927
8,67105928
8,67105929
8,67105930
8,67105931
8,67105932
8,67105933
8,67105934
8,67105935
8,67105936
8,67105937
8,67105938
8,67105939
8,67105940
8,67105941
8,67105942
8,67105943
8,67105944
8,67105945
8,67105946
8,67105947
8,67105948
8,67105949
8,67105950
8,67105951
8,67105952
8,67105953
8,67105954
8,67105955
8,67105956
8,67105957
8,67105958
8,67105959
8,67105960
8,67105961
8,67105962
8,67105963
8,67105964
8,67105965
8,67105966
8,67105967
8,67105968
8,67105969
8,67105970
8,67105971
8,67105972
8,67105973
8,67105974
8,67105975
8,67105976
8,67105977
8,67105978
8,67105979
8,67105980
8,67105981
8,67105982
8,67105983
8,67105984
8,67105985
8,67105986
8,67105987
8,67105988
8,67105989
8,67105990
8,67105991
8,67105992
8,67105993
8,67105994
8,67105995
8,67105996
8,67105997
8,67105998
8,67105999
8,67106000
8,67106001
8,67106002
8,67106003
8,67106004
8,67106005
8,67106006
8,67106007
8,67106008
8,67106009
8,67106010
8,67106011
8,67106012
8,67106013
8,67106014
8,67106015
8,67106016
8,67106017
8,67106018
8,67106019
8,67106020
8,67106021
8,67106022
8,67106023
8,67106024
8,67106025
8,67106026
8,67106027
8,67106028
8,67106029
8,67106030
8,67106031
8,67106032
8,67106033
8,67106034
8,67106035
8,67106036
8,67106037
8,67106038
8,67106039
8,67106040
8,67106041
8,67106042
8,67106043
8,67106044
8,67106045
8,67106046
8,67106047
8,67106048
8,67106049
8,67106050
8,67106051
8,67106052
8,67106053
8,67106054
8,67106055
8,67106056
8,67106057
8,67106058
8,67106059
8,67106060
8,67106061
8,67106062
8,67106063
8,67106064
8,67106065
8,67106066
8,67106067
8,67106068
8,67106069
8,67106070
8,67106071
8,67106072
8,67106073
8,67106074
8,67106075
8,67106076
8,67106077
8,67106079
8,67106083
8,67106084
8,67106086
8,67106087
8,67106088
8,67106092
8,67106093
8,67106094
8,67106098
8,67106099
8,67106109
8,67106113
8,67106114
8,67106116
8,67106117
8,67106118
8,67106119
8,67106122
8,67106125
8,67106126
8,67106127
8,67106128
8,67106129
8,67106130
8,67106131
8,67106133
8,67106134
8,67106139
8,67106141
8,67106142
8,67106143
8,67106144
8,67106145
8,67106146
8,67106147
8,67106148
8,67106149
8,67106150
8,67106151
8,67106155
8,67106158
8,67106163
8,67106165
8,67106171
8,67106172
8,67106175
8,67106177
8,67106179
8,67106180
8,67106181
8,67106182
8,67106183
8,67106184
8,67106185
8,67106186
8,67106188
8,67106191
8,67106193
8,67106194
8,67106202
8,67106203
8,67106206
8,67106210
8,67106216
8,67106221
8,67106222
8,67106223
8,67106224
8,67106226
8,67106229
8,67106230
8,67106231
8,67106233
8,67106234
8,67106237
8,67106239
8,67106243
8,67106247
8,67106255
8,67106256
8,67106257
8,67106263
8,67106269
8,67106272
8,67106276
8,67106278
8,67106287
8,67106288
8,67106305
8,67106309
8,67106310
8,67106314
8,67106317
8,67106318
8,67106321
8,67106322
8,67106323
8,67106326
8,67106330
8,67106331
8,67106334
8,67106337
8,67106343
8,67106345
8,67106346
8,67106347
8,67106348
8,67106351
8,67106356
8,67106357
8,67106358
8,67106359
8,67106360
8,67106361
8,67106362
8,67106363
8,67106367
8,67106368
8,67106369
8,67106371
8,67106377
8,67106378
8,67106383
8,67106386
8,67106387
8,67106389
8,67106392
8,67106393
8,67106394
8,67106395
8,67106396
8,67106397
8,67106398
8,67106400
8,67106401
8,67106402
8,67106406
8,67106408
8,67106409
8,67106411
8,67106414
8,67106416
8,67106417
8,67106420
8,67106422
8,67106426
8,67106431
8,67106433
8,67106435
8,67106437
8,67106438
8,67106439
8,67106440
8,67106444
8,67106449
8,67106450
8,67106451
8,67106456
8,67106461
8,67106466
8,67106470
8,67106471
8,67106474
8,67106475
8,67106476
8,67106477
8,67106479
8,67106480
8,67106481
8,67106482
8,67106484
8,67106486
8,67106491
8,67106500
8,67106501
8,67106502
8,67106503
8,67106504
8,67106505
8,67106511
8,67106512
8,67106514
8,67106517
8,67106522
8,67106524
8,67106525
8,67106534
8,67106535
8,67106537
8,67106538
8,67106539
8,67106540
8,67106541
8,67106542
8,67106543
8,67106544
8,67106545
8,67106546
8,67106547
8,67106548
8,67106549
8,67106550
8,67106552
8,67106555
8,67106556
8,67106557
8,67106558
8,67106559
8,67106560
8,67106561
8,67106563
8,67106565
8,67106567
8,67106568
8,67106569
8,67106570
8,67106571
8,67106572
8,67106573
8,67106574
8,67106585
8,67106588
8,67106589
8,67106591
8,67106594
8,67106595
8,67106602
8,67106603
8,67106608
8,67106613
8,67106616
8,67106617
8,67106623
8,67106625
8,67106628
8,67106631
8,67106633
8,67106634
8,67106636
8,67106640
8,67106641
8,67106642
8,67106643
8,67106645
8,67106646
8,67106647
8,67106648
8,67106649
8,67106651
8,67106652
8,67106656
8,67106657
8,67106659
8,67106660
8,67106661
8,67106662
8,67106663
8,67106664
8,67106666
8,67106667
8,67106669
8,67106672
8,67106673
8,67106675
8,67106676
8,67106677
8,67106680
8,67106682
8,67106683
8,67106687
8,67106688
8,67106690
8,67106691
8,67106692
8,67106693
8,67106694
8,67106695
8,67106700
8,67106702
8,67106703
8,67106704
8,67106708
8,67106709
8,67106711
8,67106712
8,67106713
8,67106714
8,67106715
8,67106716
8,67106717
8,67106719
8,67106720
8,67106721
8,67106722
8,67106723
8,67106724
8,67106725
8,67106726
8,67106727
8,67106728
8,67106729
8,67106730
8,67106731
8,67106732
8,67106733
8,67106734
8,67106735
8,67106736
8,67106737
8,67106738
8,67106739
8,67106740
8,67106741
8,67106742
8,67106743
8,67106744
8,67106745
8,67106746
8,67106747
8,67106748
8,67106749
8,67106750
8,67106751
8,67106752
8,67106753
8,67106754
8,67106759
8,67106760
8,67106761
8,67106762
8,67106763
8,67106764
8,67106765
8,67106767
8,67106769
8,67106770
8,67106771
8,67106772
8,67106773
8,67106774
8,67106775
8,67106776
8,67106777
8,67106778
8,67106779
8,67106780
8,67106781
8,67106782
8,67106783
8,67106784
8,67106785
8,67106786
8,67106787
8,67106788
8,67106789
9,67106246
9,67106415
9,67106418
9,67106419
10,131066
10,131067
10,67106085
10,67106089
10,67106090
10,67106091
10,67106095
10,67106096
10,67106097
10,67106100
10,67106101
10,67106102
10,67106103
10,67106104
10,67106105
10,67106106
10,67106107
10,67106108
10,67106110
10,67106111
10,67106112
10,67106115
10,67106120
10,67106121
10,67106123
10,67106124
10,67106132
10,67106135
10,67106136
10,67106137
10,67106138
10,67106140
10,67106152
10,67106153
10,67106154
10,67106156
10,67106157
10,67106159
10,67106160
10,67106161
10,67106162
10,67106164
10,67106166
10,67106167
10,67106168
10,67106169
10,67106170
10,67106173
10,67106174
10,67106176
10,67106178
10,67106187
10,67106189
10,67106190
10,67106192
10,67106195
10,67106196
10,67106197
10,67106198
10,67106199
10,67106200
10,67106201
10,67106204
10,67106205
10,67106207
10,67106208
10,67106209
10,67106211
10,67106212
10,67106213
10,67106214
10,67106215
10,67106217
10,67106218
10,67106219
10,67106220
10,67106225
10,67106227
10,67106228
10,67106232
10,67106235
10,67106236
10,67106238
10,67106240
10,67106241
10,67106242
10,67106244
10,67106245
10,67106248
10,67106249
10,67106250
10,67106251
10,67106252
10,67106253
10,67106254
10,67106258
10,67106259
10,67106260
10,67106261
10,67106262
10,67106264
10,67106265
10,67106266
10,67106267
10,67106268
10,67106270
10,67106271
10,67106273
10,67106274
10,67106275
10,67106277
10,67106279
10,67106280
10,67106281
10,67106282
10,67106283
10,67106284
10,67106285
10,67106286
10,67106289
10,67106290
10,67106291
10,67106292
10,67106293
10,67106294
10,67106295
10,67106296
10,67106297
10,67106298
10,67106299
10,67106300
10,67106301
10,67106302
10,67106303
10,67106304
10,67106306
10,67106307
10,67106308
10,67106311
10,67106312
10,67106313
10,67106315
10,67106316
10,67106319
10,67106320
10,67106324
10,67106325
10,67106327
10,67106328
10,67106329
10,67106332
10,67106333
10,67106335
10,67106336
10,67106338
10,67106339
10,67106340
10,67106341
10,67106342
10,67106344
10,67106349
10,67106350
10,67106352
10,67106353
10,67106354
10,67106355
10,67106364
10,67106365
10,67106366
10,67106370
10,67106372
10,67106373
10,67106374
10,67106375
10,67106376
10,67106379
10,67106380
10,67106381
10,67106382
10,67106384
10,67106385
10,67106388
10,67106390
10,67106391
10,67106399
10,67106403
10,67106404
10,67106405
10,67106407
10,67106410
10,67106412
10,67106413
10,67106421
10,67106423
10,67106424
10,67106425
10,67106427
10,67106428
10,67106429
10,67106430
10,67106432
10,67106434
10,67106436
10,67106441
10,67106442
10,67106443
10,67106445
10,67106446
10,67106447
10,67106448
10,67106452
10,67106453
10,67106454
10,67106455
10,67106457
10,67106458
10,67106459
10,67106460
10,67106462
10,67106463
10,67106464
10,67106465
10,67106467
10,67106468
10,67106469
10,67106472
10,67106473
10,67106478
10,67106483
10,67106485
10,67106487
10,67106488
10,67106489
10,67106490
10,67106492
10,67106493
10,67106494
10,67106495
10,67106496
10,67106497
10,67106498
10,67106499
10,67106506
10,67106507
10,67106508
10,67106509
10,67106510
10,67106513
10,67106515
10,67106516
10,67106518
10,67106519
10,67106520
10,67106521
10,67106523
10,67106526
10,67106527
10,67106528
10,67106529
10,67106530
10,67106531
10,67106532
10,67106533
10,67106536
10,67106551
10,67106553
10,67106554
10,67106562
10,67106564
10,67106566
10,67106575
10,67106576
10,67106577
10,67106578
10,67106579
10,67106580
10,67106581
10,67106582
10,67106583
10,67106584
10,67106586
10,67106587
10,67106590
10,67106592
10,67106593
10,67106596
10,67106597
10,67106598
10,67106599
10,67106600
10,67106601
10,67106604
10,67106605
10,67106606
10,67106607
10,67106609
10,67106610
10,67106611
10,67106612
10,67106614
10,67106615
10,67106618
10,67106619
10,67106620
10,67106621
10,67106622
10,67106624
10,67106626
10,67106627
10,67106629
10,67106630
10,67106632
10,67106635
10,67106637
10,67106638
10,67106639
10,67106644
10,67106650
10,67106653
10,67106654
10,67106655
10,67106658
10,67106665
10,67106668
10,67106670
10,67106671
10,67106674
10,67106678
10,67106679
10,67106681
10,67106684
10,67106685
10,67106686
10,67106689
10,67106696
10,67106697
10,67106698
10,67106699
10,67106701
10,67106705
10,67106706
10,67106707
10,67106710
10,67106718
10,67106755
10,67106756
10,67106757
10,67106758
10,67106766
10,67106768
15,0
15,131068
15,131069
15,67107100
15,67107101
15,67107102
15,67107103
15,67107104
15,67107105
15,67107106
15,67107464
15,67107475
15,67107484
15,67107526
15,67107620
15,67107626
15,67107628
15,67107655
15,67107676
15,67107677
15,67107690
15,67107691
15,67107701
15,67107702
15,67107705
15,67107706
15,67107715
15,67107726
15,67107730
15,67107735
15,67107736
15,67107739
15,67107745
15,67107746
15,67107747
15,67107749
15,67107750
15,67107752
15,67107756
15,67107761
15,67107762
15,67107765
15,67107771
15,67107776
15,67107783
15,67107787
15,67107795
15,67107796
15,67107799
15,67107803
15,67107807
15,67107810
15,67107811
15,67107812
15,67107814
15,67107815
15,67107816
15,67107817
15,67107818
15,67107819
15,67107820
15,67107821
15,67107826
15,67107836
15,67107837
15,67107838
15,67107848
15,67107849
15,67107854
15,67107856
15,67107861
15,67107863
15,67107874
15,67107876
15,67107883
15,67107894
15,67107896
15,67107898
15,67107911
15,67107915
15,67107930
15,67107934
15,67107945
15,67107946
15,67107957
15,67107961
15,67107962
15,67107963
15,67107964
15,67107965
15,67107966
15,67107968
15,67107969
15,67107982
15,67107988
15,67107990
15,67107991
15,67108005
15,67108009
15,67108013
15,67108018
15,67108021
15,67108047
15,67108048
15,67108049
15,67108059
15,67108064
15,67108070
15,67108074
15,67108080
15,67108081
15,67108082
15,67108083
15,67108089
15,67108090
15,67108091
15,67108092
15,67108094
15,67108095
15,67108096
15,67108097
16,67107184
16,67107186
16,67107191
16,67107193
16,67107195
16,67107214
16,67107250
16,67107252
16,67107254
16,67107255
16,67107258
16,67107259
16,67107260
16,67107261
16,67107262
16,67107263
16,67107264
16,67107265
16,67107266
16,67107267
16,67107268
16,67107274
16,67107275
16,67107276
16,67107279
16,67107280
16,67107281
16,67107283
16,67107284
16,67107286
16,67107289
16,67107291
16,67107292
16,67107293
16,67107300
16,67107302
16,67107304
16,67107306
16,67107312
16,67107313
16,67107315
16,67107319
16,67107321
16,67107322
16,67107360
16,67107390
16,67107391
16,67107393
16,67107394
16,67107396
16,67107397
16,67107398
16,67107400
16,67107401
16,67107402
16,67107403
16,67107404
16,67107405
16,67107406
16,67107407
16,67107408
16,67107409
16,67107410
16,67107411
16,67107412
16,67107413
16,67107414
16,67107415
16,67107416
16,67107417
16,67107418
16,67107419
16,67107420
16,67107421
16,67107422
16,67107423
16,67107424
16,67107425
16,67107426
16,67107427
16,67107428
16,67107429
16,67107430
16,67107431
16,67107433
16,67107434
16,67107436
16,67107438
16,67107439
16,67107440
16,67107441
16,67107442
16,67107443
16,67107444
16,67107445
16,67107446
16,67107448
16,67107450
16,67107451
16,67107452
16,67107453
16,67107454
16,67107455
16,67107456
16,67107458
16,67107459
16,67107460
16,67107461
16,67107462
16,67107463
16,67107465
16,67107466
16,67107468
16,67107470
16,67107471
16,67107472
16,67107473
16,67107476
16,67107477
16,67107478
16,67107479
16,67107480
16,67107481
16,67107482
16,67107483
16,67107493
16,67107494
16,67107495
16,67107497
16,67107498
16,67107499
16,67107500
16,67107501
16,67107502
16,67107505
16,67107506
16,67107507
16,67107510
16,67107513
16,67107514
16,67107515
16,67107517
16,67107518
16,67107519
16,67107520
16,67107523
16,67107524
16,67107527
16,67107531
16,67107532
16,67107533
16,67107534
16,67107535
16,67107536
16,67107537
16,67107538
16,67107594
16,67107598
16,67107611
16,67107613
16,67107614
16,67107615
16,67107616
16,67107618
16,67107621
16,67107625
16,67107630
16,67107631
16,67107632
16,67107633
16,67107641
16,67107643
16,67107646
16,67107649
16,67107665
16,67107673
16,67107674
16,67107675
16,67107679
16,67107680
16,67107681
16,67107682
16,67107684
16,67107685
16,67107686
16,67107687
16,67107688
16,67107689
16,67107693
16,67107694
16,67107695
16,67107696
16,67107697
16,67107698
16,67107699
16,67107700
16,67107703
16,67107704
16,67107707
16,67107708
16,67107709
16,67107710
16,67107711
16,67107712
16,67107713
16,67107714
16,67107716
16,67107717
16,67107718
16,67107719
16,67107720
16,67107721
16,67107722
16,67107723
16,67107724
16,67107725
16,67107727
16,67107728
16,67107729
16,67107731
16,67107732
16,67107733
16,67107734
16,67107737
16,67107738
16,67107740
16,67107741
16,67107742
16,67107743
16,67107744
16,67107748
16,67107751
16,67107753
16,67107754
16,67107755
16,67107758
16,67107759
16,67107760
16,67107763
16,67107764
16,67107766
16,67107767
16,67107769
16,67107770
16,67107772
16,67107773
16,67107774
16,67107775
16,67107777
16,67107778
16,67107779
16,67107780
16,67107781
16,67107782
16,67107784
16,67107785
16,67107786
16,67107788
16,67107789
16,67107790
16,67107791
16,67107792
16,67107793
16,67107794
16,67107797
16,67107798
16,67107800
16,67107801
16,67107802
16,67107804
16,67107805
16,67107806
16,67107809
16,67107813
16,67107822
16,67107823
16,67107824
16,67107825
16,67107827
16,67107829
16,67107831
16,67107832
16,67107833
16,67107834
16,67107835
16,67107839
16,67107840
16,67107841
16,67107842
16,67107843
16,67107844
16,67107845
16,67107846
16,67107847
16,67107850
16,67107851
16,67107852
16,67107853
16,67107855
16,67107857
16,67107858
16,67107859
16,67107860
16,67107862
16,67107869
16,67107871
16,67107879
16,67107880
16,67107881
16,67107882
16,67107884
16,67107885
16,67107886
16,67107887
16,67107888
16,67107889
16,67107890
16,67107891
16,67107892
16,67107893
16,67107895
16,67107897
16,67107900
16,67107903
16,67107904
16,67107905
16,67107906
16,67107907
16,67107908
16,67107910
16,67107913
16,67107914
16,67107916
16,67107917
16,67107918
16,67107919
16,67107920
16,67107921
16,67107922
16,67107923
16,67107924
16,67107925
16,67107927
16,67107928
16,67107929
16,67107931
16,67107932
16,67107933
16,67107939
16,67107940
16,67107941
16,67107942
16,67107943
16,67107947
16,67107948
16,67107949
16,67107953
16,67107955
16,67107956
16,67107958
16,67107959
16,67107960
16,67107967
16,67107970
16,67107992
16,67107994
16,67107999
16,67108008
16,67108036
16,67108041
16,67108043
16,67108068
16,67108069
16,67108401
16,67108484
16,67108485
16,67108486
16,67108487
16,67108488
16,67108489
16,67108490
16,67108491
16,67108492
16,67108493
16,67108494
16,67108495
16,67108496
23,67108402
23,67108403
23,67108404
23,67108405
23,67108406
23,67108407
23,67108408
23,67108409
23,67108410
23,67108411
23,67108412
23,67108413
23,67108414
23,67108415
23,67108416
23,67108417
23,67108418
23,67108419
23,67108420
23,67108421
23,67108422
23,67108423
23,67108424
23,67108425
23,67108426
23,67108427
23,67108428
23,67108429
23,67108430
23,67108431
23,67108432
23,67108433
23,67108434
23,67108435
23,67108436
23,67108437
23,67108438
23,67108439
23,67108440
23,67108441
23,67108442
23,67108443
23,67108444
23,67108445
23,67108446
23,67108447
23,67108448
23,67108449
23,67108450
23,67108451
23,67108452
23,67108453
23,67108454
23,67108455
23,67108456
23,67108457
23,67108458
23,67108459
23,67108460
23,67108461
23,67108462
23,67108463
23,67108464
23,67108465
23,67108466
23,67108467
23,67108468
23,67108469
23,67108470
23,67108471
23,67108472
23,67108473
23,67108474
23,67108475
23,67108476
23,67108477
23,67108478
23,67108479
23,67108480
23,67108481
23,67108482
23,67108483
23,67108497
23,67108498
23,67108499
23,67108500
23,67108501
23,67108502
23,67108503
23,67108504
23,67108505
23,67108506
23,67108507
23,67108508
23,67108509
23,67108510
23,67108511
