732856447,67100605
732856447,67100606
732856447,67100607
732856447,67100608
732856447,67100794
732856447,67104789
22718549857,67100549
22718549857,67100550
22718549857,67100551
22718549857,67100553
22718549857,67100554
22718549857,67100555
22718549857,67100556
22718549857,67100557
22718549857,67100558
22718549857,67100645
22718549857,67100647
22718549857,67100650
22718549857,67100654
22718549857,67100655
22718549857,67100656
22718549857,67100657
22718549857,67100658
22718549857,67100661
22718549857,67100662
22718549857,67100663
22718549857,67100664
22718549857,67100665
22718549857,67100667
22718549857,67100668
22718549857,67100669
22718549857,67100670
22718549857,67100671
22718549857,67100672
22718549857,67100673
22718549857,67100674
22718549857,67100675
22718549857,67100676
44704243267,131245
44704243267,67100569
44704243267,67100579
44704243267,67100580
44704243267,67100581
44704243267,67100582
44704243267,67100609
44704243267,67100616
44704243267,67100619
44704243267,67100621
44704243267,67100628
44704243267,67100629
44704243267,67100630
44704243267,67100631
44704243267,67100633
44704243267,67100634
44704243267,67100637
44704243267,67100638
44704243267,67100641
44704243267,67100642
44704243267,67100644
44704243267,67100646
44704243267,67100648
44704243267,67100649
44704243267,67100651
44704243267,67100652
44704243267,67100653
44704243267,67100659
44704243267,67100660
44704243267,67100666
44704243267,67100760
44704243267,67104755
66689936677,67100559
66689936677,67100560
66689936677,67100561
66689936677,67100562
66689936677,67100563
66689936677,67100564
66689936677,67100565
66689936677,67100566
66689936677,67100567
66689936677,67100568
66689936677,67100570
66689936677,67100571
66689936677,67100572
66689936677,67100573
66689936677,67100574
66689936677,67100575
66689936677,67100576
66689936677,67100577
66689936677,67100578
66689936677,67100610
66689936677,67100611
66689936677,67100613
66689936677,67100618
66689936677,67100626
66689936677,67100632
66689936677,67100635
66689936677,67100636
66689936677,67100639
66689936677,67100643
66689936677,67100792
66689936677,67104786
88675630087,67100612
88675630087,67100614
88675630087,67100615
88675630087,67100617
88675630087,67100620
88675630087,67100622
88675630087,67100623
88675630087,67100624
88675630087,67100625
88675630087,67100627
88675630087,67100640
88675630087,67100677
88675630087,67101680
88675630087,67101698
88675630087,67101720
88675630087,67101724
88675630087,67101725
88675630087,67101726
88675630087,67101729
88675630087,67101912
88675630087,67105675
88675630087,67105694
88675630087,67105698
88675630087,67105715
88675630087,67105719
88675630087,67105720
88675630087,67105721
88675630087,67105724
88675630087,67108695
88675630087,67108698
88675630087,67108699
88675630087,67108700
110661323497,67100837
110661323497,67100838
110661323497,67100839
110661323497,67100840
110661323497,67100841
110661323497,67100842
110661323497,67100844
110661323497,67100845
110661323497,67100846
110661323497,67100847
110661323497,67100848
110661323497,67100849
110661323497,67100850
110661323497,67100867
110661323497,67104832
110661323497,67104833
110661323497,67104834
110661323497,67104835
110661323497,67104836
110661323497,67104837
110661323497,67104838
110661323497,67104839
110661323497,67104840
110661323497,67104841
110661323497,67104842
110661323497,67104843
110661323497,67104844
110661323497,67104845
110661323497,67108667
110661323497,67108669
110661323497,67108671
110661323497,67108672
132647016907,67101230
132647016907,67101248
132647016907,67101249
132647016907,67101250
132647016907,67101251
132647016907,67101252
132647016907,67101253
132647016907,67101254
132647016907,67101255
132647016907,67101256
132647016907,67101278
132647016907,67101279
132647016907,67101280
132647016907,67101305
132647016907,67105224
132647016907,67105242
132647016907,67105244
132647016907,67105245
132647016907,67105246
132647016907,67105248
132647016907,67105249
132647016907,67105250
132647016907,67105251
132647016907,67105272
132647016907,67105273
132647016907,67105274
132647016907,67105275
132647016907,67108681
132647016907,67108682
132647016907,67108684
132647016907,67108685
132647016907,67108686
154632710317,67101701
154632710317,67101702
154632710317,67101704
154632710317,67101705
154632710317,67101708
154632710317,67101783
154632710317,67101784
154632710317,67102251
154632710317,67105693
154632710317,67105695
154632710317,67105699
154632710317,67105703
154632710317,67105778
154632710317,67108673
154632710317,67108674
154632710317,67108687
154632710317,67108691
154632710317,67108702
154632710317,67108707
154632710317,67108714
154632710317,67108728
154632710317,67108736
154632710317,67108748
154632710317,67108751
154632710317,67108762
154632710317,67108767
154632710317,67108768
154632710317,67108774
154632710317,67108782
154632710317,67108785
154632710317,67108786
154632710317,67108788
176618403727,131246
176618403727,131261
176618403727,67100898
176618403727,67100934
176618403727,67101323
176618403727,67101346
176618403727,67101360
176618403727,67101365
176618403727,67102982
176618403727,67104862
176618403727,67104892
176618403727,67104929
176618403727,67105300
176618403727,67105317
176618403727,67105318
176618403727,67105341
176618403727,67105354
176618403727,67105360
176618403727,67108668
176618403727,67108677
176618403727,67108678
176618403727,67108688
176618403727,67108694
176618403727,67108701
176618403727,67108721
176618403727,67108756
176618403727,67108761
176618403727,67108764
176618403727,67108770
176618403727,67108773
176618403727,67108776
176618403727,67108781
198604097137,67100907
198604097137,67101286
198604097137,67103039
198604097137,67103681
198604097137,67103684
198604097137,67103687
198604097137,67103688
198604097137,67103689
198604097137,67103694
198604097137,67103962
198604097137,67104902
198604097137,67105281
198604097137,67107020
198604097137,67107027
198604097137,67107034
198604097137,67107676
198604097137,67107677
198604097137,67107679
198604097137,67107682
198604097137,67107683
198604097137,67107684
198604097137,67107689
198604097137,67108675
198604097137,67108676
198604097137,67108710
198604097137,67108711
198604097137,67108712
198604097137,67108730
198604097137,67108741
198604097137,67108742
198604097137,67108763
220589790547,67100935
220589790547,67102950
220589790547,67103791
220589790547,67104336
220589790547,67104338
220589790547,67104344
220589790547,67106944
220589790547,67107786
220589790547,67107929
220589790547,67108333
220589790547,67108339
220589790547,67108679
220589790547,67108706
220589790547,67108709
220589790547,67108724
220589790547,67108725
220589790547,67108726
220589790547,67108731
220589790547,67108738
220589790547,67108739
220589790547,67108740
220589790547,67108743
220589790547,67108753
220589790547,67108759
220589790547,67108765
220589790547,67108766
220589790547,67108771
220589790547,67108784
220589790547,67108789
220589790547,67108790
220589790547,67108794
242575483957,67101884
242575483957,67101974
242575483957,67103937
242575483957,67103938
242575483957,67103966
242575483957,67104183
242575483957,67104191
242575483957,67105879
242575483957,67105969
242575483957,67107933
242575483957,67107957
242575483957,67107961
242575483957,67108178
242575483957,67108705
242575483957,67108708
242575483957,67108772
242575483957,67108779
