732856447,67100605
732856447,67100606
732856447,67100607
732856447,67100608
732856447,67100794
732856447,67104789
22718549857,67100549
22718549857,67100550
22718549857,67100551
22718549857,67100553
22718549857,67100554
22718549857,67100555
22718549857,67100556
22718549857,67100557
22718549857,67100558
22718549857,67100645
22718549857,67100647
22718549857,67100650
22718549857,67100654
22718549857,67100655
22718549857,67100656
22718549857,67100657
22718549857,67100658
22718549857,67100661
22718549857,67100662
22718549857,67100663
22718549857,67100664
22718549857,67100665
22718549857,67100667
22718549857,67100668
22718549857,67100669
22718549857,67100670
22718549857,67100671
22718549857,67100672
22718549857,67100673
22718549857,67100674
22718549857,67100675
22718549857,67100676
44704243267,131245
44704243267,67100569
44704243267,67100579
44704243267,67100580
44704243267,67100581
44704243267,67100582
44704243267,67100609
44704243267,67100616
44704243267,67100619
44704243267,67100621
44704243267,67100628
44704243267,67100629
44704243267,67100630
44704243267,67100631
44704243267,67100633
44704243267,67100634
44704243267,67100637
44704243267,67100638
44704243267,67100641
44704243267,67100642
44704243267,67100644
44704243267,67100646
44704243267,67100648
44704243267,67100649
44704243267,67100651
44704243267,67100652
44704243267,67100653
44704243267,67100659
44704243267,67100660
44704243267,67100666
44704243267,67100760
44704243267,67104755
66689936677,67100559
66689936677,67100560
66689936677,67100561
66689936677,67100562
66689936677,67100563
66689936677,67100564
66689936677,67100565
66689936677,67100566
66689936677,67100567
66689936677,67100568
66689936677,67100570
66689936677,67100571
66689936677,67100572
66689936677,67100573
66689936677,67100574
66689936677,67100575
66689936677,67100576
66689936677,67100577
66689936677,67100578
66689936677,67100610
66689936677,67100611
66689936677,67100613
66689936677,67100618
66689936677,67100626
66689936677,67100632
66689936677,67100635
66689936677,67100636
66689936677,67100639
66689936677,67100643
66689936677,67100792
66689936677,67104786
88675630087,67100612
88675630087,67100614
88675630087,67100615
88675630087,67100617
88675630087,67100620
88675630087,67100622
88675630087,67100623
88675630087,67100624
88675630087,67100625
88675630087,67100627
88675630087,67100640
88675630087,67100677
88675630087,67101680
88675630087,67101698
88675630087,67101720
88675630087,67101724
88675630087,67101725
88675630087,67101726
88675630087,67101729
88675630087,67101912
88675630087,67105675
88675630087,67105694
88675630087,67105698
88675630087,67105715
88675630087,67105719
88675630087,67105720
88675630087,67105721
88675630087,67105724
88675630087,67108695
88675630087,67108698
88675630087,67108699
88675630087,67108700
110661323497,67100837
110661323497,67100838
110661323497,67100839
110661323497,67100840
110661323497,67100841
110661323497,67100842
110661323497,67100844
110661323497,67100845
110661323497,67100846
110661323497,67100847
110661323497,67100848
110661323497,67100849
110661323497,67100850
110661323497,67100867
110661323497,67104832
110661323497,67104833
110661323497,67104834
110661323497,67104835
110661323497,67104836
110661323497,67104837
110661323497,67104838
110661323497,67104839
110661323497,67104840
110661323497,67104841
110661323497,67104842
110661323497,67104843
110661323497,67104844
110661323497,67104845
110661323497,67108667
110661323497,67108669
110661323497,67108671
110661323497,67108672
132647016907,67101278
132647016907,67105273
132647016907,67105274
132647016907,67108685
132647016907,67108686
