1093269888,67091409
1093269888,67093415
1093269888,67093416
1093269888,67093417
1093269888,67093418
1093269888,67093419
1093269888,67093420
1093269888,67093421
1093269888,67093422
1093269888,67093423
1093269888,67093424
1093269888,67093425
1093269888,67093426
1093269888,67093427
1093269888,67093428
1093269888,67093429
1093269888,67093430
1093269888,67093431
1093269888,67093432
1093269888,67093434
1093269888,67093435
1093269888,67093440
1093269888,67093441
1093269888,67093455
1093269888,67093457
1093269888,67093466
1093269888,67093468
1093269888,67093470
1093269888,67093477
1093269888,67093481
1093269888,67093915
1093269888,67101404
33891366528,67093433
33891366528,67093436
33891366528,67093437
33891366528,67093438
33891366528,67093439
33891366528,67093442
33891366528,67093443
33891366528,67093444
33891366528,67093445
33891366528,67093446
33891366528,67093447
33891366528,67093449
33891366528,67093450
33891366528,67093451
33891366528,67093452
33891366528,67093453
33891366528,67093454
33891366528,67093456
33891366528,67093458
33891366528,67093459
33891366528,67093461
33891366528,67093464
33891366528,67093467
33891366528,67093474
33891366528,67093479
33891366528,67093484
33891366528,67093503
33891366528,67093538
33891366528,67093539
33891366528,67093540
33891366528,67098455
33891366528,67105944
66689463168,67093448
66689463168,67093460
66689463168,67093462
66689463168,67093463
66689463168,67093465
66689463168,67093469
66689463168,67093471
66689463168,67093472
66689463168,67093473
66689463168,67093475
66689463168,67093476
66689463168,67093478
66689463168,67093480
66689463168,67093482
66689463168,67093483
66689463168,67093485
66689463168,67093486
66689463168,67093489
66689463168,67093496
66689463168,67093498
66689463168,67093499
66689463168,67094827
66689463168,67094837
66689463168,67094839
66689463168,67094862
66689463168,67094863
66689463168,67102316
66689463168,67102323
66689463168,67102327
66689463168,67102351
66689463168,67102352
66689463168,67108594
99487559808,67093487
99487559808,67093488
99487559808,67093490
99487559808,67093492
99487559808,67093494
99487559808,67093495
99487559808,67093497
99487559808,67093504
99487559808,67093506
99487559808,67093516
99487559808,67093522
99487559808,67093527
99487559808,67093542
99487559808,67093544
99487559808,67093545
99487559808,67093546
99487559808,67093547
99487559808,67093548
99487559808,67093549
99487559808,67095950
99487559808,67095963
99487559808,67095977
99487559808,67095991
99487559808,67095992
99487559808,67095997
99487559808,67103452
99487559808,67103466
99487559808,67103467
99487559808,67103480
99487559808,67103481
99487559808,67103486
99487559808,67108597
132285656448,67093491
132285656448,67093493
132285656448,67093500
132285656448,67093501
132285656448,67093502
132285656448,67093505
132285656448,67093507
132285656448,67093508
132285656448,67093510
132285656448,67093511
132285656448,67093512
132285656448,67093513
132285656448,67093514
132285656448,67093526
132285656448,67093528
132285656448,67093529
132285656448,67093535
132285656448,67093552
132285656448,67093571
132285656448,67093663
132285656448,67094701
132285656448,67094731
132285656448,67094770
132285656448,67094807
132285656448,67094816
132285656448,67095006
132285656448,67101153
132285656448,67102190
132285656448,67102220
132285656448,67102260
132285656448,67102296
132285656448,67102305
165083753088,67093509
165083753088,67093515
165083753088,67093518
165083753088,67093520
165083753088,67093531
165083753088,67093532
165083753088,67093533
165083753088,67093534
165083753088,67093536
165083753088,67093537
165083753088,67093541
165083753088,67093575
165083753088,67093576
165083753088,67093593
165083753088,67093596
165083753088,67093648
165083753088,67093830
165083753088,67094136
165083753088,67094167
165083753088,67094703
165083753088,67094803
165083753088,67094854
165083753088,67101137
165083753088,67101319
165083753088,67101626
165083753088,67101656
165083753088,67101832
165083753088,67102192
165083753088,67102292
165083753088,67102343
165083753088,67108601
165083753088,67108605
197881849728,67093517
197881849728,67093519
197881849728,67093521
197881849728,67093523
197881849728,67093524
197881849728,67093525
197881849728,67093530
197881849728,67093543
197881849728,67093563
197881849728,67093587
197881849728,67093588
197881849728,67093589
197881849728,67093590
197881849728,67093591
197881849728,67093598
197881849728,67093599
197881849728,67093600
197881849728,67093601
197881849728,67093602
197881849728,67093604
197881849728,67093606
197881849728,67093607
197881849728,67093608
197881849728,67093609
197881849728,67093610
197881849728,67093611
197881849728,67093628
197881849728,67098358
197881849728,67098359
197881849728,67101117
197881849728,67105847
197881849728,67105848
230679946368,131231
230679946368,67093550
230679946368,67093551
230679946368,67093553
230679946368,67093554
230679946368,67093555
230679946368,67093556
230679946368,67093557
230679946368,67093558
230679946368,67093559
230679946368,67093560
230679946368,67093561
230679946368,67093562
230679946368,67093567
230679946368,67093568
230679946368,67093570
230679946368,67093572
230679946368,67093573
230679946368,67093574
230679946368,67093577
230679946368,67093578
230679946368,67093579
230679946368,67093580
230679946368,67093581
230679946368,67093582
230679946368,67093586
230679946368,67093592
230679946368,67093594
230679946368,67093595
230679946368,67093597
230679946368,67094641
230679946368,67108608
263478043008,67093564
263478043008,67093565
263478043008,67093566
263478043008,67093569
263478043008,67093583
263478043008,67093584
263478043008,67093585
263478043008,67098199
263478043008,67100178
263478043008,67100316
263478043008,67100513
263478043008,67100525
263478043008,67107274
263478043008,67107667
263478043008,67107805
263478043008,67108002
263478043008,67108014
263478043008,67108595
263478043008,67108596
263478043008,67108598
263478043008,67108599
263478043008,67108600
263478043008,67108602
263478043008,67108603
263478043008,67108604
263478043008,67108606
263478043008,67108610
263478043008,67108619
263478043008,67108661
263478043008,67108662
263478043008,67108680
296276139648,131261
296276139648,67095335
296276139648,67096981
296276139648,67097146
296276139648,67099079
296276139648,67099358
296276139648,67100174
296276139648,67100776
296276139648,67101083
296276139648,67101085
296276139648,67101090
296276139648,67101091
296276139648,67101092
296276139648,67102825
296276139648,67104471
296276139648,67104635
296276139648,67106847
296276139648,67107663
296276139648,67108265
296276139648,67108579
296276139648,67108580
296276139648,67108581
296276139648,67108623
296276139648,67108660
296276139648,67108686
296276139648,67108707
296276139648,67108762
296276139648,67108763
296276139648,67108773
296276139648,67108789
296276139648,67108790
