1093269888,67091409
1093269888,67093415
1093269888,67093416
1093269888,67093417
1093269888,67093418
1093269888,67093419
1093269888,67093420
1093269888,67093421
1093269888,67093422
1093269888,67093423
1093269888,67093424
1093269888,67093425
1093269888,67093426
1093269888,67093427
1093269888,67093428
1093269888,67093429
1093269888,67093430
1093269888,67093431
1093269888,67093432
1093269888,67093434
1093269888,67093435
1093269888,67093440
1093269888,67093441
1093269888,67093455
1093269888,67093457
1093269888,67093466
1093269888,67093468
1093269888,67093470
1093269888,67093477
1093269888,67093481
1093269888,67093915
1093269888,67101404
33891366528,67093433
33891366528,67093436
33891366528,67093437
33891366528,67093438
33891366528,67093439
33891366528,67093442
33891366528,67093443
33891366528,67093444
33891366528,67093445
33891366528,67093446
33891366528,67093447
33891366528,67093449
33891366528,67093450
33891366528,67093451
33891366528,67093452
33891366528,67093453
33891366528,67093454
33891366528,67093456
33891366528,67093458
33891366528,67093459
33891366528,67093461
33891366528,67093464
33891366528,67093467
33891366528,67093474
33891366528,67093479
33891366528,67093484
33891366528,67093503
33891366528,67093538
33891366528,67093539
33891366528,67093540
33891366528,67098455
33891366528,67105944
66689463168,67093448
66689463168,67093460
66689463168,67093462
66689463168,67093463
66689463168,67093465
66689463168,67093469
66689463168,67093471
66689463168,67093472
66689463168,67093473
66689463168,67093475
66689463168,67093476
66689463168,67093478
66689463168,67093480
66689463168,67093482
66689463168,67093483
66689463168,67093485
66689463168,67093486
66689463168,67093489
66689463168,67093496
66689463168,67093498
66689463168,67093499
66689463168,67094827
66689463168,67094837
66689463168,67094839
66689463168,67094862
66689463168,67094863
66689463168,67102316
66689463168,67102323
66689463168,67102327
66689463168,67102351
66689463168,67102352
66689463168,67108594
99487559808,67093487
99487559808,67093488
99487559808,67093490
99487559808,67093492
99487559808,67093494
99487559808,67093495
99487559808,67093497
99487559808,67093504
99487559808,67093506
99487559808,67093516
99487559808,67093522
99487559808,67093527
99487559808,67093542
99487559808,67093544
99487559808,67093545
99487559808,67093546
99487559808,67093547
99487559808,67093548
99487559808,67093549
99487559808,67095950
99487559808,67095963
99487559808,67095977
99487559808,67095991
99487559808,67095992
99487559808,67095997
99487559808,67103452
99487559808,67103466
99487559808,67103467
99487559808,67103480
99487559808,67103481
99487559808,67103486
99487559808,67108597
132285656448,67093491
132285656448,67093493
132285656448,67093500
132285656448,67093501
132285656448,67093502
132285656448,67093505
132285656448,67093507
132285656448,67093508
132285656448,67093510
132285656448,67093511
132285656448,67093512
132285656448,67093513
132285656448,67093514
132285656448,67093526
132285656448,67093528
132285656448,67093529
132285656448,67093535
132285656448,67093552
132285656448,67093571
132285656448,67093663
132285656448,67094701
132285656448,67094731
132285656448,67094770
132285656448,67094807
132285656448,67094816
132285656448,67101153
132285656448,67102190
132285656448,67102220
132285656448,67102260
132285656448,67102296
132285656448,67102305
