827860087,67093319
827860087,67093370
827860087,67093380
827860087,67093383
827860087,67093385
827860087,67093386
827860087,67093392
827860087,67093398
827860087,67093399
827860087,67093400
827860087,67093401
827860087,67093402
827860087,67093403
827860087,67093407
827860087,67093410
827860087,67093411
827860087,67093414
827860087,67093416
827860087,67093419
827860087,67093420
827860087,67093421
827860087,67093429
827860087,67093431
827860087,67093432
827860087,67093605
827860087,67093622
827860087,67093626
827860087,67093627
827860087,67093628
827860087,67093635
827860087,67093636
827860087,67103205
25663662697,67093306
25663662697,67093311
25663662697,67093316
25663662697,67093317
25663662697,67093324
25663662697,67093341
25663662697,67093434
25663662697,67093453
25663662697,67093482
25663662697,67093483
25663662697,67093484
25663662697,67093503
25663662697,67093519
25663662697,67093532
25663662697,67093548
25663662697,67093578
25663662697,67093584
25663662697,67093594
25663662697,67093612
25663662697,67093613
25663662697,67093615
25663662697,67093619
25663662697,67093630
25663662697,67093631
25663662697,67093632
25663662697,67093644
25663662697,67093646
25663662697,67093648
25663662697,67093649
25663662697,67095883
25663662697,67103274
25663662697,67108543
50499465307,131231
50499465307,67093345
50499465307,67093349
50499465307,67093517
50499465307,67093518
50499465307,67093520
50499465307,67093521
50499465307,67093522
50499465307,67093523
50499465307,67093524
50499465307,67093549
50499465307,67093553
50499465307,67093562
50499465307,67093569
50499465307,67093585
50499465307,67093586
50499465307,67093587
50499465307,67093591
50499465307,67093604
50499465307,67093606
50499465307,67093607
50499465307,67093620
50499465307,67093621
50499465307,67098447
50499465307,67098448
50499465307,67105835
50499465307,67105838
50499465307,67105839
50499465307,67108661
50499465307,67108664
50499465307,67108667
50499465307,67108668
75335267917,67093445
75335267917,67093478
75335267917,67093535
75335267917,67093536
75335267917,67093538
75335267917,67093539
75335267917,67093540
75335267917,67093541
75335267917,67093542
75335267917,67093543
75335267917,67093545
75335267917,67093547
75335267917,67093550
75335267917,67093551
75335267917,67093552
75335267917,67093555
75335267917,67093556
75335267917,67093557
75335267917,67093558
75335267917,67093559
75335267917,67093560
75335267917,67093561
75335267917,67093563
75335267917,67093564
75335267917,67093565
75335267917,67093566
75335267917,67093567
75335267917,67093568
75335267917,67093570
75335267917,67093571
75335267917,67093572
75335267917,67093573
100171070527,67093344
100171070527,67093368
100171070527,67093371
100171070527,67093397
100171070527,67093426
100171070527,67093427
100171070527,67093430
100171070527,67093447
100171070527,67093448
100171070527,67093451
100171070527,67093455
100171070527,67093461
100171070527,67093463
100171070527,67093464
100171070527,67093470
100171070527,67093471
100171070527,67093476
100171070527,67093487
100171070527,67093488
100171070527,67093496
100171070527,67093497
100171070527,67093498
100171070527,67093499
100171070527,67093508
100171070527,67093510
100171070527,67093512
100171070527,67093513
100171070527,67093514
100171070527,67093515
100171070527,67093634
100171070527,67093638
125006873137,67093322
125006873137,67093358
125006873137,67093441
125006873137,67093442
125006873137,67093444
125006873137,67093452
125006873137,67093456
125006873137,67093458
125006873137,67093459
125006873137,67093460
125006873137,67093473
125006873137,67093480
125006873137,67093486
125006873137,67093491
125006873137,67093495
125006873137,67093534
125006873137,67093608
125006873137,67098400
125006873137,67098403
125006873137,67098407
125006873137,67098408
125006873137,67098409
125006873137,67098410
125006873137,67105791
125006873137,67105794
125006873137,67105798
125006873137,67105799
125006873137,67105800
125006873137,67105801
125006873137,67108665
125006873137,67108666
149842675747,67093294
149842675747,67093337
149842675747,67093365
149842675747,67093369
149842675747,67093375
149842675747,67093378
149842675747,67093382
149842675747,67093387
149842675747,67093393
149842675747,67093396
149842675747,67093408
149842675747,67093415
149842675747,67093418
149842675747,67093425
149842675747,67093433
149842675747,67093440
149842675747,67093469
149842675747,67093477
149842675747,67093506
149842675747,67093526
149842675747,67093528
149842675747,67093529
149842675747,67093531
149842675747,67093533
149842675747,67093537
149842675747,67093544
149842675747,67093614
149842675747,67093623
149842675747,67097264
149842675747,67104654
149842675747,67108749
174678478357,67093325
174678478357,67093338
174678478357,67093350
174678478357,67093353
174678478357,67093354
174678478357,67093366
174678478357,67093439
174678478357,67093446
174678478357,67093465
174678478357,67093479
174678478357,67093500
174678478357,67093501
174678478357,67093504
174678478357,67093505
174678478357,67093507
174678478357,67093511
174678478357,67093525
174678478357,67093546
174678478357,67093575
174678478357,67093576
174678478357,67093590
174678478357,67093599
174678478357,67093600
174678478357,67093611
174678478357,67093616
174678478357,67098627
174678478357,67099127
174678478357,67105302
174678478357,67106018
174678478357,67106518
174678478357,67108698
199514280967,67093335
199514280967,67093379
199514280967,67093394
199514280967,67093417
199514280967,67093422
199514280967,67093423
199514280967,67093428
199514280967,67093437
199514280967,67093438
199514280967,67093449
199514280967,67093450
199514280967,67093457
199514280967,67093462
199514280967,67093466
199514280967,67093467
199514280967,67093468
199514280967,67093474
199514280967,67093481
199514280967,67093485
199514280967,67093489
199514280967,67093490
199514280967,67093492
199514280967,67093493
199514280967,67093494
199514280967,67093502
199514280967,67093509
199514280967,67093516
199514280967,67093527
199514280967,67093530
199514280967,67093554
199514280967,67093593
224350083577,67093312
224350083577,67093331
224350083577,67093332
224350083577,67093336
224350083577,67093347
224350083577,67093348
224350083577,67093351
224350083577,67093352
224350083577,67093391
224350083577,67093435
224350083577,67093436
224350083577,67093443
224350083577,67093475
224350083577,67093589
224350083577,67093629
224350083577,67093633
224350083577,67096528
224350083577,67096532
224350083577,67096534
224350083577,67096535
224350083577,67096536
224350083577,67096537
224350083577,67103919
224350083577,67103925
224350083577,67103926
224350083577,67103927
224350083577,67103928
224350083577,67108574
224350083577,67108575
224350083577,67108576
224350083577,67108577
249185886187,67093289
249185886187,67093290
249185886187,67093292
249185886187,67093293
249185886187,67093309
249185886187,67093310
249185886187,67093313
249185886187,67093315
249185886187,67093323
249185886187,67093330
249185886187,67093339
249185886187,67093343
249185886187,67093356
249185886187,67093376
249185886187,67093377
249185886187,67093381
249185886187,67093384
249185886187,67093389
249185886187,67093405
249185886187,67093409
249185886187,67093472
249185886187,67093574
249185886187,67093579
249185886187,67093582
249185886187,67093592
249185886187,67093595
249185886187,67093596
249185886187,67093603
249185886187,67093642
249185886187,67093643
249185886187,67093647
274021688797,67093304
274021688797,67093314
274021688797,67093320
274021688797,67093321
274021688797,67093333
274021688797,67093342
274021688797,67093346
274021688797,67093355
274021688797,67093357
274021688797,67093359
274021688797,67093360
274021688797,67093361
274021688797,67093362
274021688797,67093363
274021688797,67093364
274021688797,67093367
274021688797,67093372
274021688797,67093373
274021688797,67093374
274021688797,67093395
274021688797,67093406
274021688797,67093412
274021688797,67093413
274021688797,67093424
274021688797,67093577
274021688797,67093580
274021688797,67093581
274021688797,67093583
274021688797,67094204
274021688797,67096191
274021688797,67103582
298857491407,67093299
298857491407,67093300
298857491407,67093301
298857491407,67093302
298857491407,67093303
298857491407,67093305
298857491407,67093307
298857491407,67093308
298857491407,67093318
298857491407,67093326
298857491407,67093327
298857491407,67093328
298857491407,67093334
298857491407,67093388
298857491407,67093390
298857491407,67093827
298857491407,67093856
298857491407,67094412
298857491407,67094554
298857491407,67095271
298857491407,67095616
298857491407,67095617
298857491407,67101218
298857491407,67101247
298857491407,67101945
298857491407,67102662
298857491407,67103007
298857491407,67103008
298857491407,67108453
298857491407,67108460
298857491407,67108509
323693294017,67093404
323693294017,67093454
323693294017,67093588
323693294017,67093597
323693294017,67093598
323693294017,67093602
323693294017,67093609
323693294017,67093610
323693294017,67093624
323693294017,67093625
323693294017,67093650
323693294017,67094905
323693294017,67099133
323693294017,67099250
323693294017,67099347
323693294017,67100481
323693294017,67100543
323693294017,67100594
323693294017,67102296
323693294017,67106524
323693294017,67106641
323693294017,67106738
323693294017,67107872
323693294017,67107934
323693294017,67107985
323693294017,67108501
323693294017,67108703
323693294017,67108708
323693294017,67108767
323693294017,67108768
323693294017,67108787
