827860087,67093319
827860087,67093370
827860087,67093380
827860087,67093383
827860087,67093385
827860087,67093386
827860087,67093392
827860087,67093398
827860087,67093399
827860087,67093400
827860087,67093401
827860087,67093402
827860087,67093403
827860087,67093407
827860087,67093410
827860087,67093411
827860087,67093414
827860087,67093416
827860087,67093419
827860087,67093420
827860087,67093421
827860087,67093429
827860087,67093431
827860087,67093432
827860087,67093605
827860087,67093622
827860087,67093626
827860087,67093627
827860087,67093628
827860087,67093635
827860087,67093636
827860087,67103205
25663662697,67093306
25663662697,67093311
25663662697,67093316
25663662697,67093317
25663662697,67093324
25663662697,67093341
25663662697,67093434
25663662697,67093453
25663662697,67093482
25663662697,67093483
25663662697,67093484
25663662697,67093503
25663662697,67093519
25663662697,67093532
25663662697,67093548
25663662697,67093578
25663662697,67093584
25663662697,67093594
25663662697,67093612
25663662697,67093613
25663662697,67093615
25663662697,67093619
25663662697,67093630
25663662697,67093631
25663662697,67093632
25663662697,67093644
25663662697,67093646
25663662697,67093648
25663662697,67093649
25663662697,67095883
25663662697,67103274
25663662697,67108543
50499465307,131231
50499465307,67093345
50499465307,67093349
50499465307,67093517
50499465307,67093518
50499465307,67093520
50499465307,67093521
50499465307,67093522
50499465307,67093523
50499465307,67093524
50499465307,67093549
50499465307,67093553
50499465307,67093562
50499465307,67093569
50499465307,67093585
50499465307,67093586
50499465307,67093587
50499465307,67093591
50499465307,67093604
50499465307,67093606
50499465307,67093607
50499465307,67093620
50499465307,67093621
50499465307,67098447
50499465307,67098448
50499465307,67105835
50499465307,67105838
50499465307,67105839
50499465307,67108661
50499465307,67108664
50499465307,67108667
50499465307,67108668
75335267917,67093445
75335267917,67093478
75335267917,67093535
75335267917,67093536
75335267917,67093538
75335267917,67093539
75335267917,67093540
75335267917,67093541
75335267917,67093542
75335267917,67093543
75335267917,67093545
75335267917,67093547
75335267917,67093550
75335267917,67093551
75335267917,67093552
75335267917,67093555
75335267917,67093556
75335267917,67093557
75335267917,67093558
75335267917,67093559
75335267917,67093560
75335267917,67093561
75335267917,67093563
75335267917,67093564
75335267917,67093565
75335267917,67093566
75335267917,67093567
75335267917,67093568
75335267917,67093570
75335267917,67093571
75335267917,67093572
75335267917,67093573
100171070527,67093344
100171070527,67093368
100171070527,67093371
100171070527,67093397
100171070527,67093426
100171070527,67093427
100171070527,67093430
100171070527,67093447
100171070527,67093448
100171070527,67093451
100171070527,67093455
100171070527,67093461
100171070527,67093463
100171070527,67093464
100171070527,67093470
100171070527,67093471
100171070527,67093476
100171070527,67093487
100171070527,67093488
100171070527,67093496
100171070527,67093497
100171070527,67093498
100171070527,67093499
100171070527,67093508
100171070527,67093510
100171070527,67093512
100171070527,67093513
100171070527,67093514
100171070527,67093515
100171070527,67093634
100171070527,67093638
125006873137,67098409
125006873137,67105798
125006873137,67105800
125006873137,67108665
125006873137,67108666
