1096522560,67093415
1096522560,67093419
1096522560,67093476
1096522560,67093477
1096522560,67093496
1096522560,67093505
1096522560,67093507
1096522560,67093908
33992199360,67093416
33992199360,67093423
33992199360,67093428
33992199360,67093436
33992199360,67093437
33992199360,67098824
33992199360,67106313
33992199360,67106314
66887876160,67093417
66887876160,67093418
66887876160,67093420
66887876160,67093422
66887876160,67093424
66887876160,67093425
66887876160,67093426
66887876160,67093479
99783552960,67093430
99783552960,67093488
99783552960,67093489
99783552960,67093492
99783552960,67093493
99783552960,67093506
99783552960,67095189
99783552960,67102678
132679229760,67093429
132679229760,67093432
132679229760,67093438
132679229760,67093439
132679229760,67093443
132679229760,67093446
132679229760,67093617
132679229760,67101106
165574906560,67093421
165574906560,67093431
165574906560,67093433
165574906560,67093435
165574906560,67093478
165574906560,67093486
165574906560,67098841
165574906560,67106330
198470583360,67093434
198470583360,67093480
198470583360,67093481
198470583360,67093483
198470583360,67093500
198470583360,67097366
198470583360,67104855
198470583360,67108597
231366260160,67093427
231366260160,67093444
231366260160,67093447
231366260160,67093487
231366260160,67093501
231366260160,67098991
231366260160,67106480
231366260160,67108605
264261936960,67093515
264261936960,67093518
264261936960,67093524
264261936960,67093533
264261936960,67093536
264261936960,67093537
264261936960,67093538
264261936960,67093559
297157613760,67093440
297157613760,67093442
297157613760,67093445
297157613760,67093455
297157613760,67093494
297157613760,67093520
297157613760,67098437
297157613760,67108724
