1379256614,67100550
1379256614,67100551
1379256614,67100552
1379256614,67100553
1379256614,67100554
1379256614,67100959
1379256614,67104954
42756955034,67100549
42756955034,67100555
42756955034,67100644
42756955034,67100645
42756955034,67100675
42756955034,67102397
42756955034,67106391
42756955034,67106392
84134653454,67100556
84134653454,67100557
84134653454,67100558
84134653454,67100559
84134653454,67100560
84134653454,67100561
84134653454,67100564
84134653454,67103372
125512351874,67100562
125512351874,67100563
125512351874,67100667
125512351874,67100671
125512351874,67100674
125512351874,67100676
125512351874,67102318
125512351874,67106313
166890050294,67100621
166890050294,67100626
166890050294,67100633
166890050294,67100668
166890050294,67100673
166890050294,67102385
166890050294,67102386
166890050294,67106380
208267748714,67100607
208267748714,67100627
208267748714,67100656
208267748714,67100659
208267748714,67100666
208267748714,67101972
208267748714,67105966
208267748714,67105967
249645447134,67100604
249645447134,67100618
249645447134,67100647
249645447134,67100649
249645447134,67100663
249645447134,67102243
249645447134,67106238
249645447134,67108667
291023145554,67100612
291023145554,67100634
291023145554,67100638
291023145554,67100660
291023145554,67100661
291023145554,67101113
291023145554,67101114
291023145554,67105108
332400843974,131245
332400843974,67100591
332400843974,67100664
332400843974,67100665
332400843974,67100669
332400843974,67100670
332400843974,67100672
332400843974,67102967
