902036450,67093288
902036450,67093289
902036450,67093290
902036450,67093291
902036450,67093292
902036450,67093293
902036450,67093294
902036450,67093295
27963129950,67093489
27963129950,67093493
27963129950,67093494
27963129950,67093495
27963129950,67093496
27963129950,67093501
27963129950,67093502
27963129950,67093503
55024223450,67093304
55024223450,67093356
55024223450,67093575
55024223450,67093623
55024223450,67097229
55024223450,67104620
55024223450,67108434
55024223450,67108792
82085316950,67093297
82085316950,67093300
82085316950,67093500
82085316950,67108200
82085316950,67108671
82085316950,67108672
82085316950,67108673
82085316950,67108675
109146410450,67093298
109146410450,67093309
109146410450,67093315
109146410450,67093322
109146410450,67093324
109146410450,67093338
109146410450,67093403
109146410450,67093529
136207503950,67093319
136207503950,67093473
136207503950,67093485
136207503950,67093552
136207503950,67099735
136207503950,67099742
136207503950,67107126
136207503950,67107133
163268597450,67093474
163268597450,67093476
163268597450,67093492
163268597450,67093558
163268597450,67093625
163268597450,67097840
163268597450,67105231
163268597450,67108435
190329690950,67094829
190329690950,67095077
190329690950,67095078
190329690950,67095370
190329690950,67102220
190329690950,67102469
190329690950,67102761
190329690950,67108433
217390784450,67093306
217390784450,67093308
217390784450,67093310
217390784450,67093388
217390784450,67098237
217390784450,67098810
217390784450,67099151
217390784450,67105628
244451877950,67093296
244451877950,67093582
244451877950,67093590
244451877950,67093592
244451877950,67093593
244451877950,67093595
244451877950,67093597
244451877950,67096948
271512971450,67097680
271512971450,67097780
271512971450,67097784
271512971450,67105071
271512971450,67105171
271512971450,67105172
271512971450,67105174
271512971450,67105175
298574064950,67093414
298574064950,67093506
298574064950,67094194
298574064950,67094941
298574064950,67095043
298574064950,67101585
298574064950,67102332
298574064950,67102434
325635158450,67093559
325635158450,67093562
325635158450,67093565
325635158450,67093572
325635158450,67093578
325635158450,67093579
325635158450,67093584
325635158450,67096811
352696251950,131231
352696251950,67093548
352696251950,67093577
352696251950,67093583
352696251950,67096270
352696251950,67096363
352696251950,67103661
352696251950,67103754
