732856447,67100605
732856447,67100606
732856447,67100607
732856447,67100608
732856447,67100794
732856447,67104789
22718549857,67100550
22718549857,67100552
22718549857,67100553
22718549857,67100554
22718549857,67100555
22718549857,67100556
22718549857,67100557
22718549857,67100558
44704243267,67100549
44704243267,67100665
44704243267,67100668
44704243267,67100669
44704243267,67100672
44704243267,67100673
44704243267,67100675
44704243267,67100676
66689936677,67100595
66689936677,67100596
66689936677,67100597
66689936677,67100598
66689936677,67100599
66689936677,67100600
66689936677,67100601
66689936677,67100602
88675630087,67100591
88675630087,67100594
88675630087,67100603
88675630087,67100609
88675630087,67100610
88675630087,67100611
88675630087,67100612
88675630087,67100613
110661323497,67100583
110661323497,67100584
110661323497,67100585
110661323497,67100586
110661323497,67100587
110661323497,67100588
110661323497,67100589
110661323497,67100590
132647016907,131245
132647016907,67100574
132647016907,67100575
132647016907,67100578
132647016907,67100582
132647016907,67100592
132647016907,67100593
132647016907,67100671
154632710317,67100567
154632710317,67100568
154632710317,67100569
154632710317,67100570
154632710317,67100571
154632710317,67100572
154632710317,67100573
154632710317,67100576
176618403727,67100560
176618403727,67100565
176618403727,67100566
176618403727,67100577
176618403727,67100579
176618403727,67100580
176618403727,67100581
198604097137,67100551
198604097137,67100559
198604097137,67100561
198604097137,67100562
198604097137,67100563
198604097137,67100564
198604097137,67103962
220589790547,67100618
220589790547,67100624
220589790547,67100644
220589790547,67100664
220589790547,67100666
220589790547,67100670
220589790547,67104344
220589790547,67108783
242575483957,67100617
