1,191
1,192
1,67104028
1,67104029
1,67104030
1,67104031
1,67104157
1,67104158
1,67104159
1,67104160
1,67104286
1,67104287
1,67104288
1,67104289
1,67104415
1,67104416
1,67104417
1,67104418
1,67104543
1,67104544
1,67104545
1,67104546
1,67104547
1,67104548
1,67104549
1,67104550
1,67104551
1,67104552
1,67104553
1,67104554
1,67104555
1,67104556
1,67104557
1,67104558
1,67104559
1,67104560
1,67104561
1,67104562
1,67104563
1,67104564
1,67104565
1,67104566
1,67104567
1,67104568
1,67104569
1,67104570
1,67104571
1,67104572
1,67104573
1,67104574
1,67104575
1,67104576
1,67104577
1,67104578
1,67104579
1,67104580
1,67104581
1,67104582
1,67104583
1,67104584
1,67104585
1,67104586
1,67104587
1,67104588
1,67104589
1,67104590
1,67104591
1,67104592
1,67104593
1,67104594
1,67104595
1,67104596
1,67104597
1,67104598
1,67104599
1,67104600
1,67104601
1,67104602
1,67104603
1,67104604
1,67104605
1,67104606
1,67104607
1,67104608
1,67104609
1,67104610
1,67104611
1,67104612
1,67104613
1,67104614
1,67104615
1,67104616
1,67104617
1,67104618
1,67104619
1,67104620
1,67104621
1,67104622
1,67104623
1,67104624
1,67104625
1,67104626
1,67104627
1,67104628
1,67104629
1,67104630
1,67104631
1,67104632
1,67104633
1,67104634
1,67104635
1,67104636
1,67104637
1,67104638
1,67104639
1,67104640
1,67104641
1,67104642
1,67104643
1,67104644
1,67104645
1,67104646
1,67104647
1,67104648
1,67104649
1,67104650
1,67104651
1,67104652
1,67104653
1,67104654
1,67104655
1,67104656
1,67104657
1,67104658
1,67104659
1,67104660
1,67104661
1,67104662
1,67104663
1,67104664
1,67104665
1,67104666
1,67104667
1,67104668
1,67104669
1,67104670
1,67104671
1,67104672
1,67104673
1,67104674
1,67104675
1,67104676
1,67104677
1,67104678
1,67104679
1,67104680
1,67104681
1,67104682
1,67104683
1,67104684
1,67104685
1,67104686
1,67104687
1,67104688
1,67104689
1,67104690
1,67104691
1,67104692
1,67104693
1,67104694
1,67104695
1,67104696
1,67104697
1,67104698
1,67104699
1,67104700
1,67104701
1,67104702
1,67104703
1,67104704
1,67104705
1,67104706
1,67104707
1,67104708
1,67104709
1,67104710
1,67104711
1,67104712
1,67104713
1,67104714
1,67104715
1,67104716
1,67104717
1,67104718
1,67104719
1,67104720
1,67104721
1,67104722
1,67104723
1,67104724
1,67104725
1,67104726
1,67104727
1,67104728
1,67104729
1,67104730
1,67104731
1,67104732
1,67104733
1,67104734
1,67104735
1,67104736
1,67104737
1,67104738
1,67104739
1,67104740
1,67104741
1,67104742
1,67104743
1,67104744
1,67104745
1,67104746
1,67104747
1,67104748
1,67104749
1,67104750
1,67104751
1,67104752
1,67104753
1,67104754
1,67104755
1,67104756
1,67104757
1,67104758
1,67104759
1,67104760
1,67104761
1,67104762
1,67104763
1,67104764
1,67104765
1,67104766
1,67104767
1,67104768
1,67104769
1,67104770
1,67104771
1,67104772
1,67104773
1,67104774
1,67104775
1,67104776
1,67104777
1,67104778
1,67104779
1,67104780
1,67104781
1,67104782
1,67104783
1,67104784
1,67104785
1,67104786
1,67104787
1,67108665
1,67108666
1,67108667
1,67108668
1,67108669
1,67108827
1,67108829
1,67108831
1,67108832
1,67108988
1,67109052
3,67104128
3,67104129
3,67104130
3,67104131
3,67104132
3,67104133
3,67104134
3,67104135
3,67104136
3,67104137
3,67104138
3,67104139
3,67104140
3,67104141
3,67104142
3,67104257
3,67104258
3,67104259
3,67104260
3,67104261
3,67104262
3,67104263
3,67104264
3,67104265
3,67104266
3,67104267
3,67104268
3,67104269
3,67104270
3,67104271
3,67104314
3,67104315
3,67104515
3,67104516
3,67104517
3,67104518
3,67104519
3,67104520
3,67104521
3,67104522
3,67104523
3,67104524
3,67104525
3,67104526
3,67104527
3,67104528
3,67104529
3,67107791
3,67107792
3,67107793
3,67107794
3,67107795
3,67107796
3,67107797
3,67107798
3,67107799
3,67107800
3,67107801
3,67107802
3,67107803
3,67107804
3,67107805
3,67107806
3,67107807
3,67107808
3,67107809
3,67107810
3,67107811
3,67107812
3,67107813
3,67107814
3,67107815
3,67107816
3,67107817
3,67107818
3,67107819
3,67107820
3,67107821
3,67107822
3,67107823
3,67107824
3,67107825
3,67107826
3,67107827
3,67107828
3,67107829
3,67107830
3,67107831
3,67107832
3,67107833
3,67107834
3,67107835
3,67107836
3,67107837
3,67107838
3,67107839
3,67107840
3,67107841
3,67107842
3,67107843
3,67107844
3,67107845
3,67107846
3,67107847
3,67107848
3,67107849
3,67107850
3,67107851
3,67107852
3,67107853
3,67107854
3,67107855
3,67107856
3,67107857
3,67107858
3,67107859
3,67107860
3,67107861
3,67107862
3,67107863
3,67107864
3,67107865
3,67107866
3,67107867
3,67107868
3,67107869
3,67107870
3,67107871
3,67107872
3,67107873
3,67107874
3,67107875
3,67107876
3,67107877
3,67107878
3,67107879
3,67107880
3,67107881
3,67107882
3,67107883
3,67107884
3,67107885
3,67107886
3,67107887
3,67107888
3,67107889
3,67107890
3,67107891
3,67107892
3,67107893
3,67107894
3,67107895
3,67107896
3,67107897
3,67107898
3,67107899
3,67107900
3,67107901
3,67107902
3,67107903
3,67107904
3,67107905
3,67107906
3,67107907
3,67107908
3,67107909
3,67107910
3,67107911
3,67107912
3,67107913
3,67107914
3,67107915
3,67107916
3,67107917
3,67107918
3,67107919
3,67107920
3,67107921
3,67107922
3,67107923
3,67107924
3,67107925
3,67107926
3,67107927
3,67107928
3,67107929
3,67107930
3,67107931
3,67107932
3,67107933
3,67107934
3,67107935
3,67107936
3,67107937
3,67107938
3,67107939
3,67107940
3,67107941
3,67107942
3,67107943
3,67107944
3,67107945
3,67107946
3,67107947
3,67107948
3,67107949
3,67107950
3,67107951
3,67107952
3,67107953
3,67107954
3,67107955
3,67107956
3,67107957
3,67107958
3,67107959
3,67107960
3,67107961
3,67107962
3,67107963
3,67107964
3,67107965
3,67107966
3,67107967
3,67107968
3,67107969
3,67107970
3,67107971
3,67107972
3,67107973
3,67107974
3,67107975
3,67107976
3,67107977
3,67107978
3,67107979
3,67107980
3,67107981
3,67107982
3,67107983
3,67107984
3,67107985
3,67107986
3,67107987
3,67107988
3,67107989
3,67107990
3,67107991
3,67107992
3,67107993
3,67107994
3,67107995
3,67107996
3,67107997
3,67107998
3,67107999
3,67108000
3,67108001
3,67108002
3,67108003
3,67108004
3,67108005
3,67108006
3,67108007
3,67108008
3,67108009
3,67108010
3,67108011
3,67108012
3,67108013
3,67108014
3,67108015
3,67108016
3,67108017
3,67108018
3,67108019
3,67108020
3,67108021
3,67108022
3,67108023
3,67108024
3,67108025
3,67108026
3,67108027
3,67108028
3,67108029
3,67108030
3,67108031
3,67108032
3,67108033
3,67108034
3,67108035
3,67108036
3,67108037
3,67108038
3,67108039
3,67108040
3,67108041
3,67108042
3,67108043
3,67108044
3,67108045
3,67108046
3,67108047
3,67108048
3,67108049
3,67108050
3,67108051
3,67108052
3,67108053
3,67108054
3,67108055
3,67108056
3,67108057
3,67108058
3,67108059
3,67108060
3,67108061
3,67108062
3,67108063
3,67108064
3,67108065
3,67108066
3,67108067
3,67108068
3,67108069
3,67108070
3,67108071
3,67108072
3,67108073
3,67108074
3,67108075
3,67108076
3,67108077
3,67108078
3,67108079
3,67108080
3,67108081
3,67108082
3,67108083
3,67108084
3,67108085
3,67108086
3,67108087
3,67108088
3,67108089
3,67108090
3,67108091
3,67108092
3,67108093
3,67108094
3,67108095
3,67108096
3,67108097
3,67108098
3,67108099
3,67108100
3,67108101
3,67108102
3,67108103
3,67108104
3,67108105
3,67108106
3,67108107
3,67108108
3,67108109
3,67108110
3,67108111
3,67108112
3,67108113
3,67108114
3,67108115
3,67108116
3,67108117
3,67108118
3,67108119
3,67108120
3,67108121
3,67108122
3,67108123
3,67108124
3,67108125
3,67108126
3,67108127
3,67108128
3,67108129
3,67108130
3,67108131
3,67108132
3,67108133
3,67108134
3,67108135
3,67108136
3,67108137
3,67108138
3,67108139
3,67108140
3,67108141
3,67108142
3,67108143
3,67108144
3,67108145
3,67108146
3,67108147
3,67108148
3,67108149
3,67108150
3,67108151
3,67108152
3,67108153
3,67108154
3,67108155
3,67108156
3,67108157
3,67108158
3,67108159
3,67108160
3,67108161
3,67108162
3,67108163
3,67108164
3,67108165
3,67108166
3,67108167
3,67108168
3,67108169
3,67108170
3,67108171
3,67108172
3,67108173
3,67108174
3,67108175
3,67108176
3,67108177
3,67108178
3,67108179
3,67108180
3,67108181
3,67108182
3,67108183
3,67108184
3,67108185
3,67108186
3,67108187
3,67108188
3,67108189
3,67108190
3,67108191
3,67108192
3,67108193
3,67108194
3,67108195
3,67108196
3,67108197
3,67108198
3,67108199
3,67108200
3,67108201
3,67108202
3,67108203
3,67108204
3,67108205
3,67108206
3,67108207
3,67108208
3,67108209
3,67108210
3,67108211
3,67108212
3,67108213
3,67108214
3,67108215
3,67108216
3,67108217
3,67108218
3,67108219
3,67108220
3,67108221
3,67108222
3,67108223
3,67108224
3,67108225
3,67108226
3,67108227
3,67108228
3,67108229
3,67108765
3,67108766
3,67108767
3,67108768
3,67108769
3,67108770
3,67108771
3,67108772
3,67108773
3,67108774
3,67108775
3,67108776
3,67108777
3,67108778
3,67108779
4,67104127
4,67104256
4,67104514
4,67107783
4,67107784
4,67107785
4,67107786
4,67107787
4,67107788
4,67107789
4,67107790
5,131251
5,131252
5,131258
5,131259
5,131260
5,67104032
5,67104033
5,67104034
5,67104035
5,67104036
5,67104037
5,67104038
5,67104039
5,67104040
5,67104041
5,67104042
5,67104043
5,67104044
5,67104045
5,67104046
5,67104047
5,67104048
5,67104049
5,67104050
5,67104051
5,67104052
5,67104053
5,67104054
5,67104055
5,67104056
5,67104057
5,67104058
5,67104059
5,67104060
5,67104061
5,67104062
5,67104063
5,67104064
5,67104065
5,67104066
5,67104067
5,67104068
5,67104069
5,67104070
5,67104071
5,67104072
5,67104073
5,67104074
5,67104075
5,67104076
5,67104077
5,67104078
5,67104079
5,67104080
5,67104081
5,67104082
5,67104083
5,67104084
5,67104085
5,67104086
5,67104087
5,67104088
5,67104089
5,67104090
5,67104091
5,67104092
5,67104093
5,67104094
5,67104095
5,67104096
5,67104097
5,67104098
5,67104099
5,67104100
5,67104101
5,67104102
5,67104103
5,67104104
5,67104105
5,67104106
5,67104107
5,67104108
5,67104109
5,67104110
5,67104111
5,67104112
5,67104113
5,67104114
5,67104115
5,67104116
5,67104117
5,67104118
5,67104119
5,67104120
5,67104121
5,67104122
5,67104123
5,67104124
5,67104125
5,67104126
5,67104143
5,67104144
5,67104145
5,67104146
5,67104147
5,67104148
5,67104149
5,67104150
5,67104151
5,67104152
5,67104153
5,67104154
5,67104155
5,67104161
5,67104162
5,67104163
5,67104164
5,67104165
5,67104166
5,67104167
5,67104168
5,67104169
5,67104170
5,67104171
5,67104173
5,67104174
5,67104175
5,67104176
5,67104177
5,67104178
5,67104179
5,67104180
5,67104181
5,67104182
5,67104183
5,67104184
5,67104185
5,67104186
5,67104187
5,67104188
5,67104189
5,67104190
5,67104193
5,67104198
5,67104203
5,67104204
5,67104212
5,67104230
5,67104235
5,67104244
5,67104248
5,67104272
5,67104440
5,67104799
5,67104916
5,67105007
5,67105064
5,67105272
5,67105311
5,67105313
5,67105338
5,67105341
5,67105342
5,67105361
5,67105367
5,67105382
5,67105386
5,67105413
5,67105418
5,67105424
5,67105447
5,67105465
5,67105469
5,67105489
5,67105525
5,67105545
5,67105579
5,67105613
5,67105624
5,67105653
5,67105660
5,67105661
5,67105679
5,67105689
5,67108670
5,67108671
5,67108672
5,67108673
5,67108674
5,67108675
5,67108676
5,67108677
5,67108678
5,67108679
5,67108680
5,67108681
5,67108682
5,67108683
5,67108684
5,67108685
5,67108686
5,67108687
5,67108688
5,67108689
5,67108690
5,67108691
5,67108692
5,67108693
5,67108694
5,67108695
5,67108696
5,67108697
5,67108698
5,67108699
5,67108701
5,67108707
5,67108721
5,67108738
5,67108752
5,67108757
5,67108782
5,67108785
6,67104172
6,67104191
6,67104192
6,67104195
6,67104197
6,67104199
6,67104201
6,67104205
6,67104206
6,67104207
6,67104208
6,67104210
6,67104211
6,67104214
6,67104215
6,67104217
6,67104218
6,67104220
6,67104222
6,67104223
6,67104224
6,67104225
6,67104227
6,67104228
6,67104229
6,67104231
6,67104232
6,67104233
6,67104234
6,67104236
6,67104237
6,67104238
6,67104239
6,67104240
6,67104241
6,67104242
6,67104243
6,67104245
6,67104247
6,67104249
6,67104250
6,67104251
6,67104252
6,67104253
6,67104254
6,67104273
6,67104274
6,67104276
6,67104277
6,67104278
6,67104279
6,67104280
6,67104281
6,67104282
6,67104283
6,67104284
6,67104789
6,67104790
6,67104793
6,67104794
6,67104797
6,67104804
6,67104816
6,67104822
6,67104823
6,67104829
6,67104835
6,67104836
6,67104838
6,67104839
6,67104840
6,67104842
6,67104845
6,67104849
6,67104854
6,67104859
6,67104874
6,67104875
6,67104881
6,67104884
6,67104887
6,67104889
6,67104894
6,67104899
6,67104903
6,67104911
6,67104912
6,67104929
6,67104931
6,67104938
6,67104946
6,67104947
6,67104965
6,67104974
6,67104975
6,67104979
6,67104981
6,67104987
6,67104997
6,67104999
6,67105000
6,67105009
6,67105017
6,67105026
6,67105035
6,67105040
6,67105048
6,67105057
6,67105058
6,67105060
6,67105074
6,67105078
6,67105079
6,67105088
6,67105090
6,67105092
6,67105099
6,67105100
6,67105104
6,67105105
6,67105127
6,67105129
6,67105132
6,67105136
6,67105144
6,67105170
6,67105175
6,67105176
6,67105177
6,67105183
6,67105188
6,67105202
6,67105213
6,67105220
6,67105236
6,67105244
6,67105251
6,67105258
6,67105267
6,67105271
6,67105281
6,67105285
6,67105303
6,67105327
6,67105328
6,67105331
6,67105333
6,67105334
6,67105339
6,67105346
6,67105350
6,67105355
6,67105364
6,67105374
6,67105377
6,67105394
6,67105398
6,67105399
6,67105406
6,67105409
6,67105425
6,67105426
6,67105434
6,67105437
6,67105439
6,67105444
6,67105448
6,67105452
6,67105454
6,67105455
6,67105477
6,67105486
6,67105493
6,67105497
6,67105499
6,67105505
6,67105515
6,67105518
6,67105519
6,67105532
6,67105537
6,67105538
6,67105544
6,67105562
6,67105564
6,67105567
6,67105582
6,67105591
6,67105594
6,67105607
6,67105609
6,67105615
6,67105621
6,67105622
6,67105629
6,67105630
6,67105632
6,67105637
6,67105638
6,67105640
6,67105651
6,67105652
6,67105654
6,67105662
6,67105664
6,67105672
6,67105678
6,67105682
6,67105692
6,67105723
6,67105738
6,67105799
6,67105928
6,67105964
6,67106259
6,67106303
6,67106394
6,67106641
6,67106953
6,67106982
6,67107022
6,67107056
6,67107191
6,67107324
6,67107615
6,67107661
6,67107728
6,67107774
6,67108435
6,67108453
6,67108554
6,67108700
6,67108702
6,67108704
6,67108706
6,67108708
6,67108710
6,67108711
6,67108712
6,67108713
6,67108714
6,67108715
6,67108716
6,67108717
6,67108718
6,67108719
6,67108720
6,67108723
6,67108724
6,67108726
6,67108727
6,67108728
6,67108732
6,67108733
6,67108734
6,67108736
6,67108737
6,67108739
6,67108740
6,67108741
6,67108742
6,67108743
6,67108744
6,67108745
6,67108746
6,67108747
6,67108748
6,67108749
6,67108750
6,67108751
6,67108753
6,67108754
6,67108755
6,67108756
6,67108758
6,67108759
6,67108760
6,67108761
6,67108762
6,67108763
6,67108780
6,67108781
6,67108783
6,67108786
6,67108787
6,67108789
6,67108790
6,67108791
6,67108792
6,67108793
7,131253
7,131254
7,131255
7,131257
7,67104194
7,67104196
7,67104200
7,67104202
7,67104209
7,67104213
7,67104216
7,67104219
7,67104221
7,67104226
7,67104246
7,67104255
7,67104275
7,67104311
7,67104792
7,67104869
7,67104895
7,67104936
7,67104954
7,67104998
7,67105006
7,67105013
7,67105065
7,67105080
7,67105083
7,67105093
7,67105095
7,67105109
7,67105133
7,67105224
7,67105232
7,67105252
7,67105265
7,67105282
7,67105287
7,67105293
7,67105297
7,67105298
7,67105322
7,67105336
7,67105337
7,67105351
7,67105360
7,67105372
7,67105395
7,67105408
7,67105436
7,67105449
7,67105457
7,67105475
7,67105482
7,67105484
7,67105487
7,67105509
7,67105510
7,67105523
7,67105568
7,67105584
7,67105588
7,67105618
7,67105641
7,67105643
7,67105645
7,67105647
7,67105649
7,67105655
7,67105659
7,67105684
7,67105688
7,67105693
7,67105696
7,67105698
7,67105700
7,67105702
7,67105706
7,67105709
7,67105710
7,67105711
7,67105715
7,67105716
7,67105717
7,67105720
7,67105721
7,67105724
7,67105728
7,67105732
7,67105737
7,67105741
7,67105745
7,67105749
7,67105750
7,67105754
7,67105760
7,67105761
7,67105763
7,67105767
7,67105768
7,67105772
7,67105774
7,67105780
7,67105781
7,67105783
7,67105785
7,67105788
7,67105789
7,67105798
7,67105800
7,67105801
7,67105809
7,67105811
7,67105816
7,67105823
7,67105824
7,67105825
7,67105828
7,67105829
7,67105830
7,67105833
7,67105836
7,67105837
7,67105838
7,67105840
7,67105842
7,67105844
7,67105845
7,67105850
7,67105853
7,67105857
7,67105858
7,67105867
7,67105868
7,67105869
7,67105871
7,67105873
7,67105877
7,67105883
7,67105884
7,67105890
7,67105893
7,67105899
7,67105900
7,67105902
7,67105903
7,67105904
7,67105908
7,67105910
7,67105913
7,67105915
7,67105917
7,67105919
7,67105922
7,67105925
7,67105930
7,67105947
7,67105952
7,67105953
7,67105955
7,67105958
7,67105960
7,67105965
7,67105967
7,67105968
7,67105970
7,67105973
7,67105978
7,67105979
7,67105983
7,67105984
7,67105987
7,67105990
7,67105992
7,67105994
7,67105995
7,67105998
7,67106006
7,67106017
7,67106018
7,67106020
7,67106024
7,67106025
7,67106031
7,67106032
7,67106035
7,67106039
7,67106040
7,67106041
7,67106045
7,67106053
7,67106054
7,67106057
7,67106071
7,67106075
7,67106076
7,67106077
7,67106082
7,67106083
7,67106084
7,67106085
7,67106090
7,67106092
7,67106094
7,67106098
7,67106106
7,67106111
7,67106123
7,67106129
7,67106133
7,67106134
7,67106135
7,67106140
7,67106144
7,67106149
7,67106150
7,67106151
7,67106152
7,67106155
7,67106157
7,67106159
7,67106164
7,67106165
7,67106166
7,67106170
7,67106172
7,67106173
7,67106175
7,67106180
7,67106182
7,67106186
7,67106190
7,67106198
7,67106199
7,67106202
7,67106206
7,67106207
7,67106212
7,67106213
7,67106216
7,67106219
7,67106221
7,67106222
7,67106227
7,67106229
7,67106231
7,67106232
7,67106237
7,67106240
7,67106243
7,67106244
7,67106246
7,67106248
7,67106260
7,67106261
7,67106264
7,67106266
7,67106276
7,67106279
7,67106284
7,67106285
7,67106288
7,67106289
7,67106292
7,67106294
7,67106301
7,67106307
7,67106308
7,67106312
7,67106317
7,67106322
7,67106323
7,67106324
7,67106325
7,67106327
7,67106332
7,67106336
7,67106338
7,67106341
7,67106345
7,67106346
7,67106350
7,67106353
7,67106361
7,67106366
7,67106373
7,67106375
7,67106377
7,67106385
7,67106388
7,67106393
7,67106397
7,67106400
7,67106401
7,67106402
7,67106403
7,67106405
7,67106409
7,67106413
7,67106417
7,67106419
7,67106422
7,67106425
7,67106427
7,67106428
7,67106431
7,67106432
7,67106433
7,67106435
7,67106437
7,67106439
7,67106452
7,67106455
7,67106458
7,67106459
7,67106460
7,67106461
7,67106462
7,67106465
7,67106467
7,67106468
7,67106471
7,67106472
7,67106473
7,67106481
7,67106483
7,67106485
7,67106488
7,67106489
7,67106490
7,67106502
7,67106504
7,67106527
7,67106533
7,67106537
7,67106558
7,67106562
7,67106564
7,67106576
7,67106581
7,67106606
7,67106610
7,67106628
7,67106631
7,67106636
7,67106646
7,67106678
7,67106684
7,67106693
7,67106705
7,67106706
7,67106712
7,67106721
7,67106727
7,67106763
7,67106767
7,67106781
7,67106782
7,67106794
7,67106795
7,67106798
7,67106825
7,67106827
7,67106841
7,67106842
7,67106856
7,67106863
7,67106866
7,67106871
7,67106892
7,67106895
7,67106913
7,67106915
7,67106919
7,67106921
7,67106927
7,67106930
7,67106931
7,67106935
7,67106936
7,67106937
7,67106944
7,67106946
7,67106947
7,67106949
7,67106958
7,67106959
7,67106961
7,67106967
7,67106971
7,67106972
7,67106973
7,67106974
7,67106975
7,67106979
7,67106980
7,67106985
7,67106987
7,67106989
7,67106990
7,67106993
7,67106994
7,67106995
7,67106996
7,67106999
7,67107005
7,67107006
7,67107007
7,67107008
7,67107010
7,67107012
7,67107018
7,67107020
7,67107021
7,67107025
7,67107027
7,67107028
7,67107029
7,67107031
7,67107034
7,67107035
7,67107036
7,67107039
7,67107042
7,67107044
7,67107046
7,67107048
7,67107049
7,67107052
7,67107055
7,67107061
7,67107064
7,67107068
7,67107069
7,67107071
7,67107072
7,67107073
7,67107074
7,67107075
7,67107076
7,67107078
7,67107082
7,67107083
7,67107084
7,67107085
7,67107087
7,67107090
7,67107091
7,67107094
7,67107096
7,67107102
7,67107106
7,67107109
7,67107110
7,67107111
7,67107113
7,67107120
7,67107125
7,67107126
7,67107129
7,67107387
7,67107617
7,67107618
7,67107625
7,67107699
7,67107710
7,67107714
7,67107755
7,67107762
7,67108232
7,67108244
7,67108255
7,67108259
7,67108263
7,67108289
7,67108378
7,67108384
7,67108387
7,67108395
7,67108407
7,67108432
7,67108483
7,67108494
7,67108497
7,67108502
7,67108525
7,67108548
7,67108580
7,67108590
7,67108594
7,67108627
7,67108703
7,67108705
7,67108709
7,67108722
7,67108725
7,67108729
7,67108730
7,67108731
7,67108735
7,67108764
7,67108784
7,67108788
8,67106494
8,67106498
8,67106507
9,131256
9,67104436
9,67104788
9,67104800
9,67104811
9,67104815
9,67104820
9,67104827
9,67104831
9,67104848
9,67104858
9,67104864
9,67104868
9,67104877
9,67104879
9,67104885
9,67104888
9,67104904
9,67104907
9,67104915
9,67104921
9,67104927
9,67104940
9,67104948
9,67104961
9,67104967
9,67104970
9,67104980
9,67104984
9,67104989
9,67104994
9,67105020
9,67105027
9,67105030
9,67105033
9,67105034
9,67105036
9,67105037
9,67105042
9,67105043
9,67105044
9,67105045
9,67105067
9,67105077
9,67105085
9,67105086
9,67105115
9,67105120
9,67105125
9,67105143
9,67105149
9,67105150
9,67105165
9,67105167
9,67105171
9,67105173
9,67105180
9,67105195
9,67105201
9,67105203
9,67105204
9,67105207
9,67105208
9,67105210
9,67105219
9,67105221
9,67105222
9,67105230
9,67105234
9,67105235
9,67105237
9,67105256
9,67105264
9,67105283
9,67105292
9,67105294
9,67105301
9,67105302
9,67105305
9,67105307
9,67105309
9,67105320
9,67105329
9,67105335
9,67105348
9,67105354
9,67105357
9,67105358
9,67105379
9,67105389
9,67105412
9,67105427
9,67105428
9,67105431
9,67105440
9,67105451
9,67105456
9,67105464
9,67105466
9,67105476
9,67105479
9,67105483
9,67105485
9,67105490
9,67105496
9,67105500
9,67105503
9,67105508
9,67105554
9,67105561
9,67105565
9,67105573
9,67105590
9,67105597
9,67105599
9,67105605
9,67105611
9,67105617
9,67105620
9,67105633
9,67105639
9,67105648
9,67105667
9,67105701
9,67105704
9,67105707
9,67105712
9,67105730
9,67105733
9,67105759
9,67105782
9,67105786
9,67105790
9,67105796
9,67105834
9,67105835
9,67105841
9,67105859
9,67105874
9,67105898
9,67105906
9,67105933
9,67105939
9,67105972
9,67105981
9,67105986
9,67105993
9,67106002
9,67106003
9,67106008
9,67106016
9,67106055
9,67106087
9,67106117
9,67106125
9,67106158
9,67106188
9,67106197
9,67106217
9,67106228
9,67106230
9,67106257
9,67106282
9,67106290
9,67106295
9,67106306
9,67106313
9,67106326
9,67106342
9,67106371
9,67106372
9,67106386
9,67106389
9,67106408
9,67106412
9,67106414
9,67106418
9,67106424
9,67106430
9,67106441
9,67106476
9,67106484
9,67106514
9,67106516
9,67106521
9,67106528
9,67106547
9,67106553
9,67106560
9,67106567
9,67106591
9,67106621
9,67106632
9,67106642
9,67106643
9,67106648
9,67106649
9,67106650
9,67106656
9,67106669
9,67106679
9,67106686
9,67106687
9,67106689
9,67106698
9,67106703
9,67106704
9,67106708
9,67106728
9,67106731
9,67106732
9,67106737
9,67106740
9,67106741
9,67106749
9,67106751
9,67106762
9,67106766
9,67106778
9,67106779
9,67106780
9,67106801
9,67106811
9,67106821
9,67106834
9,67106839
9,67106847
9,67106874
9,67106878
9,67106885
9,67106887
9,67106903
9,67106911
9,67106923
9,67106924
9,67106925
9,67106926
9,67106938
9,67106950
9,67106951
9,67106970
9,67107000
9,67107009
9,67107014
9,67107038
9,67107047
9,67107059
9,67107062
9,67107065
9,67107079
9,67107092
9,67107095
9,67107108
9,67107114
9,67107119
9,67107123
9,67107130
9,67107134
9,67107138
9,67107143
9,67107147
9,67107149
9,67107158
9,67107159
9,67107171
9,67107186
9,67107194
9,67107209
9,67107219
9,67107249
9,67107260
9,67107262
9,67107263
9,67107270
9,67107272
9,67107276
9,67107287
9,67107292
9,67107295
9,67107305
9,67107313
9,67107316
9,67107318
9,67107319
9,67107325
9,67107330
9,67107353
9,67107358
9,67107361
9,67107376
9,67107380
9,67107381
9,67107390
9,67107404
9,67107409
9,67107419
9,67107426
9,67107430
9,67107434
9,67107442
9,67107443
9,67107450
9,67107451
9,67107453
9,67107471
9,67107475
9,67107477
9,67107479
9,67107486
9,67107504
9,67107508
9,67107510
9,67107512
9,67107515
9,67107522
9,67107526
9,67107528
9,67107533
9,67107537
9,67107541
9,67107544
9,67107558
9,67107559
9,67107560
9,67107563
9,67107568
9,67107575
9,67107578
9,67107581
9,67107584
9,67107586
9,67107591
9,67107603
9,67107604
9,67107608
9,67107619
9,67107621
9,67107623
9,67107627
9,67107634
9,67107645
9,67107654
9,67107658
9,67107664
9,67107668
9,67107670
9,67107671
9,67107672
9,67107676
9,67107683
9,67107688
9,67107689
9,67107690
9,67107694
9,67107695
9,67107696
9,67107697
9,67107705
9,67107708
9,67107712
9,67107721
9,67107725
9,67107732
9,67107744
9,67107746
9,67107750
9,67107756
9,67107763
9,67107765
9,67107768
9,67107771
9,67107775
9,67107779
9,67107781
9,67108242
9,67108246
9,67108250
9,67108253
9,67108261
9,67108262
9,67108267
9,67108271
9,67108274
9,67108277
9,67108278
9,67108282
9,67108283
9,67108284
9,67108287
9,67108291
9,67108296
9,67108303
9,67108308
9,67108311
9,67108315
9,67108320
9,67108322
9,67108334
9,67108345
9,67108351
9,67108356
9,67108358
9,67108360
9,67108363
9,67108365
9,67108368
9,67108372
9,67108375
9,67108389
9,67108390
9,67108397
9,67108399
9,67108401
9,67108403
9,67108410
9,67108414
9,67108416
9,67108418
9,67108420
9,67108423
9,67108427
9,67108428
9,67108431
9,67108440
9,67108451
9,67108452
9,67108456
9,67108459
9,67108463
9,67108468
9,67108469
9,67108470
9,67108474
9,67108475
9,67108481
9,67108482
9,67108486
9,67108487
9,67108488
9,67108498
9,67108499
9,67108501
9,67108509
9,67108511
9,67108517
9,67108519
9,67108524
9,67108528
9,67108530
9,67108536
9,67108540
9,67108546
9,67108547
9,67108550
9,67108551
9,67108556
9,67108560
9,67108568
9,67108571
9,67108573
9,67108578
9,67108581
9,67108582
9,67108586
9,67108587
9,67108592
9,67108595
9,67108596
9,67108597
9,67108601
9,67108602
9,67108610
9,67108616
9,67108620
9,67108621
9,67108622
9,67108624
9,67108625
9,67108626
9,67108629
9,67108631
9,67108634
9,67108637
9,67108638
9,67108640
9,67108644
9,67108646
9,67108647
9,67108648
9,67108649
9,67108650
9,67108651
9,67108652
9,67108656
9,67108659
9,67108661
9,67108662
9,67108663
9,67108664
10,67106806
10,67106858
10,67106886
10,67106928
11,67104308
11,67104795
11,67104808
11,67104810
11,67104813
11,67104814
11,67104817
11,67104818
11,67104824
11,67104833
11,67104834
11,67104843
11,67104851
11,67104852
11,67104867
11,67104871
11,67104872
11,67104873
11,67104878
11,67104890
11,67104896
11,67104901
11,67104902
11,67104917
11,67104922
11,67104942
11,67104950
11,67104952
11,67104955
11,67104957
11,67104960
11,67104971
11,67104976
11,67104977
11,67104982
11,67104985
11,67104986
11,67104988
11,67105002
11,67105004
11,67105005
11,67105008
11,67105011
11,67105014
11,67105015
11,67105023
11,67105038
11,67105041
11,67105047
11,67105050
11,67105051
11,67105053
11,67105062
11,67105066
11,67105070
11,67105071
11,67105072
11,67105081
11,67105089
11,67105096
11,67105097
11,67105098
11,67105101
11,67105102
11,67105107
11,67105110
11,67105117
11,67105121
11,67105130
11,67105137
11,67105140
11,67105142
11,67105148
11,67105153
11,67105154
11,67105156
11,67105159
11,67105169
11,67105172
11,67105181
11,67105185
11,67105186
11,67105190
11,67105191
11,67105193
11,67105194
11,67105199
11,67105200
11,67105215
11,67105217
11,67105218
11,67105227
11,67105229
11,67105239
11,67105242
11,67105245
11,67105247
11,67105248
11,67105253
11,67105255
11,67105259
11,67105261
11,67105266
11,67105268
11,67105273
11,67105274
11,67105280
11,67105284
11,67105290
11,67105295
11,67105296
11,67105310
11,67105352
11,67105433
11,67105435
11,67105495
11,67105514
11,67105531
11,67105635
11,67105668
11,67105744
11,67105784
11,67105797
11,67105812
11,67105820
11,67105827
11,67105852
11,67105866
11,67105875
11,67105885
11,67105907
11,67105909
11,67105912
11,67105926
11,67105951
11,67105954
11,67105962
11,67105991
11,67106023
11,67106046
11,67106052
11,67106056
11,67106078
11,67106086
11,67106100
11,67106101
11,67106114
11,67106121
11,67106126
11,67106131
11,67106145
11,67106156
11,67106169
11,67106189
11,67106196
11,67106201
11,67106214
11,67106233
11,67106236
11,67106254
11,67106265
11,67106275
11,67106286
11,67106302
11,67106329
11,67106330
11,67106334
11,67106337
11,67106348
11,67106364
11,67106367
11,67106391
11,67106407
11,67106410
11,67106436
11,67106466
11,67106469
11,67106470
11,67106477
11,67106487
11,67106493
11,67106503
11,67106511
11,67106536
11,67106543
11,67106557
11,67106561
11,67106563
11,67106566
11,67106569
11,67106571
11,67106575
11,67106586
11,67106588
11,67106599
11,67106604
11,67106607
11,67106609
11,67106616
11,67106620
11,67106622
11,67106623
11,67106629
11,67106654
11,67106681
11,67106697
11,67106734
11,67106739
11,67106746
11,67106754
11,67106757
11,67106768
11,67106770
11,67106772
11,67106784
11,67106785
11,67106797
11,67106805
11,67106808
11,67106826
11,67106850
11,67106859
11,67106864
11,67106872
11,67106884
11,67106890
11,67106907
11,67106920
11,67106922
11,67106948
11,67106954
11,67106966
11,67106969
11,67106997
11,67107001
11,67107051
11,67107089
11,67107105
11,67107117
11,67107132
11,67107135
11,67107145
11,67107154
11,67107155
11,67107173
11,67107177
11,67107183
11,67107195
11,67107198
11,67107204
11,67107212
11,67107217
11,67107222
11,67107224
11,67107227
11,67107244
11,67107257
11,67107265
11,67107267
11,67107277
11,67107279
11,67107280
11,67107282
11,67107283
11,67107296
11,67107300
11,67107301
11,67107306
11,67107307
11,67107326
11,67107327
11,67107337
11,67107374
11,67107389
11,67107399
11,67107401
11,67107408
11,67107427
11,67107435
11,67107437
11,67107452
11,67107455
11,67107458
11,67107464
11,67107465
11,67107466
11,67107468
11,67107472
11,67107476
11,67107485
11,67107487
11,67107490
11,67107493
11,67107505
11,67107517
11,67107518
11,67107520
11,67107527
11,67107538
11,67107545
11,67107547
11,67107550
11,67107553
11,67107555
11,67107561
11,67107564
11,67107566
11,67107573
11,67107574
11,67107577
11,67107585
11,67107588
11,67107590
11,67107599
11,67107601
11,67107607
11,67107610
11,67107611
11,67107612
11,67107616
11,67107628
11,67107630
11,67107633
11,67107640
11,67107642
11,67107644
11,67107646
11,67107650
11,67107655
11,67107656
11,67107657
11,67107669
11,67107674
11,67107677
11,67107678
11,67107679
11,67107680
11,67107684
11,67107686
11,67107700
11,67107717
11,67107719
11,67107720
11,67107722
11,67107727
11,67107730
11,67107735
11,67107745
11,67107748
11,67107749
11,67107754
11,67107759
11,67107760
11,67107761
11,67107767
11,67107772
11,67107773
11,67107776
11,67107777
11,67107778
11,67108231
11,67108233
11,67108234
11,67108236
11,67108237
11,67108239
11,67108241
11,67108245
11,67108249
11,67108254
11,67108257
11,67108260
11,67108265
11,67108266
11,67108268
11,67108269
11,67108276
11,67108279
11,67108280
11,67108290
11,67108292
11,67108294
11,67108297
11,67108305
11,67108306
11,67108307
11,67108313
11,67108314
11,67108316
11,67108318
11,67108321
11,67108323
11,67108325
11,67108326
11,67108327
11,67108328
11,67108329
11,67108333
11,67108335
11,67108336
11,67108337
11,67108339
11,67108340
11,67108341
11,67108346
11,67108349
11,67108350
11,67108357
11,67108364
11,67108366
11,67108371
11,67108374
11,67108376
11,67108380
11,67108381
11,67108382
11,67108383
11,67108385
11,67108392
11,67108398
11,67108402
11,67108405
11,67108406
11,67108413
11,67108415
11,67108425
11,67108426
11,67108429
11,67108434
11,67108436
11,67108437
11,67108441
11,67108443
11,67108445
11,67108447
11,67108448
11,67108449
11,67108454
11,67108457
11,67108461
11,67108462
11,67108464
11,67108465
11,67108466
11,67108476
11,67108484
11,67108485
11,67108492
11,67108500
11,67108504
11,67108506
11,67108508
11,67108512
11,67108516
11,67108520
11,67108522
11,67108526
11,67108527
11,67108529
11,67108531
11,67108534
11,67108537
11,67108539
11,67108541
11,67108549
11,67108552
11,67108558
11,67108562
11,67108563
11,67108564
11,67108565
11,67108567
11,67108570
11,67108574
11,67108575
11,67108577
11,67108579
11,67108583
11,67108585
11,67108589
11,67108593
11,67108598
11,67108604
11,67108606
11,67108607
11,67108609
11,67108613
11,67108614
11,67108615
11,67108618
11,67108623
11,67108632
11,67108633
11,67108636
11,67108639
11,67108645
11,67108653
11,67108654
11,67108657
11,67108660
12,67108489
12,67108503
13,67104433
13,67104803
13,67104866
13,67104953
13,67104968
13,67105094
13,67105135
13,67105317
13,67105319
13,67105330
13,67105344
13,67105363
13,67105376
13,67105380
13,67105461
13,67105488
13,67105502
13,67105520
13,67105557
13,67105586
13,67105699
13,67105708
13,67105821
13,67105832
13,67105851
13,67105876
13,67106050
13,67106116
13,67106119
13,67106148
13,67106183
13,67106215
13,67106234
13,67106250
13,67106258
13,67106296
13,67106309
13,67106362
13,67106463
13,67106520
13,67106541
13,67106665
13,67106666
13,67106691
13,67106711
13,67106724
13,67106742
13,67106769
13,67106820
13,67106822
13,67106831
13,67106835
13,67106837
13,67106848
13,67106860
13,67106862
13,67106868
13,67106873
13,67106879
13,67106881
13,67106893
13,67106981
13,67106984
13,67106998
13,67107003
13,67107004
13,67107013
13,67107019
13,67107023
13,67107040
13,67107118
13,67107139
13,67107165
13,67107181
13,67107188
13,67107201
13,67107206
13,67107214
13,67107240
13,67107242
13,67107246
13,67107253
13,67107256
13,67107264
13,67107266
13,67107285
13,67107286
13,67107289
13,67107299
13,67107317
13,67107322
13,67107329
13,67107340
13,67107345
13,67107359
13,67107377
13,67107385
13,67107391
13,67107392
13,67107398
13,67107403
13,67107411
13,67107412
13,67107413
13,67107420
13,67107421
13,67107428
13,67107429
13,67107432
13,67107449
13,67107457
13,67107460
13,67107481
13,67107482
13,67107483
13,67107492
13,67107511
13,67107516
13,67107519
13,67107521
13,67107523
13,67107525
13,67107529
13,67107532
13,67107534
13,67107540
13,67107542
13,67107543
13,67107548
13,67107551
13,67107554
13,67107557
13,67107567
13,67107569
13,67107570
13,67107571
13,67107572
13,67107583
13,67107587
13,67107589
13,67107592
13,67107594
13,67107595
13,67107596
13,67107597
13,67107600
13,67107602
13,67107606
13,67107614
13,67107622
13,67107631
13,67107635
13,67107636
13,67107638
13,67107641
13,67107659
13,67107662
13,67107663
13,67107665
13,67107666
13,67107667
13,67107673
13,67107675
13,67107682
13,67107685
13,67107691
13,67107703
13,67107704
13,67107706
13,67107707
13,67107709
13,67107711
13,67107713
13,67107715
13,67107716
13,67107723
13,67107724
13,67107726
13,67107734
13,67107736
13,67107737
13,67107738
13,67107739
13,67107741
13,67107747
13,67107751
13,67107753
13,67107764
13,67107769
13,67107782
13,67108238
13,67108240
13,67108251
13,67108256
13,67108258
13,67108273
13,67108275
13,67108286
13,67108293
13,67108299
13,67108300
13,67108317
13,67108319
13,67108330
13,67108331
13,67108338
13,67108343
13,67108344
13,67108347
13,67108348
13,67108352
13,67108353
13,67108355
13,67108361
13,67108369
13,67108370
13,67108373
13,67108377
13,67108379
13,67108393
13,67108396
13,67108404
13,67108417
13,67108419
13,67108421
13,67108422
13,67108430
13,67108438
13,67108444
13,67108450
13,67108458
13,67108467
13,67108472
13,67108473
13,67108479
13,67108491
13,67108493
13,67108496
13,67108505
13,67108513
13,67108515
13,67108523
13,67108533
13,67108538
13,67108542
13,67108543
13,67108557
13,67108561
13,67108566
13,67108569
13,67108588
13,67108603
13,67108612
13,67108617
13,67108635
13,67108641
13,67108642
13,67108655
14,67104819
14,67104828
14,67104832
14,67104856
14,67104926
14,67104935
14,67105061
14,67105073
14,67105124
14,67105161
14,67105205
14,67105225
14,67105231
14,67105260
14,67105262
14,67105306
14,67105312
14,67105324
14,67105356
14,67105387
14,67105388
14,67105400
14,67105459
14,67105470
14,67105474
14,67105491
14,67105512
14,67105530
14,67105534
14,67105542
14,67105543
14,67105606
14,67105610
14,67105612
14,67105614
14,67105634
14,67105665
14,67105729
14,67105740
14,67105779
14,67105847
14,67105863
14,67105864
14,67105891
14,67105923
14,67105932
14,67105977
14,67105999
14,67106000
14,67106001
14,67106010
14,67106012
14,67106026
14,67106034
14,67106044
14,67106051
14,67106074
14,67106113
14,67106138
14,67106200
14,67106209
14,67106220
14,67106241
14,67106247
14,67106249
14,67106256
14,67106274
14,67106339
14,67106344
14,67106355
14,67106358
14,67106363
14,67106374
14,67106434
14,67106478
14,67106486
14,67106497
14,67106522
14,67106539
14,67106570
14,67106577
14,67106589
14,67106615
14,67106662
14,67106688
14,67106710
14,67106718
14,67106722
14,67106748
14,67106764
14,67106813
14,67106814
14,67106849
14,67106851
14,67106898
14,67106908
14,67106918
14,67106941
14,67106957
14,67106962
14,67106968
14,67106983
14,67107016
14,67107053
14,67107115
14,67107122
14,67107133
14,67107142
14,67107179
14,67107187
14,67107190
14,67107203
14,67107207
14,67107247
14,67107271
14,67107278
14,67107281
14,67107288
14,67107290
14,67107294
14,67107304
14,67107310
14,67107311
14,67107314
14,67107328
14,67107331
14,67107332
14,67107335
14,67107338
14,67107341
14,67107344
14,67107347
14,67107350
14,67107351
14,67107352
14,67107357
14,67107363
14,67107367
14,67107379
14,67107382
14,67107384
14,67107386
14,67107388
14,67107394
14,67107405
14,67107406
14,67107418
14,67107422
14,67107433
14,67108310
14,67108312
14,67108354
14,67108439
14,67108442
14,67108591
