1096522560,67091409
1096522560,67092427
1096522560,67093415
1096522560,67093416
1096522560,67093417
1096522560,67093418
1096522560,67093419
1096522560,67093420
1096522560,67093421
1096522560,67093422
1096522560,67093423
1096522560,67093424
1096522560,67093425
1096522560,67093426
1096522560,67093427
1096522560,67093428
1096522560,67093429
1096522560,67093430
1096522560,67093431
1096522560,67093432
1096522560,67093433
1096522560,67093434
1096522560,67093435
1096522560,67093437
1096522560,67093438
1096522560,67093439
1096522560,67093440
1096522560,67093441
1096522560,67093442
1096522560,67093443
1096522560,67093444
1096522560,67093445
1096522560,67093446
1096522560,67093447
1096522560,67093448
1096522560,67093449
1096522560,67093450
1096522560,67093451
1096522560,67093476
1096522560,67093477
1096522560,67093478
1096522560,67093479
1096522560,67093480
1096522560,67093481
1096522560,67093482
1096522560,67093483
1096522560,67093484
1096522560,67093485
1096522560,67093486
1096522560,67093487
1096522560,67093488
1096522560,67093489
1096522560,67093490
1096522560,67093491
1096522560,67093492
1096522560,67093493
1096522560,67093494
1096522560,67093495
1096522560,67093496
1096522560,67093497
1096522560,67093499
1096522560,67093501
1096522560,67093503
1096522560,67093504
1096522560,67093505
1096522560,67093506
1096522560,67093507
1096522560,67093508
1096522560,67093511
1096522560,67093908
1096522560,67101397
33992199360,67091421
33992199360,67092596
33992199360,67093436
33992199360,67093453
33992199360,67093454
33992199360,67093455
33992199360,67093456
33992199360,67093457
33992199360,67093458
33992199360,67093459
33992199360,67093512
33992199360,67093513
33992199360,67093514
33992199360,67093515
33992199360,67093516
33992199360,67093517
33992199360,67093518
33992199360,67093519
33992199360,67093520
33992199360,67093521
33992199360,67093522
33992199360,67093523
33992199360,67093524
33992199360,67093525
33992199360,67093526
33992199360,67093527
33992199360,67093528
33992199360,67093529
33992199360,67093530
33992199360,67093532
33992199360,67098667
33992199360,67098670
33992199360,67098672
33992199360,67098703
33992199360,67098708
33992199360,67098709
33992199360,67098710
33992199360,67098713
33992199360,67098714
33992199360,67098716
33992199360,67098717
33992199360,67098719
33992199360,67098720
33992199360,67098723
33992199360,67098724
33992199360,67098731
33992199360,67098732
33992199360,67098733
33992199360,67098734
33992199360,67098735
33992199360,67098736
33992199360,67098737
33992199360,67098738
33992199360,67098739
33992199360,67098740
33992199360,67098741
33992199360,67098742
33992199360,67098743
33992199360,67098744
33992199360,67098745
33992199360,67098746
33992199360,67098747
33992199360,67098748
33992199360,67098749
33992199360,67098750
33992199360,67098751
33992199360,67098752
33992199360,67098753
33992199360,67098754
33992199360,67098755
33992199360,67098756
33992199360,67098757
33992199360,67098758
33992199360,67098759
33992199360,67098760
33992199360,67098761
33992199360,67098762
33992199360,67098763
33992199360,67098764
33992199360,67098765
33992199360,67098766
33992199360,67098767
33992199360,67098768
33992199360,67098769
33992199360,67098770
33992199360,67098771
33992199360,67098772
33992199360,67098773
33992199360,67098774
33992199360,67098775
33992199360,67098776
33992199360,67098777
33992199360,67098778
33992199360,67098779
33992199360,67098780
33992199360,67098781
33992199360,67098782
33992199360,67098783
33992199360,67098784
33992199360,67098785
33992199360,67098786
33992199360,67098787
33992199360,67098788
33992199360,67098789
33992199360,67098790
33992199360,67098791
33992199360,67098792
33992199360,67098793
33992199360,67098794
33992199360,67098795
33992199360,67098796
33992199360,67098797
33992199360,67098798
33992199360,67098799
33992199360,67098800
33992199360,67098801
33992199360,67098802
33992199360,67098803
33992199360,67098804
33992199360,67098805
33992199360,67098806
33992199360,67098807
33992199360,67098808
33992199360,67098809
33992199360,67098810
33992199360,67098811
33992199360,67098812
33992199360,67098813
33992199360,67098814
33992199360,67098815
33992199360,67098816
33992199360,67098817
33992199360,67098818
33992199360,67098819
33992199360,67098820
33992199360,67098821
33992199360,67098822
33992199360,67098823
33992199360,67098824
33992199360,67105816
33992199360,67106152
33992199360,67106156
33992199360,67106159
33992199360,67106161
33992199360,67106195
33992199360,67106197
33992199360,67106198
33992199360,67106199
33992199360,67106202
33992199360,67106203
33992199360,67106205
33992199360,67106206
33992199360,67106208
33992199360,67106210
33992199360,67106212
33992199360,67106213
33992199360,67106214
33992199360,67106220
33992199360,67106221
33992199360,67106222
33992199360,67106223
33992199360,67106224
33992199360,67106225
33992199360,67106226
33992199360,67106227
33992199360,67106228
33992199360,67106229
33992199360,67106230
33992199360,67106231
33992199360,67106232
33992199360,67106233
33992199360,67106234
33992199360,67106235
33992199360,67106236
33992199360,67106237
33992199360,67106238
33992199360,67106239
33992199360,67106240
33992199360,67106241
33992199360,67106242
33992199360,67106243
33992199360,67106244
33992199360,67106245
33992199360,67106246
33992199360,67106247
33992199360,67106248
33992199360,67106249
33992199360,67106250
33992199360,67106251
33992199360,67106252
33992199360,67106253
33992199360,67106254
33992199360,67106255
33992199360,67106256
33992199360,67106257
33992199360,67106258
33992199360,67106259
33992199360,67106260
33992199360,67106261
33992199360,67106262
33992199360,67106263
33992199360,67106264
33992199360,67106265
33992199360,67106266
33992199360,67106267
33992199360,67106268
33992199360,67106269
33992199360,67106270
33992199360,67106271
33992199360,67106272
33992199360,67106273
33992199360,67106274
33992199360,67106275
33992199360,67106276
33992199360,67106277
33992199360,67106278
33992199360,67106279
33992199360,67106280
33992199360,67106281
33992199360,67106282
33992199360,67106283
33992199360,67106284
33992199360,67106285
33992199360,67106286
33992199360,67106287
33992199360,67106288
33992199360,67106289
33992199360,67106290
33992199360,67106291
33992199360,67106292
33992199360,67106293
33992199360,67106294
33992199360,67106295
33992199360,67106296
33992199360,67106297
33992199360,67106298
33992199360,67106299
33992199360,67106300
33992199360,67106301
33992199360,67106302
33992199360,67106303
33992199360,67106304
33992199360,67106305
33992199360,67106306
33992199360,67106307
33992199360,67106308
33992199360,67106309
33992199360,67106310
33992199360,67106311
33992199360,67106312
33992199360,67106313
33992199360,67106314
33992199360,67108600
33992199360,67108601
33992199360,67108602
33992199360,67108603
66887876160,67091412
66887876160,67093460
66887876160,67093461
66887876160,67093462
66887876160,67093463
66887876160,67093464
66887876160,67093465
66887876160,67093466
66887876160,67093467
66887876160,67093468
66887876160,67093469
66887876160,67093470
66887876160,67093471
66887876160,67093472
66887876160,67093473
66887876160,67093474
66887876160,67093531
66887876160,67093533
66887876160,67093534
66887876160,67093535
66887876160,67093536
66887876160,67093537
66887876160,67093538
66887876160,67093539
66887876160,67093540
66887876160,67093541
66887876160,67093542
66887876160,67093543
66887876160,67093544
66887876160,67093545
66887876160,67093546
66887876160,67093547
66887876160,67093548
66887876160,67093549
66887876160,67093550
66887876160,67093551
66887876160,67093552
66887876160,67093553
66887876160,67093554
66887876160,67093555
66887876160,67093556
66887876160,67093557
66887876160,67093558
66887876160,67093559
66887876160,67093560
66887876160,67093561
66887876160,67093562
66887876160,67093563
66887876160,67093564
66887876160,67093565
66887876160,67093566
66887876160,67093567
66887876160,67093568
66887876160,67093569
66887876160,67093570
66887876160,67093571
66887876160,67093572
66887876160,67093573
66887876160,67093574
66887876160,67093575
66887876160,67093577
66887876160,67093578
66887876160,67093579
66887876160,67093580
66887876160,67093581
66887876160,67093582
66887876160,67093583
66887876160,67093584
66887876160,67093585
66887876160,67093586
66887876160,67093587
66887876160,67093588
66887876160,67093589
66887876160,67093590
66887876160,67093591
66887876160,67093592
66887876160,67093593
66887876160,67093594
66887876160,67093595
66887876160,67093596
66887876160,67093597
66887876160,67093598
66887876160,67093599
66887876160,67093600
66887876160,67095714
66887876160,67095715
66887876160,67096135
66887876160,67096137
66887876160,67096138
66887876160,67096139
66887876160,67096140
66887876160,67096141
66887876160,67096142
66887876160,67096143
66887876160,67096144
66887876160,67096145
66887876160,67096146
66887876160,67096147
66887876160,67096150
66887876160,67096152
66887876160,67096154
66887876160,67096159
66887876160,67096161
66887876160,67096164
66887876160,67096167
66887876160,67096168
66887876160,67096170
66887876160,67096172
66887876160,67096176
66887876160,67096178
66887876160,67096179
66887876160,67096180
66887876160,67096181
66887876160,67096182
66887876160,67096183
66887876160,67096184
66887876160,67096185
66887876160,67096186
66887876160,67096187
66887876160,67096188
66887876160,67096189
66887876160,67096190
66887876160,67096191
66887876160,67096192
66887876160,67096193
66887876160,67096194
66887876160,67096195
66887876160,67096196
66887876160,67096197
66887876160,67096199
66887876160,67096200
66887876160,67096201
66887876160,67096202
66887876160,67096203
66887876160,67096206
66887876160,67096207
66887876160,67096208
66887876160,67096209
66887876160,67096210
66887876160,67096212
66887876160,67096213
66887876160,67096214
66887876160,67096216
66887876160,67096217
66887876160,67096218
66887876160,67096219
66887876160,67096220
66887876160,67096221
66887876160,67096222
66887876160,67096223
66887876160,67096225
66887876160,67096226
66887876160,67096227
66887876160,67096228
66887876160,67096229
66887876160,67096230
66887876160,67096231
66887876160,67096232
66887876160,67096233
66887876160,67096234
66887876160,67096235
66887876160,67096236
66887876160,67096237
66887876160,67096238
66887876160,67096239
66887876160,67096240
66887876160,67096241
66887876160,67096242
66887876160,67096243
66887876160,67096244
66887876160,67096245
66887876160,67096246
66887876160,67096248
66887876160,67103204
66887876160,67103624
66887876160,67103626
66887876160,67103627
66887876160,67103628
66887876160,67103629
66887876160,67103630
66887876160,67103631
66887876160,67103632
66887876160,67103633
66887876160,67103634
66887876160,67103635
66887876160,67103636
66887876160,67103639
66887876160,67103641
66887876160,67103648
66887876160,67103653
66887876160,67103655
66887876160,67103657
66887876160,67103659
66887876160,67103661
66887876160,67103662
66887876160,67103665
66887876160,67103668
66887876160,67103669
66887876160,67103670
66887876160,67103671
66887876160,67103672
66887876160,67103673
66887876160,67103674
66887876160,67103675
66887876160,67103676
66887876160,67103677
66887876160,67103678
66887876160,67103679
66887876160,67103680
66887876160,67103681
66887876160,67103682
66887876160,67103683
66887876160,67103684
66887876160,67103685
66887876160,67103686
66887876160,67103690
66887876160,67103692
66887876160,67103696
66887876160,67103698
66887876160,67103699
66887876160,67103700
66887876160,67103702
66887876160,67103703
66887876160,67103705
66887876160,67103706
66887876160,67103707
66887876160,67103708
66887876160,67103709
66887876160,67103710
66887876160,67103711
66887876160,67103712
66887876160,67103713
66887876160,67103714
66887876160,67103715
66887876160,67103716
66887876160,67103717
66887876160,67103718
66887876160,67103719
66887876160,67103720
66887876160,67103721
66887876160,67103722
66887876160,67103723
66887876160,67103724
66887876160,67103725
66887876160,67103726
66887876160,67103727
66887876160,67103728
66887876160,67103729
66887876160,67103730
66887876160,67103731
66887876160,67103732
66887876160,67103733
66887876160,67103734
66887876160,67103735
66887876160,67103737
66887876160,67108595
99783552960,131231
99783552960,67093475
99783552960,67093601
99783552960,67093602
99783552960,67093603
99783552960,67093611
99783552960,67093972
99783552960,67093977
99783552960,67094002
99783552960,67094050
99783552960,67094067
99783552960,67094137
99783552960,67094144
99783552960,67094158
99783552960,67094192
99783552960,67094464
99783552960,67094700
99783552960,67094717
99783552960,67094720
99783552960,67094722
99783552960,67094723
99783552960,67094725
99783552960,67094727
99783552960,67094729
99783552960,67094730
99783552960,67094731
99783552960,67094733
99783552960,67094832
99783552960,67094843
99783552960,67094847
99783552960,67101461
99783552960,67101467
99783552960,67101491
99783552960,67101539
99783552960,67101556
99783552960,67101626
99783552960,67101633
99783552960,67101647
99783552960,67101961
99783552960,67102173
99783552960,67102189
99783552960,67102206
99783552960,67102209
99783552960,67102211
99783552960,67102212
99783552960,67102214
99783552960,67102216
99783552960,67102218
99783552960,67102219
99783552960,67102220
99783552960,67102222
99783552960,67102333
99783552960,67102337
99783552960,67108596
99783552960,67108598
99783552960,67108599
