902036450,67093288
902036450,67093289
902036450,67093290
902036450,67093291
902036450,67093292
902036450,67093293
902036450,67093294
902036450,67093295
902036450,67093296
902036450,67093297
902036450,67093298
902036450,67093299
902036450,67093300
902036450,67093301
902036450,67093302
902036450,67093303
902036450,67093304
902036450,67093305
902036450,67093306
902036450,67093307
902036450,67093308
902036450,67093309
902036450,67093310
902036450,67093311
902036450,67093313
902036450,67093314
902036450,67093315
902036450,67093316
902036450,67093317
902036450,67093318
902036450,67093319
902036450,67093320
902036450,67093321
902036450,67093322
902036450,67093323
902036450,67093324
902036450,67093325
902036450,67093326
902036450,67093327
902036450,67093328
902036450,67093329
902036450,67093330
902036450,67093331
902036450,67093333
902036450,67093334
902036450,67093335
902036450,67093336
902036450,67093337
902036450,67093338
902036450,67093339
902036450,67093340
902036450,67093341
902036450,67093342
902036450,67093343
902036450,67093344
902036450,67093345
902036450,67093346
902036450,67093347
902036450,67093348
902036450,67093349
902036450,67093350
902036450,67093351
902036450,67093352
902036450,67093353
902036450,67093354
902036450,67093355
902036450,67093356
902036450,67093357
902036450,67093370
902036450,67093372
902036450,67093373
902036450,67093375
902036450,67093391
902036450,67093397
902036450,67093401
902036450,67093402
902036450,67093403
902036450,67093405
902036450,67093406
902036450,67093407
902036450,67093408
902036450,67093409
902036450,67093410
902036450,67093411
902036450,67093413
902036450,67093415
902036450,67093416
902036450,67093417
902036450,67093418
902036450,67093422
902036450,67093423
902036450,67093424
902036450,67093425
902036450,67093426
902036450,67093428
902036450,67093433
902036450,67093436
902036450,67093438
902036450,67093440
902036450,67093442
902036450,67093443
902036450,67093444
902036450,67093446
902036450,67093455
902036450,67093458
902036450,67093461
902036450,67093462
902036450,67093464
902036450,67093465
902036450,67093467
902036450,67093471
902036450,67093472
902036450,67093473
902036450,67093474
902036450,67093477
902036450,67093478
902036450,67093480
902036450,67093481
902036450,67093483
902036450,67093485
902036450,67093488
902036450,67093490
902036450,67093491
902036450,67093492
902036450,67093493
902036450,67093494
902036450,67093495
902036450,67093496
902036450,67093499
902036450,67093500
902036450,67093501
902036450,67093502
902036450,67093503
902036450,67093504
902036450,67093505
902036450,67093513
902036450,67093516
902036450,67093517
902036450,67093518
902036450,67093519
902036450,67093522
902036450,67093523
902036450,67093524
902036450,67093526
902036450,67093530
902036450,67093531
902036450,67093532
902036450,67093534
902036450,67093535
902036450,67093536
902036450,67093540
902036450,67093541
902036450,67093545
902036450,67093548
902036450,67093550
902036450,67093552
902036450,67093553
902036450,67093554
902036450,67093555
902036450,67093556
902036450,67093558
902036450,67093559
902036450,67093560
902036450,67093561
902036450,67093562
902036450,67093563
902036450,67093565
902036450,67093566
902036450,67093567
902036450,67093568
902036450,67093570
902036450,67093573
902036450,67093574
902036450,67093575
902036450,67093576
902036450,67093580
902036450,67093581
902036450,67093584
902036450,67093585
902036450,67093586
902036450,67093587
902036450,67093589
902036450,67093591
902036450,67093592
902036450,67093594
902036450,67093595
902036450,67093596
902036450,67093597
902036450,67093598
902036450,67093599
902036450,67093601
902036450,67093602
902036450,67093603
902036450,67093607
902036450,67093609
902036450,67093610
902036450,67093612
902036450,67093613
902036450,67093614
902036450,67093615
902036450,67093616
902036450,67093617
902036450,67093618
902036450,67093619
902036450,67093620
902036450,67093621
902036450,67093622
902036450,67093623
902036450,67093624
902036450,67093625
902036450,67093626
902036450,67093627
902036450,67093629
902036450,67093630
902036450,67093632
902036450,67093634
902036450,67093635
902036450,67093636
902036450,67093637
902036450,67093638
902036450,67093639
902036450,67093640
902036450,67093647
902036450,67093649
902036450,67095395
902036450,67102786
27963129950,131231
27963129950,67090118
27963129950,67093312
27963129950,67093332
27963129950,67093358
27963129950,67093359
27963129950,67093360
27963129950,67093361
27963129950,67093362
27963129950,67093363
27963129950,67093364
27963129950,67093365
27963129950,67093366
27963129950,67093367
27963129950,67093368
27963129950,67093369
27963129950,67093371
27963129950,67093374
27963129950,67093376
27963129950,67093377
27963129950,67093378
27963129950,67093379
27963129950,67093380
27963129950,67093381
27963129950,67093382
27963129950,67093384
27963129950,67093385
27963129950,67093386
27963129950,67093387
27963129950,67093388
27963129950,67093392
27963129950,67093394
27963129950,67093396
27963129950,67093398
27963129950,67093400
27963129950,67093404
27963129950,67093412
27963129950,67093414
27963129950,67093419
27963129950,67093420
27963129950,67093421
27963129950,67093427
27963129950,67093430
27963129950,67093431
27963129950,67093432
27963129950,67093434
27963129950,67093435
27963129950,67093437
27963129950,67093441
27963129950,67093445
27963129950,67093447
27963129950,67093448
27963129950,67093449
27963129950,67093450
27963129950,67093452
27963129950,67093453
27963129950,67093454
27963129950,67093456
27963129950,67093463
27963129950,67093470
27963129950,67093479
27963129950,67093484
27963129950,67093489
27963129950,67093506
27963129950,67093507
27963129950,67093508
27963129950,67093511
27963129950,67093512
27963129950,67093514
27963129950,67093515
27963129950,67093520
27963129950,67093521
27963129950,67093525
27963129950,67093528
27963129950,67093529
27963129950,67093533
27963129950,67093537
27963129950,67093538
27963129950,67093539
27963129950,67093542
27963129950,67093543
27963129950,67093544
27963129950,67093546
27963129950,67093549
27963129950,67093551
27963129950,67093557
27963129950,67093564
27963129950,67093569
27963129950,67093571
27963129950,67093572
27963129950,67093577
27963129950,67093578
27963129950,67093579
27963129950,67093582
27963129950,67093583
27963129950,67093588
27963129950,67093590
27963129950,67093593
27963129950,67093600
27963129950,67093606
27963129950,67093608
27963129950,67093611
27963129950,67093628
27963129950,67093633
27963129950,67093644
27963129950,67093645
27963129950,67093648
27963129950,67093650
27963129950,67093690
27963129950,67093726
27963129950,67093742
27963129950,67093950
27963129950,67093960
27963129950,67094494
27963129950,67094510
27963129950,67094626
27963129950,67094656
27963129950,67095046
27963129950,67095178
27963129950,67095179
27963129950,67095228
27963129950,67095830
27963129950,67095968
27963129950,67096134
27963129950,67096158
27963129950,67096165
27963129950,67096269
27963129950,67096795
27963129950,67096895
27963129950,67097008
27963129950,67097179
27963129950,67098204
27963129950,67098371
27963129950,67098467
27963129950,67100657
27963129950,67100677
27963129950,67100738
27963129950,67100788
27963129950,67100794
27963129950,67100839
27963129950,67100855
27963129950,67100872
27963129950,67100878
27963129950,67100971
27963129950,67100981
27963129950,67100985
27963129950,67100989
27963129950,67100993
27963129950,67100999
27963129950,67101016
27963129950,67101017
27963129950,67101020
27963129950,67101021
27963129950,67101026
27963129950,67101034
27963129950,67101035
27963129950,67101081
27963129950,67101117
27963129950,67101133
27963129950,67101341
27963129950,67101351
27963129950,67101885
27963129950,67101901
27963129950,67102017
27963129950,67102047
27963129950,67102437
27963129950,67102569
27963129950,67102570
27963129950,67102619
27963129950,67103221
27963129950,67103359
27963129950,67103525
27963129950,67103549
27963129950,67103556
27963129950,67103660
27963129950,67104186
27963129950,67104286
27963129950,67104399
27963129950,67104570
27963129950,67105595
27963129950,67105762
27963129950,67105858
27963129950,67108048
27963129950,67108065
27963129950,67108068
27963129950,67108129
27963129950,67108179
27963129950,67108185
27963129950,67108230
27963129950,67108246
27963129950,67108263
27963129950,67108268
27963129950,67108362
27963129950,67108372
27963129950,67108376
27963129950,67108380
27963129950,67108384
27963129950,67108390
27963129950,67108407
27963129950,67108408
27963129950,67108411
27963129950,67108412
27963129950,67108417
27963129950,67108425
27963129950,67108426
27963129950,67108432
27963129950,67108433
27963129950,67108434
27963129950,67108435
27963129950,67108436
27963129950,67108437
27963129950,67108438
27963129950,67108439
27963129950,67108440
27963129950,67108441
27963129950,67108442
27963129950,67108446
27963129950,67108453
27963129950,67108454
27963129950,67108513
27963129950,67108568
27963129950,67108577
27963129950,67108595
27963129950,67108604
27963129950,67108606
27963129950,67108623
27963129950,67108632
27963129950,67108637
27963129950,67108638
27963129950,67108662
27963129950,67108665
27963129950,67108685
27963129950,67108687
27963129950,67108689
27963129950,67108693
27963129950,67108695
27963129950,67108704
27963129950,67108707
27963129950,67108713
27963129950,67108720
27963129950,67108722
27963129950,67108728
27963129950,67108756
27963129950,67108760
27963129950,67108761
27963129950,67108764
27963129950,67108766
27963129950,67108768
27963129950,67108770
27963129950,67108771
27963129950,67108780
27963129950,67108781
27963129950,67108782
27963129950,67108783
27963129950,67108787
27963129950,67108791
55024223450,131245
55024223450,131246
55024223450,131260
55024223450,131261
55024223450,67093641
55024223450,67093791
55024223450,67093913
55024223450,67093954
55024223450,67094440
55024223450,67094466
55024223450,67094478
55024223450,67094824
55024223450,67095858
55024223450,67096073
55024223450,67096396
55024223450,67096746
55024223450,67096987
55024223450,67097119
55024223450,67097229
55024223450,67097479
55024223450,67097838
55024223450,67098376
55024223450,67098990
55024223450,67099057
55024223450,67099227
55024223450,67099507
55024223450,67099696
55024223450,67099849
55024223450,67100330
55024223450,67100462
55024223450,67100533
55024223450,67100573
55024223450,67100583
55024223450,67100588
55024223450,67100626
55024223450,67100633
55024223450,67100651
55024223450,67100670
55024223450,67100720
55024223450,67100777
55024223450,67100785
55024223450,67100902
55024223450,67100916
55024223450,67100970
55024223450,67100974
55024223450,67100978
55024223450,67100997
55024223450,67101007
55024223450,67101030
55024223450,67101182
55024223450,67101304
55024223450,67101345
55024223450,67101831
55024223450,67101857
55024223450,67101869
55024223450,67102215
55024223450,67103249
55024223450,67103464
55024223450,67103786
55024223450,67104137
55024223450,67104378
55024223450,67104510
55024223450,67104620
55024223450,67104870
55024223450,67105229
55024223450,67105767
55024223450,67106381
55024223450,67106448
55024223450,67106618
55024223450,67106898
55024223450,67107087
55024223450,67107240
55024223450,67107721
55024223450,67107853
55024223450,67107924
55024223450,67107974
55024223450,67107979
55024223450,67108017
55024223450,67108024
55024223450,67108042
55024223450,67108060
55024223450,67108111
55024223450,67108168
55024223450,67108176
55024223450,67108293
55024223450,67108307
55024223450,67108361
55024223450,67108365
55024223450,67108369
55024223450,67108388
55024223450,67108398
55024223450,67108421
55024223450,67108443
55024223450,67108444
55024223450,67108445
55024223450,67108447
55024223450,67108448
55024223450,67108450
55024223450,67108451
55024223450,67108452
55024223450,67108455
55024223450,67108457
55024223450,67108458
55024223450,67108459
55024223450,67108460
55024223450,67108462
55024223450,67108463
55024223450,67108464
55024223450,67108465
55024223450,67108466
55024223450,67108467
55024223450,67108468
55024223450,67108469
55024223450,67108470
55024223450,67108471
55024223450,67108472
55024223450,67108474
55024223450,67108475
55024223450,67108479
55024223450,67108480
55024223450,67108481
55024223450,67108482
55024223450,67108483
55024223450,67108484
55024223450,67108487
55024223450,67108489
55024223450,67108490
55024223450,67108491
55024223450,67108492
55024223450,67108495
55024223450,67108499
55024223450,67108500
55024223450,67108501
55024223450,67108512
55024223450,67108516
55024223450,67108517
55024223450,67108518
55024223450,67108520
55024223450,67108523
55024223450,67108525
55024223450,67108526
55024223450,67108527
55024223450,67108528
55024223450,67108529
55024223450,67108531
55024223450,67108532
55024223450,67108536
55024223450,67108537
55024223450,67108538
55024223450,67108540
55024223450,67108541
55024223450,67108542
55024223450,67108545
55024223450,67108547
55024223450,67108549
55024223450,67108550
55024223450,67108551
55024223450,67108552
55024223450,67108553
55024223450,67108555
55024223450,67108556
55024223450,67108557
55024223450,67108558
55024223450,67108560
55024223450,67108561
55024223450,67108562
55024223450,67108563
55024223450,67108564
55024223450,67108566
55024223450,67108567
55024223450,67108569
55024223450,67108571
55024223450,67108573
55024223450,67108578
55024223450,67108579
55024223450,67108580
55024223450,67108582
55024223450,67108583
55024223450,67108591
55024223450,67108592
55024223450,67108593
55024223450,67108597
55024223450,67108598
55024223450,67108602
55024223450,67108603
55024223450,67108607
55024223450,67108608
55024223450,67108609
55024223450,67108610
55024223450,67108611
55024223450,67108614
55024223450,67108617
55024223450,67108619
55024223450,67108620
55024223450,67108621
55024223450,67108626
55024223450,67108628
55024223450,67108629
55024223450,67108631
55024223450,67108633
55024223450,67108641
55024223450,67108644
55024223450,67108652
55024223450,67108654
55024223450,67108655
55024223450,67108656
55024223450,67108657
55024223450,67108658
55024223450,67108659
55024223450,67108661
55024223450,67108663
55024223450,67108664
55024223450,67108666
55024223450,67108667
55024223450,67108669
55024223450,67108670
55024223450,67108671
55024223450,67108672
55024223450,67108674
55024223450,67108675
55024223450,67108679
55024223450,67108680
55024223450,67108681
55024223450,67108682
55024223450,67108686
55024223450,67108690
55024223450,67108691
55024223450,67108692
55024223450,67108699
55024223450,67108701
55024223450,67108703
55024223450,67108708
55024223450,67108709
55024223450,67108714
55024223450,67108719
55024223450,67108726
55024223450,67108727
55024223450,67108731
55024223450,67108736
55024223450,67108737
55024223450,67108740
55024223450,67108742
55024223450,67108743
55024223450,67108746
55024223450,67108757
55024223450,67108758
55024223450,67108765
55024223450,67108767
55024223450,67108769
55024223450,67108772
55024223450,67108773
55024223450,67108774
55024223450,67108775
55024223450,67108776
55024223450,67108792
82085316950,131259
82085316950,67100618
82085316950,67100645
82085316950,67100671
82085316950,67100673
82085316950,67100676
82085316950,67100678
82085316950,67100685
82085316950,67100687
82085316950,67100688
82085316950,67100691
82085316950,67100692
82085316950,67100693
82085316950,67100695
82085316950,67100696
82085316950,67100697
82085316950,67100698
82085316950,67100699
82085316950,67100700
82085316950,67100701
82085316950,67100702
82085316950,67100703
82085316950,67100708
82085316950,67100709
82085316950,67100710
82085316950,67100713
82085316950,67100714
82085316950,67100715
82085316950,67100716
82085316950,67100717
82085316950,67100719
82085316950,67100722
82085316950,67100724
82085316950,67100726
82085316950,67100727
82085316950,67100730
82085316950,67100731
82085316950,67100732
82085316950,67100734
82085316950,67100735
82085316950,67100736
82085316950,67100737
82085316950,67100740
82085316950,67100742
82085316950,67100743
82085316950,67100744
82085316950,67100745
82085316950,67100746
82085316950,67100750
82085316950,67100751
82085316950,67100752
82085316950,67100755
82085316950,67100757
82085316950,67100758
82085316950,67100759
82085316950,67100760
82085316950,67100761
82085316950,67100762
82085316950,67100763
82085316950,67100764
82085316950,67100765
82085316950,67100766
82085316950,67100770
82085316950,67100771
82085316950,67100774
82085316950,67100775
82085316950,67100776
82085316950,67100778
82085316950,67100779
82085316950,67100780
82085316950,67100781
82085316950,67100782
82085316950,67100783
82085316950,67100784
82085316950,67100786
82085316950,67100787
82085316950,67100790
82085316950,67100791
82085316950,67100792
82085316950,67100793
82085316950,67100796
82085316950,67100797
82085316950,67100798
82085316950,67100799
82085316950,67100800
82085316950,67100801
82085316950,67100803
82085316950,67100805
82085316950,67100806
82085316950,67100808
82085316950,67100809
82085316950,67100810
82085316950,67100811
82085316950,67100812
82085316950,67100813
82085316950,67100816
82085316950,67108009
82085316950,67108036
82085316950,67108061
82085316950,67108062
82085316950,67108063
82085316950,67108076
82085316950,67108078
82085316950,67108079
82085316950,67108082
82085316950,67108084
82085316950,67108086
82085316950,67108087
82085316950,67108088
82085316950,67108089
82085316950,67108090
82085316950,67108091
82085316950,67108092
82085316950,67108093
82085316950,67108099
82085316950,67108100
82085316950,67108101
82085316950,67108104
82085316950,67108105
82085316950,67108106
82085316950,67108107
82085316950,67108108
82085316950,67108110
82085316950,67108113
82085316950,67108115
82085316950,67108116
82085316950,67108117
82085316950,67108118
82085316950,67108121
82085316950,67108122
82085316950,67108123
82085316950,67108125
82085316950,67108126
82085316950,67108127
82085316950,67108128
82085316950,67108131
82085316950,67108133
82085316950,67108134
82085316950,67108135
82085316950,67108136
82085316950,67108137
82085316950,67108141
82085316950,67108142
82085316950,67108143
82085316950,67108146
82085316950,67108147
82085316950,67108148
82085316950,67108149
82085316950,67108150
82085316950,67108151
82085316950,67108152
82085316950,67108153
82085316950,67108154
82085316950,67108155
82085316950,67108156
82085316950,67108157
82085316950,67108161
82085316950,67108162
82085316950,67108165
82085316950,67108166
82085316950,67108167
82085316950,67108169
82085316950,67108170
82085316950,67108171
82085316950,67108172
82085316950,67108174
82085316950,67108175
82085316950,67108177
82085316950,67108178
82085316950,67108181
82085316950,67108182
82085316950,67108183
82085316950,67108184
82085316950,67108187
82085316950,67108188
82085316950,67108189
82085316950,67108190
82085316950,67108191
82085316950,67108192
82085316950,67108194
82085316950,67108196
82085316950,67108197
82085316950,67108199
82085316950,67108200
82085316950,67108201
82085316950,67108202
82085316950,67108203
82085316950,67108204
82085316950,67108449
82085316950,67108461
82085316950,67108473
82085316950,67108486
82085316950,67108488
82085316950,67108493
82085316950,67108496
82085316950,67108497
82085316950,67108498
82085316950,67108514
82085316950,67108515
82085316950,67108519
82085316950,67108530
82085316950,67108533
82085316950,67108554
82085316950,67108559
82085316950,67108565
82085316950,67108570
82085316950,67108572
82085316950,67108574
82085316950,67108575
82085316950,67108576
82085316950,67108584
82085316950,67108586
82085316950,67108587
82085316950,67108588
82085316950,67108589
82085316950,67108590
82085316950,67108594
82085316950,67108599
82085316950,67108600
82085316950,67108601
82085316950,67108605
82085316950,67108612
82085316950,67108613
82085316950,67108615
82085316950,67108616
82085316950,67108618
82085316950,67108622
82085316950,67108624
82085316950,67108625
82085316950,67108627
82085316950,67108630
82085316950,67108634
82085316950,67108635
82085316950,67108636
82085316950,67108639
82085316950,67108640
82085316950,67108642
82085316950,67108643
82085316950,67108645
82085316950,67108646
82085316950,67108647
82085316950,67108648
82085316950,67108649
82085316950,67108650
82085316950,67108651
82085316950,67108653
82085316950,67108660
82085316950,67108668
82085316950,67108673
82085316950,67108676
82085316950,67108759
109146410450,67089927
109146410450,67094147
109146410450,67094281
109146410450,67094564
109146410450,67095391
109146410450,67095392
109146410450,67095616
109146410450,67095683
109146410450,67095799
109146410450,67096517
109146410450,67097289
109146410450,67097325
109146410450,67097473
109146410450,67097482
109146410450,67097514
109146410450,67097552
109146410450,67097565
109146410450,67097762
109146410450,67097878
109146410450,67097937
109146410450,67097964
109146410450,67097969
109146410450,67098232
109146410450,67098494
109146410450,67098556
109146410450,67098718
109146410450,67098981
109146410450,67099121
109146410450,67099134
109146410450,67099179
109146410450,67099191
109146410450,67099270
109146410450,67099382
109146410450,67099449
109146410450,67099746
109146410450,67099845
109146410450,67099875
109146410450,67099881
109146410450,67099910
109146410450,67100034
109146410450,67100167
109146410450,67100176
109146410450,67100187
109146410450,67100193
109146410450,67100221
109146410450,67100285
109146410450,67100287
109146410450,67100295
109146410450,67100300
109146410450,67100316
109146410450,67100363
109146410450,67100456
109146410450,67100485
109146410450,67100536
109146410450,67100544
109146410450,67100576
109146410450,67100589
109146410450,67100598
109146410450,67100617
109146410450,67100644
109146410450,67100654
109146410450,67100666
109146410450,67100672
109146410450,67100674
109146410450,67100711
109146410450,67100721
109146410450,67100725
109146410450,67100741
109146410450,67100749
109146410450,67100773
109146410450,67100789
109146410450,67100823
109146410450,67100828
109146410450,67100845
109146410450,67100854
109146410450,67100862
109146410450,67100867
109146410450,67100868
109146410450,67100875
109146410450,67100883
109146410450,67100890
109146410450,67100896
109146410450,67100924
109146410450,67100929
109146410450,67100936
109146410450,67100939
109146410450,67100941
109146410450,67100945
109146410450,67100950
109146410450,67100960
109146410450,67100961
109146410450,67100965
109146410450,67100972
109146410450,67100973
109146410450,67100976
109146410450,67100977
109146410450,67100994
109146410450,67100996
109146410450,67101018
109146410450,67101538
109146410450,67101672
109146410450,67101955
109146410450,67102782
109146410450,67102783
109146410450,67103007
109146410450,67103074
109146410450,67103190
109146410450,67103787
109146410450,67103908
109146410450,67104680
109146410450,67104716
109146410450,67104864
109146410450,67104873
109146410450,67104905
109146410450,67104942
109146410450,67104956
109146410450,67105153
109146410450,67105268
109146410450,67105355
109146410450,67105360
109146410450,67105623
109146410450,67105885
109146410450,67105947
109146410450,67106109
109146410450,67106372
109146410450,67106512
109146410450,67106525
109146410450,67106570
109146410450,67106582
109146410450,67106661
109146410450,67106773
109146410450,67106840
109146410450,67107137
109146410450,67107236
109146410450,67107266
109146410450,67107272
109146410450,67107301
109146410450,67107425
109146410450,67107558
109146410450,67107566
109146410450,67107578
109146410450,67107584
109146410450,67107612
109146410450,67107676
109146410450,67107678
109146410450,67107686
109146410450,67107691
109146410450,67107707
109146410450,67107754
109146410450,67107847
109146410450,67107876
109146410450,67107927
109146410450,67107949
109146410450,67107950
109146410450,67107957
109146410450,67107967
109146410450,67107970
109146410450,67107980
109146410450,67107989
109146410450,67107995
109146410450,67108008
109146410450,67108030
109146410450,67108035
109146410450,67108044
109146410450,67108057
109146410450,67108102
109146410450,67108103
109146410450,67108112
109146410450,67108132
109146410450,67108140
109146410450,67108164
109146410450,67108180
109146410450,67108214
109146410450,67108219
109146410450,67108236
109146410450,67108245
109146410450,67108253
109146410450,67108258
109146410450,67108259
109146410450,67108266
109146410450,67108274
109146410450,67108281
109146410450,67108287
109146410450,67108315
109146410450,67108320
109146410450,67108327
109146410450,67108330
109146410450,67108332
109146410450,67108336
109146410450,67108351
109146410450,67108352
109146410450,67108356
109146410450,67108363
109146410450,67108364
109146410450,67108367
109146410450,67108368
109146410450,67108385
109146410450,67108387
109146410450,67108409
109146410450,67108476
109146410450,67108477
109146410450,67108478
109146410450,67108485
109146410450,67108494
109146410450,67108502
109146410450,67108535
109146410450,67108539
109146410450,67108546
109146410450,67108548
109146410450,67108677
109146410450,67108678
109146410450,67108683
109146410450,67108684
109146410450,67108694
109146410450,67108696
109146410450,67108697
109146410450,67108698
109146410450,67108700
109146410450,67108702
109146410450,67108705
109146410450,67108710
109146410450,67108711
109146410450,67108716
109146410450,67108717
109146410450,67108718
109146410450,67108721
109146410450,67108723
109146410450,67108724
109146410450,67108729
109146410450,67108730
109146410450,67108732
109146410450,67108733
109146410450,67108735
109146410450,67108738
109146410450,67108739
109146410450,67108741
109146410450,67108744
109146410450,67108745
109146410450,67108747
109146410450,67108749
109146410450,67108750
109146410450,67108752
109146410450,67108753
109146410450,67108762
109146410450,67108778
109146410450,67108779
109146410450,67108784
109146410450,67108789
109146410450,67108790
109146410450,67108793
136207503950,67093675
136207503950,67093718
136207503950,67093722
136207503950,67093776
136207503950,67093786
136207503950,67093864
136207503950,67093926
136207503950,67093947
136207503950,67094010
136207503950,67094028
136207503950,67094071
136207503950,67094073
136207503950,67094113
136207503950,67094256
136207503950,67094363
136207503950,67094375
136207503950,67094441
136207503950,67094524
136207503950,67094660
136207503950,67094675
136207503950,67094724
136207503950,67094741
136207503950,67094755
136207503950,67094770
136207503950,67094813
136207503950,67094826
136207503950,67094848
136207503950,67094864
136207503950,67094872
136207503950,67094877
136207503950,67095092
136207503950,67095157
136207503950,67099742
136207503950,67100509
136207503950,67100516
136207503950,67100520
136207503950,67100521
136207503950,67100522
136207503950,67100523
136207503950,67100524
136207503950,67100525
136207503950,67100526
136207503950,67100534
136207503950,67100535
136207503950,67100537
136207503950,67100542
136207503950,67100545
136207503950,67100557
136207503950,67100620
136207503950,67100640
136207503950,67100650
136207503950,67100661
136207503950,67100690
136207503950,67100718
136207503950,67100767
136207503950,67100769
136207503950,67100804
136207503950,67100818
136207503950,67100820
136207503950,67100825
136207503950,67100832
136207503950,67100856
136207503950,67100857
136207503950,67100858
136207503950,67100859
136207503950,67100861
136207503950,67100863
136207503950,67100864
136207503950,67100865
136207503950,67100880
136207503950,67100882
136207503950,67100885
136207503950,67100887
136207503950,67100888
136207503950,67100893
136207503950,67100921
136207503950,67100922
136207503950,67100937
136207503950,67100942
136207503950,67100943
136207503950,67100947
136207503950,67100948
136207503950,67100952
136207503950,67100955
136207503950,67100962
136207503950,67100963
136207503950,67100966
136207503950,67100968
136207503950,67100969
136207503950,67100980
136207503950,67100984
136207503950,67100987
136207503950,67100988
136207503950,67100991
136207503950,67100992
136207503950,67100998
136207503950,67101001
136207503950,67101002
136207503950,67101003
136207503950,67101004
136207503950,67101006
136207503950,67101008
136207503950,67101009
136207503950,67101010
136207503950,67101011
136207503950,67101012
136207503950,67101015
136207503950,67101019
136207503950,67101022
136207503950,67101023
136207503950,67101024
136207503950,67101028
136207503950,67101029
136207503950,67101032
136207503950,67101036
136207503950,67101037
136207503950,67101038
136207503950,67101039
136207503950,67101040
136207503950,67101041
136207503950,67101066
136207503950,67101109
136207503950,67101113
136207503950,67101167
136207503950,67101177
136207503950,67101255
136207503950,67101317
136207503950,67101338
136207503950,67101401
136207503950,67101419
136207503950,67101462
136207503950,67101463
136207503950,67101504
136207503950,67101647
136207503950,67101754
136207503950,67101766
136207503950,67101832
136207503950,67101915
136207503950,67102051
136207503950,67102066
136207503950,67102115
136207503950,67102132
136207503950,67102146
136207503950,67102161
136207503950,67102204
136207503950,67102217
136207503950,67102239
136207503950,67102255
136207503950,67102263
136207503950,67102268
136207503950,67102483
136207503950,67102548
136207503950,67107900
136207503950,67107907
136207503950,67107911
136207503950,67107912
136207503950,67107913
136207503950,67107914
136207503950,67107915
136207503950,67107917
136207503950,67107925
136207503950,67107926
136207503950,67107928
136207503950,67107932
136207503950,67107933
136207503950,67107935
136207503950,67107936
136207503950,67108011
136207503950,67108031
136207503950,67108041
136207503950,67108052
136207503950,67108081
136207503950,67108083
136207503950,67108109
136207503950,67108173
136207503950,67108195
136207503950,67108209
136207503950,67108211
136207503950,67108216
136207503950,67108223
136207503950,67108247
136207503950,67108248
136207503950,67108249
136207503950,67108252
136207503950,67108254
136207503950,67108255
136207503950,67108269
136207503950,67108271
136207503950,67108273
136207503950,67108277
136207503950,67108279
136207503950,67108284
136207503950,67108312
136207503950,67108313
136207503950,67108328
136207503950,67108333
136207503950,67108334
136207503950,67108337
136207503950,67108338
136207503950,67108339
136207503950,67108343
136207503950,67108346
136207503950,67108353
136207503950,67108354
136207503950,67108357
136207503950,67108359
136207503950,67108360
136207503950,67108371
136207503950,67108375
136207503950,67108378
136207503950,67108379
136207503950,67108382
136207503950,67108383
136207503950,67108389
136207503950,67108392
136207503950,67108393
136207503950,67108394
136207503950,67108395
136207503950,67108397
136207503950,67108399
136207503950,67108400
136207503950,67108401
136207503950,67108402
136207503950,67108403
136207503950,67108406
136207503950,67108410
136207503950,67108413
136207503950,67108414
136207503950,67108415
136207503950,67108419
136207503950,67108420
136207503950,67108422
136207503950,67108427
136207503950,67108428
136207503950,67108429
136207503950,67108430
136207503950,67108431
136207503950,67108521
136207503950,67108522
136207503950,67108688
136207503950,67108706
136207503950,67108712
136207503950,67108715
136207503950,67108751
136207503950,67108754
136207503950,67108755
136207503950,67108763
136207503950,67108777
136207503950,67108788
136207503950,67108794
163268597450,131244
163268597450,67091758
163268597450,67094157
163268597450,67094347
163268597450,67094450
163268597450,67095024
163268597450,67095249
163268597450,67095920
163268597450,67096041
163268597450,67096288
163268597450,67096578
163268597450,67096583
163268597450,67096680
163268597450,67096752
163268597450,67096857
163268597450,67096887
163268597450,67096962
163268597450,67097056
163268597450,67097063
163268597450,67097100
163268597450,67097106
163268597450,67097131
163268597450,67097135
163268597450,67097152
163268597450,67097154
163268597450,67097177
163268597450,67097178
163268597450,67097189
163268597450,67097192
163268597450,67097203
163268597450,67097208
163268597450,67097211
163268597450,67097213
163268597450,67097269
163268597450,67097275
163268597450,67097280
163268597450,67097305
163268597450,67097364
163268597450,67097407
163268597450,67097426
163268597450,67097441
163268597450,67097461
163268597450,67097464
163268597450,67097481
163268597450,67097487
163268597450,67097504
163268597450,67097513
163268597450,67097612
163268597450,67097614
163268597450,67097661
163268597450,67097766
163268597450,67097791
163268597450,67097801
163268597450,67097803
163268597450,67097804
163268597450,67097820
163268597450,67097834
163268597450,67097840
163268597450,67098030
163268597450,67098097
163268597450,67099520
163268597450,67099718
163268597450,67100047
163268597450,67100276
163268597450,67100361
163268597450,67100388
163268597450,67100483
163268597450,67100491
163268597450,67100494
163268597450,67100501
163268597450,67100540
163268597450,67100549
163268597450,67100555
163268597450,67100578
163268597450,67100579
163268597450,67100596
163268597450,67100642
163268597450,67100683
163268597450,67100684
163268597450,67100707
163268597450,67100768
163268597450,67100772
163268597450,67100802
163268597450,67100817
163268597450,67100843
163268597450,67100844
163268597450,67100848
163268597450,67100853
163268597450,67100886
163268597450,67100899
163268597450,67100915
163268597450,67100925
163268597450,67100959
163268597450,67100967
163268597450,67100983
163268597450,67101548
163268597450,67101738
163268597450,67101841
163268597450,67102415
163268597450,67102640
163268597450,67103311
163268597450,67103432
163268597450,67103679
163268597450,67103969
163268597450,67103974
163268597450,67104071
163268597450,67104143
163268597450,67104248
163268597450,67104278
163268597450,67104353
163268597450,67104447
163268597450,67104454
163268597450,67104491
163268597450,67104497
163268597450,67104522
163268597450,67104526
163268597450,67104543
163268597450,67104545
163268597450,67104568
163268597450,67104569
163268597450,67104580
163268597450,67104583
163268597450,67104594
163268597450,67104599
163268597450,67104602
163268597450,67104604
163268597450,67104660
163268597450,67104666
163268597450,67104671
163268597450,67104696
163268597450,67104755
163268597450,67104798
163268597450,67104817
163268597450,67104832
163268597450,67104852
163268597450,67104855
163268597450,67104872
163268597450,67104878
163268597450,67104895
163268597450,67104904
163268597450,67105003
163268597450,67105005
163268597450,67105052
163268597450,67105157
163268597450,67105182
163268597450,67105192
163268597450,67105194
163268597450,67105195
163268597450,67105211
163268597450,67105225
163268597450,67105231
163268597450,67105421
163268597450,67105488
163268597450,67106911
163268597450,67107109
163268597450,67107438
163268597450,67107667
163268597450,67107752
163268597450,67107758
163268597450,67107779
163268597450,67107874
163268597450,67107882
163268597450,67107885
163268597450,67107892
163268597450,67107931
163268597450,67107940
163268597450,67107946
163268597450,67107969
163268597450,67107987
163268597450,67108033
163268597450,67108058
163268597450,67108067
163268597450,67108069
163268597450,67108074
163268597450,67108098
163268597450,67108159
163268597450,67108163
163268597450,67108193
163268597450,67108208
163268597450,67108234
163268597450,67108235
163268597450,67108239
163268597450,67108244
163268597450,67108286
163268597450,67108290
163268597450,67108306
163268597450,67108350
163268597450,67108358
163268597450,67108374
163268597450,67108503
163268597450,67108504
163268597450,67108506
163268597450,67108507
163268597450,67108508
163268597450,67108509
163268597450,67108510
163268597450,67108585
163268597450,67108596
163268597450,67108734
163268597450,67108748
163268597450,67108785
190329690950,131239
190329690950,131253
190329690950,67093652
190329690950,67093658
190329690950,67093659
190329690950,67093660
190329690950,67093663
190329690950,67093668
190329690950,67093671
190329690950,67093682
190329690950,67093693
190329690950,67093914
190329690950,67093915
190329690950,67093916
190329690950,67094093
190329690950,67094131
190329690950,67094162
190329690950,67094163
190329690950,67094164
190329690950,67094165
190329690950,67094179
190329690950,67094394
190329690950,67094395
190329690950,67094396
190329690950,67094449
190329690950,67094566
190329690950,67094661
190329690950,67094681
190329690950,67094686
190329690950,67094687
190329690950,67094688
190329690950,67094828
190329690950,67094829
190329690950,67094852
190329690950,67094971
190329690950,67094972
190329690950,67094998
190329690950,67095073
190329690950,67095077
190329690950,67095078
190329690950,67095198
190329690950,67095219
190329690950,67095243
190329690950,67095260
190329690950,67095261
190329690950,67095262
190329690950,67095281
190329690950,67095293
190329690950,67095296
190329690950,67095302
190329690950,67095313
190329690950,67095325
190329690950,67095342
190329690950,67095359
190329690950,67095370
190329690950,67095413
190329690950,67095498
190329690950,67095547
190329690950,67095548
190329690950,67095551
190329690950,67095590
190329690950,67095667
190329690950,67095685
190329690950,67095731
190329690950,67095732
190329690950,67095733
190329690950,67095747
190329690950,67095786
190329690950,67095848
190329690950,67095849
190329690950,67095851
190329690950,67095853
190329690950,67095969
190329690950,67095970
190329690950,67096004
190329690950,67096176
190329690950,67096193
190329690950,67096194
190329690950,67096195
190329690950,67096248
190329690950,67096306
190329690950,67096338
190329690950,67096341
190329690950,67096346
190329690950,67096365
190329690950,67096367
190329690950,67096414
190329690950,67096580
190329690950,67096609
190329690950,67096610
190329690950,67096612
190329690950,67096755
190329690950,67096757
190329690950,67096760
190329690950,67096798
190329690950,67096813
190329690950,67096814
190329690950,67096815
190329690950,67096861
190329690950,67096893
190329690950,67096912
190329690950,67096929
190329690950,67096999
190329690950,67097060
190329690950,67097095
190329690950,67097112
190329690950,67097126
190329690950,67097139
190329690950,67097150
190329690950,67097158
190329690950,67097162
190329690950,67097214
190329690950,67097219
190329690950,67097244
190329690950,67097246
190329690950,67097258
190329690950,67097270
190329690950,67097282
190329690950,67097306
190329690950,67097309
190329690950,67097317
190329690950,67097321
190329690950,67097392
190329690950,67097398
190329690950,67097493
190329690950,67097526
190329690950,67097930
190329690950,67097955
190329690950,67101043
190329690950,67101049
190329690950,67101050
190329690950,67101051
190329690950,67101054
190329690950,67101058
190329690950,67101059
190329690950,67101062
190329690950,67101073
190329690950,67101084
190329690950,67101305
190329690950,67101306
190329690950,67101307
190329690950,67101484
190329690950,67101522
190329690950,67101553
190329690950,67101554
190329690950,67101555
190329690950,67101556
190329690950,67101570
190329690950,67101785
190329690950,67101786
190329690950,67101787
190329690950,67101840
190329690950,67101957
190329690950,67102052
190329690950,67102072
190329690950,67102077
190329690950,67102078
190329690950,67102079
190329690950,67102219
190329690950,67102220
190329690950,67102243
190329690950,67102362
190329690950,67102363
190329690950,67102389
190329690950,67102464
190329690950,67102469
190329690950,67102589
190329690950,67102610
190329690950,67102634
190329690950,67102639
190329690950,67102651
190329690950,67102652
190329690950,67102653
190329690950,67102671
190329690950,67102684
190329690950,67102687
190329690950,67102693
190329690950,67102704
190329690950,67102716
190329690950,67102733
190329690950,67102750
190329690950,67102761
190329690950,67102804
190329690950,67102888
190329690950,67102938
190329690950,67102942
190329690950,67102981
190329690950,67103058
190329690950,67103076
190329690950,67103122
190329690950,67103123
190329690950,67103124
190329690950,67103138
190329690950,67103177
190329690950,67103239
190329690950,67103240
190329690950,67103242
190329690950,67103244
190329690950,67103360
190329690950,67103361
190329690950,67103395
190329690950,67103566
190329690950,67103584
190329690950,67103585
190329690950,67103586
190329690950,67103639
190329690950,67103697
190329690950,67103729
190329690950,67103732
190329690950,67103737
190329690950,67103756
190329690950,67103758
190329690950,67103805
190329690950,67103971
190329690950,67104000
190329690950,67104001
190329690950,67104003
190329690950,67104146
190329690950,67104148
190329690950,67104151
190329690950,67104189
190329690950,67104204
190329690950,67104205
190329690950,67104206
190329690950,67104252
190329690950,67104284
190329690950,67104303
190329690950,67104320
190329690950,67104390
190329690950,67104451
190329690950,67104486
190329690950,67104503
190329690950,67104517
190329690950,67104530
190329690950,67104541
190329690950,67104549
190329690950,67104553
190329690950,67104605
190329690950,67104610
190329690950,67104635
190329690950,67104637
190329690950,67104649
190329690950,67104661
190329690950,67104673
190329690950,67104697
190329690950,67104700
190329690950,67104708
190329690950,67104712
190329690950,67104783
190329690950,67104789
190329690950,67104884
190329690950,67104917
190329690950,67105321
190329690950,67105346
217390784450,131242
217390784450,131257
217390784450,67091729
217390784450,67096984
217390784450,67097928
217390784450,67098236
217390784450,67098237
217390784450,67098527
217390784450,67098810
217390784450,67098871
217390784450,67098888
217390784450,67098889
217390784450,67098898
217390784450,67098924
217390784450,67098928
217390784450,67098929
217390784450,67098933
217390784450,67098970
217390784450,67098973
217390784450,67099007
217390784450,67099023
217390784450,67099024
217390784450,67099044
217390784450,67099056
217390784450,67099064
217390784450,67099125
217390784450,67099153
217390784450,67099181
217390784450,67099198
217390784450,67099202
217390784450,67099214
217390784450,67099215
217390784450,67099244
217390784450,67099247
217390784450,67099263
217390784450,67099275
217390784450,67099289
217390784450,67099347
217390784450,67099362
217390784450,67099368
217390784450,67099385
217390784450,67099394
217390784450,67099398
217390784450,67099410
217390784450,67099418
217390784450,67099422
217390784450,67099444
217390784450,67099453
217390784450,67099456
217390784450,67099465
217390784450,67099467
217390784450,67099544
217390784450,67099591
217390784450,67099719
217390784450,67099780
217390784450,67099788
217390784450,67099907
217390784450,67100060
217390784450,67100137
217390784450,67100209
217390784450,67100383
217390784450,67100392
217390784450,67100511
217390784450,67100517
217390784450,67100546
217390784450,67100559
217390784450,67100563
217390784450,67100595
217390784450,67100610
217390784450,67100614
217390784450,67100615
217390784450,67100628
217390784450,67100653
217390784450,67100712
217390784450,67100795
217390784450,67100807
217390784450,67100860
217390784450,67100866
217390784450,67100870
217390784450,67100900
217390784450,67100910
217390784450,67100918
217390784450,67100995
217390784450,67104375
217390784450,67105319
217390784450,67105627
217390784450,67105628
217390784450,67105918
217390784450,67106201
217390784450,67106262
217390784450,67106279
217390784450,67106280
217390784450,67106289
217390784450,67106315
217390784450,67106319
217390784450,67106320
217390784450,67106324
217390784450,67106361
217390784450,67106364
217390784450,67106397
217390784450,67106414
217390784450,67106435
217390784450,67106447
217390784450,67106516
217390784450,67106544
217390784450,67106572
217390784450,67106589
217390784450,67106593
217390784450,67106605
217390784450,67106635
217390784450,67106638
217390784450,67106654
217390784450,67106666
217390784450,67106680
217390784450,67106738
217390784450,67106753
217390784450,67106759
217390784450,67106776
217390784450,67106785
217390784450,67106788
217390784450,67106801
217390784450,67106804
217390784450,67106809
217390784450,67106813
217390784450,67106835
217390784450,67106844
217390784450,67106847
217390784450,67106856
217390784450,67106858
217390784450,67106935
217390784450,67107110
217390784450,67107171
217390784450,67107179
217390784450,67107298
217390784450,67107451
217390784450,67107527
217390784450,67107600
217390784450,67107774
217390784450,67107783
217390784450,67107902
217390784450,67107906
217390784450,67107908
217390784450,67107937
217390784450,67107954
217390784450,67107986
217390784450,67108001
217390784450,67108005
217390784450,67108006
217390784450,67108013
217390784450,67108019
217390784450,67108160
217390784450,67108186
217390784450,67108198
217390784450,67108251
217390784450,67108257
217390784450,67108261
217390784450,67108291
217390784450,67108298
217390784450,67108301
217390784450,67108308
217390784450,67108309
217390784450,67108341
217390784450,67108386
217390784450,67108786
244451877950,67093963
244451877950,67093969
244451877950,67094011
244451877950,67094270
244451877950,67094274
244451877950,67094308
244451877950,67094324
244451877950,67094339
244451877950,67094376
244451877950,67094391
244451877950,67094418
244451877950,67094425
244451877950,67094426
244451877950,67094485
244451877950,67094495
244451877950,67094525
244451877950,67094526
244451877950,67094529
244451877950,67094565
244451877950,67094576
244451877950,67094579
244451877950,67094621
244451877950,67094642
244451877950,67094668
244451877950,67094671
244451877950,67094677
244451877950,67094749
244451877950,67094750
244451877950,67094760
244451877950,67094769
244451877950,67094811
244451877950,67094856
244451877950,67094866
244451877950,67094970
244451877950,67094988
244451877950,67095006
244451877950,67095010
244451877950,67095026
244451877950,67095066
244451877950,67095069
244451877950,67095082
244451877950,67095330
244451877950,67095403
244451877950,67095425
244451877950,67095440
244451877950,67095452
244451877950,67095520
244451877950,67095549
244451877950,67095553
244451877950,67095554
244451877950,67095588
244451877950,67095602
244451877950,67095665
244451877950,67095770
244451877950,67095773
244451877950,67095774
244451877950,67095777
244451877950,67095778
244451877950,67095806
244451877950,67095810
244451877950,67095831
244451877950,67095832
244451877950,67096077
244451877950,67096078
244451877950,67096079
244451877950,67096180
244451877950,67096214
244451877950,67096246
244451877950,67096249
244451877950,67096258
244451877950,67096259
244451877950,67096266
244451877950,67096270
244451877950,67096272
244451877950,67096273
244451877950,67096275
244451877950,67096276
244451877950,67096300
244451877950,67096302
244451877950,67096311
244451877950,67096313
244451877950,67096314
244451877950,67096315
244451877950,67096319
244451877950,67096320
244451877950,67096326
244451877950,67096333
244451877950,67096345
244451877950,67096356
244451877950,67096362
244451877950,67096363
244451877950,67096374
244451877950,67096377
244451877950,67096382
244451877950,67096405
244451877950,67096408
244451877950,67096417
244451877950,67096420
244451877950,67096421
244451877950,67096423
244451877950,67096457
244451877950,67096466
244451877950,67096481
244451877950,67096486
244451877950,67096499
244451877950,67096512
244451877950,67096515
244451877950,67096524
244451877950,67096538
244451877950,67096550
244451877950,67096553
244451877950,67096559
244451877950,67096571
244451877950,67096753
244451877950,67096780
244451877950,67096835
244451877950,67096868
244451877950,67096880
244451877950,67096888
244451877950,67096889
244451877950,67096935
244451877950,67096936
244451877950,67096946
244451877950,67096947
244451877950,67096948
244451877950,67096953
244451877950,67096966
244451877950,67101354
244451877950,67101360
244451877950,67101661
244451877950,67101665
244451877950,67101699
244451877950,67101715
244451877950,67101730
244451877950,67101767
244451877950,67101782
244451877950,67101809
244451877950,67101816
244451877950,67101817
244451877950,67101849
244451877950,67101876
244451877950,67101886
244451877950,67101916
244451877950,67101917
244451877950,67101920
244451877950,67101956
244451877950,67101967
244451877950,67101970
244451877950,67102012
244451877950,67102033
244451877950,67102059
244451877950,67102062
244451877950,67102068
244451877950,67102140
244451877950,67102141
244451877950,67102151
244451877950,67102160
244451877950,67102202
244451877950,67102247
244451877950,67102257
244451877950,67102361
244451877950,67102379
244451877950,67102397
244451877950,67102400
244451877950,67102401
244451877950,67102417
244451877950,67102457
244451877950,67102460
244451877950,67102468
244451877950,67102473
244451877950,67102721
244451877950,67102794
244451877950,67102816
244451877950,67102831
244451877950,67102843
244451877950,67102911
244451877950,67102939
244451877950,67102944
244451877950,67102979
244451877950,67102993
244451877950,67103056
244451877950,67103161
244451877950,67103164
244451877950,67103165
244451877950,67103168
244451877950,67103169
244451877950,67103197
244451877950,67103201
244451877950,67103222
244451877950,67103223
244451877950,67103463
244451877950,67103468
244451877950,67103470
244451877950,67103571
244451877950,67103605
244451877950,67103637
244451877950,67103640
244451877950,67103649
244451877950,67103650
244451877950,67103657
244451877950,67103661
244451877950,67103663
244451877950,67103664
244451877950,67103666
244451877950,67103691
244451877950,67103693
244451877950,67103702
244451877950,67103704
244451877950,67103705
244451877950,67103706
244451877950,67103710
244451877950,67103711
244451877950,67103717
244451877950,67103723
244451877950,67103724
244451877950,67103736
244451877950,67103747
244451877950,67103753
244451877950,67103754
244451877950,67103765
244451877950,67103768
244451877950,67103773
244451877950,67103796
244451877950,67103799
244451877950,67103808
244451877950,67103811
244451877950,67103812
244451877950,67103814
244451877950,67103848
244451877950,67103857
244451877950,67103872
244451877950,67103877
244451877950,67103890
244451877950,67103903
244451877950,67103906
244451877950,67103915
244451877950,67103929
244451877950,67103941
244451877950,67103944
244451877950,67103947
244451877950,67103950
244451877950,67103961
244451877950,67103962
244451877950,67104147
244451877950,67104171
244451877950,67104226
244451877950,67104259
244451877950,67104271
244451877950,67104280
244451877950,67104327
244451877950,67104337
244451877950,67104338
244451877950,67104339
244451877950,67104344
244451877950,67104357
271512971450,131254
271512971450,67089668
271512971450,67097626
271512971450,67097627
271512971450,67097628
271512971450,67097629
271512971450,67097630
271512971450,67097632
271512971450,67097633
271512971450,67097634
271512971450,67097636
271512971450,67097637
271512971450,67097638
271512971450,67097639
271512971450,67097640
271512971450,67097641
271512971450,67097642
271512971450,67097643
271512971450,67097644
271512971450,67097646
271512971450,67097647
271512971450,67097648
271512971450,67097650
271512971450,67097651
271512971450,67097652
271512971450,67097654
271512971450,67097655
271512971450,67097656
271512971450,67097657
271512971450,67097658
271512971450,67097659
271512971450,67097660
271512971450,67097662
271512971450,67097663
271512971450,67097664
271512971450,67097665
271512971450,67097666
271512971450,67097667
271512971450,67097668
271512971450,67097669
271512971450,67097670
271512971450,67097673
271512971450,67097674
271512971450,67097675
271512971450,67097677
271512971450,67097678
271512971450,67097679
271512971450,67097680
271512971450,67097681
271512971450,67097682
271512971450,67097683
271512971450,67097684
271512971450,67097687
271512971450,67097688
271512971450,67097689
271512971450,67097690
271512971450,67097691
271512971450,67097692
271512971450,67097694
271512971450,67097695
271512971450,67097696
271512971450,67097698
271512971450,67097699
271512971450,67097700
271512971450,67097701
271512971450,67097702
271512971450,67097703
271512971450,67097704
271512971450,67097705
271512971450,67097706
271512971450,67097707
271512971450,67097708
271512971450,67097710
271512971450,67097711
271512971450,67097712
271512971450,67097713
271512971450,67097714
271512971450,67097715
271512971450,67097716
271512971450,67097717
271512971450,67097718
271512971450,67097719
271512971450,67097724
271512971450,67097725
271512971450,67097726
271512971450,67097727
271512971450,67097728
271512971450,67097729
271512971450,67097730
271512971450,67097731
271512971450,67097732
271512971450,67097733
271512971450,67097734
271512971450,67097735
271512971450,67097736
271512971450,67097737
271512971450,67097739
271512971450,67097741
271512971450,67097745
271512971450,67097746
271512971450,67097747
271512971450,67097752
271512971450,67097757
271512971450,67097758
271512971450,67097760
271512971450,67097763
271512971450,67097765
271512971450,67097768
271512971450,67097772
271512971450,67097778
271512971450,67097780
271512971450,67097781
271512971450,67097783
271512971450,67097784
271512971450,67097786
271512971450,67097788
271512971450,67097789
271512971450,67097790
271512971450,67097792
271512971450,67097793
271512971450,67097795
271512971450,67097796
271512971450,67097797
271512971450,67097798
271512971450,67097799
271512971450,67097805
271512971450,67097808
271512971450,67097813
271512971450,67097816
271512971450,67105017
271512971450,67105018
271512971450,67105019
271512971450,67105020
271512971450,67105021
271512971450,67105023
271512971450,67105024
271512971450,67105025
271512971450,67105027
271512971450,67105028
271512971450,67105029
271512971450,67105030
271512971450,67105032
271512971450,67105033
271512971450,67105034
271512971450,67105035
271512971450,67105037
271512971450,67105038
271512971450,67105039
271512971450,67105041
271512971450,67105042
271512971450,67105043
271512971450,67105045
271512971450,67105046
271512971450,67105047
271512971450,67105048
271512971450,67105049
271512971450,67105050
271512971450,67105051
271512971450,67105053
271512971450,67105054
271512971450,67105055
271512971450,67105056
271512971450,67105057
271512971450,67105058
271512971450,67105059
271512971450,67105060
271512971450,67105061
271512971450,67105064
271512971450,67105065
271512971450,67105066
271512971450,67105068
271512971450,67105069
271512971450,67105070
271512971450,67105071
271512971450,67105072
271512971450,67105073
271512971450,67105074
271512971450,67105075
271512971450,67105078
271512971450,67105079
271512971450,67105080
271512971450,67105081
271512971450,67105082
271512971450,67105083
271512971450,67105085
271512971450,67105086
271512971450,67105087
271512971450,67105088
271512971450,67105089
271512971450,67105090
271512971450,67105091
271512971450,67105092
271512971450,67105093
271512971450,67105094
271512971450,67105095
271512971450,67105096
271512971450,67105097
271512971450,67105098
271512971450,67105099
271512971450,67105101
271512971450,67105102
271512971450,67105103
271512971450,67105104
271512971450,67105105
271512971450,67105106
271512971450,67105107
271512971450,67105108
271512971450,67105109
271512971450,67105110
271512971450,67105115
271512971450,67105116
271512971450,67105117
271512971450,67105118
271512971450,67105119
271512971450,67105120
271512971450,67105121
271512971450,67105122
271512971450,67105123
271512971450,67105124
271512971450,67105125
271512971450,67105126
271512971450,67105127
271512971450,67105128
271512971450,67105130
271512971450,67105132
271512971450,67105136
271512971450,67105137
271512971450,67105138
271512971450,67105143
271512971450,67105148
271512971450,67105149
271512971450,67105151
271512971450,67105154
271512971450,67105156
271512971450,67105159
271512971450,67105163
271512971450,67105169
271512971450,67105172
271512971450,67105174
271512971450,67105175
271512971450,67105177
271512971450,67105179
271512971450,67105180
271512971450,67105181
271512971450,67105183
271512971450,67105184
271512971450,67105186
271512971450,67105187
271512971450,67105188
271512971450,67105189
271512971450,67105190
271512971450,67105196
271512971450,67105199
271512971450,67105204
271512971450,67105207
298574064950,131238
298574064950,131240
298574064950,67094029
298574064950,67094066
298574064950,67094069
298574064950,67094075
298574064950,67094079
298574064950,67094082
298574064950,67094097
298574064950,67094106
298574064950,67094121
298574064950,67094128
298574064950,67094129
298574064950,67094132
298574064950,67094133
298574064950,67094136
298574064950,67094137
298574064950,67094138
298574064950,67094145
298574064950,67094206
298574064950,67094217
298574064950,67094232
298574064950,67094236
298574064950,67094250
298574064950,67094252
298574064950,67094253
298574064950,67094263
298574064950,67094264
298574064950,67094278
298574064950,67094294
298574064950,67094307
298574064950,67094322
298574064950,67094328
298574064950,67094331
298574064950,67094344
298574064950,67094348
298574064950,67094349
298574064950,67094354
298574064950,67094366
298574064950,67094380
298574064950,67094402
298574064950,67094416
298574064950,67094453
298574064950,67094459
298574064950,67094506
298574064950,67094508
298574064950,67094512
298574064950,67094528
298574064950,67094543
298574064950,67094547
298574064950,67094672
298574064950,67094695
298574064950,67094759
298574064950,67094762
298574064950,67094821
298574064950,67094822
298574064950,67094845
298574064950,67094846
298574064950,67094880
298574064950,67094886
298574064950,67094889
298574064950,67094890
298574064950,67094896
298574064950,67094909
298574064950,67094912
298574064950,67094927
298574064950,67094930
298574064950,67094941
298574064950,67094957
298574064950,67094976
298574064950,67094984
298574064950,67094992
298574064950,67094993
298574064950,67095000
298574064950,67095005
298574064950,67095043
298574064950,67095060
298574064950,67095271
298574064950,67095282
298574064950,67095366
298574064950,67095371
298574064950,67095372
298574064950,67095422
298574064950,67095438
298574064950,67095457
298574064950,67095458
298574064950,67095483
298574064950,67095497
298574064950,67095513
298574064950,67095598
298574064950,67095780
298574064950,67095981
298574064950,67096007
298574064950,67096082
298574064950,67096281
298574064950,67096283
298574064950,67096284
298574064950,67096285
298574064950,67096504
298574064950,67097292
298574064950,67097373
298574064950,67097520
298574064950,67097561
298574064950,67097750
298574064950,67097855
298574064950,67097874
298574064950,67097879
298574064950,67097888
298574064950,67097940
298574064950,67097950
298574064950,67097976
298574064950,67097994
298574064950,67098019
298574064950,67098027
298574064950,67098028
298574064950,67098038
298574064950,67098051
298574064950,67098053
298574064950,67098061
298574064950,67098084
298574064950,67098085
298574064950,67098118
298574064950,67098146
298574064950,67098147
298574064950,67098322
298574064950,67101420
298574064950,67101457
298574064950,67101460
298574064950,67101466
298574064950,67101470
298574064950,67101473
298574064950,67101488
298574064950,67101497
298574064950,67101512
298574064950,67101519
298574064950,67101520
298574064950,67101524
298574064950,67101527
298574064950,67101528
298574064950,67101529
298574064950,67101536
298574064950,67101596
298574064950,67101597
298574064950,67101607
298574064950,67101608
298574064950,67101623
298574064950,67101627
298574064950,67101641
298574064950,67101643
298574064950,67101644
298574064950,67101654
298574064950,67101669
298574064950,67101685
298574064950,67101698
298574064950,67101713
298574064950,67101719
298574064950,67101722
298574064950,67101735
298574064950,67101739
298574064950,67101740
298574064950,67101745
298574064950,67101753
298574064950,67101757
298574064950,67101771
298574064950,67101793
298574064950,67101807
298574064950,67101843
298574064950,67101850
298574064950,67101897
298574064950,67101899
298574064950,67101902
298574064950,67101903
298574064950,67101919
298574064950,67101934
298574064950,67101938
298574064950,67102063
298574064950,67102086
298574064950,67102149
298574064950,67102153
298574064950,67102212
298574064950,67102213
298574064950,67102236
298574064950,67102237
298574064950,67102271
298574064950,67102277
298574064950,67102280
298574064950,67102281
298574064950,67102282
298574064950,67102287
298574064950,67102300
298574064950,67102303
298574064950,67102318
298574064950,67102321
298574064950,67102332
298574064950,67102348
298574064950,67102367
298574064950,67102375
298574064950,67102383
298574064950,67102391
298574064950,67102396
298574064950,67102434
298574064950,67102451
298574064950,67102662
298574064950,67102673
298574064950,67102757
298574064950,67102762
298574064950,67102813
298574064950,67102829
298574064950,67102848
298574064950,67102849
298574064950,67102874
298574064950,67102904
298574064950,67102989
298574064950,67103171
298574064950,67103371
298574064950,67103372
298574064950,67103398
298574064950,67103473
298574064950,67103672
298574064950,67103674
298574064950,67103675
298574064950,67103894
298574064950,67104683
298574064950,67104764
298574064950,67104814
298574064950,67104835
298574064950,67104836
298574064950,67104911
298574064950,67104943
298574064950,67104952
298574064950,67105140
298574064950,67105141
298574064950,67105246
298574064950,67105265
298574064950,67105270
298574064950,67105279
298574064950,67105320
298574064950,67105331
298574064950,67105341
298574064950,67105385
298574064950,67105410
298574064950,67105418
298574064950,67105429
298574064950,67105442
298574064950,67105452
298574064950,67105475
298574064950,67105509
298574064950,67105537
298574064950,67105538
298574064950,67105713
325635158450,67093826
325635158450,67093862
325635158450,67093918
325635158450,67093940
325635158450,67093941
325635158450,67093946
325635158450,67094007
325635158450,67094030
325635158450,67094031
325635158450,67094041
325635158450,67094053
325635158450,67094064
325635158450,67094068
325635158450,67094080
325635158450,67094081
325635158450,67094142
325635158450,67094156
325635158450,67094172
325635158450,67094173
325635158450,67094174
325635158450,67094198
325635158450,67094216
325635158450,67094258
325635158450,67094267
325635158450,67094273
325635158450,67094275
325635158450,67094303
325635158450,67094334
325635158450,67094428
325635158450,67094505
325635158450,67094536
325635158450,67094537
325635158450,67094561
325635158450,67094639
325635158450,67094669
325635158450,67094703
325635158450,67094747
325635158450,67094766
325635158450,67094857
325635158450,67094870
325635158450,67094915
325635158450,67094916
325635158450,67094949
325635158450,67094961
325635158450,67094967
325635158450,67094968
325635158450,67094969
325635158450,67094989
325635158450,67095009
325635158450,67095011
325635158450,67095012
325635158450,67095027
325635158450,67095040
325635158450,67095196
325635158450,67095210
325635158450,67095225
325635158450,67095226
325635158450,67095248
325635158450,67095270
325635158450,67095322
325635158450,67095329
325635158450,67095332
325635158450,67095336
325635158450,67095337
325635158450,67095346
325635158450,67095347
325635158450,67095400
325635158450,67095448
325635158450,67095464
325635158450,67095482
325635158450,67095507
325635158450,67095516
325635158450,67095519
325635158450,67095561
325635158450,67095603
325635158450,67095627
325635158450,67095632
325635158450,67095651
325635158450,67095652
325635158450,67095690
325635158450,67095726
325635158450,67095769
325635158450,67095801
325635158450,67095881
325635158450,67095897
325635158450,67095907
325635158450,67095947
325635158450,67095966
325635158450,67095974
325635158450,67095977
325635158450,67095978
325635158450,67096000
325635158450,67096023
325635158450,67096037
325635158450,67096044
325635158450,67096053
325635158450,67096106
325635158450,67096253
325635158450,67096278
325635158450,67096282
325635158450,67096310
325635158450,67096332
325635158450,67096342
325635158450,67096375
325635158450,67096406
325635158450,67096427
325635158450,67096428
325635158450,67096446
325635158450,67096478
325635158450,67096498
325635158450,67096520
325635158450,67096529
325635158450,67096536
325635158450,67096557
325635158450,67096602
325635158450,67096749
325635158450,67096777
325635158450,67096804
325635158450,67096811
325635158450,67096833
325635158450,67096874
325635158450,67096914
325635158450,67096919
325635158450,67096920
325635158450,67096926
325635158450,67096927
325635158450,67096928
325635158450,67096932
325635158450,67096954
325635158450,67096969
325635158450,67101217
325635158450,67101253
325635158450,67101308
325635158450,67101331
325635158450,67101332
325635158450,67101337
325635158450,67101398
325635158450,67101421
325635158450,67101432
325635158450,67101444
325635158450,67101455
325635158450,67101459
325635158450,67101471
325635158450,67101472
325635158450,67101533
325635158450,67101547
325635158450,67101563
325635158450,67101564
325635158450,67101565
325635158450,67101589
325635158450,67101649
325635158450,67101658
325635158450,67101664
325635158450,67101666
325635158450,67101694
325635158450,67101725
325635158450,67101819
325635158450,67101896
325635158450,67101926
325635158450,67101927
325635158450,67101928
325635158450,67101952
325635158450,67102030
325635158450,67102094
325635158450,67102138
325635158450,67102157
325635158450,67102261
325635158450,67102306
325635158450,67102307
325635158450,67102340
325635158450,67102352
325635158450,67102358
325635158450,67102359
325635158450,67102360
325635158450,67102380
325635158450,67102402
325635158450,67102418
325635158450,67102431
325635158450,67102587
325635158450,67102601
325635158450,67102616
325635158450,67102617
325635158450,67102661
325635158450,67102713
325635158450,67102720
325635158450,67102723
325635158450,67102727
325635158450,67102728
325635158450,67102737
325635158450,67102791
325635158450,67102839
325635158450,67102855
325635158450,67102873
325635158450,67102889
325635158450,67102898
325635158450,67102907
325635158450,67102910
325635158450,67102940
325635158450,67102952
325635158450,67102994
325635158450,67103018
325635158450,67103023
325635158450,67103042
325635158450,67103043
325635158450,67103081
325635158450,67103117
325635158450,67103160
325635158450,67103191
325635158450,67103192
325635158450,67103272
325635158450,67103288
325635158450,67103298
325635158450,67103338
325635158450,67103357
325635158450,67103365
325635158450,67103368
325635158450,67103391
325635158450,67103414
325635158450,67103428
325635158450,67103435
325635158450,67103444
325635158450,67103497
325635158450,67103644
325635158450,67103667
325635158450,67103669
325635158450,67103673
325635158450,67103701
325635158450,67103733
325635158450,67103766
325635158450,67103797
325635158450,67103818
325635158450,67103819
325635158450,67103837
325635158450,67103869
325635158450,67103889
325635158450,67103911
325635158450,67103920
325635158450,67103927
325635158450,67103948
325635158450,67103992
325635158450,67103993
325635158450,67104140
325635158450,67104168
325635158450,67104195
325635158450,67104224
325635158450,67104265
325635158450,67104305
325635158450,67104310
325635158450,67104311
325635158450,67104317
325635158450,67104318
325635158450,67104319
325635158450,67104323
325635158450,67104345
325635158450,67104360
352696251950,131233
352696251950,131235
352696251950,131237
352696251950,131241
352696251950,131243
352696251950,131247
352696251950,131249
352696251950,131251
352696251950,131255
352696251950,131256
352696251950,67093817
352696251950,67093832
352696251950,67093838
352696251950,67093925
352696251950,67093929
352696251950,67094070
352696251950,67094211
352696251950,67094321
352696251950,67094542
352696251950,67094665
352696251950,67094737
352696251950,67094746
352696251950,67094784
352696251950,67094844
352696251950,67094903
352696251950,67094910
352696251950,67094914
352696251950,67095044
352696251950,67095057
352696251950,67095172
352696251950,67095305
352696251950,67095360
352696251950,67095374
352696251950,67095423
352696251950,67095444
352696251950,67095501
352696251950,67095764
352696251950,67095775
352696251950,67095861
352696251950,67095918
352696251950,67095985
352696251950,67095997
352696251950,67096048
352696251950,67096089
352696251950,67096090
352696251950,67096208
352696251950,67096425
352696251950,67096444
352696251950,67096456
352696251950,67096490
352696251950,67096730
352696251950,67096731
352696251950,67096942
352696251950,67096956
352696251950,67097012
352696251950,67097685
352696251950,67097823
352696251950,67097884
352696251950,67097890
352696251950,67097929
352696251950,67097968
352696251950,67097980
352696251950,67098017
352696251950,67098043
352696251950,67098077
352696251950,67098094
352696251950,67098120
352696251950,67098149
352696251950,67098150
352696251950,67098152
352696251950,67098157
352696251950,67098158
352696251950,67098196
352696251950,67098219
352696251950,67098223
352696251950,67098258
352696251950,67098276
352696251950,67098278
352696251950,67098299
352696251950,67098331
352696251950,67098351
352696251950,67098381
352696251950,67098387
352696251950,67098396
352696251950,67098450
352696251950,67098479
352696251950,67098487
352696251950,67098522
352696251950,67098524
352696251950,67098528
352696251950,67098535
352696251950,67098547
352696251950,67098574
352696251950,67098601
352696251950,67098693
352696251950,67098700
352696251950,67098730
352696251950,67098750
352696251950,67098759
352696251950,67098783
352696251950,67098786
352696251950,67098798
352696251950,67098800
352696251950,67098803
352696251950,67098809
352696251950,67098815
352696251950,67098816
352696251950,67098823
352696251950,67098950
352696251950,67098959
352696251950,67099305
352696251950,67099472
352696251950,67099565
352696251950,67099569
352696251950,67099581
352696251950,67099714
352696251950,67099763
352696251950,67099840
352696251950,67099986
352696251950,67100150
352696251950,67100370
352696251950,67100436
352696251950,67100481
352696251950,67100482
352696251950,67100889
352696251950,67101025
352696251950,67101208
352696251950,67101223
352696251950,67101229
352696251950,67101316
352696251950,67101320
352696251950,67101461
352696251950,67101602
352696251950,67101712
352696251950,67101932
352696251950,67101933
352696251950,67102056
352696251950,67102128
352696251950,67102137
352696251950,67102150
352696251950,67102175
352696251950,67102235
352696251950,67102294
352696251950,67102301
352696251950,67102305
352696251950,67102435
352696251950,67102448
352696251950,67102563
352696251950,67102696
352696251950,67102751
352696251950,67102765
352696251950,67102814
352696251950,67102835
352696251950,67102892
352696251950,67103155
352696251950,67103166
352696251950,67103252
352696251950,67103309
352696251950,67103376
352696251950,67103388
352696251950,67103439
352696251950,67103480
352696251950,67103599
352696251950,67103816
352696251950,67103835
352696251950,67103847
352696251950,67103881
352696251950,67104121
352696251950,67104333
352696251950,67104347
352696251950,67104402
352696251950,67104403
352696251950,67105076
352696251950,67105214
352696251950,67105275
352696251950,67105281
352696251950,67105359
352696251950,67105371
352696251950,67105407
352696251950,67105408
352696251950,67105434
352696251950,67105467
352696251950,67105485
352696251950,67105511
352696251950,67105536
352696251950,67105541
352696251950,67105543
352696251950,67105548
352696251950,67105549
352696251950,67105587
352696251950,67105610
352696251950,67105614
352696251950,67105649
352696251950,67105667
352696251950,67105669
352696251950,67105690
352696251950,67105722
352696251950,67105742
352696251950,67105772
352696251950,67105777
352696251950,67105787
352696251950,67105841
352696251950,67105870
352696251950,67105878
352696251950,67105913
352696251950,67105919
352696251950,67105926
352696251950,67105938
352696251950,67105965
352696251950,67105992
352696251950,67106058
352696251950,67106084
352696251950,67106091
352696251950,67106121
352696251950,67106141
352696251950,67106149
352696251950,67106174
352696251950,67106177
352696251950,67106189
352696251950,67106191
352696251950,67106194
352696251950,67106200
352696251950,67106206
352696251950,67106207
352696251950,67106214
352696251950,67106341
352696251950,67106350
352696251950,67106561
352696251950,67106606
352696251950,67106696
352696251950,67106972
352696251950,67106977
352696251950,67107105
352696251950,67107116
352696251950,67107154
352696251950,67107231
352696251950,67107377
352696251950,67107541
352696251950,67107761
352696251950,67107827
352696251950,67107872
352696251950,67107873
352696251950,67108416
352696251950,67108456
