1096522560,67091409
1096522560,67092427
1096522560,67093415
1096522560,67093416
1096522560,67093417
1096522560,67093418
1096522560,67093419
1096522560,67093420
1096522560,67093421
1096522560,67093422
1096522560,67093423
1096522560,67093424
1096522560,67093425
1096522560,67093426
1096522560,67093427
1096522560,67093428
1096522560,67093429
1096522560,67093430
1096522560,67093431
1096522560,67093432
1096522560,67093433
1096522560,67093434
1096522560,67093435
1096522560,67093437
1096522560,67093438
1096522560,67093439
1096522560,67093440
1096522560,67093441
1096522560,67093442
1096522560,67093443
1096522560,67093444
1096522560,67093445
1096522560,67093446
1096522560,67093447
1096522560,67093448
1096522560,67093449
1096522560,67093450
1096522560,67093451
1096522560,67093476
1096522560,67093477
1096522560,67093478
1096522560,67093479
1096522560,67093480
1096522560,67093481
1096522560,67093482
1096522560,67093483
1096522560,67093484
1096522560,67093485
1096522560,67093486
1096522560,67093487
1096522560,67093488
1096522560,67093489
1096522560,67093490
1096522560,67093491
1096522560,67093492
1096522560,67093493
1096522560,67093494
1096522560,67093495
1096522560,67093496
1096522560,67093497
1096522560,67093499
1096522560,67093501
1096522560,67093503
1096522560,67093504
1096522560,67093505
1096522560,67093506
1096522560,67093507
1096522560,67093508
1096522560,67093511
1096522560,67093908
1096522560,67101397
33992199360,67091421
33992199360,67092596
33992199360,67093436
33992199360,67093453
33992199360,67093454
33992199360,67093455
33992199360,67093456
33992199360,67093457
33992199360,67093458
33992199360,67093459
33992199360,67093512
33992199360,67093513
33992199360,67093514
33992199360,67093515
33992199360,67093516
33992199360,67093517
33992199360,67093518
33992199360,67093519
33992199360,67093520
33992199360,67093521
33992199360,67093522
33992199360,67093523
33992199360,67093524
33992199360,67093525
33992199360,67093526
33992199360,67093527
33992199360,67093528
33992199360,67093529
33992199360,67093530
33992199360,67093532
33992199360,67098667
33992199360,67098670
33992199360,67098672
33992199360,67098703
33992199360,67098708
33992199360,67098709
33992199360,67098710
33992199360,67098713
33992199360,67098714
33992199360,67098716
33992199360,67098717
33992199360,67098719
33992199360,67098720
33992199360,67098723
33992199360,67098724
33992199360,67098731
33992199360,67098732
33992199360,67098733
33992199360,67098734
33992199360,67098735
33992199360,67098736
33992199360,67098737
33992199360,67098738
33992199360,67098739
33992199360,67098740
33992199360,67098741
33992199360,67098742
33992199360,67098743
33992199360,67098744
33992199360,67098745
33992199360,67098746
33992199360,67098747
33992199360,67098748
33992199360,67098749
33992199360,67098750
33992199360,67098751
33992199360,67098752
33992199360,67098753
33992199360,67098754
33992199360,67098755
33992199360,67098756
33992199360,67098757
33992199360,67098758
33992199360,67098759
33992199360,67098760
33992199360,67098761
33992199360,67098762
33992199360,67098763
33992199360,67098764
33992199360,67098765
33992199360,67098766
33992199360,67098767
33992199360,67098768
33992199360,67098769
33992199360,67098770
33992199360,67098771
33992199360,67098772
33992199360,67098773
33992199360,67098774
33992199360,67098775
33992199360,67098776
33992199360,67098777
33992199360,67098778
33992199360,67098779
33992199360,67098780
33992199360,67098781
33992199360,67098782
33992199360,67098783
33992199360,67098784
33992199360,67098785
33992199360,67098786
33992199360,67098787
33992199360,67098788
33992199360,67098789
33992199360,67098790
33992199360,67098791
33992199360,67098792
33992199360,67098793
33992199360,67098794
33992199360,67098795
33992199360,67098796
33992199360,67098797
33992199360,67098798
33992199360,67098799
33992199360,67098800
33992199360,67098801
33992199360,67098802
33992199360,67098803
33992199360,67098804
33992199360,67098805
33992199360,67098806
33992199360,67098807
33992199360,67098808
33992199360,67098809
33992199360,67098810
33992199360,67098811
33992199360,67098812
33992199360,67098813
33992199360,67098814
33992199360,67098815
33992199360,67098816
33992199360,67098817
33992199360,67098818
33992199360,67098819
33992199360,67098820
33992199360,67098821
33992199360,67098822
33992199360,67098823
33992199360,67098824
33992199360,67105816
33992199360,67106152
33992199360,67106156
33992199360,67106159
33992199360,67106161
33992199360,67106195
33992199360,67106197
33992199360,67106198
33992199360,67106199
33992199360,67106202
33992199360,67106203
33992199360,67106205
33992199360,67106206
33992199360,67106208
33992199360,67106210
33992199360,67106212
33992199360,67106213
33992199360,67106214
33992199360,67106220
33992199360,67106221
33992199360,67106222
33992199360,67106223
33992199360,67106224
33992199360,67106225
33992199360,67106226
33992199360,67106227
33992199360,67106228
33992199360,67106229
33992199360,67106230
33992199360,67106231
33992199360,67106232
33992199360,67106233
33992199360,67106234
33992199360,67106235
33992199360,67106236
33992199360,67106237
33992199360,67106238
33992199360,67106239
33992199360,67106240
33992199360,67106241
33992199360,67106242
33992199360,67106243
33992199360,67106244
33992199360,67106245
33992199360,67106246
33992199360,67106247
33992199360,67106248
33992199360,67106249
33992199360,67106250
33992199360,67106251
33992199360,67106252
33992199360,67106253
33992199360,67106254
33992199360,67106255
33992199360,67106256
33992199360,67106257
33992199360,67106258
33992199360,67106259
33992199360,67106260
33992199360,67106261
33992199360,67106262
33992199360,67106263
33992199360,67106264
33992199360,67106265
33992199360,67106266
33992199360,67106267
33992199360,67106268
33992199360,67106269
33992199360,67106270
33992199360,67106271
33992199360,67106272
33992199360,67106273
33992199360,67106274
33992199360,67106275
33992199360,67106276
33992199360,67106277
33992199360,67106278
33992199360,67106279
33992199360,67106280
33992199360,67106281
33992199360,67106282
33992199360,67106283
33992199360,67106284
33992199360,67106285
33992199360,67106286
33992199360,67106287
33992199360,67106288
33992199360,67106289
33992199360,67106290
33992199360,67106291
33992199360,67106292
33992199360,67106293
33992199360,67106294
33992199360,67106295
33992199360,67106296
33992199360,67106297
33992199360,67106298
33992199360,67106299
33992199360,67106300
33992199360,67106301
33992199360,67106302
33992199360,67106303
33992199360,67106304
33992199360,67106305
33992199360,67106306
33992199360,67106307
33992199360,67106308
33992199360,67106309
33992199360,67106310
33992199360,67106311
33992199360,67106312
33992199360,67106313
33992199360,67106314
33992199360,67108600
33992199360,67108601
33992199360,67108602
33992199360,67108603
66887876160,67091412
66887876160,67093460
66887876160,67093461
66887876160,67093462
66887876160,67093463
66887876160,67093464
66887876160,67093465
66887876160,67093466
66887876160,67093467
66887876160,67093468
66887876160,67093469
66887876160,67093470
66887876160,67093471
66887876160,67093472
66887876160,67093473
66887876160,67093474
66887876160,67093531
66887876160,67093533
66887876160,67093534
66887876160,67093535
66887876160,67093536
66887876160,67093537
66887876160,67093538
66887876160,67093539
66887876160,67093540
66887876160,67093541
66887876160,67093542
66887876160,67093543
66887876160,67093544
66887876160,67093545
66887876160,67093546
66887876160,67093547
66887876160,67093548
66887876160,67093549
66887876160,67093550
66887876160,67093551
66887876160,67093552
66887876160,67093553
66887876160,67093554
66887876160,67093555
66887876160,67093556
66887876160,67093557
66887876160,67093558
66887876160,67093559
66887876160,67093560
66887876160,67093561
66887876160,67093562
66887876160,67093563
66887876160,67093564
66887876160,67093565
66887876160,67093566
66887876160,67093567
66887876160,67093568
66887876160,67093569
66887876160,67093570
66887876160,67093571
66887876160,67093572
66887876160,67093573
66887876160,67093574
66887876160,67093575
66887876160,67093577
66887876160,67093578
66887876160,67093579
66887876160,67093580
66887876160,67093581
66887876160,67093582
66887876160,67093583
66887876160,67093584
66887876160,67093585
66887876160,67093586
66887876160,67093587
66887876160,67093588
66887876160,67093589
66887876160,67093590
66887876160,67093591
66887876160,67093592
66887876160,67093593
66887876160,67093594
66887876160,67093595
66887876160,67093596
66887876160,67093597
66887876160,67093598
66887876160,67093599
66887876160,67093600
66887876160,67095714
66887876160,67095715
66887876160,67096135
66887876160,67096137
66887876160,67096138
66887876160,67096139
66887876160,67096140
66887876160,67096141
66887876160,67096142
66887876160,67096143
66887876160,67096144
66887876160,67096145
66887876160,67096146
66887876160,67096147
66887876160,67096150
66887876160,67096152
66887876160,67096154
66887876160,67096159
66887876160,67096161
66887876160,67096164
66887876160,67096167
66887876160,67096168
66887876160,67096170
66887876160,67096172
66887876160,67096176
66887876160,67096178
66887876160,67096179
66887876160,67096180
66887876160,67096181
66887876160,67096182
66887876160,67096183
66887876160,67096184
66887876160,67096185
66887876160,67096186
66887876160,67096187
66887876160,67096188
66887876160,67096189
66887876160,67096190
66887876160,67096191
66887876160,67096192
66887876160,67096193
66887876160,67096194
66887876160,67096195
66887876160,67096196
66887876160,67096197
66887876160,67096199
66887876160,67096200
66887876160,67096201
66887876160,67096202
66887876160,67096203
66887876160,67096206
66887876160,67096207
66887876160,67096208
66887876160,67096209
66887876160,67096210
66887876160,67096212
66887876160,67096213
66887876160,67096214
66887876160,67096216
66887876160,67096217
66887876160,67096218
66887876160,67096219
66887876160,67096220
66887876160,67096221
66887876160,67096222
66887876160,67096223
66887876160,67096225
66887876160,67096226
66887876160,67096227
66887876160,67096228
66887876160,67096229
66887876160,67096230
66887876160,67096231
66887876160,67096232
66887876160,67096233
66887876160,67096234
66887876160,67096235
66887876160,67096236
66887876160,67096237
66887876160,67096238
66887876160,67096239
66887876160,67096240
66887876160,67096241
66887876160,67096242
66887876160,67096243
66887876160,67096244
66887876160,67096245
66887876160,67096246
66887876160,67096248
66887876160,67103204
66887876160,67103624
66887876160,67103626
66887876160,67103627
66887876160,67103628
66887876160,67103629
66887876160,67103630
66887876160,67103631
66887876160,67103632
66887876160,67103633
66887876160,67103634
66887876160,67103635
66887876160,67103636
66887876160,67103639
66887876160,67103641
66887876160,67103648
66887876160,67103653
66887876160,67103655
66887876160,67103657
66887876160,67103659
66887876160,67103661
66887876160,67103662
66887876160,67103665
66887876160,67103668
66887876160,67103669
66887876160,67103670
66887876160,67103671
66887876160,67103672
66887876160,67103673
66887876160,67103674
66887876160,67103675
66887876160,67103676
66887876160,67103677
66887876160,67103678
66887876160,67103679
66887876160,67103680
66887876160,67103681
66887876160,67103682
66887876160,67103683
66887876160,67103684
66887876160,67103685
66887876160,67103686
66887876160,67103690
66887876160,67103692
66887876160,67103696
66887876160,67103698
66887876160,67103699
66887876160,67103700
66887876160,67103702
66887876160,67103703
66887876160,67103705
66887876160,67103706
66887876160,67103707
66887876160,67103708
66887876160,67103709
66887876160,67103710
66887876160,67103711
66887876160,67103712
66887876160,67103713
66887876160,67103714
66887876160,67103715
66887876160,67103716
66887876160,67103717
66887876160,67103718
66887876160,67103719
66887876160,67103720
66887876160,67103721
66887876160,67103722
66887876160,67103723
66887876160,67103724
66887876160,67103725
66887876160,67103726
66887876160,67103727
66887876160,67103728
66887876160,67103729
66887876160,67103730
66887876160,67103731
66887876160,67103732
66887876160,67103733
66887876160,67103734
66887876160,67103735
66887876160,67103737
66887876160,67108595
99783552960,131231
99783552960,131236
99783552960,131241
99783552960,131251
99783552960,131256
99783552960,67093475
99783552960,67093601
99783552960,67093602
99783552960,67093603
99783552960,67093604
99783552960,67093605
99783552960,67093606
99783552960,67093607
99783552960,67093608
99783552960,67093609
99783552960,67093610
99783552960,67093611
99783552960,67093630
99783552960,67093648
99783552960,67093694
99783552960,67093756
99783552960,67093792
99783552960,67093910
99783552960,67093929
99783552960,67093946
99783552960,67093972
99783552960,67093977
99783552960,67093985
99783552960,67093987
99783552960,67094002
99783552960,67094003
99783552960,67094009
99783552960,67094012
99783552960,67094013
99783552960,67094017
99783552960,67094024
99783552960,67094042
99783552960,67094050
99783552960,67094057
99783552960,67094067
99783552960,67094069
99783552960,67094081
99783552960,67094093
99783552960,67094120
99783552960,67094122
99783552960,67094123
99783552960,67094125
99783552960,67094126
99783552960,67094129
99783552960,67094137
99783552960,67094141
99783552960,67094144
99783552960,67094145
99783552960,67094146
99783552960,67094151
99783552960,67094158
99783552960,67094161
99783552960,67094165
99783552960,67094170
99783552960,67094192
99783552960,67094196
99783552960,67094197
99783552960,67094198
99783552960,67094215
99783552960,67094216
99783552960,67094218
99783552960,67094223
99783552960,67094429
99783552960,67094443
99783552960,67094451
99783552960,67094458
99783552960,67094464
99783552960,67094465
99783552960,67094467
99783552960,67094469
99783552960,67094471
99783552960,67094472
99783552960,67094614
99783552960,67094683
99783552960,67094684
99783552960,67094686
99783552960,67094688
99783552960,67094690
99783552960,67094692
99783552960,67094693
99783552960,67094694
99783552960,67094695
99783552960,67094696
99783552960,67094697
99783552960,67094698
99783552960,67094700
99783552960,67094701
99783552960,67094704
99783552960,67094705
99783552960,67094707
99783552960,67094712
99783552960,67094714
99783552960,67094715
99783552960,67094717
99783552960,67094718
99783552960,67094719
99783552960,67094720
99783552960,67094722
99783552960,67094723
99783552960,67094724
99783552960,67094725
99783552960,67094726
99783552960,67094727
99783552960,67094729
99783552960,67094730
99783552960,67094731
99783552960,67094733
99783552960,67094810
99783552960,67094812
99783552960,67094813
99783552960,67094814
99783552960,67094816
99783552960,67094819
99783552960,67094824
99783552960,67094826
99783552960,67094831
99783552960,67094832
99783552960,67094833
99783552960,67094837
99783552960,67094839
99783552960,67094842
99783552960,67094843
99783552960,67094844
99783552960,67094845
99783552960,67094847
99783552960,67094848
99783552960,67094849
99783552960,67095189
99783552960,67096541
99783552960,67097413
99783552960,67101119
99783552960,67101137
99783552960,67101183
99783552960,67101245
99783552960,67101281
99783552960,67101399
99783552960,67101419
99783552960,67101435
99783552960,67101461
99783552960,67101466
99783552960,67101467
99783552960,67101474
99783552960,67101476
99783552960,67101491
99783552960,67101492
99783552960,67101498
99783552960,67101502
99783552960,67101506
99783552960,67101513
99783552960,67101532
99783552960,67101539
99783552960,67101546
99783552960,67101556
99783552960,67101558
99783552960,67101570
99783552960,67101582
99783552960,67101609
99783552960,67101611
99783552960,67101612
99783552960,67101615
99783552960,67101626
99783552960,67101630
99783552960,67101633
99783552960,67101635
99783552960,67101636
99783552960,67101640
99783552960,67101647
99783552960,67101650
99783552960,67101655
99783552960,67101659
99783552960,67101681
99783552960,67101685
99783552960,67101686
99783552960,67101687
99783552960,67101688
99783552960,67101704
99783552960,67101705
99783552960,67101707
99783552960,67101712
99783552960,67101918
99783552960,67101932
99783552960,67101940
99783552960,67101947
99783552960,67101953
99783552960,67101954
99783552960,67101957
99783552960,67101958
99783552960,67101961
99783552960,67102103
99783552960,67102173
99783552960,67102175
99783552960,67102178
99783552960,67102179
99783552960,67102181
99783552960,67102182
99783552960,67102183
99783552960,67102184
99783552960,67102185
99783552960,67102186
99783552960,67102187
99783552960,67102189
99783552960,67102190
99783552960,67102193
99783552960,67102194
99783552960,67102195
99783552960,67102196
99783552960,67102201
99783552960,67102203
99783552960,67102204
99783552960,67102205
99783552960,67102206
99783552960,67102207
99783552960,67102209
99783552960,67102210
99783552960,67102211
99783552960,67102212
99783552960,67102213
99783552960,67102214
99783552960,67102215
99783552960,67102216
99783552960,67102218
99783552960,67102219
99783552960,67102220
99783552960,67102221
99783552960,67102222
99783552960,67102299
99783552960,67102302
99783552960,67102303
99783552960,67102305
99783552960,67102308
99783552960,67102313
99783552960,67102315
99783552960,67102320
99783552960,67102321
99783552960,67102322
99783552960,67102323
99783552960,67102326
99783552960,67102329
99783552960,67102331
99783552960,67102332
99783552960,67102333
99783552960,67102334
99783552960,67102337
99783552960,67102338
99783552960,67104903
99783552960,67108596
99783552960,67108597
99783552960,67108598
99783552960,67108599
99783552960,67108607
99783552960,67108608
132679229760,131261
132679229760,67091497
132679229760,67093576
132679229760,67093617
132679229760,67093620
132679229760,67093632
132679229760,67093684
132679229760,67093696
132679229760,67093709
132679229760,67093949
132679229760,67094023
132679229760,67094039
132679229760,67094148
132679229760,67094214
132679229760,67094273
132679229760,67094292
132679229760,67094293
132679229760,67094350
132679229760,67094448
132679229760,67094476
132679229760,67094492
132679229760,67094496
132679229760,67094543
132679229760,67094595
132679229760,67094609
132679229760,67094655
132679229760,67094668
132679229760,67094752
132679229760,67094852
132679229760,67094912
132679229760,67094950
132679229760,67094993
132679229760,67095020
132679229760,67095040
132679229760,67095136
132679229760,67095140
132679229760,67095200
132679229760,67095201
132679229760,67095209
132679229760,67095214
132679229760,67095252
132679229760,67095313
132679229760,67095349
132679229760,67095397
132679229760,67095438
132679229760,67095439
132679229760,67095517
132679229760,67095518
132679229760,67095519
132679229760,67095520
132679229760,67095528
132679229760,67095547
132679229760,67095552
132679229760,67095566
132679229760,67095682
132679229760,67095685
132679229760,67095691
132679229760,67095722
132679229760,67095856
132679229760,67096260
132679229760,67096284
132679229760,67096429
132679229760,67096458
132679229760,67096461
132679229760,67096510
132679229760,67096600
132679229760,67096630
132679229760,67096638
132679229760,67096639
132679229760,67096646
132679229760,67096660
132679229760,67096909
132679229760,67096911
132679229760,67096932
132679229760,67097099
132679229760,67097157
132679229760,67097207
132679229760,67097270
132679229760,67097273
132679229760,67097284
132679229760,67097342
132679229760,67097403
132679229760,67097537
132679229760,67097541
132679229760,67097547
132679229760,67097552
132679229760,67097561
132679229760,67097573
132679229760,67097578
132679229760,67097921
132679229760,67097956
132679229760,67098050
132679229760,67098198
132679229760,67098444
132679229760,67098619
132679229760,67098621
132679229760,67098647
132679229760,67098688
132679229760,67098928
132679229760,67098934
132679229760,67099008
132679229760,67099045
132679229760,67099204
132679229760,67099233
132679229760,67099411
132679229760,67099686
132679229760,67099790
132679229760,67099936
132679229760,67099937
132679229760,67100690
132679229760,67100698
132679229760,67100796
132679229760,67101110
132679229760,67101121
132679229760,67101122
132679229760,67101151
132679229760,67101173
132679229760,67101186
132679229760,67101198
132679229760,67101438
132679229760,67101512
132679229760,67101529
132679229760,67101637
132679229760,67101763
132679229760,67101782
132679229760,67101839
132679229760,67101937
132679229760,67101966
132679229760,67101981
132679229760,67101985
132679229760,67102032
132679229760,67102084
132679229760,67102098
132679229760,67102145
132679229760,67102157
132679229760,67102241
132679229760,67102301
132679229760,67102341
132679229760,67102401
132679229760,67102439
132679229760,67102509
132679229760,67102529
132679229760,67102625
132679229760,67102629
132679229760,67102689
132679229760,67102690
132679229760,67102698
132679229760,67102703
132679229760,67102741
132679229760,67102802
132679229760,67102838
132679229760,67102887
132679229760,67102927
132679229760,67102928
132679229760,67103006
132679229760,67103007
132679229760,67103008
132679229760,67103009
132679229760,67103017
132679229760,67103036
132679229760,67103041
132679229760,67103055
132679229760,67103171
132679229760,67103174
132679229760,67103180
132679229760,67103211
132679229760,67103345
132679229760,67103689
132679229760,67103750
132679229760,67103773
132679229760,67103919
132679229760,67103948
132679229760,67103951
132679229760,67103999
132679229760,67104089
132679229760,67104119
132679229760,67104127
132679229760,67104129
132679229760,67104135
132679229760,67104149
132679229760,67104398
132679229760,67104401
132679229760,67104421
132679229760,67104588
132679229760,67104647
132679229760,67104696
132679229760,67104760
132679229760,67104763
132679229760,67104773
132679229760,67104831
132679229760,67104892
132679229760,67105026
132679229760,67105030
132679229760,67105037
132679229760,67105041
132679229760,67105050
132679229760,67105062
132679229760,67105067
132679229760,67105410
132679229760,67105445
132679229760,67105539
132679229760,67105688
132679229760,67105934
132679229760,67106110
132679229760,67106136
132679229760,67106177
132679229760,67106209
132679229760,67106417
132679229760,67106423
132679229760,67106424
132679229760,67106497
132679229760,67106534
132679229760,67106693
132679229760,67106722
132679229760,67106900
132679229760,67107175
132679229760,67107279
132679229760,67107425
132679229760,67107426
132679229760,67108179
132679229760,67108188
132679229760,67108286
132679229760,67108604
132679229760,67108605
132679229760,67108606
132679229760,67108609
132679229760,67108610
132679229760,67108611
132679229760,67108612
132679229760,67108613
132679229760,67108614
132679229760,67108616
132679229760,67108617
132679229760,67108618
132679229760,67108620
132679229760,67108621
132679229760,67108622
132679229760,67108623
132679229760,67108624
132679229760,67108625
132679229760,67108626
132679229760,67108655
132679229760,67108656
132679229760,67108657
132679229760,67108659
132679229760,67108660
132679229760,67108661
132679229760,67108666
132679229760,67108672
132679229760,67108674
132679229760,67108692
165574906560,131242
165574906560,67091562
165574906560,67093711
165574906560,67094077
165574906560,67094339
165574906560,67096358
165574906560,67096419
165574906560,67096420
165574906560,67097085
165574906560,67097096
165574906560,67097147
165574906560,67097148
165574906560,67097165
165574906560,67097175
165574906560,67097189
165574906560,67097909
165574906560,67097911
165574906560,67097931
165574906560,67097954
165574906560,67097958
165574906560,67097965
165574906560,67097970
165574906560,67097972
165574906560,67098009
165574906560,67098014
165574906560,67098047
165574906560,67098059
165574906560,67098404
165574906560,67098633
165574906560,67098637
165574906560,67098638
165574906560,67098649
165574906560,67098689
165574906560,67098872
165574906560,67098957
165574906560,67099063
165574906560,67099174
165574906560,67099210
165574906560,67099213
165574906560,67099229
165574906560,67099276
165574906560,67099277
165574906560,67099281
165574906560,67099285
165574906560,67099313
165574906560,67099343
165574906560,67099355
165574906560,67099409
165574906560,67099412
165574906560,67099479
165574906560,67099564
165574906560,67099687
165574906560,67099688
165574906560,67099689
165574906560,67099698
165574906560,67099701
165574906560,67099703
165574906560,67099704
165574906560,67099708
165574906560,67099711
165574906560,67099719
165574906560,67099721
165574906560,67099733
165574906560,67099737
165574906560,67099766
165574906560,67099768
165574906560,67099775
165574906560,67099802
165574906560,67099841
165574906560,67099855
165574906560,67099856
165574906560,67099874
165574906560,67099904
165574906560,67099940
165574906560,67099965
165574906560,67100573
165574906560,67100574
165574906560,67100602
165574906560,67100604
165574906560,67100605
165574906560,67100734
165574906560,67101201
165574906560,67101566
165574906560,67101828
165574906560,67103649
165574906560,67103847
165574906560,67103909
165574906560,67104574
165574906560,67104585
165574906560,67104598
165574906560,67104636
165574906560,67104637
165574906560,67104655
165574906560,67104664
165574906560,67104679
165574906560,67105399
165574906560,67105400
165574906560,67105418
165574906560,67105420
165574906560,67105443
165574906560,67105448
165574906560,67105454
165574906560,67105459
165574906560,67105462
165574906560,67105463
165574906560,67105498
165574906560,67105503
165574906560,67105536
165574906560,67105542
165574906560,67105548
165574906560,67105586
165574906560,67105770
165574906560,67105893
165574906560,67106126
165574906560,67106127
165574906560,67106138
165574906560,67106139
165574906560,67106178
165574906560,67106204
165574906560,67106446
165574906560,67106447
165574906560,67106448
165574906560,67106552
165574906560,67106663
165574906560,67106694
165574906560,67106699
165574906560,67106718
165574906560,67106735
165574906560,67106763
165574906560,67106766
165574906560,67106774
165574906560,67106802
165574906560,67106813
165574906560,67106833
165574906560,67106844
165574906560,67106898
165574906560,67106899
165574906560,67106901
165574906560,67106923
165574906560,67107177
165574906560,67107178
165574906560,67107187
165574906560,67107192
165574906560,67107193
165574906560,67107197
165574906560,67107200
165574906560,67107208
165574906560,67107209
165574906560,67107211
165574906560,67107223
165574906560,67107226
165574906560,67107256
165574906560,67107257
165574906560,67107261
165574906560,67107264
165574906560,67107291
165574906560,67107331
165574906560,67107344
165574906560,67107345
165574906560,67107363
165574906560,67107394
165574906560,67107455
165574906560,67107467
165574906560,67108062
165574906560,67108063
165574906560,67108066
165574906560,67108067
165574906560,67108072
165574906560,67108091
165574906560,67108094
165574906560,67108223
165574906560,67108615
165574906560,67108619
165574906560,67108627
165574906560,67108628
165574906560,67108629
165574906560,67108630
165574906560,67108631
165574906560,67108634
165574906560,67108635
165574906560,67108636
165574906560,67108642
165574906560,67108658
165574906560,67108675
165574906560,67108676
165574906560,67108677
165574906560,67108678
165574906560,67108679
165574906560,67108680
