902036450,67093288
902036450,67093289
902036450,67093290
902036450,67093291
902036450,67093292
902036450,67093293
902036450,67093294
902036450,67093295
902036450,67093296
902036450,67093297
902036450,67093298
902036450,67093299
902036450,67093300
902036450,67093301
902036450,67093302
902036450,67093303
902036450,67093304
902036450,67093305
902036450,67093306
902036450,67093307
902036450,67093308
902036450,67093309
902036450,67093310
902036450,67093311
902036450,67093313
902036450,67093314
902036450,67093315
902036450,67093316
902036450,67093317
902036450,67093318
902036450,67093319
902036450,67093320
902036450,67093321
902036450,67093322
902036450,67093323
902036450,67093324
902036450,67093325
902036450,67093326
902036450,67093327
902036450,67093328
902036450,67093329
902036450,67093330
902036450,67093331
902036450,67093333
902036450,67093334
902036450,67093335
902036450,67093336
902036450,67093337
902036450,67093338
902036450,67093339
902036450,67093340
902036450,67093341
902036450,67093342
902036450,67093343
902036450,67093344
902036450,67093345
902036450,67093346
902036450,67093347
902036450,67093348
902036450,67093349
902036450,67093350
902036450,67093351
902036450,67093352
902036450,67093353
902036450,67093354
902036450,67093355
902036450,67093356
902036450,67093357
902036450,67093370
902036450,67093372
902036450,67093373
902036450,67093375
902036450,67093391
902036450,67093397
902036450,67093401
902036450,67093402
902036450,67093403
902036450,67093405
902036450,67093406
902036450,67093407
902036450,67093408
902036450,67093409
902036450,67093410
902036450,67093411
902036450,67093413
902036450,67093415
902036450,67093416
902036450,67093417
902036450,67093418
902036450,67093422
902036450,67093423
902036450,67093424
902036450,67093425
902036450,67093426
902036450,67093428
902036450,67093433
902036450,67093436
902036450,67093438
902036450,67093440
902036450,67093442
902036450,67093443
902036450,67093444
902036450,67093446
902036450,67093455
902036450,67093458
902036450,67093461
902036450,67093462
902036450,67093464
902036450,67093465
902036450,67093467
902036450,67093471
902036450,67093472
902036450,67093473
902036450,67093474
902036450,67093477
902036450,67093478
902036450,67093480
902036450,67093481
902036450,67093483
902036450,67093485
902036450,67093488
902036450,67093490
902036450,67093491
902036450,67093492
902036450,67093493
902036450,67093494
902036450,67093495
902036450,67093496
902036450,67093499
902036450,67093500
902036450,67093501
902036450,67093502
902036450,67093503
902036450,67093504
902036450,67093505
902036450,67093513
902036450,67093516
902036450,67093517
902036450,67093518
902036450,67093519
902036450,67093522
902036450,67093523
902036450,67093524
902036450,67093526
902036450,67093530
902036450,67093531
902036450,67093532
902036450,67093534
902036450,67093535
902036450,67093536
902036450,67093540
902036450,67093541
902036450,67093545
902036450,67093548
902036450,67093550
902036450,67093552
902036450,67093553
902036450,67093554
902036450,67093555
902036450,67093556
902036450,67093558
902036450,67093559
902036450,67093560
902036450,67093561
902036450,67093562
902036450,67093563
902036450,67093565
902036450,67093566
902036450,67093567
902036450,67093568
902036450,67093570
902036450,67093573
902036450,67093574
902036450,67093575
902036450,67093576
902036450,67093580
902036450,67093581
902036450,67093584
902036450,67093585
902036450,67093586
902036450,67093587
902036450,67093589
902036450,67093591
902036450,67093592
902036450,67093594
902036450,67093595
902036450,67093596
902036450,67093597
902036450,67093598
902036450,67093599
902036450,67093601
902036450,67093602
902036450,67093603
902036450,67093607
902036450,67093609
902036450,67093610
902036450,67093612
902036450,67093613
902036450,67093614
902036450,67093615
902036450,67093616
902036450,67093617
902036450,67093618
902036450,67093619
902036450,67093620
902036450,67093621
902036450,67093622
902036450,67093623
902036450,67093624
902036450,67093625
902036450,67093626
902036450,67093627
902036450,67093629
902036450,67093630
902036450,67093632
902036450,67093634
902036450,67093635
902036450,67093636
902036450,67093637
902036450,67093638
902036450,67093639
902036450,67093640
902036450,67093647
902036450,67093649
902036450,67095395
902036450,67102786
27963129950,131231
27963129950,67090118
27963129950,67093312
27963129950,67093332
27963129950,67093358
27963129950,67093359
27963129950,67093360
27963129950,67093361
27963129950,67093362
27963129950,67093363
27963129950,67093364
27963129950,67093365
27963129950,67093366
27963129950,67093367
27963129950,67093368
27963129950,67093369
27963129950,67093371
27963129950,67093374
27963129950,67093376
27963129950,67093377
27963129950,67093378
27963129950,67093379
27963129950,67093380
27963129950,67093381
27963129950,67093382
27963129950,67093384
27963129950,67093385
27963129950,67093386
27963129950,67093387
27963129950,67093388
27963129950,67093392
27963129950,67093394
27963129950,67093396
27963129950,67093398
27963129950,67093400
27963129950,67093404
27963129950,67093412
27963129950,67093414
27963129950,67093419
27963129950,67093420
27963129950,67093421
27963129950,67093427
27963129950,67093430
27963129950,67093431
27963129950,67093432
27963129950,67093434
27963129950,67093435
27963129950,67093437
27963129950,67093441
27963129950,67093445
27963129950,67093447
27963129950,67093448
27963129950,67093449
27963129950,67093450
27963129950,67093452
27963129950,67093453
27963129950,67093454
27963129950,67093456
27963129950,67093463
27963129950,67093470
27963129950,67093479
27963129950,67093484
27963129950,67093489
27963129950,67093506
27963129950,67093507
27963129950,67093508
27963129950,67093511
27963129950,67093512
27963129950,67093514
27963129950,67093515
27963129950,67093520
27963129950,67093521
27963129950,67093525
27963129950,67093528
27963129950,67093529
27963129950,67093533
27963129950,67093537
27963129950,67093538
27963129950,67093539
27963129950,67093542
27963129950,67093543
27963129950,67093544
27963129950,67093546
27963129950,67093549
27963129950,67093551
27963129950,67093557
27963129950,67093564
27963129950,67093569
27963129950,67093571
27963129950,67093572
27963129950,67093577
27963129950,67093578
27963129950,67093579
27963129950,67093582
27963129950,67093583
27963129950,67093588
27963129950,67093590
27963129950,67093593
27963129950,67093600
27963129950,67093606
27963129950,67093608
27963129950,67093611
27963129950,67093628
27963129950,67093633
27963129950,67093644
27963129950,67093645
27963129950,67093648
27963129950,67093650
27963129950,67093690
27963129950,67093726
27963129950,67093742
27963129950,67093950
27963129950,67093960
27963129950,67094494
27963129950,67094510
27963129950,67094626
27963129950,67094656
27963129950,67095046
27963129950,67095178
27963129950,67095179
27963129950,67095228
27963129950,67095830
27963129950,67095968
27963129950,67096134
27963129950,67096158
27963129950,67096165
27963129950,67096269
27963129950,67096795
27963129950,67096895
27963129950,67097008
27963129950,67097179
27963129950,67098204
27963129950,67098371
27963129950,67098467
27963129950,67100657
27963129950,67100677
27963129950,67100738
27963129950,67100788
27963129950,67100794
27963129950,67100839
27963129950,67100855
27963129950,67100872
27963129950,67100878
27963129950,67100971
27963129950,67100981
27963129950,67100985
27963129950,67100989
27963129950,67100993
27963129950,67100999
27963129950,67101016
27963129950,67101017
27963129950,67101020
27963129950,67101021
27963129950,67101026
27963129950,67101034
27963129950,67101035
27963129950,67101081
27963129950,67101117
27963129950,67101133
27963129950,67101341
27963129950,67101351
27963129950,67101885
27963129950,67101901
27963129950,67102017
27963129950,67102047
27963129950,67102437
27963129950,67102569
27963129950,67102570
27963129950,67102619
27963129950,67103221
27963129950,67103359
27963129950,67103525
27963129950,67103549
27963129950,67103556
27963129950,67103660
27963129950,67104186
27963129950,67104286
27963129950,67104399
27963129950,67104570
27963129950,67105595
27963129950,67105762
27963129950,67105858
27963129950,67108048
27963129950,67108065
27963129950,67108068
27963129950,67108129
27963129950,67108179
27963129950,67108185
27963129950,67108230
27963129950,67108246
27963129950,67108263
27963129950,67108268
27963129950,67108362
27963129950,67108372
27963129950,67108376
27963129950,67108380
27963129950,67108384
27963129950,67108390
27963129950,67108407
27963129950,67108408
27963129950,67108411
27963129950,67108412
27963129950,67108417
27963129950,67108425
27963129950,67108426
27963129950,67108432
27963129950,67108433
27963129950,67108434
27963129950,67108435
27963129950,67108436
27963129950,67108437
27963129950,67108438
27963129950,67108439
27963129950,67108440
27963129950,67108441
27963129950,67108442
27963129950,67108446
27963129950,67108453
27963129950,67108454
27963129950,67108513
27963129950,67108568
27963129950,67108577
27963129950,67108595
27963129950,67108604
27963129950,67108606
27963129950,67108623
27963129950,67108632
27963129950,67108637
27963129950,67108638
27963129950,67108662
27963129950,67108665
27963129950,67108685
27963129950,67108687
27963129950,67108689
27963129950,67108693
27963129950,67108695
27963129950,67108704
27963129950,67108707
27963129950,67108713
27963129950,67108720
27963129950,67108722
27963129950,67108728
27963129950,67108756
27963129950,67108760
27963129950,67108761
27963129950,67108764
27963129950,67108766
27963129950,67108768
27963129950,67108770
27963129950,67108771
27963129950,67108780
27963129950,67108781
27963129950,67108782
27963129950,67108783
27963129950,67108787
27963129950,67108791
55024223450,131245
55024223450,131246
55024223450,131260
55024223450,131261
55024223450,67093641
55024223450,67093791
55024223450,67093913
55024223450,67093954
55024223450,67094440
55024223450,67094466
55024223450,67094478
55024223450,67094824
55024223450,67095858
55024223450,67096073
55024223450,67096396
55024223450,67096746
55024223450,67096987
55024223450,67097119
55024223450,67097229
55024223450,67097479
55024223450,67097838
55024223450,67098376
55024223450,67098990
55024223450,67099057
55024223450,67099227
55024223450,67099507
55024223450,67099696
55024223450,67099849
55024223450,67100330
55024223450,67100462
55024223450,67100533
55024223450,67100573
55024223450,67100583
55024223450,67100588
55024223450,67100626
55024223450,67100633
55024223450,67100651
55024223450,67100670
55024223450,67100720
55024223450,67100777
55024223450,67100785
55024223450,67100902
55024223450,67100916
55024223450,67100970
55024223450,67100974
55024223450,67100978
55024223450,67100997
55024223450,67101007
55024223450,67101030
55024223450,67101182
55024223450,67101304
55024223450,67101345
55024223450,67101831
55024223450,67101857
55024223450,67101869
55024223450,67102215
55024223450,67103249
55024223450,67103464
55024223450,67103786
55024223450,67104137
55024223450,67104378
55024223450,67104510
55024223450,67104620
55024223450,67104870
55024223450,67105229
55024223450,67105767
55024223450,67106381
55024223450,67106448
55024223450,67106618
55024223450,67106898
55024223450,67107087
55024223450,67107240
55024223450,67107721
55024223450,67107853
55024223450,67107924
55024223450,67107974
55024223450,67107979
55024223450,67108017
55024223450,67108024
55024223450,67108042
55024223450,67108060
55024223450,67108111
55024223450,67108168
55024223450,67108176
55024223450,67108293
55024223450,67108307
55024223450,67108361
55024223450,67108365
55024223450,67108369
55024223450,67108388
55024223450,67108398
55024223450,67108421
55024223450,67108443
55024223450,67108444
55024223450,67108445
55024223450,67108447
55024223450,67108448
55024223450,67108450
55024223450,67108451
55024223450,67108452
55024223450,67108455
55024223450,67108457
55024223450,67108458
55024223450,67108459
55024223450,67108460
55024223450,67108462
55024223450,67108463
55024223450,67108464
55024223450,67108465
55024223450,67108466
55024223450,67108467
55024223450,67108468
55024223450,67108469
55024223450,67108470
55024223450,67108471
55024223450,67108472
55024223450,67108474
55024223450,67108475
55024223450,67108479
55024223450,67108480
55024223450,67108481
55024223450,67108482
55024223450,67108483
55024223450,67108484
55024223450,67108487
55024223450,67108489
55024223450,67108490
55024223450,67108491
55024223450,67108492
55024223450,67108495
55024223450,67108499
55024223450,67108500
55024223450,67108501
55024223450,67108512
55024223450,67108516
55024223450,67108517
55024223450,67108518
55024223450,67108520
55024223450,67108523
55024223450,67108525
55024223450,67108526
55024223450,67108527
55024223450,67108528
55024223450,67108529
55024223450,67108531
55024223450,67108532
55024223450,67108536
55024223450,67108537
55024223450,67108538
55024223450,67108540
55024223450,67108541
55024223450,67108542
55024223450,67108545
55024223450,67108547
55024223450,67108549
55024223450,67108550
55024223450,67108551
55024223450,67108552
55024223450,67108553
55024223450,67108555
55024223450,67108556
55024223450,67108557
55024223450,67108558
55024223450,67108560
55024223450,67108561
55024223450,67108562
55024223450,67108563
55024223450,67108564
55024223450,67108566
55024223450,67108567
55024223450,67108569
55024223450,67108571
55024223450,67108573
55024223450,67108578
55024223450,67108579
55024223450,67108580
55024223450,67108582
55024223450,67108583
55024223450,67108591
55024223450,67108592
55024223450,67108593
55024223450,67108597
55024223450,67108598
55024223450,67108602
55024223450,67108603
55024223450,67108607
55024223450,67108608
55024223450,67108609
55024223450,67108610
55024223450,67108611
55024223450,67108614
55024223450,67108617
55024223450,67108619
55024223450,67108620
55024223450,67108621
55024223450,67108626
55024223450,67108628
55024223450,67108629
55024223450,67108631
55024223450,67108633
55024223450,67108641
55024223450,67108644
55024223450,67108652
55024223450,67108654
55024223450,67108655
55024223450,67108656
55024223450,67108657
55024223450,67108658
55024223450,67108659
55024223450,67108661
55024223450,67108663
55024223450,67108664
55024223450,67108666
55024223450,67108667
55024223450,67108669
55024223450,67108670
55024223450,67108671
55024223450,67108672
55024223450,67108674
55024223450,67108675
55024223450,67108679
55024223450,67108680
55024223450,67108681
55024223450,67108682
55024223450,67108686
55024223450,67108690
55024223450,67108691
55024223450,67108692
55024223450,67108699
55024223450,67108701
55024223450,67108703
55024223450,67108708
55024223450,67108709
55024223450,67108714
55024223450,67108719
55024223450,67108726
55024223450,67108727
55024223450,67108731
55024223450,67108736
55024223450,67108737
55024223450,67108740
55024223450,67108742
55024223450,67108743
55024223450,67108746
55024223450,67108757
55024223450,67108758
55024223450,67108765
55024223450,67108767
55024223450,67108769
55024223450,67108772
55024223450,67108773
55024223450,67108774
55024223450,67108775
55024223450,67108776
55024223450,67108792
82085316950,131259
82085316950,67100618
82085316950,67100645
82085316950,67100671
82085316950,67100673
82085316950,67100676
82085316950,67100678
82085316950,67100685
82085316950,67100687
82085316950,67100688
82085316950,67100691
82085316950,67100692
82085316950,67100693
82085316950,67100695
82085316950,67100696
82085316950,67100697
82085316950,67100698
82085316950,67100699
82085316950,67100700
82085316950,67100701
82085316950,67100702
82085316950,67100703
82085316950,67100708
82085316950,67100709
82085316950,67100710
82085316950,67100713
82085316950,67100714
82085316950,67100715
82085316950,67100716
82085316950,67100717
82085316950,67100719
82085316950,67100722
82085316950,67100724
82085316950,67100726
82085316950,67100727
82085316950,67100730
82085316950,67100731
82085316950,67100732
82085316950,67100734
82085316950,67100735
82085316950,67100736
82085316950,67100737
82085316950,67100740
82085316950,67100742
82085316950,67100743
82085316950,67100744
82085316950,67100745
82085316950,67100746
82085316950,67100750
82085316950,67100751
82085316950,67100752
82085316950,67100755
82085316950,67100757
82085316950,67100758
82085316950,67100759
82085316950,67100760
82085316950,67100761
82085316950,67100762
82085316950,67100763
82085316950,67100764
82085316950,67100765
82085316950,67100766
82085316950,67100770
82085316950,67100771
82085316950,67100774
82085316950,67100775
82085316950,67100776
82085316950,67100778
82085316950,67100779
82085316950,67100780
82085316950,67100781
82085316950,67100782
82085316950,67100783
82085316950,67100784
82085316950,67100786
82085316950,67100787
82085316950,67100790
82085316950,67100791
82085316950,67100792
82085316950,67100793
82085316950,67100796
82085316950,67100797
82085316950,67100798
82085316950,67100799
82085316950,67100800
82085316950,67100801
82085316950,67100803
82085316950,67100805
82085316950,67100806
82085316950,67100808
82085316950,67100809
82085316950,67100810
82085316950,67100811
82085316950,67100812
82085316950,67100813
82085316950,67100816
82085316950,67108009
82085316950,67108036
82085316950,67108061
82085316950,67108062
82085316950,67108063
82085316950,67108076
82085316950,67108078
82085316950,67108079
82085316950,67108082
82085316950,67108084
82085316950,67108086
82085316950,67108087
82085316950,67108088
82085316950,67108089
82085316950,67108090
82085316950,67108091
82085316950,67108092
82085316950,67108093
82085316950,67108099
82085316950,67108100
82085316950,67108101
82085316950,67108104
82085316950,67108105
82085316950,67108106
82085316950,67108107
82085316950,67108108
82085316950,67108110
82085316950,67108113
82085316950,67108115
82085316950,67108116
82085316950,67108117
82085316950,67108118
82085316950,67108121
82085316950,67108122
82085316950,67108123
82085316950,67108125
82085316950,67108126
82085316950,67108127
82085316950,67108128
82085316950,67108131
82085316950,67108133
82085316950,67108134
82085316950,67108135
82085316950,67108136
82085316950,67108137
82085316950,67108141
82085316950,67108142
82085316950,67108143
82085316950,67108146
82085316950,67108147
82085316950,67108148
82085316950,67108149
82085316950,67108150
82085316950,67108151
82085316950,67108152
82085316950,67108153
82085316950,67108154
82085316950,67108155
82085316950,67108156
82085316950,67108157
82085316950,67108161
82085316950,67108162
82085316950,67108165
82085316950,67108166
82085316950,67108167
82085316950,67108169
82085316950,67108170
82085316950,67108171
82085316950,67108172
82085316950,67108174
82085316950,67108175
82085316950,67108177
82085316950,67108178
82085316950,67108181
82085316950,67108182
82085316950,67108183
82085316950,67108184
82085316950,67108187
82085316950,67108188
82085316950,67108189
82085316950,67108190
82085316950,67108191
82085316950,67108192
82085316950,67108194
82085316950,67108196
82085316950,67108197
82085316950,67108199
82085316950,67108200
82085316950,67108201
82085316950,67108202
82085316950,67108203
82085316950,67108204
82085316950,67108449
82085316950,67108461
82085316950,67108473
82085316950,67108486
82085316950,67108488
82085316950,67108493
82085316950,67108496
82085316950,67108497
82085316950,67108498
82085316950,67108514
82085316950,67108515
82085316950,67108519
82085316950,67108530
82085316950,67108533
82085316950,67108554
82085316950,67108559
82085316950,67108565
82085316950,67108570
82085316950,67108572
82085316950,67108574
82085316950,67108575
82085316950,67108576
82085316950,67108584
82085316950,67108586
82085316950,67108587
82085316950,67108588
82085316950,67108589
82085316950,67108590
82085316950,67108594
82085316950,67108599
82085316950,67108600
82085316950,67108601
82085316950,67108605
82085316950,67108612
82085316950,67108613
82085316950,67108615
82085316950,67108616
82085316950,67108618
82085316950,67108622
82085316950,67108624
82085316950,67108625
82085316950,67108627
82085316950,67108630
82085316950,67108634
82085316950,67108635
82085316950,67108636
82085316950,67108639
82085316950,67108640
82085316950,67108642
82085316950,67108643
82085316950,67108645
82085316950,67108646
82085316950,67108647
82085316950,67108648
82085316950,67108649
82085316950,67108650
82085316950,67108651
82085316950,67108653
82085316950,67108660
82085316950,67108668
82085316950,67108673
82085316950,67108676
82085316950,67108759
109146410450,67089927
109146410450,67094147
109146410450,67094281
109146410450,67094564
109146410450,67095391
109146410450,67095392
109146410450,67095616
109146410450,67095683
109146410450,67095799
109146410450,67096517
109146410450,67097289
109146410450,67097325
109146410450,67097473
109146410450,67097482
109146410450,67097514
109146410450,67097552
109146410450,67097565
109146410450,67097762
109146410450,67097878
109146410450,67097937
109146410450,67097964
109146410450,67097969
109146410450,67098232
109146410450,67098494
109146410450,67098556
109146410450,67098718
109146410450,67098981
109146410450,67099121
109146410450,67099134
109146410450,67099179
109146410450,67099191
109146410450,67099270
109146410450,67099382
109146410450,67099449
109146410450,67099746
109146410450,67099845
109146410450,67099875
109146410450,67099881
109146410450,67099910
109146410450,67100034
109146410450,67100167
109146410450,67100176
109146410450,67100187
109146410450,67100193
109146410450,67100221
109146410450,67100285
109146410450,67100287
109146410450,67100295
109146410450,67100300
109146410450,67100316
109146410450,67100363
109146410450,67100456
109146410450,67100485
109146410450,67100536
109146410450,67100544
109146410450,67100576
109146410450,67100589
109146410450,67100598
109146410450,67100617
109146410450,67100644
109146410450,67100654
109146410450,67100666
109146410450,67100672
109146410450,67100674
109146410450,67100711
109146410450,67100721
109146410450,67100725
109146410450,67100741
109146410450,67100749
109146410450,67100773
109146410450,67100789
109146410450,67100823
109146410450,67100828
109146410450,67100845
109146410450,67100854
109146410450,67100862
109146410450,67100867
109146410450,67100868
109146410450,67100875
109146410450,67100883
109146410450,67100890
109146410450,67100896
109146410450,67100924
109146410450,67100929
109146410450,67100936
109146410450,67100939
109146410450,67100941
109146410450,67100945
109146410450,67100950
109146410450,67100960
109146410450,67100961
109146410450,67100965
109146410450,67100972
109146410450,67100973
109146410450,67100976
109146410450,67100977
109146410450,67100994
109146410450,67100996
109146410450,67101018
109146410450,67101538
109146410450,67101672
109146410450,67101955
109146410450,67102782
109146410450,67102783
109146410450,67103007
109146410450,67103074
109146410450,67103190
109146410450,67103787
109146410450,67103908
109146410450,67104680
109146410450,67104716
109146410450,67104864
109146410450,67104873
109146410450,67104905
109146410450,67104942
109146410450,67104956
109146410450,67105153
109146410450,67105268
109146410450,67105355
109146410450,67105360
109146410450,67105623
109146410450,67105885
109146410450,67105947
109146410450,67106109
109146410450,67106372
109146410450,67106512
109146410450,67106525
109146410450,67106570
109146410450,67106582
109146410450,67106661
109146410450,67106773
109146410450,67106840
109146410450,67107137
109146410450,67107236
109146410450,67107266
109146410450,67107272
109146410450,67107301
109146410450,67107425
109146410450,67107558
109146410450,67107566
109146410450,67107578
109146410450,67107584
109146410450,67107612
109146410450,67107676
109146410450,67107678
109146410450,67107686
109146410450,67107691
109146410450,67107707
109146410450,67107754
109146410450,67107847
109146410450,67107876
109146410450,67107927
109146410450,67107949
109146410450,67107950
109146410450,67107957
109146410450,67107967
109146410450,67107970
109146410450,67107980
109146410450,67107989
109146410450,67107995
109146410450,67108008
109146410450,67108030
109146410450,67108035
109146410450,67108044
109146410450,67108057
109146410450,67108102
109146410450,67108103
109146410450,67108112
109146410450,67108132
109146410450,67108140
109146410450,67108164
109146410450,67108180
109146410450,67108214
109146410450,67108219
109146410450,67108236
109146410450,67108245
109146410450,67108253
109146410450,67108258
109146410450,67108259
109146410450,67108266
109146410450,67108274
109146410450,67108281
109146410450,67108287
109146410450,67108315
109146410450,67108320
109146410450,67108327
109146410450,67108330
109146410450,67108332
109146410450,67108336
109146410450,67108351
109146410450,67108352
109146410450,67108356
109146410450,67108363
109146410450,67108364
109146410450,67108367
109146410450,67108368
109146410450,67108385
109146410450,67108387
109146410450,67108409
109146410450,67108476
109146410450,67108477
109146410450,67108478
109146410450,67108485
109146410450,67108494
109146410450,67108502
109146410450,67108535
109146410450,67108539
109146410450,67108546
109146410450,67108548
109146410450,67108677
109146410450,67108678
109146410450,67108683
109146410450,67108684
109146410450,67108694
109146410450,67108696
109146410450,67108697
109146410450,67108698
109146410450,67108700
109146410450,67108702
109146410450,67108705
109146410450,67108710
109146410450,67108711
109146410450,67108716
109146410450,67108717
109146410450,67108718
109146410450,67108721
109146410450,67108723
109146410450,67108724
109146410450,67108729
109146410450,67108730
109146410450,67108732
109146410450,67108733
109146410450,67108735
109146410450,67108738
109146410450,67108739
109146410450,67108741
109146410450,67108744
109146410450,67108745
109146410450,67108747
109146410450,67108749
109146410450,67108750
109146410450,67108752
109146410450,67108753
109146410450,67108762
109146410450,67108778
109146410450,67108779
109146410450,67108784
109146410450,67108789
109146410450,67108790
109146410450,67108793
136207503950,67094028
136207503950,67094848
136207503950,67095157
136207503950,67100516
136207503950,67100520
136207503950,67100523
136207503950,67100524
136207503950,67100526
136207503950,67100690
136207503950,67100832
136207503950,67100857
136207503950,67100880
136207503950,67100921
136207503950,67100922
136207503950,67100947
136207503950,67100955
136207503950,67100963
136207503950,67100969
136207503950,67100987
136207503950,67100991
136207503950,67100992
136207503950,67101001
136207503950,67101002
136207503950,67101003
136207503950,67101004
136207503950,67101006
136207503950,67101008
136207503950,67101009
136207503950,67101010
136207503950,67101012
136207503950,67101015
136207503950,67101019
136207503950,67101022
136207503950,67101023
136207503950,67101037
136207503950,67101040
136207503950,67101041
136207503950,67101419
136207503950,67102239
136207503950,67102548
136207503950,67107914
136207503950,67107915
136207503950,67107917
136207503950,67107926
136207503950,67108081
136207503950,67108209
136207503950,67108223
136207503950,67108248
136207503950,67108269
136207503950,67108271
136207503950,67108312
136207503950,67108313
136207503950,67108338
136207503950,67108346
136207503950,67108354
136207503950,67108360
136207503950,67108375
136207503950,67108378
136207503950,67108382
136207503950,67108383
136207503950,67108392
136207503950,67108393
136207503950,67108394
136207503950,67108395
136207503950,67108397
136207503950,67108399
136207503950,67108400
136207503950,67108401
136207503950,67108406
136207503950,67108410
136207503950,67108413
136207503950,67108414
136207503950,67108428
136207503950,67108431
136207503950,67108521
136207503950,67108712
136207503950,67108751
136207503950,67108755
136207503950,67108763
136207503950,67108777
136207503950,67108788
136207503950,67108794
