732856447,67100605
732856447,67100606
732856447,67100607
732856447,67100608
732856447,67100794
732856447,67104789
22718549857,67104134
22718549857,67104135
22718549857,67104138
22718549857,67104156
22718549857,67104157
22718549857,67104166
22718549857,67104167
22718549857,67104168
22718549857,67104169
22718549857,67104174
22718549857,67104177
22718549857,67104178
22718549857,67104179
22718549857,67104180
22718549857,67104190
22718549857,67104191
22718549857,67104192
22718549857,67104197
22718549857,67104198
22718549857,67104199
22718549857,67104200
22718549857,67104201
22718549857,67104202
22718549857,67104203
22718549857,67104205
22718549857,67104206
22718549857,67104207
22718549857,67104208
22718549857,67104209
22718549857,67104210
22718549857,67104211
22718549857,67104212
22718549857,67104213
22718549857,67104214
22718549857,67104215
22718549857,67104216
22718549857,67104218
22718549857,67104219
22718549857,67108129
22718549857,67108133
22718549857,67108151
22718549857,67108161
22718549857,67108162
22718549857,67108163
22718549857,67108164
22718549857,67108169
22718549857,67108172
22718549857,67108174
22718549857,67108175
22718549857,67108180
22718549857,67108182
22718549857,67108184
22718549857,67108185
22718549857,67108186
22718549857,67108187
22718549857,67108192
22718549857,67108193
22718549857,67108194
22718549857,67108195
22718549857,67108197
22718549857,67108198
22718549857,67108199
22718549857,67108200
22718549857,67108201
22718549857,67108203
22718549857,67108204
22718549857,67108205
22718549857,67108206
22718549857,67108207
22718549857,67108208
22718549857,67108209
22718549857,67108210
22718549857,67108211
22718549857,67108213
22718549857,67108214
22718549857,67108777
22718549857,67108778
22718549857,67108779
22718549857,67108780
