732856447,67100605
732856447,67100606
732856447,67100607
732856447,67100608
732856447,67100794
732856447,67104789
22718549857,67099934
22718549857,67104070
22718549857,67104072
22718549857,67104074
22718549857,67104082
22718549857,67104085
22718549857,67104086
22718549857,67104087
22718549857,67104088
22718549857,67104092
22718549857,67104097
22718549857,67104098
22718549857,67104102
22718549857,67104104
22718549857,67104105
22718549857,67104106
22718549857,67104107
22718549857,67104108
22718549857,67104109
22718549857,67104113
22718549857,67104114
22718549857,67104115
22718549857,67104116
22718549857,67104117
22718549857,67104118
22718549857,67104119
22718549857,67104120
22718549857,67104121
22718549857,67104122
22718549857,67104123
22718549857,67104124
22718549857,67104125
22718549857,67104126
22718549857,67104127
22718549857,67104128
22718549857,67104129
22718549857,67104130
22718549857,67104131
22718549857,67104132
22718549857,67104133
22718549857,67104134
22718549857,67104135
22718549857,67104136
22718549857,67104137
22718549857,67104138
22718549857,67104139
22718549857,67104140
22718549857,67104141
22718549857,67104142
22718549857,67104143
22718549857,67104144
22718549857,67104145
22718549857,67104146
22718549857,67104147
22718549857,67104148
22718549857,67104149
22718549857,67104150
22718549857,67104151
22718549857,67104152
22718549857,67104153
22718549857,67104154
22718549857,67104155
22718549857,67104156
22718549857,67104157
22718549857,67104158
22718549857,67104159
22718549857,67104160
22718549857,67104161
22718549857,67104162
22718549857,67104163
22718549857,67104164
22718549857,67104165
22718549857,67104166
22718549857,67104167
22718549857,67104168
22718549857,67104169
22718549857,67104170
22718549857,67104171
22718549857,67104172
22718549857,67104173
22718549857,67104174
22718549857,67104175
22718549857,67104176
22718549857,67104177
22718549857,67104178
22718549857,67104179
22718549857,67104180
22718549857,67104181
22718549857,67104182
22718549857,67104183
22718549857,67104184
22718549857,67104185
22718549857,67104186
22718549857,67104187
22718549857,67104188
22718549857,67104189
22718549857,67104190
22718549857,67104191
22718549857,67104192
22718549857,67104193
22718549857,67104194
22718549857,67104195
22718549857,67104196
22718549857,67104197
22718549857,67104198
22718549857,67104199
22718549857,67104200
22718549857,67104201
22718549857,67104202
22718549857,67104203
22718549857,67104204
22718549857,67104205
22718549857,67104206
22718549857,67104207
22718549857,67104208
22718549857,67104209
22718549857,67104210
22718549857,67104211
22718549857,67104212
22718549857,67104213
22718549857,67104214
22718549857,67104215
22718549857,67104216
22718549857,67104217
22718549857,67104218
22718549857,67104219
22718549857,67108065
22718549857,67108067
22718549857,67108069
22718549857,67108077
22718549857,67108080
22718549857,67108081
22718549857,67108082
22718549857,67108083
22718549857,67108087
22718549857,67108092
22718549857,67108097
22718549857,67108098
22718549857,67108099
22718549857,67108100
22718549857,67108101
22718549857,67108102
22718549857,67108103
22718549857,67108104
22718549857,67108108
22718549857,67108109
22718549857,67108110
22718549857,67108112
22718549857,67108113
22718549857,67108114
22718549857,67108115
22718549857,67108116
22718549857,67108117
22718549857,67108119
22718549857,67108120
22718549857,67108121
22718549857,67108122
22718549857,67108123
22718549857,67108124
22718549857,67108125
22718549857,67108126
22718549857,67108127
22718549857,67108128
22718549857,67108129
22718549857,67108130
22718549857,67108131
22718549857,67108132
22718549857,67108133
22718549857,67108134
22718549857,67108135
22718549857,67108136
22718549857,67108137
22718549857,67108138
22718549857,67108139
22718549857,67108140
22718549857,67108141
22718549857,67108142
22718549857,67108143
22718549857,67108144
22718549857,67108145
22718549857,67108146
22718549857,67108147
22718549857,67108148
22718549857,67108149
22718549857,67108150
22718549857,67108151
22718549857,67108152
22718549857,67108153
22718549857,67108154
22718549857,67108155
22718549857,67108156
22718549857,67108157
22718549857,67108158
22718549857,67108159
22718549857,67108160
22718549857,67108161
22718549857,67108162
22718549857,67108163
22718549857,67108164
22718549857,67108165
22718549857,67108166
22718549857,67108167
22718549857,67108168
22718549857,67108169
22718549857,67108170
22718549857,67108171
22718549857,67108172
22718549857,67108173
22718549857,67108174
22718549857,67108175
22718549857,67108176
22718549857,67108177
22718549857,67108178
22718549857,67108179
22718549857,67108180
22718549857,67108181
22718549857,67108182
22718549857,67108183
22718549857,67108184
22718549857,67108185
22718549857,67108186
22718549857,67108187
22718549857,67108188
22718549857,67108189
22718549857,67108190
22718549857,67108191
22718549857,67108192
22718549857,67108193
22718549857,67108194
22718549857,67108195
22718549857,67108196
22718549857,67108197
22718549857,67108198
22718549857,67108199
22718549857,67108200
22718549857,67108201
22718549857,67108202
22718549857,67108203
22718549857,67108204
22718549857,67108205
22718549857,67108206
22718549857,67108207
22718549857,67108208
22718549857,67108209
22718549857,67108210
22718549857,67108211
22718549857,67108212
22718549857,67108213
22718549857,67108214
22718549857,67108774
22718549857,67108775
22718549857,67108776
22718549857,67108777
22718549857,67108778
22718549857,67108779
22718549857,67108780
44704243267,131245
44704243267,131252
44704243267,131253
44704243267,131260
44704243267,131261
44704243267,67099960
44704243267,67100678
44704243267,67100681
44704243267,67100682
44704243267,67100683
44704243267,67100684
44704243267,67100685
44704243267,67100688
44704243267,67100689
44704243267,67100691
44704243267,67100692
44704243267,67100693
44704243267,67100694
44704243267,67100695
44704243267,67100696
44704243267,67100697
44704243267,67100698
44704243267,67100699
44704243267,67100700
44704243267,67100701
44704243267,67100703
44704243267,67100704
44704243267,67100706
44704243267,67100707
44704243267,67100708
44704243267,67100709
44704243267,67100710
44704243267,67100711
44704243267,67100712
44704243267,67100713
44704243267,67100714
44704243267,67100715
44704243267,67100716
44704243267,67100717
44704243267,67100718
44704243267,67100719
44704243267,67100720
44704243267,67100721
44704243267,67100722
44704243267,67100724
44704243267,67100725
44704243267,67100726
44704243267,67100727
44704243267,67100730
44704243267,67100732
44704243267,67100733
44704243267,67100734
44704243267,67100735
44704243267,67100736
44704243267,67100737
44704243267,67100738
44704243267,67100739
44704243267,67100741
44704243267,67100742
44704243267,67100743
44704243267,67100744
44704243267,67100745
44704243267,67100746
44704243267,67100747
44704243267,67100748
44704243267,67100749
44704243267,67100751
44704243267,67100752
44704243267,67100754
44704243267,67100755
44704243267,67100757
44704243267,67100758
44704243267,67103770
44704243267,67103778
44704243267,67103808
44704243267,67103819
44704243267,67103835
44704243267,67103907
44704243267,67103909
44704243267,67103913
44704243267,67103962
44704243267,67104075
44704243267,67104076
44704243267,67104222
44704243267,67104227
44704243267,67104236
44704243267,67104322
44704243267,67104332
44704243267,67104581
44704243267,67104583
44704243267,67104595
44704243267,67104601
44704243267,67104605
44704243267,67104613
44704243267,67104620
44704243267,67104627
44704243267,67104631
44704243267,67104633
44704243267,67104648
44704243267,67104653
44704243267,67104654
44704243267,67104655
44704243267,67104658
44704243267,67104660
44704243267,67104663
44704243267,67104668
44704243267,67104671
44704243267,67104672
44704243267,67104673
44704243267,67104676
44704243267,67104677
44704243267,67104678
44704243267,67104679
44704243267,67104680
44704243267,67104685
44704243267,67104686
44704243267,67104687
44704243267,67104688
44704243267,67104689
44704243267,67104690
44704243267,67104691
44704243267,67104692
44704243267,67104693
44704243267,67104694
44704243267,67104695
44704243267,67104696
44704243267,67104698
44704243267,67104699
44704243267,67104701
44704243267,67104702
44704243267,67104703
44704243267,67104704
44704243267,67104705
44704243267,67104706
44704243267,67104707
44704243267,67104708
44704243267,67104709
44704243267,67104710
44704243267,67104711
44704243267,67104712
44704243267,67104713
44704243267,67104714
44704243267,67104715
44704243267,67104716
44704243267,67104717
44704243267,67104719
44704243267,67104720
44704243267,67104721
44704243267,67104723
44704243267,67104726
44704243267,67104727
44704243267,67104728
44704243267,67104729
44704243267,67104730
44704243267,67104731
44704243267,67104732
44704243267,67104733
44704243267,67104734
44704243267,67104736
44704243267,67104737
44704243267,67104738
44704243267,67104739
44704243267,67104740
44704243267,67104741
44704243267,67104742
44704243267,67104743
44704243267,67104744
44704243267,67104746
44704243267,67104747
44704243267,67104749
44704243267,67104750
44704243267,67104752
44704243267,67104753
44704243267,67107765
44704243267,67107773
44704243267,67107780
44704243267,67107803
44704243267,67107814
44704243267,67107833
44704243267,67107902
44704243267,67107903
44704243267,67107908
44704243267,67107957
44704243267,67108070
44704243267,67108071
44704243267,67108217
44704243267,67108231
44704243267,67108327
44704243267,67108590
44704243267,67108596
44704243267,67108600
44704243267,67108607
44704243267,67108613
44704243267,67108615
44704243267,67108621
44704243267,67108626
44704243267,67108628
44704243267,67108643
44704243267,67108648
44704243267,67108649
44704243267,67108650
44704243267,67108653
44704243267,67108655
44704243267,67108664
44704243267,67108671
44704243267,67108672
44704243267,67108673
44704243267,67108674
44704243267,67108675
44704243267,67108677
44704243267,67108678
44704243267,67108679
44704243267,67108680
44704243267,67108683
44704243267,67108684
44704243267,67108688
44704243267,67108691
44704243267,67108694
44704243267,67108696
44704243267,67108698
44704243267,67108699
44704243267,67108702
44704243267,67108703
44704243267,67108704
44704243267,67108708
44704243267,67108709
44704243267,67108710
44704243267,67108712
44704243267,67108713
44704243267,67108725
44704243267,67108726
44704243267,67108727
44704243267,67108728
44704243267,67108729
44704243267,67108737
44704243267,67108739
44704243267,67108740
44704243267,67108748
44704243267,67108753
44704243267,67108756
44704243267,67108759
44704243267,67108761
44704243267,67108762
44704243267,67108764
44704243267,67108765
44704243267,67108766
44704243267,67108767
44704243267,67108768
44704243267,67108769
44704243267,67108770
44704243267,67108772
44704243267,67108781
44704243267,67108783
44704243267,67108784
44704243267,67108789
44704243267,67108790
66689936677,67099278
66689936677,67099971
66689936677,67100761
66689936677,67100763
66689936677,67100764
66689936677,67100767
66689936677,67100768
66689936677,67100769
66689936677,67100770
66689936677,67100771
66689936677,67100772
66689936677,67100773
66689936677,67100774
66689936677,67100775
66689936677,67100776
66689936677,67100777
66689936677,67100778
66689936677,67100779
66689936677,67100780
66689936677,67100781
66689936677,67100782
66689936677,67100785
66689936677,67100786
66689936677,67100787
66689936677,67100789
66689936677,67100792
66689936677,67101209
66689936677,67101602
66689936677,67103754
66689936677,67103793
66689936677,67103877
66689936677,67103923
66689936677,67104225
66689936677,67104232
66689936677,67104242
66689936677,67104245
66689936677,67104252
66689936677,67104261
66689936677,67104262
66689936677,67104337
66689936677,67104348
66689936677,67104356
66689936677,67104357
66689936677,67104359
66689936677,67104448
66689936677,67104453
66689936677,67104457
66689936677,67104459
66689936677,67104571
66689936677,67104594
66689936677,67104603
66689936677,67104608
66689936677,67104610
66689936677,67104616
66689936677,67104619
66689936677,67104621
66689936677,67104626
66689936677,67104637
66689936677,67104639
66689936677,67104640
66689936677,67104642
66689936677,67104646
66689936677,67104756
66689936677,67104758
66689936677,67104759
66689936677,67104762
66689936677,67104763
66689936677,67104764
66689936677,67104765
66689936677,67104766
66689936677,67104767
66689936677,67104768
66689936677,67104769
66689936677,67104770
66689936677,67104771
66689936677,67104772
66689936677,67104773
66689936677,67104774
66689936677,67104775
66689936677,67104776
66689936677,67104777
66689936677,67104780
66689936677,67104781
66689936677,67104783
66689936677,67104784
66689936677,67105204
66689936677,67105597
66689936677,67106884
66689936677,67107351
66689936677,67107458
66689936677,67107749
66689936677,67107788
66689936677,67107872
66689936677,67107918
66689936677,67108220
66689936677,67108227
66689936677,67108237
66689936677,67108240
66689936677,67108247
66689936677,67108256
66689936677,67108257
66689936677,67108332
66689936677,67108351
66689936677,67108352
66689936677,67108354
66689936677,67108436
66689936677,67108443
66689936677,67108448
66689936677,67108451
66689936677,67108566
66689936677,67108594
66689936677,67108598
66689936677,67108603
66689936677,67108605
66689936677,67108611
66689936677,67108614
66689936677,67108616
66689936677,67108623
66689936677,67108632
66689936677,67108633
66689936677,67108635
66689936677,67108637
66689936677,67108641
66689936677,67108654
66689936677,67108658
66689936677,67108681
66689936677,67108685
66689936677,67108687
66689936677,67108689
66689936677,67108690
66689936677,67108692
66689936677,67108693
66689936677,67108695
66689936677,67108697
66689936677,67108700
66689936677,67108701
66689936677,67108705
66689936677,67108706
66689936677,67108707
66689936677,67108711
66689936677,67108714
66689936677,67108715
66689936677,67108717
66689936677,67108722
66689936677,67108723
66689936677,67108731
66689936677,67108734
66689936677,67108735
66689936677,67108736
66689936677,67108738
66689936677,67108742
66689936677,67108743
66689936677,67108744
66689936677,67108746
66689936677,67108749
66689936677,67108750
66689936677,67108751
66689936677,67108755
66689936677,67108757
66689936677,67108758
66689936677,67108771
66689936677,67108773
66689936677,67108782
66689936677,67108785
66689936677,67108787
66689936677,67108788
