1093269888,67093415
1093269888,67093416
1093269888,67093417
1093269888,67093418
1093269888,67093419
1093269888,67093420
1093269888,67093421
1093269888,67093422
1093269888,67093423
1093269888,67093424
1093269888,67093425
1093269888,67093426
1093269888,67093427
1093269888,67093428
1093269888,67093429
1093269888,67093430
1093269888,67093431
1093269888,67093432
1093269888,67093433
1093269888,67093434
1093269888,67093435
1093269888,67093436
1093269888,67093439
1093269888,67093440
1093269888,67093441
1093269888,67093442
1093269888,67093915
1093269888,67101404
33891366528,67091420
33891366528,67092594
33891366528,67093482
33891366528,67093483
33891366528,67093484
33891366528,67093485
33891366528,67093486
33891366528,67093487
33891366528,67093488
33891366528,67093489
33891366528,67093490
33891366528,67093491
33891366528,67093492
33891366528,67093493
33891366528,67093494
33891366528,67093495
33891366528,67093496
33891366528,67093497
33891366528,67093498
33891366528,67093499
33891366528,67093500
33891366528,67093501
33891366528,67093502
33891366528,67093503
33891366528,67093504
33891366528,67093505
33891366528,67093506
33891366528,67093507
33891366528,67093508
33891366528,67093509
33891366528,67093510
33891366528,67093511
33891366528,67093512
33891366528,67093513
33891366528,67093514
33891366528,67093515
33891366528,67093516
33891366528,67093517
33891366528,67093518
33891366528,67093519
33891366528,67093520
33891366528,67093521
33891366528,67093522
33891366528,67093523
33891366528,67093524
33891366528,67093525
33891366528,67093526
33891366528,67093527
33891366528,67093528
33891366528,67093529
33891366528,67093530
33891366528,67093531
33891366528,67093532
33891366528,67093533
33891366528,67093534
33891366528,67093535
33891366528,67093536
33891366528,67093537
33891366528,67093538
33891366528,67093539
33891366528,67093540
33891366528,67098452
33891366528,67098453
33891366528,67098454
33891366528,67098455
33891366528,67105942
33891366528,67105943
33891366528,67105944
33891366528,67108630
66689463168,131231
66689463168,131232
66689463168,131246
66689463168,131247
66689463168,67091412
66689463168,67093558
66689463168,67093568
66689463168,67093569
66689463168,67093574
66689463168,67093579
66689463168,67093580
66689463168,67093583
66689463168,67093587
66689463168,67093588
66689463168,67093591
66689463168,67093592
66689463168,67093595
66689463168,67093599
66689463168,67093602
66689463168,67093603
66689463168,67093604
66689463168,67093607
66689463168,67093608
66689463168,67093609
66689463168,67093611
66689463168,67093625
66689463168,67093638
66689463168,67093640
66689463168,67093649
66689463168,67093661
66689463168,67093674
66689463168,67093678
66689463168,67093698
66689463168,67093729
66689463168,67093731
66689463168,67093737
66689463168,67093740
66689463168,67093742
66689463168,67093745
66689463168,67093750
66689463168,67093751
66689463168,67093752
66689463168,67093775
66689463168,67093776
66689463168,67093778
66689463168,67093779
66689463168,67093780
66689463168,67093784
66689463168,67093788
66689463168,67093797
66689463168,67093798
66689463168,67093800
66689463168,67093801
66689463168,67093803
66689463168,67093805
66689463168,67093807
66689463168,67093808
66689463168,67093809
66689463168,67093916
66689463168,67093921
66689463168,67094304
66689463168,67094305
66689463168,67094308
66689463168,67094310
66689463168,67094312
66689463168,67094313
66689463168,67094317
66689463168,67094320
66689463168,67094321
66689463168,67094323
66689463168,67094324
66689463168,67094325
66689463168,67094326
66689463168,67094327
66689463168,67094331
66689463168,67094332
66689463168,67094336
66689463168,67094337
66689463168,67094341
66689463168,67094342
66689463168,67094343
66689463168,67094345
66689463168,67094346
66689463168,67094347
66689463168,67094352
66689463168,67094356
66689463168,67094357
66689463168,67094358
66689463168,67094359
66689463168,67094362
66689463168,67094364
66689463168,67094365
66689463168,67094366
66689463168,67094368
66689463168,67094370
66689463168,67094371
66689463168,67094372
66689463168,67094672
66689463168,67094673
66689463168,67094674
66689463168,67094675
66689463168,67094676
66689463168,67094677
66689463168,67094678
66689463168,67094806
66689463168,67094807
66689463168,67094809
66689463168,67094811
66689463168,67094813
66689463168,67094814
66689463168,67094815
66689463168,67094816
66689463168,67094817
66689463168,67094818
66689463168,67094819
66689463168,67094821
66689463168,67094822
66689463168,67094823
66689463168,67094824
66689463168,67094825
66689463168,67094826
66689463168,67094827
66689463168,67094828
66689463168,67094829
66689463168,67094830
66689463168,67094831
66689463168,67094832
66689463168,67094833
66689463168,67094834
66689463168,67094835
66689463168,67094836
66689463168,67094837
66689463168,67094839
66689463168,67094840
66689463168,67094841
66689463168,67094842
66689463168,67094843
66689463168,67094863
66689463168,67096475
66689463168,67096476
66689463168,67101115
66689463168,67101127
66689463168,67101129
66689463168,67101138
66689463168,67101151
66689463168,67101163
66689463168,67101167
66689463168,67101187
66689463168,67101218
66689463168,67101221
66689463168,67101222
66689463168,67101226
66689463168,67101229
66689463168,67101231
66689463168,67101234
66689463168,67101240
66689463168,67101241
66689463168,67101244
66689463168,67101264
66689463168,67101265
66689463168,67101267
66689463168,67101268
66689463168,67101269
66689463168,67101273
66689463168,67101277
66689463168,67101287
66689463168,67101288
66689463168,67101289
66689463168,67101292
66689463168,67101294
66689463168,67101296
66689463168,67101297
66689463168,67101298
66689463168,67101410
66689463168,67101793
66689463168,67101794
66689463168,67101795
66689463168,67101797
66689463168,67101798
66689463168,67101799
66689463168,67101800
66689463168,67101801
66689463168,67101802
66689463168,67101803
66689463168,67101807
66689463168,67101810
66689463168,67101812
66689463168,67101813
66689463168,67101815
66689463168,67101816
66689463168,67101820
66689463168,67101822
66689463168,67101825
66689463168,67101826
66689463168,67101827
66689463168,67101831
66689463168,67101832
66689463168,67101834
66689463168,67101835
66689463168,67101836
66689463168,67101837
66689463168,67101845
66689463168,67101846
66689463168,67101847
66689463168,67101848
66689463168,67101849
66689463168,67101852
66689463168,67101853
66689463168,67101854
66689463168,67101855
66689463168,67101856
66689463168,67101857
66689463168,67101859
66689463168,67101861
66689463168,67102162
66689463168,67102163
66689463168,67102164
66689463168,67102165
66689463168,67102166
66689463168,67102167
66689463168,67102168
66689463168,67102295
66689463168,67102297
66689463168,67102299
66689463168,67102300
66689463168,67102302
66689463168,67102303
66689463168,67102304
66689463168,67102305
66689463168,67102306
66689463168,67102307
66689463168,67102308
66689463168,67102311
66689463168,67102312
66689463168,67102313
66689463168,67102314
66689463168,67102315
66689463168,67102316
66689463168,67102317
66689463168,67102318
66689463168,67102319
66689463168,67102320
66689463168,67102321
66689463168,67102322
66689463168,67102323
66689463168,67102324
66689463168,67102325
66689463168,67102326
66689463168,67102327
66689463168,67102328
66689463168,67102329
66689463168,67102330
66689463168,67102331
66689463168,67102332
66689463168,67103964
66689463168,67103965
99487559808,131248
99487559808,67091452
99487559808,67093557
99487559808,67093605
99487559808,67093606
99487559808,67093610
99487559808,67093612
99487559808,67093653
99487559808,67093655
99487559808,67093656
99487559808,67093735
99487559808,67093806
99487559808,67093918
99487559808,67093924
99487559808,67093927
99487559808,67093949
99487559808,67093997
99487559808,67094028
99487559808,67094032
99487559808,67094049
99487559808,67094052
99487559808,67094062
99487559808,67094081
99487559808,67094083
99487559808,67094085
99487559808,67094086
99487559808,67094107
99487559808,67094112
99487559808,67094131
99487559808,67094150
99487559808,67094156
99487559808,67094178
99487559808,67094181
99487559808,67094221
99487559808,67094235
99487559808,67094238
99487559808,67094239
99487559808,67094273
99487559808,67094279
99487559808,67094281
99487559808,67094285
99487559808,67094286
99487559808,67094307
99487559808,67094373
99487559808,67094374
99487559808,67094376
99487559808,67094379
99487559808,67094380
99487559808,67094390
99487559808,67094402
99487559808,67094437
99487559808,67094444
99487559808,67094467
99487559808,67094469
99487559808,67094470
99487559808,67094472
99487559808,67094479
99487559808,67094484
99487559808,67094490
99487559808,67094492
99487559808,67094495
99487559808,67094498
99487559808,67094511
99487559808,67094513
99487559808,67094518
99487559808,67094520
99487559808,67094521
99487559808,67094522
99487559808,67094525
99487559808,67094527
99487559808,67094535
99487559808,67094536
99487559808,67094540
99487559808,67094546
99487559808,67094551
99487559808,67094562
99487559808,67094563
99487559808,67094572
99487559808,67094580
99487559808,67094595
99487559808,67094601
99487559808,67094603
99487559808,67094610
99487559808,67094679
99487559808,67094681
99487559808,67094682
99487559808,67094684
99487559808,67094687
99487559808,67094857
99487559808,67094867
99487559808,67094868
99487559808,67094870
99487559808,67094876
99487559808,67094902
99487559808,67094910
99487559808,67094937
99487559808,67094940
99487559808,67094942
99487559808,67094945
99487559808,67094949
99487559808,67094953
99487559808,67094954
99487559808,67094955
99487559808,67094956
99487559808,67094958
99487559808,67094970
99487559808,67094972
99487559808,67094973
99487559808,67094975
99487559808,67094976
99487559808,67094978
99487559808,67094986
99487559808,67094988
99487559808,67094999
99487559808,67095006
99487559808,67095007
99487559808,67095010
99487559808,67095015
99487559808,67095028
99487559808,67095031
99487559808,67095038
99487559808,67095046
99487559808,67095053
99487559808,67095064
99487559808,67095066
99487559808,67095997
99487559808,67096932
99487559808,67096933
99487559808,67096934
99487559808,67096935
99487559808,67101144
99487559808,67101145
99487559808,67101225
99487559808,67101295
99487559808,67101407
99487559808,67101413
99487559808,67101416
99487559808,67101438
99487559808,67101487
99487559808,67101517
99487559808,67101521
99487559808,67101538
99487559808,67101542
99487559808,67101551
99487559808,67101570
99487559808,67101572
99487559808,67101575
99487559808,67101597
99487559808,67101601
99487559808,67101620
99487559808,67101621
99487559808,67101639
99487559808,67101645
99487559808,67101646
99487559808,67101667
99487559808,67101670
99487559808,67101710
99487559808,67101724
99487559808,67101727
99487559808,67101728
99487559808,67101762
99487559808,67101768
99487559808,67101770
99487559808,67101775
99487559808,67101796
99487559808,67101863
99487559808,67101864
99487559808,67101865
99487559808,67101868
99487559808,67101869
99487559808,67101879
99487559808,67101891
99487559808,67101926
99487559808,67101933
99487559808,67101934
99487559808,67101956
99487559808,67101958
99487559808,67101959
99487559808,67101961
99487559808,67101968
99487559808,67101973
99487559808,67101979
99487559808,67101981
99487559808,67101984
99487559808,67101988
99487559808,67102000
99487559808,67102002
99487559808,67102003
99487559808,67102007
99487559808,67102009
99487559808,67102011
99487559808,67102015
99487559808,67102016
99487559808,67102025
99487559808,67102029
99487559808,67102036
99487559808,67102041
99487559808,67102051
99487559808,67102052
99487559808,67102062
99487559808,67102069
99487559808,67102084
99487559808,67102090
99487559808,67102092
99487559808,67102099
99487559808,67102169
99487559808,67102170
99487559808,67102171
99487559808,67102173
99487559808,67102174
99487559808,67102176
99487559808,67102346
99487559808,67102357
99487559808,67102359
99487559808,67102365
99487559808,67102391
99487559808,67102400
99487559808,67102412
99487559808,67102426
99487559808,67102429
99487559808,67102431
99487559808,67102434
99487559808,67102438
99487559808,67102442
99487559808,67102443
99487559808,67102445
99487559808,67102447
99487559808,67102448
99487559808,67102460
99487559808,67102462
99487559808,67102464
99487559808,67102465
99487559808,67102466
99487559808,67102468
99487559808,67102475
99487559808,67102477
99487559808,67102488
99487559808,67102495
99487559808,67102496
99487559808,67102499
99487559808,67102504
99487559808,67102517
99487559808,67102521
99487559808,67102528
99487559808,67102535
99487559808,67102543
99487559808,67102553
99487559808,67102555
99487559808,67104422
99487559808,67104423
99487559808,67104424
99487559808,67108595
132285656448,131233
132285656448,131234
132285656448,131241
132285656448,131249
132285656448,131255
132285656448,131261
132285656448,67091496
132285656448,67093567
132285656448,67093663
132285656448,67093720
132285656448,67093723
132285656448,67093756
132285656448,67093764
132285656448,67093781
132285656448,67093787
132285656448,67093793
132285656448,67093815
132285656448,67093941
132285656448,67093944
132285656448,67093945
132285656448,67093953
132285656448,67093990
132285656448,67094024
132285656448,67094025
132285656448,67094045
132285656448,67094082
132285656448,67094088
132285656448,67094098
132285656448,67094103
132285656448,67094123
132285656448,67094151
132285656448,67094163
132285656448,67094171
132285656448,67094215
132285656448,67094223
132285656448,67094227
132285656448,67094245
132285656448,67094264
132285656448,67094274
132285656448,67094277
132285656448,67094350
132285656448,67094395
132285656448,67094404
132285656448,67094419
132285656448,67094427
132285656448,67094446
132285656448,67094453
132285656448,67094480
132285656448,67094489
132285656448,67094501
132285656448,67094509
132285656448,67094552
132285656448,67094561
132285656448,67094565
132285656448,67094576
132285656448,67094585
132285656448,67094588
132285656448,67094589
132285656448,67094594
132285656448,67094612
132285656448,67094628
132285656448,67094635
132285656448,67094646
132285656448,67094652
132285656448,67094661
132285656448,67094686
132285656448,67094692
132285656448,67094701
132285656448,67094714
132285656448,67094717
132285656448,67094731
132285656448,67094741
132285656448,67094748
132285656448,67094753
132285656448,67094760
132285656448,67094774
132285656448,67094784
132285656448,67094789
132285656448,67094844
132285656448,67094849
132285656448,67094850
132285656448,67094854
132285656448,67094861
132285656448,67094886
132285656448,67094899
132285656448,67094903
132285656448,67094911
132285656448,67094912
132285656448,67094932
132285656448,67094933
132285656448,67094959
132285656448,67094989
132285656448,67095004
132285656448,67095011
132285656448,67095039
132285656448,67095048
132285656448,67095107
132285656448,67095140
132285656448,67095164
132285656448,67095202
132285656448,67095209
132285656448,67095211
132285656448,67095212
132285656448,67095214
132285656448,67095224
132285656448,67098621
132285656448,67098714
132285656448,67098805
132285656448,67098989
132285656448,67099256
132285656448,67099403
132285656448,67099404
132285656448,67101153
132285656448,67101210
132285656448,67101212
132285656448,67101245
132285656448,67101253
132285656448,67101271
132285656448,67101276
132285656448,67101282
132285656448,67101304
132285656448,67101430
132285656448,67101434
132285656448,67101442
132285656448,67101479
132285656448,67101514
132285656448,67101534
132285656448,67101552
132285656448,67101577
132285656448,67101587
132285656448,67101592
132285656448,67101613
132285656448,67101640
132285656448,67101652
132285656448,67101661
132285656448,67101704
132285656448,67101712
132285656448,67101717
132285656448,67101734
132285656448,67101753
132285656448,67101763
132285656448,67101766
132285656448,67101809
132285656448,67101840
132285656448,67101884
132285656448,67101909
132285656448,67101916
132285656448,67101935
132285656448,67101943
132285656448,67101970
132285656448,67101990
132285656448,67101998
132285656448,67102050
132285656448,67102055
132285656448,67102061
132285656448,67102065
132285656448,67102074
132285656448,67102077
132285656448,67102078
132285656448,67102083
132285656448,67102101
132285656448,67102117
132285656448,67102124
132285656448,67102136
132285656448,67102141
132285656448,67102150
132285656448,67102151
132285656448,67102181
132285656448,67102190
132285656448,67102203
132285656448,67102206
132285656448,67102220
132285656448,67102231
132285656448,67102237
132285656448,67102243
132285656448,67102249
132285656448,67102263
132285656448,67102273
132285656448,67102278
132285656448,67102333
132285656448,67102338
132285656448,67102339
132285656448,67102342
132285656448,67102343
132285656448,67102350
132285656448,67102375
132285656448,67102388
132285656448,67102392
132285656448,67102401
132285656448,67102402
132285656448,67102421
132285656448,67102422
132285656448,67102467
132285656448,67102479
132285656448,67102489
132285656448,67102494
132285656448,67102500
132285656448,67102529
132285656448,67102537
132285656448,67102596
132285656448,67102629
132285656448,67102653
132285656448,67102691
132285656448,67102698
132285656448,67102700
132285656448,67102701
132285656448,67102704
132285656448,67102713
132285656448,67106110
132285656448,67106202
132285656448,67106203
132285656448,67106294
132285656448,67106478
132285656448,67106746
132285656448,67106893
132285656448,67108596
132285656448,67108597
132285656448,67108598
132285656448,67108599
132285656448,67108600
132285656448,67108601
132285656448,67108602
132285656448,67108603
132285656448,67108604
132285656448,67108605
132285656448,67108606
132285656448,67108607
132285656448,67108608
132285656448,67108609
132285656448,67108610
132285656448,67108611
132285656448,67108612
132285656448,67108614
132285656448,67108615
132285656448,67108616
132285656448,67108618
132285656448,67108619
132285656448,67108620
132285656448,67108621
132285656448,67108622
132285656448,67108623
132285656448,67108626
132285656448,67108631
132285656448,67108632
132285656448,67108633
132285656448,67108637
132285656448,67108638
132285656448,67108640
132285656448,67108641
132285656448,67108643
132285656448,67108645
132285656448,67108649
165083753088,131243
165083753088,131257
165083753088,67093648
165083753088,67093938
165083753088,67094124
165083753088,67094136
165083753088,67094162
165083753088,67094167
165083753088,67094183
165083753088,67094188
165083753088,67094231
165083753088,67094237
165083753088,67094246
165083753088,67094260
165083753088,67094303
165083753088,67094383
165083753088,67094420
165083753088,67094436
165083753088,67094442
165083753088,67094597
165083753088,67094650
165083753088,67094703
165083753088,67094803
165083753088,67094893
165083753088,67094894
165083753088,67095035
165083753088,67095116
165083753088,67095160
165083753088,67095185
165083753088,67095196
165083753088,67095257
165083753088,67095278
165083753088,67095306
165083753088,67095314
165083753088,67095731
165083753088,67095794
165083753088,67095850
165083753088,67095898
165083753088,67095945
165083753088,67095972
165083753088,67096036
165083753088,67096037
165083753088,67096102
165083753088,67096274
165083753088,67096288
165083753088,67096370
165083753088,67096436
165083753088,67096511
165083753088,67096582
165083753088,67096598
165083753088,67096754
165083753088,67096886
165083753088,67096962
165083753088,67096994
165083753088,67097150
165083753088,67097230
165083753088,67097288
165083753088,67097289
165083753088,67097408
165083753088,67097484
165083753088,67097559
165083753088,67097595
165083753088,67097663
165083753088,67097667
165083753088,67097673
165083753088,67097724
165083753088,67097725
165083753088,67097727
165083753088,67097738
165083753088,67097767
165083753088,67097774
165083753088,67097792
165083753088,67097796
165083753088,67097810
165083753088,67097827
165083753088,67097833
165083753088,67097840
165083753088,67097901
165083753088,67097926
165083753088,67097954
165083753088,67097955
165083753088,67098028
165083753088,67098043
165083753088,67098107
165083753088,67098113
165083753088,67098141
165083753088,67098164
165083753088,67098209
165083753088,67098221
165083753088,67098275
165083753088,67098276
165083753088,67098296
165083753088,67098338
165083753088,67098357
165083753088,67098472
165083753088,67098527
165083753088,67098564
165083753088,67098680
165083753088,67098702
165083753088,67098739
165083753088,67098819
165083753088,67098900
165083753088,67098916
165083753088,67098962
165083753088,67098963
165083753088,67099003
165083753088,67099095
165083753088,67099185
165083753088,67099199
165083753088,67099284
165083753088,67099329
165083753088,67099454
165083753088,67099476
165083753088,67099582
165083753088,67101137
165083753088,67101427
165083753088,67101626
165083753088,67101651
165083753088,67101656
165083753088,67101672
165083753088,67101677
165083753088,67101720
165083753088,67101726
165083753088,67101735
165083753088,67101749
165083753088,67101792
165083753088,67101873
165083753088,67101925
165083753088,67101932
165083753088,67102086
165083753088,67102139
165083753088,67102192
165083753088,67102292
165083753088,67102310
165083753088,67102382
165083753088,67102383
165083753088,67102524
165083753088,67102605
165083753088,67102650
165083753088,67102674
165083753088,67102678
165083753088,67102685
165083753088,67102746
165083753088,67102768
165083753088,67102795
165083753088,67102803
165083753088,67103221
165083753088,67103283
165083753088,67103339
165083753088,67103388
165083753088,67103435
165083753088,67103461
165083753088,67103526
165083753088,67103592
165083753088,67103763
165083753088,67103777
165083753088,67103860
165083753088,67103925
165083753088,67104071
165083753088,67104111
165083753088,67104244
165083753088,67104375
165083753088,67104451
165083753088,67104484
165083753088,67104639
165083753088,67104720
165083753088,67104778
165083753088,67104803
165083753088,67104897
165083753088,67105048
165083753088,67105084
165083753088,67105153
165083753088,67105157
165083753088,67105162
165083753088,67105213
165083753088,67105215
165083753088,67105216
165083753088,67105228
165083753088,67105257
165083753088,67105264
165083753088,67105281
165083753088,67105285
165083753088,67105300
165083753088,67105316
165083753088,67105323
165083753088,67105329
165083753088,67105390
165083753088,67105415
165083753088,67105444
165083753088,67105517
165083753088,67105532
165083753088,67105596
165083753088,67105603
165083753088,67105630
165083753088,67105653
165083753088,67105698
165083753088,67105710
165083753088,67105764
165083753088,67105765
165083753088,67105785
165083753088,67105827
165083753088,67105846
165083753088,67105962
165083753088,67106016
165083753088,67106053
165083753088,67106169
165083753088,67106191
165083753088,67106228
165083753088,67106309
165083753088,67106389
165083753088,67106405
165083753088,67106406
165083753088,67106451
165083753088,67106452
165083753088,67106492
165083753088,67106584
165083753088,67106675
165083753088,67106689
165083753088,67106773
165083753088,67106819
165083753088,67106944
165083753088,67106965
165083753088,67107072
165083753088,67108613
165083753088,67108617
165083753088,67108624
165083753088,67108625
165083753088,67108627
165083753088,67108634
165083753088,67108635
165083753088,67108636
165083753088,67108639
165083753088,67108642
165083753088,67108644
165083753088,67108646
165083753088,67108647
165083753088,67108648
165083753088,67108650
165083753088,67108652
165083753088,67108653
165083753088,67108654
165083753088,67108655
165083753088,67108657
165083753088,67108659
165083753088,67108663
165083753088,67108671
197881849728,67092478
197881849728,67093628
197881849728,67098356
197881849728,67098358
197881849728,67098359
197881849728,67101117
197881849728,67105845
197881849728,67105847
197881849728,67105848
230679946368,131239
230679946368,131240
230679946368,131242
230679946368,131254
230679946368,131256
230679946368,67092522
230679946368,67094002
230679946368,67094003
230679946368,67094089
230679946368,67094249
230679946368,67094267
230679946368,67094330
230679946368,67094512
230679946368,67094526
230679946368,67094641
230679946368,67094663
230679946368,67094787
230679946368,67094924
230679946368,67094928
230679946368,67095029
230679946368,67095044
230679946368,67095055
230679946368,67095152
230679946368,67095162
230679946368,67095235
230679946368,67095388
230679946368,67095392
230679946368,67095587
230679946368,67095674
230679946368,67095675
230679946368,67095708
230679946368,67095815
230679946368,67095986
230679946368,67096004
230679946368,67096062
230679946368,67096177
230679946368,67096178
230679946368,67096344
230679946368,67096421
230679946368,67096438
230679946368,67096449
230679946368,67096482
230679946368,67096486
230679946368,67096600
230679946368,67096860
230679946368,67096887
230679946368,67096986
230679946368,67097085
230679946368,67097115
230679946368,67097138
230679946368,67097178
230679946368,67097208
230679946368,67097381
230679946368,67097485
230679946368,67097545
230679946368,67097552
230679946368,67097785
230679946368,67097881
230679946368,67097998
230679946368,67098021
230679946368,67098075
230679946368,67098078
230679946368,67098086
230679946368,67098129
230679946368,67098310
230679946368,67098335
230679946368,67098372
230679946368,67098460
230679946368,67098482
230679946368,67098491
230679946368,67098510
230679946368,67098918
230679946368,67098922
230679946368,67098934
230679946368,67098936
230679946368,67098947
230679946368,67098952
230679946368,67098980
230679946368,67098981
230679946368,67098982
230679946368,67099023
230679946368,67099030
230679946368,67099038
230679946368,67099055
230679946368,67099072
230679946368,67099087
230679946368,67099090
230679946368,67099092
230679946368,67099103
230679946368,67099104
230679946368,67099217
230679946368,67099218
230679946368,67099250
230679946368,67099297
230679946368,67099339
230679946368,67099346
230679946368,67099354
230679946368,67099396
230679946368,67099398
230679946368,67099407
230679946368,67099411
230679946368,67099414
230679946368,67099457
230679946368,67099469
230679946368,67099478
230679946368,67099481
230679946368,67099483
230679946368,67099488
230679946368,67099526
230679946368,67099534
230679946368,67099559
230679946368,67099578
230679946368,67099633
230679946368,67099712
230679946368,67099714
230679946368,67099715
230679946368,67099718
230679946368,67099721
230679946368,67099722
230679946368,67101491
230679946368,67101492
230679946368,67101578
230679946368,67101738
230679946368,67101756
230679946368,67101819
230679946368,67102001
230679946368,67102142
230679946368,67102152
230679946368,67102250
230679946368,67102276
230679946368,67102413
230679946368,67102417
230679946368,67102518
230679946368,67102533
230679946368,67102544
230679946368,67102641
230679946368,67102652
230679946368,67102724
230679946368,67102877
230679946368,67102881
230679946368,67103076
230679946368,67103163
230679946368,67103198
230679946368,67103304
230679946368,67103475
230679946368,67103493
230679946368,67103552
230679946368,67103666
230679946368,67103667
230679946368,67103732
230679946368,67103834
230679946368,67103910
230679946368,67103927
230679946368,67103939
230679946368,67103971
230679946368,67103975
230679946368,67104089
230679946368,67104350
230679946368,67104376
230679946368,67104475
230679946368,67104575
230679946368,67104605
230679946368,67104627
230679946368,67104667
230679946368,67104697
230679946368,67104974
230679946368,67105014
230679946368,67105034
230679946368,67105185
230679946368,67105274
230679946368,67105488
230679946368,67105510
230679946368,67105564
230679946368,67105568
230679946368,67105576
230679946368,67105618
230679946368,67105799
230679946368,67105824
230679946368,67105862
230679946368,67105949
230679946368,67105971
230679946368,67105974
230679946368,67105980
230679946368,67106000
230679946368,67106407
230679946368,67106411
230679946368,67106423
230679946368,67106425
230679946368,67106436
230679946368,67106441
230679946368,67106469
230679946368,67106471
230679946368,67106512
230679946368,67106519
230679946368,67106527
230679946368,67106544
230679946368,67106547
230679946368,67106562
230679946368,67106576
230679946368,67106579
230679946368,67106581
230679946368,67106594
230679946368,67106686
230679946368,67106706
230679946368,67106707
230679946368,67106739
230679946368,67106786
230679946368,67106828
230679946368,67106835
230679946368,67106843
230679946368,67106885
230679946368,67106887
230679946368,67106896
230679946368,67106900
230679946368,67106903
230679946368,67106946
230679946368,67106958
230679946368,67106968
230679946368,67106970
230679946368,67106972
230679946368,67106977
230679946368,67107015
230679946368,67107023
230679946368,67107048
230679946368,67107067
230679946368,67107122
230679946368,67107202
230679946368,67107203
230679946368,67107204
230679946368,67107208
230679946368,67107211
230679946368,67108651
230679946368,67108656
230679946368,67108658
230679946368,67108660
230679946368,67108661
230679946368,67108662
230679946368,67108665
230679946368,67108666
230679946368,67108667
230679946368,67108668
230679946368,67108669
230679946368,67108670
230679946368,67108672
230679946368,67108673
230679946368,67108674
230679946368,67108676
230679946368,67108677
230679946368,67108678
230679946368,67108679
263478043008,131237
263478043008,131238
263478043008,131253
263478043008,131258
263478043008,67094952
263478043008,67095184
263478043008,67095223
263478043008,67095323
263478043008,67095411
263478043008,67095633
263478043008,67095722
263478043008,67095775
263478043008,67095823
263478043008,67095994
263478043008,67096084
263478043008,67096113
263478043008,67096134
263478043008,67096138
263478043008,67096189
263478043008,67096415
263478043008,67096427
263478043008,67096477
263478043008,67096533
263478043008,67096623
263478043008,67096694
263478043008,67096768
263478043008,67096882
263478043008,67096904
263478043008,67096955
263478043008,67096958
263478043008,67096972
263478043008,67097032
263478043008,67097146
263478043008,67097190
263478043008,67097224
263478043008,67097580
263478043008,67097584
263478043008,67097607
263478043008,67097626
263478043008,67097677
263478043008,67097705
263478043008,67097786
263478043008,67097806
263478043008,67097811
263478043008,67097838
263478043008,67097974
263478043008,67098059
263478043008,67098123
263478043008,67098136
263478043008,67098232
263478043008,67098381
263478043008,67098473
263478043008,67098479
263478043008,67098481
263478043008,67098569
263478043008,67098585
263478043008,67098648
263478043008,67098667
263478043008,67098715
263478043008,67098797
263478043008,67098806
263478043008,67098856
263478043008,67098910
263478043008,67098920
263478043008,67098924
263478043008,67098937
263478043008,67098978
263478043008,67099013
263478043008,67099015
263478043008,67099049
263478043008,67099077
263478043008,67099078
263478043008,67099106
263478043008,67099122
263478043008,67099224
263478043008,67099259
263478043008,67099285
263478043008,67099345
263478043008,67099348
263478043008,67099350
263478043008,67099361
263478043008,67099504
263478043008,67099545
263478043008,67099566
263478043008,67099734
263478043008,67099739
263478043008,67099747
263478043008,67099762
263478043008,67099784
263478043008,67099824
263478043008,67099909
263478043008,67099936
263478043008,67099960
263478043008,67099973
263478043008,67100010
263478043008,67100011
263478043008,67100074
263478043008,67100101
263478043008,67100164
263478043008,67100178
263478043008,67100205
263478043008,67100306
263478043008,67100316
263478043008,67100464
263478043008,67100497
263478043008,67100513
263478043008,67100525
263478043008,67102673
263478043008,67102812
263478043008,67102900
263478043008,67103025
263478043008,67103123
263478043008,67103264
263478043008,67103313
263478043008,67103483
263478043008,67103525
263478043008,67103573
263478043008,67103603
263478043008,67103624
263478043008,67103628
263478043008,67103678
263478043008,67103904
263478043008,67103916
263478043008,67103966
263478043008,67104022
263478043008,67104113
263478043008,67104183
263478043008,67104257
263478043008,67104371
263478043008,67104393
263478043008,67104444
263478043008,67104448
263478043008,67104461
263478043008,67104521
263478043008,67104635
263478043008,67104680
263478043008,67104714
263478043008,67105069
263478043008,67105073
263478043008,67105096
263478043008,67105115
263478043008,67105166
263478043008,67105168
263478043008,67105194
263478043008,67105275
263478043008,67105295
263478043008,67105327
263478043008,67105464
263478043008,67105548
263478043008,67105625
263478043008,67105641
263478043008,67105688
263478043008,67105721
263478043008,67105870
263478043008,67105969
263478043008,67105970
263478043008,67106054
263478043008,67106058
263478043008,67106074
263478043008,67106135
263478043008,67106137
263478043008,67106157
263478043008,67106204
263478043008,67106286
263478043008,67106295
263478043008,67106345
263478043008,67106400
263478043008,67106409
263478043008,67106413
263478043008,67106468
263478043008,67106502
263478043008,67106505
263478043008,67106538
263478043008,67106566
263478043008,67106567
263478043008,67106596
263478043008,67106611
263478043008,67106721
263478043008,67106748
263478043008,67106774
263478043008,67106815
263478043008,67106818
263478043008,67106837
263478043008,67106839
263478043008,67106851
263478043008,67106865
263478043008,67106993
263478043008,67107034
263478043008,67107056
263478043008,67107223
263478043008,67107228
263478043008,67107237
263478043008,67107251
263478043008,67107274
263478043008,67107313
263478043008,67107398
263478043008,67107425
263478043008,67107449
263478043008,67107463
263478043008,67107499
263478043008,67107500
263478043008,67107564
263478043008,67107590
263478043008,67107653
263478043008,67107667
263478043008,67107694
263478043008,67107796
263478043008,67107805
263478043008,67107868
263478043008,67107953
263478043008,67107986
263478043008,67108002
263478043008,67108014
263478043008,67108664
263478043008,67108675
263478043008,67108680
263478043008,67108681
263478043008,67108682
263478043008,67108683
263478043008,67108684
263478043008,67108685
263478043008,67108687
263478043008,67108688
263478043008,67108689
263478043008,67108690
263478043008,67108691
263478043008,67108692
263478043008,67108693
263478043008,67108694
263478043008,67108695
263478043008,67108697
263478043008,67108699
263478043008,67108700
263478043008,67108702
263478043008,67108703
263478043008,67108704
263478043008,67108705
263478043008,67108706
263478043008,67108710
263478043008,67108712
263478043008,67108717
263478043008,67108723
263478043008,67108724
296276139648,131244
296276139648,131259
296276139648,67091466
296276139648,67094318
296276139648,67095150
296276139648,67095335
296276139648,67095857
296276139648,67095858
296276139648,67096100
296276139648,67096473
296276139648,67096981
296276139648,67097096
296276139648,67097209
296276139648,67097240
296276139648,67097353
296276139648,67097424
296276139648,67097517
296276139648,67097527
296276139648,67097642
296276139648,67097718
296276139648,67097873
296276139648,67097999
296276139648,67098024
296276139648,67098062
296276139648,67098104
296276139648,67098252
296276139648,67098543
296276139648,67098581
296276139648,67098638
296276139648,67098694
296276139648,67098713
296276139648,67098791
296276139648,67098867
296276139648,67098894
296276139648,67099007
296276139648,67099079
296276139648,67099244
296276139648,67099357
296276139648,67099358
296276139648,67099382
296276139648,67099440
296276139648,67099512
296276139648,67099568
296276139648,67099608
296276139648,67099637
296276139648,67099758
296276139648,67099830
296276139648,67099855
296276139648,67099862
296276139648,67099886
296276139648,67099997
296276139648,67100025
296276139648,67100088
296276139648,67100092
296276139648,67100114
296276139648,67100132
296276139648,67100148
296276139648,67100149
296276139648,67100150
296276139648,67100152
296276139648,67100174
296276139648,67100202
296276139648,67100216
296276139648,67100221
296276139648,67100222
296276139648,67100227
296276139648,67100248
296276139648,67100311
296276139648,67100330
296276139648,67100431
296276139648,67100436
296276139648,67100438
296276139648,67100439
296276139648,67100687
296276139648,67100740
296276139648,67100776
296276139648,67100780
296276139648,67100781
296276139648,67100783
296276139648,67100784
296276139648,67100787
296276139648,67100924
296276139648,67100966
296276139648,67101058
296276139648,67101062
296276139648,67101063
296276139648,67101065
296276139648,67101073
296276139648,67101083
296276139648,67101085
296276139648,67101090
296276139648,67101091
296276139648,67101092
296276139648,67102640
296276139648,67102825
296276139648,67103346
296276139648,67103347
296276139648,67103589
296276139648,67103610
296276139648,67103833
296276139648,67103962
296276139648,67104471
296276139648,67104585
296276139648,67104698
296276139648,67104842
296276139648,67104913
296276139648,67105006
296276139648,67105017
296276139648,67105207
296276139648,67105363
296276139648,67105513
296276139648,67105551
296276139648,67105593
296276139648,67105665
296276139648,67105741
296276139648,67106032
296276139648,67106070
296276139648,67106127
296276139648,67106183
296276139648,67106280
296276139648,67106356
296276139648,67106384
296276139648,67106568
296276139648,67106733
296276139648,67106846
296276139648,67106847
296276139648,67106871
296276139648,67107001
296276139648,67107057
296276139648,67107097
296276139648,67107127
296276139648,67107247
296276139648,67107248
296276139648,67107319
296276139648,67107351
296276139648,67107375
296276139648,67107424
296276139648,67107487
296276139648,67107577
296276139648,67107581
296276139648,67107604
296276139648,67107621
296276139648,67107638
296276139648,67107639
296276139648,67107642
296276139648,67107663
296276139648,67107691
296276139648,67107706
296276139648,67107711
296276139648,67107716
296276139648,67107789
296276139648,67107800
296276139648,67107819
296276139648,67107905
296276139648,67107920
296276139648,67107926
296276139648,67107927
296276139648,67107928
296276139648,67108229
296276139648,67108265
296276139648,67108269
296276139648,67108270
296276139648,67108271
296276139648,67108272
296276139648,67108273
296276139648,67108274
296276139648,67108276
296276139648,67108277
296276139648,67108414
296276139648,67108455
296276139648,67108547
296276139648,67108552
296276139648,67108554
296276139648,67108555
296276139648,67108563
296276139648,67108579
296276139648,67108580
296276139648,67108581
296276139648,67108686
296276139648,67108696
296276139648,67108698
296276139648,67108701
296276139648,67108707
296276139648,67108708
296276139648,67108709
296276139648,67108711
296276139648,67108713
296276139648,67108714
296276139648,67108715
296276139648,67108716
296276139648,67108718
296276139648,67108719
296276139648,67108720
296276139648,67108721
296276139648,67108722
296276139648,67108725
296276139648,67108726
296276139648,67108727
296276139648,67108728
296276139648,67108729
296276139648,67108730
296276139648,67108731
296276139648,67108732
296276139648,67108733
296276139648,67108734
296276139648,67108735
296276139648,67108736
296276139648,67108737
296276139648,67108738
296276139648,67108739
296276139648,67108740
296276139648,67108742
296276139648,67108743
296276139648,67108745
296276139648,67108751
296276139648,67108753
296276139648,67108756
296276139648,67108758
296276139648,67108759
296276139648,67108761
296276139648,67108762
296276139648,67108763
296276139648,67108764
296276139648,67108765
296276139648,67108766
296276139648,67108770
296276139648,67108771
296276139648,67108772
296276139648,67108773
296276139648,67108774
296276139648,67108775
296276139648,67108776
296276139648,67108777
296276139648,67108778
296276139648,67108780
296276139648,67108782
296276139648,67108783
296276139648,67108785
296276139648,67108786
296276139648,67108787
296276139648,67108788
296276139648,67108789
296276139648,67108790
