1093269888,67093415
1093269888,67093416
1093269888,67093417
1093269888,67093418
1093269888,67093419
1093269888,67093420
1093269888,67093421
1093269888,67093422
1093269888,67093423
1093269888,67093424
1093269888,67093425
1093269888,67093426
1093269888,67093427
1093269888,67093428
1093269888,67093429
1093269888,67093430
1093269888,67093431
1093269888,67093432
1093269888,67093433
1093269888,67093434
1093269888,67093435
1093269888,67093436
1093269888,67093439
1093269888,67093440
1093269888,67093441
1093269888,67093442
1093269888,67093915
1093269888,67101404
33891366528,67091420
33891366528,67092594
33891366528,67093482
33891366528,67093483
33891366528,67093484
33891366528,67093485
33891366528,67093486
33891366528,67093487
33891366528,67093488
33891366528,67093489
33891366528,67093490
33891366528,67093491
33891366528,67093492
33891366528,67093493
33891366528,67093494
33891366528,67093495
33891366528,67093496
33891366528,67093497
33891366528,67093498
33891366528,67093499
33891366528,67093500
33891366528,67093501
33891366528,67093502
33891366528,67093503
33891366528,67093504
33891366528,67093505
33891366528,67093506
33891366528,67093507
33891366528,67093508
33891366528,67093509
33891366528,67093510
33891366528,67093511
33891366528,67093512
33891366528,67093513
33891366528,67093514
33891366528,67093515
33891366528,67093516
33891366528,67093517
33891366528,67093518
33891366528,67093519
33891366528,67093520
33891366528,67093521
33891366528,67093522
33891366528,67093523
33891366528,67093524
33891366528,67093525
33891366528,67093526
33891366528,67093527
33891366528,67093528
33891366528,67093529
33891366528,67093530
33891366528,67093531
33891366528,67093532
33891366528,67093533
33891366528,67093534
33891366528,67093535
33891366528,67093536
33891366528,67093537
33891366528,67093538
33891366528,67093539
33891366528,67093540
33891366528,67098452
33891366528,67098453
33891366528,67098454
33891366528,67098455
33891366528,67105942
33891366528,67105943
33891366528,67105944
33891366528,67108630
66689463168,131231
66689463168,131232
66689463168,67093568
66689463168,67093587
66689463168,67093588
66689463168,67093649
66689463168,67093674
66689463168,67093678
66689463168,67093740
66689463168,67093752
66689463168,67093798
66689463168,67094317
66689463168,67094326
66689463168,67094343
66689463168,67094356
66689463168,67094359
66689463168,67094368
66689463168,67094673
66689463168,67094675
66689463168,67094677
66689463168,67094813
66689463168,67094814
66689463168,67094815
66689463168,67094816
66689463168,67094822
66689463168,67094824
66689463168,67094827
66689463168,67094829
66689463168,67094837
66689463168,67094839
66689463168,67094841
66689463168,67094842
66689463168,67094843
66689463168,67096475
66689463168,67096476
66689463168,67101129
66689463168,67101138
66689463168,67101163
66689463168,67101167
66689463168,67101229
66689463168,67101241
66689463168,67101287
66689463168,67101292
66689463168,67101807
66689463168,67101815
66689463168,67101816
66689463168,67101832
66689463168,67101845
66689463168,67101857
66689463168,67102162
66689463168,67102164
66689463168,67102166
66689463168,67102303
66689463168,67102304
66689463168,67102305
66689463168,67102311
66689463168,67102316
66689463168,67102323
66689463168,67102330
66689463168,67102331
66689463168,67102332
66689463168,67103965
