827860087,67093291
827860087,67093303
827860087,67093306
827860087,67093319
827860087,67093320
827860087,67093324
827860087,67093325
827860087,67093331
827860087,67093334
827860087,67093335
827860087,67093336
827860087,67093342
827860087,67093344
827860087,67093345
827860087,67093346
827860087,67093347
827860087,67093348
827860087,67093349
827860087,67093350
827860087,67093351
827860087,67093358
827860087,67093360
827860087,67093361
827860087,67093362
827860087,67093365
827860087,67093366
827860087,67093367
827860087,67093368
827860087,67093369
827860087,67093370
827860087,67093371
827860087,67093372
827860087,67093373
827860087,67093375
827860087,67093376
827860087,67093377
827860087,67093378
827860087,67093379
827860087,67093380
827860087,67093382
827860087,67093383
827860087,67093384
827860087,67093385
827860087,67093386
827860087,67093387
827860087,67093388
827860087,67093391
827860087,67093392
827860087,67093394
827860087,67093395
827860087,67093396
827860087,67093397
827860087,67093398
827860087,67093399
827860087,67093400
827860087,67093401
827860087,67093402
827860087,67093403
827860087,67093404
827860087,67093406
827860087,67093407
827860087,67093408
827860087,67093409
827860087,67093410
827860087,67093411
827860087,67093412
827860087,67093414
827860087,67093415
827860087,67093416
827860087,67093418
827860087,67093419
827860087,67093420
827860087,67093421
827860087,67093422
827860087,67093424
827860087,67093425
827860087,67093426
827860087,67093427
827860087,67093428
827860087,67093429
827860087,67093430
827860087,67093431
827860087,67093432
827860087,67093433
827860087,67093434
827860087,67093438
827860087,67093439
827860087,67093440
827860087,67093441
827860087,67093442
827860087,67093443
827860087,67093444
827860087,67093445
827860087,67093446
827860087,67093447
827860087,67093448
827860087,67093449
827860087,67093450
827860087,67093451
827860087,67093452
827860087,67093453
827860087,67093454
827860087,67093455
827860087,67093456
827860087,67093457
827860087,67093458
827860087,67093459
827860087,67093460
827860087,67093465
827860087,67093469
827860087,67093474
827860087,67093475
827860087,67093476
827860087,67093478
827860087,67093479
827860087,67093480
827860087,67093481
827860087,67093482
827860087,67093483
827860087,67093484
827860087,67093485
827860087,67093486
827860087,67093488
827860087,67093489
827860087,67093493
827860087,67093498
827860087,67093499
827860087,67093500
827860087,67093501
827860087,67093502
827860087,67093503
827860087,67093504
827860087,67093505
827860087,67093506
827860087,67093508
827860087,67093509
827860087,67093510
827860087,67093511
827860087,67093512
827860087,67093513
827860087,67093514
827860087,67093515
827860087,67093517
827860087,67093518
827860087,67093519
827860087,67093520
827860087,67093521
827860087,67093522
827860087,67093523
827860087,67093524
827860087,67093525
827860087,67093526
827860087,67093527
827860087,67093529
827860087,67093530
827860087,67093531
827860087,67093532
827860087,67093533
827860087,67093534
827860087,67093535
827860087,67093536
827860087,67093537
827860087,67093538
827860087,67093539
827860087,67093540
827860087,67093542
827860087,67093543
827860087,67093544
827860087,67093545
827860087,67093546
827860087,67093549
827860087,67093550
827860087,67093551
827860087,67093553
827860087,67093555
827860087,67093556
827860087,67093558
827860087,67093560
827860087,67093561
827860087,67093562
827860087,67093563
827860087,67093564
827860087,67093565
827860087,67093567
827860087,67093568
827860087,67093569
827860087,67093570
827860087,67093571
827860087,67093575
827860087,67093578
827860087,67093579
827860087,67093580
827860087,67093581
827860087,67093582
827860087,67093583
827860087,67093584
827860087,67093585
827860087,67093586
827860087,67093587
827860087,67093588
827860087,67093589
827860087,67093590
827860087,67093591
827860087,67093592
827860087,67093594
827860087,67093595
827860087,67093597
827860087,67093599
827860087,67093600
827860087,67093601
827860087,67093602
827860087,67093603
827860087,67093604
827860087,67093605
827860087,67093606
827860087,67093607
827860087,67093608
827860087,67093609
827860087,67093610
827860087,67093611
827860087,67093612
827860087,67093613
827860087,67093614
827860087,67093615
827860087,67093616
827860087,67093617
827860087,67093618
827860087,67093619
827860087,67093620
827860087,67093621
827860087,67093622
827860087,67093623
827860087,67093624
827860087,67093625
827860087,67093626
827860087,67093627
827860087,67093628
827860087,67093629
827860087,67093630
827860087,67093631
827860087,67093632
827860087,67093633
827860087,67093634
827860087,67093635
827860087,67093636
827860087,67093637
827860087,67093638
827860087,67093640
827860087,67093645
827860087,67093648
827860087,67093649
827860087,67093650
827860087,67095813
827860087,67095814
827860087,67103204
827860087,67103205
25663662697,131231
25663662697,67090069
25663662697,67093289
25663662697,67093290
25663662697,67093292
25663662697,67093293
25663662697,67093294
25663662697,67093295
25663662697,67093296
25663662697,67093297
25663662697,67093298
25663662697,67093299
25663662697,67093300
25663662697,67093301
25663662697,67093302
25663662697,67093304
25663662697,67093305
25663662697,67093307
25663662697,67093308
25663662697,67093309
25663662697,67093310
25663662697,67093311
25663662697,67093312
25663662697,67093313
25663662697,67093314
25663662697,67093315
25663662697,67093316
25663662697,67093317
25663662697,67093318
25663662697,67093321
25663662697,67093322
25663662697,67093323
25663662697,67093326
25663662697,67093327
25663662697,67093328
25663662697,67093330
25663662697,67093332
25663662697,67093333
25663662697,67093337
25663662697,67093338
25663662697,67093339
25663662697,67093341
25663662697,67093343
25663662697,67093352
25663662697,67093353
25663662697,67093354
25663662697,67093355
25663662697,67093356
25663662697,67093357
25663662697,67093359
25663662697,67093363
25663662697,67093364
25663662697,67093374
25663662697,67093381
25663662697,67093389
25663662697,67093390
25663662697,67093393
25663662697,67093405
25663662697,67093413
25663662697,67093417
25663662697,67093423
25663662697,67093435
25663662697,67093436
25663662697,67093437
25663662697,67093461
25663662697,67093462
25663662697,67093463
25663662697,67093464
25663662697,67093466
25663662697,67093467
25663662697,67093468
25663662697,67093470
25663662697,67093471
25663662697,67093472
25663662697,67093473
25663662697,67093477
25663662697,67093487
25663662697,67093490
25663662697,67093491
25663662697,67093492
25663662697,67093494
25663662697,67093495
25663662697,67093496
25663662697,67093497
25663662697,67093507
25663662697,67093516
25663662697,67093528
25663662697,67093541
25663662697,67093547
25663662697,67093548
25663662697,67093552
25663662697,67093554
25663662697,67093557
25663662697,67093559
25663662697,67093566
25663662697,67093572
25663662697,67093573
25663662697,67093574
25663662697,67093576
25663662697,67093577
25663662697,67093593
25663662697,67093596
25663662697,67093598
25663662697,67093641
25663662697,67093642
25663662697,67093643
25663662697,67093644
25663662697,67093646
25663662697,67093647
25663662697,67094149
25663662697,67094151
25663662697,67094153
25663662697,67094154
25663662697,67094281
25663662697,67094291
25663662697,67094533
25663662697,67094649
25663662697,67095264
25663662697,67095305
25663662697,67095324
25663662697,67095327
25663662697,67095382
25663662697,67095496
25663662697,67095553
25663662697,67095621
25663662697,67095634
25663662697,67095635
25663662697,67095636
25663662697,67095649
25663662697,67095658
25663662697,67095669
25663662697,67095688
25663662697,67095699
25663662697,67095701
25663662697,67095716
25663662697,67095729
25663662697,67095732
25663662697,67095743
25663662697,67095753
25663662697,67095783
25663662697,67095790
25663662697,67095794
25663662697,67095795
25663662697,67095808
25663662697,67095809
25663662697,67095820
25663662697,67095822
25663662697,67095825
25663662697,67095883
25663662697,67097513
25663662697,67100693
25663662697,67101540
25663662697,67101542
25663662697,67101544
25663662697,67101545
25663662697,67101627
25663662697,67101672
25663662697,67101682
25663662697,67101924
25663662697,67102040
25663662697,67102390
25663662697,67102655
25663662697,67102696
25663662697,67102715
25663662697,67102718
25663662697,67102773
25663662697,67102887
25663662697,67102944
25663662697,67103025
25663662697,67103026
25663662697,67103040
25663662697,67103049
25663662697,67103060
25663662697,67103079
25663662697,67103090
25663662697,67103092
25663662697,67103107
25663662697,67103120
25663662697,67103123
25663662697,67103134
25663662697,67103144
25663662697,67103174
25663662697,67103181
25663662697,67103184
25663662697,67103185
25663662697,67103186
25663662697,67103199
25663662697,67103200
25663662697,67103211
25663662697,67103213
25663662697,67103216
25663662697,67103274
25663662697,67104904
25663662697,67108084
25663662697,67108434
25663662697,67108435
25663662697,67108447
25663662697,67108448
25663662697,67108450
25663662697,67108451
25663662697,67108453
25663662697,67108454
25663662697,67108461
25663662697,67108462
25663662697,67108466
25663662697,67108468
25663662697,67108469
25663662697,67108470
25663662697,67108479
25663662697,67108486
25663662697,67108492
25663662697,67108493
25663662697,67108495
25663662697,67108498
25663662697,67108503
25663662697,67108504
25663662697,67108505
25663662697,67108506
25663662697,67108507
25663662697,67108509
25663662697,67108510
25663662697,67108513
25663662697,67108514
25663662697,67108515
25663662697,67108517
25663662697,67108518
25663662697,67108519
25663662697,67108520
25663662697,67108521
25663662697,67108522
25663662697,67108524
25663662697,67108527
25663662697,67108528
25663662697,67108529
25663662697,67108530
25663662697,67108533
25663662697,67108534
25663662697,67108535
25663662697,67108536
25663662697,67108537
25663662697,67108538
25663662697,67108539
25663662697,67108540
25663662697,67108541
25663662697,67108542
25663662697,67108543
25663662697,67108544
25663662697,67108546
25663662697,67108548
25663662697,67108558
25663662697,67108600
25663662697,67108636
25663662697,67108691
25663662697,67108700
25663662697,67108750
25663662697,67108764
50499465307,131260
50499465307,67098037
50499465307,67098053
50499465307,67098057
50499465307,67098103
50499465307,67098186
50499465307,67098193
50499465307,67098239
50499465307,67098253
50499465307,67098257
50499465307,67098258
50499465307,67098385
50499465307,67098417
50499465307,67098418
50499465307,67098427
50499465307,67098444
50499465307,67098445
50499465307,67098447
50499465307,67105428
50499465307,67105444
50499465307,67105494
50499465307,67105577
50499465307,67105584
50499465307,67105630
50499465307,67105644
50499465307,67105648
50499465307,67105649
50499465307,67105773
50499465307,67105776
50499465307,67105808
50499465307,67105809
50499465307,67105818
50499465307,67105833
50499465307,67105835
50499465307,67105838
50499465307,67108488
50499465307,67108489
50499465307,67108526
50499465307,67108532
50499465307,67108545
50499465307,67108550
50499465307,67108551
50499465307,67108552
50499465307,67108553
50499465307,67108554
50499465307,67108555
50499465307,67108556
50499465307,67108559
50499465307,67108561
50499465307,67108563
50499465307,67108565
50499465307,67108566
50499465307,67108567
50499465307,67108569
50499465307,67108571
50499465307,67108572
50499465307,67108573
50499465307,67108574
50499465307,67108575
50499465307,67108576
50499465307,67108577
50499465307,67108578
50499465307,67108579
50499465307,67108581
50499465307,67108582
50499465307,67108583
50499465307,67108584
50499465307,67108585
50499465307,67108586
50499465307,67108587
50499465307,67108588
50499465307,67108590
50499465307,67108591
50499465307,67108593
50499465307,67108594
50499465307,67108595
50499465307,67108596
50499465307,67108597
50499465307,67108598
50499465307,67108599
50499465307,67108601
50499465307,67108602
50499465307,67108603
50499465307,67108604
50499465307,67108605
50499465307,67108606
50499465307,67108607
50499465307,67108608
50499465307,67108609
50499465307,67108610
50499465307,67108612
50499465307,67108613
50499465307,67108614
50499465307,67108615
50499465307,67108616
50499465307,67108617
50499465307,67108618
50499465307,67108619
50499465307,67108620
50499465307,67108621
50499465307,67108622
50499465307,67108623
50499465307,67108624
50499465307,67108625
50499465307,67108626
50499465307,67108627
50499465307,67108628
50499465307,67108629
50499465307,67108630
50499465307,67108631
50499465307,67108632
50499465307,67108633
50499465307,67108634
50499465307,67108635
50499465307,67108637
50499465307,67108638
50499465307,67108639
50499465307,67108640
50499465307,67108641
50499465307,67108642
50499465307,67108643
50499465307,67108644
50499465307,67108645
50499465307,67108646
50499465307,67108647
50499465307,67108648
50499465307,67108649
50499465307,67108650
50499465307,67108651
50499465307,67108652
50499465307,67108653
50499465307,67108654
50499465307,67108655
50499465307,67108656
50499465307,67108657
50499465307,67108658
50499465307,67108659
50499465307,67108660
50499465307,67108661
50499465307,67108662
50499465307,67108663
50499465307,67108664
50499465307,67108665
50499465307,67108666
50499465307,67108667
50499465307,67108668
