1096522560,134191616
1096522560,134192634
1096522560,134193622
1096522560,134193623
1096522560,134193624
1096522560,134193625
1096522560,134193626
1096522560,134193627
1096522560,134193628
1096522560,134193629
1096522560,134193630
1096522560,134193631
1096522560,134193632
1096522560,134193633
1096522560,134193634
1096522560,134193635
1096522560,134193636
1096522560,134193637
1096522560,134193638
1096522560,134193639
1096522560,134193640
1096522560,134193641
1096522560,134193642
1096522560,134193644
1096522560,134193645
1096522560,134193646
1096522560,134193647
1096522560,134193648
1096522560,134193649
1096522560,134193650
1096522560,134193651
1096522560,134193652
1096522560,134193653
1096522560,134193654
1096522560,134193655
1096522560,134193656
1096522560,134193657
1096522560,134193658
1096522560,134193683
1096522560,134193684
1096522560,134193685
1096522560,134193686
1096522560,134193687
1096522560,134193688
1096522560,134193689
1096522560,134193690
1096522560,134193691
1096522560,134193692
1096522560,134193693
1096522560,134193694
1096522560,134193695
1096522560,134193696
1096522560,134193697
1096522560,134193698
1096522560,134193699
1096522560,134193700
1096522560,134193701
1096522560,134193702
1096522560,134193703
1096522560,134193704
1096522560,134193706
1096522560,134193708
1096522560,134193710
1096522560,134193711
1096522560,134193712
1096522560,134193713
1096522560,134193714
1096522560,134193715
1096522560,134193718
1096522560,134194115
1096522560,134201604
33992199360,67231438
33992199360,134191628
33992199360,134192802
33992199360,134192803
33992199360,134193666
33992199360,134193671
33992199360,134193676
33992199360,134193680
33992199360,134193730
33992199360,134193731
33992199360,134193733
33992199360,134193738
33992199360,134193739
33992199360,134193743
33992199360,134193747
33992199360,134193748
33992199360,134193750
33992199360,134193751
33992199360,134193752
33992199360,134193753
33992199360,134193755
33992199360,134193756
33992199360,134193759
33992199360,134193761
33992199360,134193763
33992199360,134193768
33992199360,134193770
33992199360,134193778
33992199360,134193801
33992199360,134193805
33992199360,134198250
33992199360,134198321
33992199360,134198356
33992199360,134198366
33992199360,134198368
33992199360,134198381
33992199360,134198383
33992199360,134198386
33992199360,134198387
33992199360,134198388
33992199360,134198389
33992199360,134198403
33992199360,134198406
33992199360,134198407
33992199360,134198409
33992199360,134198410
33992199360,134198414
33992199360,134198416
33992199360,134198421
33992199360,134198422
33992199360,134198424
33992199360,134198425
33992199360,134198426
33992199360,134198431
33992199360,134198432
33992199360,134198434
33992199360,134198436
33992199360,134198437
33992199360,134198438
33992199360,134198452
33992199360,134198454
33992199360,134198459
33992199360,134198462
33992199360,134198463
33992199360,134198465
33992199360,134198466
33992199360,134198469
33992199360,134198470
33992199360,134198473
33992199360,134198474
33992199360,134198475
33992199360,134198476
33992199360,134198480
33992199360,134198500
33992199360,134198502
33992199360,134198507
33992199360,134198511
33992199360,134198517
33992199360,134198523
33992199360,134198533
33992199360,134198534
33992199360,134198827
33992199360,134198828
33992199360,134198829
33992199360,134198830
33992199360,134198833
33992199360,134198837
33992199360,134198839
33992199360,134198840
33992199360,134198841
33992199360,134198842
33992199360,134198843
33992199360,134198845
33992199360,134198846
33992199360,134198847
33992199360,134198848
33992199360,134198849
33992199360,134198851
33992199360,134198852
33992199360,134198853
33992199360,134198854
33992199360,134198855
33992199360,134198856
33992199360,134198857
33992199360,134198858
33992199360,134198859
33992199360,134198861
33992199360,134198863
33992199360,134198864
33992199360,134198865
33992199360,134198866
33992199360,134198869
33992199360,134198870
33992199360,134198871
33992199360,134198872
33992199360,134198873
33992199360,134198874
33992199360,134198875
33992199360,134198876
33992199360,134198877
33992199360,134198878
33992199360,134198879
33992199360,134198880
33992199360,134198881
33992199360,134198882
33992199360,134198883
33992199360,134198884
33992199360,134198885
33992199360,134198886
33992199360,134198888
33992199360,134198889
33992199360,134198890
33992199360,134198891
33992199360,134198892
33992199360,134198893
33992199360,134198895
33992199360,134198896
33992199360,134198897
33992199360,134198898
33992199360,134198899
33992199360,134198900
33992199360,134198901
33992199360,134198902
33992199360,134198903
33992199360,134198904
33992199360,134198905
33992199360,134198906
33992199360,134198907
33992199360,134198908
33992199360,134198909
33992199360,134198910
33992199360,134198911
33992199360,134198912
33992199360,134198913
33992199360,134198914
33992199360,134198915
33992199360,134198916
33992199360,134198917
33992199360,134198918
33992199360,134198919
33992199360,134198920
33992199360,134198921
33992199360,134198922
33992199360,134198923
33992199360,134198924
33992199360,134198925
33992199360,134198926
33992199360,134198927
33992199360,134198928
33992199360,134198929
33992199360,134198930
33992199360,134198931
33992199360,134198932
33992199360,134198933
33992199360,134198934
33992199360,134198935
33992199360,134198936
33992199360,134198937
33992199360,134198938
33992199360,134198939
33992199360,134198940
33992199360,134198941
33992199360,134198942
33992199360,134198943
33992199360,134198944
33992199360,134198945
33992199360,134198946
33992199360,134198947
33992199360,134198948
33992199360,134198949
33992199360,134198950
33992199360,134198951
33992199360,134198952
33992199360,134198953
33992199360,134198954
33992199360,134198955
33992199360,134198956
33992199360,134198957
33992199360,134198958
33992199360,134198959
33992199360,134198960
33992199360,134198961
33992199360,134198962
33992199360,134198963
33992199360,134198964
33992199360,134198965
33992199360,134198966
33992199360,134198967
33992199360,134198968
33992199360,134198969
33992199360,134198970
33992199360,134198971
33992199360,134198972
33992199360,134198973
33992199360,134198974
33992199360,134198975
33992199360,134198976
33992199360,134198977
33992199360,134198978
33992199360,134198979
33992199360,134198980
33992199360,134198981
33992199360,134198982
33992199360,134198983
33992199360,134198984
33992199360,134198985
33992199360,134198986
33992199360,134198987
33992199360,134198988
33992199360,134198989
33992199360,134198990
33992199360,134198991
33992199360,134198992
33992199360,134198993
33992199360,134198994
33992199360,134198995
33992199360,134198996
33992199360,134198997
33992199360,134198998
33992199360,134198999
33992199360,134199000
33992199360,134199001
33992199360,134199002
33992199360,134199003
33992199360,134199004
33992199360,134199005
33992199360,134199006
33992199360,134199007
33992199360,134199008
33992199360,134199009
33992199360,134199010
33992199360,134199011
33992199360,134199012
33992199360,134199013
33992199360,134199014
33992199360,134199015
33992199360,134199016
33992199360,134199017
33992199360,134199018
33992199360,134199019
33992199360,134199020
33992199360,134199021
33992199360,134199022
33992199360,134199023
33992199360,134199024
33992199360,134199025
33992199360,134199026
33992199360,134199027
33992199360,134199028
33992199360,134199029
33992199360,134199030
33992199360,134199031
33992199360,134205810
33992199360,134205836
33992199360,134205838
33992199360,134205857
33992199360,134205870
33992199360,134205876
33992199360,134205877
33992199360,134205878
33992199360,134205892
33992199360,134205895
33992199360,134205896
33992199360,134205899
33992199360,134205900
33992199360,134205903
33992199360,134205905
33992199360,134205906
33992199360,134205910
33992199360,134205911
33992199360,134205914
33992199360,134205915
33992199360,134205916
33992199360,134205920
33992199360,134205924
33992199360,134205926
33992199360,134205927
33992199360,134205934
33992199360,134205936
33992199360,134205941
33992199360,134205942
33992199360,134205945
33992199360,134205948
33992199360,134205949
33992199360,134205952
33992199360,134205953
33992199360,134205954
33992199360,134205955
33992199360,134205959
33992199360,134205963
33992199360,134205964
33992199360,134205965
33992199360,134205969
33992199360,134205970
33992199360,134205989
33992199360,134205996
33992199360,134206013
33992199360,134206023
33992199360,134206316
33992199360,134206317
33992199360,134206318
33992199360,134206322
33992199360,134206326
33992199360,134206327
33992199360,134206328
33992199360,134206329
33992199360,134206330
33992199360,134206331
33992199360,134206332
33992199360,134206334
33992199360,134206335
33992199360,134206336
33992199360,134206337
33992199360,134206338
33992199360,134206339
33992199360,134206340
33992199360,134206341
33992199360,134206342
33992199360,134206343
33992199360,134206345
33992199360,134206347
33992199360,134206348
33992199360,134206350
33992199360,134206352
33992199360,134206353
33992199360,134206354
33992199360,134206355
33992199360,134206359
33992199360,134206361
33992199360,134206362
33992199360,134206363
33992199360,134206364
33992199360,134206365
33992199360,134206366
33992199360,134206367
33992199360,134206368
33992199360,134206369
33992199360,134206370
33992199360,134206371
33992199360,134206372
33992199360,134206373
33992199360,134206374
33992199360,134206375
33992199360,134206376
33992199360,134206377
33992199360,134206378
33992199360,134206379
33992199360,134206380
33992199360,134206381
33992199360,134206382
33992199360,134206385
33992199360,134206386
33992199360,134206387
33992199360,134206388
33992199360,134206389
33992199360,134206390
33992199360,134206391
33992199360,134206392
33992199360,134206393
33992199360,134206394
33992199360,134206395
33992199360,134206396
33992199360,134206397
33992199360,134206398
33992199360,134206399
33992199360,134206401
33992199360,134206402
33992199360,134206403
33992199360,134206404
33992199360,134206405
33992199360,134206406
33992199360,134206407
33992199360,134206408
33992199360,134206409
33992199360,134206410
33992199360,134206411
33992199360,134206412
33992199360,134206413
33992199360,134206414
33992199360,134206415
33992199360,134206416
33992199360,134206417
33992199360,134206418
33992199360,134206419
33992199360,134206420
33992199360,134206421
33992199360,134206422
33992199360,134206423
33992199360,134206424
33992199360,134206425
33992199360,134206426
33992199360,134206427
33992199360,134206428
33992199360,134206429
33992199360,134206430
33992199360,134206431
33992199360,134206432
33992199360,134206433
33992199360,134206434
33992199360,134206435
33992199360,134206436
33992199360,134206437
33992199360,134206438
33992199360,134206439
33992199360,134206440
33992199360,134206441
33992199360,134206442
33992199360,134206443
33992199360,134206444
33992199360,134206445
33992199360,134206446
33992199360,134206447
33992199360,134206448
33992199360,134206449
33992199360,134206450
33992199360,134206451
33992199360,134206452
33992199360,134206453
33992199360,134206454
33992199360,134206455
33992199360,134206456
33992199360,134206457
33992199360,134206458
33992199360,134206459
33992199360,134206460
33992199360,134206461
33992199360,134206462
33992199360,134206463
33992199360,134206464
33992199360,134206465
33992199360,134206466
33992199360,134206467
33992199360,134206468
33992199360,134206469
33992199360,134206470
33992199360,134206471
33992199360,134206472
33992199360,134206473
33992199360,134206474
33992199360,134206475
33992199360,134206476
33992199360,134206477
33992199360,134206478
33992199360,134206479
33992199360,134206480
33992199360,134206481
33992199360,134206482
33992199360,134206483
33992199360,134206484
33992199360,134206485
33992199360,134206486
33992199360,134206487
33992199360,134206488
33992199360,134206489
33992199360,134206490
33992199360,134206491
33992199360,134206492
33992199360,134206493
33992199360,134206494
33992199360,134206495
33992199360,134206496
33992199360,134206497
33992199360,134206498
33992199360,134206499
33992199360,134206500
33992199360,134206501
33992199360,134206502
33992199360,134206503
33992199360,134206504
33992199360,134206505
33992199360,134206506
33992199360,134206507
33992199360,134206508
33992199360,134206509
33992199360,134206510
33992199360,134206511
33992199360,134206512
33992199360,134206513
33992199360,134206514
33992199360,134206515
33992199360,134206516
33992199360,134206517
33992199360,134206518
33992199360,134206519
33992199360,134206520
33992199360,134206521
33992199360,134208805
33992199360,134208806
33992199360,134208807
33992199360,134208808
33992199360,134208809
33992199360,134208810
66887876160,134191619
66887876160,134192619
66887876160,134193667
66887876160,134193672
66887876160,134193673
66887876160,134193674
66887876160,134193675
66887876160,134193677
66887876160,134193678
66887876160,134193679
66887876160,134193681
66887876160,134193682
66887876160,134193746
66887876160,134193758
66887876160,134193760
66887876160,134193762
66887876160,134193764
66887876160,134193765
66887876160,134193766
66887876160,134193767
66887876160,134193769
66887876160,134193771
66887876160,134193772
66887876160,134193773
66887876160,134193774
66887876160,134193775
66887876160,134193776
66887876160,134193777
66887876160,134193779
66887876160,134193781
66887876160,134193782
66887876160,134193783
66887876160,134193784
66887876160,134193785
66887876160,134193786
66887876160,134193787
66887876160,134193788
66887876160,134193789
66887876160,134193790
66887876160,134193791
66887876160,134193792
66887876160,134193793
66887876160,134193794
66887876160,134193795
66887876160,134193796
66887876160,134193797
66887876160,134193798
66887876160,134193799
66887876160,134193800
66887876160,134193802
66887876160,134193803
66887876160,134193804
66887876160,134193806
66887876160,134193808
66887876160,134193809
66887876160,134193810
66887876160,134193811
66887876160,134193812
66887876160,134193813
66887876160,134193814
66887876160,134193815
66887876160,134193816
66887876160,134193817
66887876160,134193818
66887876160,134193819
66887876160,134193822
66887876160,134195920
66887876160,134195921
66887876160,134195922
66887876160,134196340
66887876160,134196342
66887876160,134196343
66887876160,134196344
66887876160,134196345
66887876160,134196346
66887876160,134196347
66887876160,134196348
66887876160,134196349
66887876160,134196350
66887876160,134196351
66887876160,134196352
66887876160,134196353
66887876160,134196354
66887876160,134196355
66887876160,134196356
66887876160,134196357
66887876160,134196359
66887876160,134196360
66887876160,134196361
66887876160,134196362
66887876160,134196363
66887876160,134196364
66887876160,134196365
66887876160,134196366
66887876160,134196367
66887876160,134196368
66887876160,134196369
66887876160,134196370
66887876160,134196371
66887876160,134196372
66887876160,134196373
66887876160,134196374
66887876160,134196375
66887876160,134196376
66887876160,134196377
66887876160,134196378
66887876160,134196379
66887876160,134196380
66887876160,134196381
66887876160,134196382
66887876160,134196383
66887876160,134196384
66887876160,134196385
66887876160,134196386
66887876160,134196387
66887876160,134196388
66887876160,134196389
66887876160,134196390
66887876160,134196391
66887876160,134196392
66887876160,134196393
66887876160,134196394
66887876160,134196395
66887876160,134196396
66887876160,134196397
66887876160,134196398
66887876160,134196399
66887876160,134196400
66887876160,134196401
66887876160,134196402
66887876160,134196403
66887876160,134196404
66887876160,134196405
66887876160,134196406
66887876160,134196407
66887876160,134196408
66887876160,134196409
66887876160,134196410
66887876160,134196411
66887876160,134196412
66887876160,134196413
66887876160,134196414
66887876160,134196415
66887876160,134196416
66887876160,134196417
66887876160,134196418
66887876160,134196419
66887876160,134196420
66887876160,134196421
66887876160,134196423
66887876160,134196424
66887876160,134196425
66887876160,134196426
66887876160,134196427
66887876160,134196428
66887876160,134196429
66887876160,134196430
66887876160,134196431
66887876160,134196432
66887876160,134196433
66887876160,134196434
66887876160,134196435
66887876160,134196436
66887876160,134196437
66887876160,134196438
66887876160,134196439
66887876160,134196440
66887876160,134196441
66887876160,134196442
66887876160,134196443
66887876160,134196444
66887876160,134196445
66887876160,134196446
66887876160,134196447
66887876160,134196448
66887876160,134196449
66887876160,134196450
66887876160,134196451
66887876160,134196452
66887876160,134196453
66887876160,134196454
66887876160,134196455
66887876160,134203410
66887876160,134203411
66887876160,134203829
66887876160,134203831
66887876160,134203832
66887876160,134203833
66887876160,134203834
66887876160,134203835
66887876160,134203836
66887876160,134203837
66887876160,134203838
66887876160,134203839
66887876160,134203840
66887876160,134203841
66887876160,134203842
66887876160,134203843
66887876160,134203844
66887876160,134203845
66887876160,134203846
66887876160,134203848
66887876160,134203849
66887876160,134203850
66887876160,134203851
66887876160,134203852
66887876160,134203853
66887876160,134203854
66887876160,134203855
66887876160,134203856
66887876160,134203857
66887876160,134203858
66887876160,134203859
66887876160,134203860
66887876160,134203861
66887876160,134203862
66887876160,134203863
66887876160,134203864
66887876160,134203865
66887876160,134203866
66887876160,134203867
66887876160,134203868
66887876160,134203869
66887876160,134203870
66887876160,134203871
66887876160,134203872
66887876160,134203873
66887876160,134203874
66887876160,134203875
66887876160,134203876
66887876160,134203877
66887876160,134203878
66887876160,134203879
66887876160,134203880
66887876160,134203881
66887876160,134203882
66887876160,134203883
66887876160,134203884
66887876160,134203885
66887876160,134203886
66887876160,134203887
66887876160,134203888
66887876160,134203889
66887876160,134203890
66887876160,134203891
66887876160,134203892
66887876160,134203893
66887876160,134203894
66887876160,134203895
66887876160,134203896
66887876160,134203897
66887876160,134203898
66887876160,134203899
66887876160,134203900
66887876160,134203901
66887876160,134203902
66887876160,134203903
66887876160,134203904
66887876160,134203905
66887876160,134203906
66887876160,134203907
66887876160,134203908
66887876160,134203909
66887876160,134203910
66887876160,134203911
66887876160,134203912
66887876160,134203913
66887876160,134203914
66887876160,134203915
66887876160,134203916
66887876160,134203917
66887876160,134203918
66887876160,134203919
66887876160,134203920
66887876160,134203921
66887876160,134203922
66887876160,134203923
66887876160,134203924
66887876160,134203925
66887876160,134203926
66887876160,134203927
66887876160,134203928
66887876160,134203929
66887876160,134203930
66887876160,134203931
66887876160,134203932
66887876160,134203933
66887876160,134203934
66887876160,134203935
66887876160,134203936
66887876160,134203937
66887876160,134203938
66887876160,134203939
66887876160,134203940
66887876160,134203941
66887876160,134203942
66887876160,134203943
66887876160,134203944
66887876160,134208802
99783552960,67231439
99783552960,67231443
99783552960,67231448
99783552960,67231453
99783552960,67231458
99783552960,67231463
99783552960,134191659
99783552960,134193837
99783552960,134193854
99783552960,134193855
99783552960,134193899
99783552960,134193900
99783552960,134193901
99783552960,134193905
99783552960,134194117
99783552960,134194128
99783552960,134194136
99783552960,134194179
99783552960,134194184
99783552960,134194192
99783552960,134194193
99783552960,134194194
99783552960,134194209
99783552960,134194216
99783552960,134194219
99783552960,134194249
99783552960,134194257
99783552960,134194264
99783552960,134194274
99783552960,134194276
99783552960,134194288
99783552960,134194300
99783552960,134194327
99783552960,134194329
99783552960,134194330
99783552960,134194332
99783552960,134194333
99783552960,134194344
99783552960,134194348
99783552960,134194351
99783552960,134194353
99783552960,134194358
99783552960,134194365
99783552960,134194372
99783552960,134194377
99783552960,134194387
99783552960,134194398
99783552960,134194399
99783552960,134194403
99783552960,134194404
99783552960,134194405
99783552960,134194425
99783552960,134194450
99783552960,134194462
99783552960,134194467
99783552960,134194487
99783552960,134194628
99783552960,134194630
99783552960,134194634
99783552960,134194635
99783552960,134194636
99783552960,134194658
99783552960,134194665
99783552960,134194671
99783552960,134194672
99783552960,134194674
99783552960,134194679
99783552960,134194691
99783552960,134194693
99783552960,134194696
99783552960,134194700
99783552960,134194703
99783552960,134194704
99783552960,134194705
99783552960,134194720
99783552960,134194730
99783552960,134194742
99783552960,134194821
99783552960,134194895
99783552960,134194912
99783552960,134194919
99783552960,134194921
99783552960,134194922
99783552960,134194924
99783552960,134194926
99783552960,134194927
99783552960,134194929
99783552960,134194930
99783552960,134194932
99783552960,134194933
99783552960,134194934
99783552960,134194936
99783552960,134194937
99783552960,134194938
99783552960,134194940
99783552960,134194941
99783552960,134194942
99783552960,134194943
99783552960,134194944
99783552960,134194945
99783552960,134194946
99783552960,134194947
99783552960,134194948
99783552960,134194949
99783552960,134194950
99783552960,134194951
99783552960,134194952
99783552960,134194953
99783552960,134194954
99783552960,134194955
99783552960,134194956
99783552960,134194957
99783552960,134194966
99783552960,134194973
99783552960,134194974
99783552960,134194976
99783552960,134194980
99783552960,134194981
99783552960,134194991
99783552960,134194992
99783552960,134194993
99783552960,134194994
99783552960,134194997
99783552960,134194998
99783552960,134195003
99783552960,134195006
99783552960,134195008
99783552960,134195009
99783552960,134195011
99783552960,134195013
99783552960,134195014
99783552960,134195015
99783552960,134195016
99783552960,134195017
99783552960,134195019
99783552960,134195021
99783552960,134195023
99783552960,134195031
99783552960,134195033
99783552960,134195038
99783552960,134195039
99783552960,134195040
99783552960,134195044
99783552960,134195049
99783552960,134195050
99783552960,134195051
99783552960,134195052
99783552960,134195054
99783552960,134195056
99783552960,134195057
99783552960,134195058
99783552960,134195063
99783552960,134195067
99783552960,134195076
99783552960,134195078
99783552960,134195082
99783552960,134195084
99783552960,134195085
99783552960,134195089
99783552960,134195090
99783552960,134195091
99783552960,134195096
99783552960,134195097
99783552960,134195100
99783552960,134195102
99783552960,134195103
99783552960,134195104
99783552960,134195105
99783552960,134195109
99783552960,134195351
99783552960,134195353
99783552960,134195355
99783552960,134195357
99783552960,134195358
99783552960,134195361
99783552960,134195363
99783552960,134195364
99783552960,134195365
99783552960,134195367
99783552960,134195372
99783552960,134195375
99783552960,134195376
99783552960,134195378
99783552960,134195382
99783552960,134195383
99783552960,134195384
99783552960,134195386
99783552960,134195388
99783552960,134195389
99783552960,134195391
99783552960,134195393
99783552960,134195395
99783552960,134195396
99783552960,134196748
99783552960,134196842
99783552960,134196844
99783552960,134197541
99783552960,134197620
99783552960,134197629
99783552960,134198350
99783552960,134201326
99783552960,134201344
99783552960,134201357
99783552960,134201388
99783552960,134201390
99783552960,134201394
99783552960,134201606
99783552960,134201617
99783552960,134201626
99783552960,134201642
99783552960,134201668
99783552960,134201673
99783552960,134201674
99783552960,134201681
99783552960,134201682
99783552960,134201683
99783552960,134201698
99783552960,134201705
99783552960,134201708
99783552960,134201709
99783552960,134201739
99783552960,134201746
99783552960,134201753
99783552960,134201763
99783552960,134201777
99783552960,134201789
99783552960,134201816
99783552960,134201818
99783552960,134201819
99783552960,134201822
99783552960,134201833
99783552960,134201837
99783552960,134201840
99783552960,134201843
99783552960,134201847
99783552960,134201854
99783552960,134201862
99783552960,134201866
99783552960,134201876
99783552960,134201887
99783552960,134201888
99783552960,134201892
99783552960,134201893
99783552960,134201895
99783552960,134201914
99783552960,134201940
99783552960,134201951
99783552960,134201956
99783552960,134201976
99783552960,134202117
99783552960,134202119
99783552960,134202124
99783552960,134202125
99783552960,134202147
99783552960,134202154
99783552960,134202160
99783552960,134202161
99783552960,134202164
99783552960,134202168
99783552960,134202180
99783552960,134202182
99783552960,134202186
99783552960,134202189
99783552960,134202192
99783552960,134202193
99783552960,134202194
99783552960,134202209
99783552960,134202220
99783552960,134202231
99783552960,134202310
99783552960,134202385
99783552960,134202401
99783552960,134202402
99783552960,134202408
99783552960,134202410
99783552960,134202411
99783552960,134202412
99783552960,134202413
99783552960,134202416
99783552960,134202417
99783552960,134202418
99783552960,134202419
99783552960,134202421
99783552960,134202422
99783552960,134202423
99783552960,134202425
99783552960,134202426
99783552960,134202427
99783552960,134202428
99783552960,134202429
99783552960,134202430
99783552960,134202431
99783552960,134202432
99783552960,134202433
99783552960,134202434
99783552960,134202435
99783552960,134202436
99783552960,134202437
99783552960,134202438
99783552960,134202439
99783552960,134202440
99783552960,134202442
99783552960,134202443
99783552960,134202444
99783552960,134202445
99783552960,134202446
99783552960,134202462
99783552960,134202463
99783552960,134202466
99783552960,134202469
99783552960,134202470
99783552960,134202471
99783552960,134202480
99783552960,134202481
99783552960,134202482
99783552960,134202483
99783552960,134202486
99783552960,134202487
99783552960,134202492
99783552960,134202495
99783552960,134202497
99783552960,134202498
99783552960,134202500
99783552960,134202503
99783552960,134202505
99783552960,134202506
99783552960,134202509
99783552960,134202510
99783552960,134202512
99783552960,134202520
99783552960,134202522
99783552960,134202527
99783552960,134202528
99783552960,134202529
99783552960,134202530
99783552960,134202533
99783552960,134202538
99783552960,134202540
99783552960,134202541
99783552960,134202544
99783552960,134202545
99783552960,134202546
99783552960,134202547
99783552960,134202552
99783552960,134202565
99783552960,134202567
99783552960,134202568
99783552960,134202571
99783552960,134202573
99783552960,134202574
99783552960,134202578
99783552960,134202579
99783552960,134202580
99783552960,134202584
99783552960,134202585
99783552960,134202587
99783552960,134202589
99783552960,134202590
99783552960,134202591
99783552960,134202593
99783552960,134202595
99783552960,134202598
99783552960,134202599
99783552960,134202840
99783552960,134202842
99783552960,134202843
99783552960,134202844
99783552960,134202846
99783552960,134202847
99783552960,134202851
99783552960,134202852
99783552960,134202853
99783552960,134202854
99783552960,134202856
99783552960,134202861
99783552960,134202864
99783552960,134202865
99783552960,134202867
99783552960,134202871
99783552960,134202872
99783552960,134202873
99783552960,134202875
99783552960,134202877
99783552960,134202878
99783552960,134202880
99783552960,134202882
99783552960,134202885
99783552960,134204237
99783552960,134204333
99783552960,134205030
99783552960,134205110
99783552960,134205118
99783552960,134205839
99783552960,134208803
99783552960,134208804
99783552960,134208814
99783552960,134208815
99783552960,134208824
99783552960,134208862
99783552960,134208863
