827860087,134189875
827860087,134191733
827860087,134193496
827860087,134193497
827860087,134193498
827860087,134193499
827860087,134193500
827860087,134193501
827860087,134193502
827860087,134193503
827860087,134193504
827860087,134193505
827860087,134193506
827860087,134193507
827860087,134193508
827860087,134193509
827860087,134193510
827860087,134193511
827860087,134193512
827860087,134193513
827860087,134193514
827860087,134193515
827860087,134193516
827860087,134193517
827860087,134193518
827860087,134193519
827860087,134193520
827860087,134193521
827860087,134193522
827860087,134193523
827860087,134193524
827860087,134193525
827860087,134193526
827860087,134193527
827860087,134193528
827860087,134193529
827860087,134193530
827860087,134193531
827860087,134193532
827860087,134193533
827860087,134193534
827860087,134193535
827860087,134193537
827860087,134193538
827860087,134193539
827860087,134193540
827860087,134193541
827860087,134193542
827860087,134193543
827860087,134193544
827860087,134193545
827860087,134193546
827860087,134193547
827860087,134193548
827860087,134193549
827860087,134193550
827860087,134193551
827860087,134193552
827860087,134193553
827860087,134193554
827860087,134193555
827860087,134193556
827860087,134193557
827860087,134193558
827860087,134193559
827860087,134193560
827860087,134193561
827860087,134193562
827860087,134193563
827860087,134193564
827860087,134193565
827860087,134193566
827860087,134193567
827860087,134193568
827860087,134193569
827860087,134193570
827860087,134193571
827860087,134193572
827860087,134193573
827860087,134193574
827860087,134193575
827860087,134193576
827860087,134193577
827860087,134193578
827860087,134193579
827860087,134193580
827860087,134193581
827860087,134193582
827860087,134193583
827860087,134193584
827860087,134193585
827860087,134193586
827860087,134193587
827860087,134193588
827860087,134193589
827860087,134193590
827860087,134193591
827860087,134193592
827860087,134193593
827860087,134193594
827860087,134193595
827860087,134193596
827860087,134193597
827860087,134193598
827860087,134193599
827860087,134193600
827860087,134193601
827860087,134193602
827860087,134193603
827860087,134193604
827860087,134193605
827860087,134193606
827860087,134193607
827860087,134193608
827860087,134193609
827860087,134193610
827860087,134193611
827860087,134193612
827860087,134193613
827860087,134193614
827860087,134193615
827860087,134193616
827860087,134193617
827860087,134193618
827860087,134193619
827860087,134193620
827860087,134193621
827860087,134193622
827860087,134193623
827860087,134193624
827860087,134193625
827860087,134193626
827860087,134193627
827860087,134193628
827860087,134193629
827860087,134193630
827860087,134193631
827860087,134193632
827860087,134193633
827860087,134193634
827860087,134193635
827860087,134193636
827860087,134193637
827860087,134193638
827860087,134193639
827860087,134193640
827860087,134193641
827860087,134193642
827860087,134193643
827860087,134193644
827860087,134193645
827860087,134193646
827860087,134193647
827860087,134193648
827860087,134193649
827860087,134193650
827860087,134193651
827860087,134193652
827860087,134193653
827860087,134193654
827860087,134193655
827860087,134193656
827860087,134193657
827860087,134193658
827860087,134193659
827860087,134193660
827860087,134193661
827860087,134193662
827860087,134193663
827860087,134193664
827860087,134193665
827860087,134193666
827860087,134193667
827860087,134193668
827860087,134193669
827860087,134193670
827860087,134193671
827860087,134193672
827860087,134193673
827860087,134193674
827860087,134193675
827860087,134193676
827860087,134193677
827860087,134193678
827860087,134193679
827860087,134193680
827860087,134193681
827860087,134193682
827860087,134193683
827860087,134193684
827860087,134193685
827860087,134193686
827860087,134193687
827860087,134193688
827860087,134193689
827860087,134193690
827860087,134193691
827860087,134193692
827860087,134193693
827860087,134193694
827860087,134193695
827860087,134193696
827860087,134193697
827860087,134193698
827860087,134193699
827860087,134193700
827860087,134193701
827860087,134193702
827860087,134193703
827860087,134193704
827860087,134193705
827860087,134193706
827860087,134193707
827860087,134193708
827860087,134193709
827860087,134193710
827860087,134193711
827860087,134193712
827860087,134193713
827860087,134193714
827860087,134193715
827860087,134193716
827860087,134193717
827860087,134193718
827860087,134193719
827860087,134193720
827860087,134193721
827860087,134193722
827860087,134193723
827860087,134193724
827860087,134193725
827860087,134193726
827860087,134193727
827860087,134193728
827860087,134193729
827860087,134193730
827860087,134193731
827860087,134193732
827860087,134193733
827860087,134193734
827860087,134193735
827860087,134193736
827860087,134193737
827860087,134193738
827860087,134193739
827860087,134193740
827860087,134193741
827860087,134193742
827860087,134193743
827860087,134193744
827860087,134193745
827860087,134193746
827860087,134193747
827860087,134193748
827860087,134193749
827860087,134193750
827860087,134193751
827860087,134193752
827860087,134193753
827860087,134193754
827860087,134193755
827860087,134193756
827860087,134193757
827860087,134193758
827860087,134193759
827860087,134193760
827860087,134193761
827860087,134193762
827860087,134193763
827860087,134193764
827860087,134193765
827860087,134193766
827860087,134193767
827860087,134193768
827860087,134193769
827860087,134193770
827860087,134193771
827860087,134193772
827860087,134193773
827860087,134193774
827860087,134193775
827860087,134193776
827860087,134193777
827860087,134193778
827860087,134193779
827860087,134193780
827860087,134193781
827860087,134193782
827860087,134193783
827860087,134193784
827860087,134193785
827860087,134193786
827860087,134193787
827860087,134193788
827860087,134193789
827860087,134193790
827860087,134193791
827860087,134193792
827860087,134193793
827860087,134193794
827860087,134193795
827860087,134193796
827860087,134193797
827860087,134193798
827860087,134193799
827860087,134193800
827860087,134193801
827860087,134193802
827860087,134193803
827860087,134193804
827860087,134193805
827860087,134193806
827860087,134193807
827860087,134193808
827860087,134193809
827860087,134193810
827860087,134193811
827860087,134193812
827860087,134193813
827860087,134193814
827860087,134193815
827860087,134193816
827860087,134193817
827860087,134193818
827860087,134193819
827860087,134193820
827860087,134193821
827860087,134193822
827860087,134193823
827860087,134193824
827860087,134193825
827860087,134193826
827860087,134193827
827860087,134193828
827860087,134193829
827860087,134193830
827860087,134193831
827860087,134193832
827860087,134193833
827860087,134193834
827860087,134193835
827860087,134193836
827860087,134193837
827860087,134193838
827860087,134193839
827860087,134193840
827860087,134193841
827860087,134193842
827860087,134193843
827860087,134193844
827860087,134193845
827860087,134193846
827860087,134193847
827860087,134193848
827860087,134193849
827860087,134193850
827860087,134193851
827860087,134193852
827860087,134193853
827860087,134193854
827860087,134193855
827860087,134193856
827860087,134193857
827860087,134196016
827860087,134196017
827860087,134196018
827860087,134196019
827860087,134196020
827860087,134196021
827860087,134203407
827860087,134203408
827860087,134203409
827860087,134203410
827860087,134203411
827860087,134203412
827860087,134208750
25663662697,67231438
25663662697,67231443
25663662697,67231457
25663662697,67231467
25663662697,67231468
25663662697,134190276
25663662697,134194102
25663662697,134194112
25663662697,134194167
25663662697,134194172
25663662697,134194203
25663662697,134194226
25663662697,134194274
25663662697,134194345
25663662697,134194356
25663662697,134194357
25663662697,134194358
25663662697,134194360
25663662697,134194361
25663662697,134194362
25663662697,134194425
25663662697,134194443
25663662697,134194488
25663662697,134194492
25663662697,134194498
25663662697,134194507
25663662697,134194513
25663662697,134194528
25663662697,134194554
25663662697,134194564
25663662697,134194607
25663662697,134194663
25663662697,134194670
25663662697,134194740
25663662697,134194856
25663662697,134195002
25663662697,134195117
25663662697,134195155
25663662697,134195206
25663662697,134195304
25663662697,134195305
25663662697,134195393
25663662697,134195432
25663662697,134195471
25663662697,134195512
25663662697,134195531
25663662697,134195534
25663662697,134195560
25663662697,134195589
25663662697,134195636
25663662697,134195693
25663662697,134195697
25663662697,134195698
25663662697,134195703
25663662697,134195716
25663662697,134195728
25663662697,134195742
25663662697,134195749
25663662697,134195751
25663662697,134195760
25663662697,134195763
25663662697,134195828
25663662697,134195841
25663662697,134195842
25663662697,134195843
25663662697,134195856
25663662697,134195865
25663662697,134195876
25663662697,134195895
25663662697,134195906
25663662697,134195908
25663662697,134195923
25663662697,134195936
25663662697,134195939
25663662697,134196027
25663662697,134196029
25663662697,134196032
25663662697,134196090
25663662697,134196155
25663662697,134196610
25663662697,134197078
25663662697,134197084
25663662697,134197095
25663662697,134197143
25663662697,134197720
25663662697,134197954
25663662697,134197972
25663662697,134197977
25663662697,134198161
25663662697,134198288
25663662697,134198437
25663662697,134198646
25663662697,134198694
25663662697,134199059
25663662697,134199497
25663662697,134199666
25663662697,134199727
25663662697,134199765
25663662697,134199993
25663662697,134200140
25663662697,134200176
25663662697,134200310
25663662697,134200311
25663662697,134200361
25663662697,134200393
25663662697,134200443
25663662697,134200622
25663662697,134200642
25663662697,134200900
25663662697,134200972
25663662697,134201009
25663662697,134201493
25663662697,134201503
25663662697,134201558
25663662697,134201563
25663662697,134201594
25663662697,134201617
25663662697,134201665
25663662697,134201736
25663662697,134201747
25663662697,134201748
25663662697,134201749
25663662697,134201751
25663662697,134201752
25663662697,134201753
25663662697,134201816
25663662697,134201834
25663662697,134201879
25663662697,134201883
25663662697,134201889
25663662697,134201898
25663662697,134201904
25663662697,134201919
25663662697,134201945
25663662697,134201955
25663662697,134201998
25663662697,134202054
25663662697,134202061
25663662697,134202131
25663662697,134202247
25663662697,134202393
25663662697,134202508
25663662697,134202546
25663662697,134202597
25663662697,134202614
25663662697,134202695
25663662697,134202696
25663662697,134202784
25663662697,134202823
25663662697,134202862
25663662697,134202903
25663662697,134202922
25663662697,134202925
25663662697,134202951
25663662697,134202980
25663662697,134203027
25663662697,134203088
25663662697,134203089
25663662697,134203094
25663662697,134203107
25663662697,134203119
25663662697,134203133
25663662697,134203140
25663662697,134203142
25663662697,134203151
25663662697,134203154
25663662697,134203219
25663662697,134203232
25663662697,134203233
25663662697,134203247
25663662697,134203256
25663662697,134203267
25663662697,134203286
25663662697,134203296
25663662697,134203299
25663662697,134203314
25663662697,134203327
25663662697,134203330
25663662697,134203418
25663662697,134203420
25663662697,134203423
25663662697,134203481
25663662697,134203546
25663662697,134204001
25663662697,134204469
25663662697,134204475
25663662697,134204486
25663662697,134204534
25663662697,134205111
25663662697,134205345
25663662697,134205363
25663662697,134205368
25663662697,134205552
25663662697,134205679
25663662697,134205828
25663662697,134206037
25663662697,134206085
25663662697,134206450
25663662697,134206888
25663662697,134207057
25663662697,134207118
25663662697,134207156
25663662697,134207384
25663662697,134207531
25663662697,134207567
25663662697,134207656
25663662697,134207701
25663662697,134207752
25663662697,134207784
25663662697,134207834
25663662697,134208013
25663662697,134208033
25663662697,134208290
25663662697,134208291
25663662697,134208400
25663662697,134208641
25663662697,134208644
25663662697,134208654
25663662697,134208655
25663662697,134208656
25663662697,134208657
25663662697,134208658
25663662697,134208659
25663662697,134208660
25663662697,134208661
25663662697,134208662
25663662697,134208663
25663662697,134208664
25663662697,134208666
25663662697,134208667
25663662697,134208668
25663662697,134208669
25663662697,134208670
25663662697,134208671
25663662697,134208672
25663662697,134208673
25663662697,134208675
25663662697,134208676
25663662697,134208677
25663662697,134208678
25663662697,134208679
25663662697,134208685
25663662697,134208686
25663662697,134208687
25663662697,134208690
25663662697,134208693
25663662697,134208695
25663662697,134208696
25663662697,134208697
25663662697,134208699
25663662697,134208700
25663662697,134208702
25663662697,134208703
25663662697,134208704
25663662697,134208705
25663662697,134208707
25663662697,134208708
25663662697,134208709
25663662697,134208710
25663662697,134208711
25663662697,134208712
25663662697,134208713
25663662697,134208714
25663662697,134208715
25663662697,134208716
25663662697,134208717
25663662697,134208718
25663662697,134208719
25663662697,134208720
25663662697,134208721
25663662697,134208722
25663662697,134208723
25663662697,134208724
25663662697,134208725
25663662697,134208726
25663662697,134208727
25663662697,134208728
25663662697,134208729
25663662697,134208731
25663662697,134208733
25663662697,134208734
25663662697,134208735
25663662697,134208736
25663662697,134208737
25663662697,134208740
25663662697,134208741
25663662697,134208742
25663662697,134208743
25663662697,134208744
25663662697,134208745
25663662697,134208751
25663662697,134208752
25663662697,134208753
25663662697,134208754
25663662697,134208755
25663662697,134208757
25663662697,134208758
25663662697,134208759
25663662697,134208760
25663662697,134208761
25663662697,134208762
25663662697,134208763
25663662697,134208764
25663662697,134208765
25663662697,134208766
25663662697,134208767
25663662697,134208768
25663662697,134208769
25663662697,134208770
25663662697,134208772
25663662697,134208773
25663662697,134208775
25663662697,134208776
25663662697,134208777
25663662697,134208778
25663662697,134208779
25663662697,134208781
25663662697,134208783
25663662697,134208784
25663662697,134208785
25663662697,134208787
25663662697,134208790
25663662697,134208791
25663662697,134208792
25663662697,134208794
25663662697,134208795
25663662697,134208797
25663662697,134208798
25663662697,134208799
25663662697,134208800
25663662697,134208801
25663662697,134208802
25663662697,134208803
25663662697,134208804
25663662697,134208805
25663662697,134208806
25663662697,134208807
25663662697,134208808
25663662697,134208809
25663662697,134208810
25663662697,134208813
25663662697,134208814
25663662697,134208816
25663662697,134208822
25663662697,134208823
25663662697,134208825
25663662697,134208826
25663662697,134208827
25663662697,134208828
25663662697,134208829
25663662697,134208830
25663662697,134208831
25663662697,134208832
25663662697,134208833
25663662697,134208835
25663662697,134208836
25663662697,134208837
25663662697,134208839
25663662697,134208840
25663662697,134208842
25663662697,134208843
25663662697,134208844
25663662697,134208845
25663662697,134208846
25663662697,134208847
25663662697,134208848
25663662697,134208850
25663662697,134208851
25663662697,134208852
25663662697,134208853
25663662697,134208854
25663662697,134208855
25663662697,134208856
25663662697,134208857
25663662697,134208858
25663662697,134208859
25663662697,134208860
25663662697,134208861
25663662697,134208862
25663662697,134208863
25663662697,134208864
25663662697,134208865
25663662697,134208866
25663662697,134208867
25663662697,134208868
25663662697,134208869
25663662697,134208870
25663662697,134208871
25663662697,134208872
25663662697,134208873
25663662697,134208874
25663662697,134208875
25663662697,134208876
25663662697,134208877
25663662697,134208878
25663662697,134208879
25663662697,134208880
25663662697,134208881
25663662697,134208882
25663662697,134208883
25663662697,134208884
25663662697,134208885
25663662697,134208886
25663662697,134208887
25663662697,134208888
25663662697,134208889
25663662697,134208890
25663662697,134208891
25663662697,134208892
25663662697,134208893
25663662697,134208894
25663662697,134208895
25663662697,134208896
25663662697,134208897
25663662697,134208898
25663662697,134208899
25663662697,134208900
25663662697,134208901
25663662697,134208902
25663662697,134208903
25663662697,134208904
25663662697,134208905
25663662697,134208906
25663662697,134208907
25663662697,134208908
25663662697,134208909
25663662697,134208910
25663662697,134208911
25663662697,134208912
25663662697,134208913
25663662697,134208914
25663662697,134208915
25663662697,134208916
25663662697,134208917
25663662697,134208918
25663662697,134208919
25663662697,134208920
25663662697,134208921
25663662697,134208922
25663662697,134208923
25663662697,134208924
25663662697,134208925
25663662697,134208926
25663662697,134208927
25663662697,134208929
25663662697,134208930
25663662697,134208931
25663662697,134208932
25663662697,134208933
25663662697,134208934
25663662697,134208935
25663662697,134208936
25663662697,134208937
25663662697,134208938
25663662697,134208939
25663662697,134208940
25663662697,134208941
25663662697,134208942
25663662697,134208943
25663662697,134208944
25663662697,134208945
25663662697,134208946
25663662697,134208948
25663662697,134208949
25663662697,134208950
25663662697,134208951
25663662697,134208952
25663662697,134208953
25663662697,134208954
25663662697,134208955
25663662697,134208956
25663662697,134208957
25663662697,134208958
25663662697,134208959
25663662697,134208960
25663662697,134208961
25663662697,134208962
25663662697,134208964
25663662697,134208965
25663662697,134208966
25663662697,134208967
25663662697,134208968
25663662697,134208969
25663662697,134208970
25663662697,134208971
25663662697,134208972
25663662697,134208973
25663662697,134208974
25663662697,134208975
25663662697,134208976
25663662697,134208977
25663662697,134208978
25663662697,134208979
25663662697,134208980
25663662697,134208981
25663662697,134208982
25663662697,134208983
25663662697,134208984
25663662697,134208985
25663662697,134208986
25663662697,134208987
25663662697,134208988
25663662697,134208989
25663662697,134208991
25663662697,134208992
25663662697,134208993
25663662697,134208996
25663662697,134208997
25663662697,134208998
25663662697,134208999
25663662697,134209000
25663662697,134209001
50499465307,67231442
50499465307,67231446
50499465307,67231454
50499465307,67231461
50499465307,134189895
50499465307,134191715
50499465307,134194645
50499465307,134194844
50499465307,134194845
50499465307,134194847
50499465307,134194854
50499465307,134196072
50499465307,134196074
50499465307,134197184
50499465307,134197257
50499465307,134197260
50499465307,134197271
50499465307,134197342
50499465307,134197381
50499465307,134197396
50499465307,134197414
50499465307,134197418
50499465307,134197419
50499465307,134197460
50499465307,134197480
50499465307,134197486
50499465307,134197516
50499465307,134197529
50499465307,134197571
50499465307,134197627
50499465307,134197639
50499465307,134197663
50499465307,134197687
50499465307,134197689
50499465307,134197713
50499465307,134197723
50499465307,134197724
50499465307,134197731
50499465307,134197749
50499465307,134197759
50499465307,134197763
50499465307,134197782
50499465307,134197788
50499465307,134197789
50499465307,134197808
50499465307,134197822
50499465307,134197830
50499465307,134197835
50499465307,134197855
50499465307,134197856
50499465307,134197857
50499465307,134197859
50499465307,134197876
50499465307,134197891
50499465307,134197893
50499465307,134197894
50499465307,134197897
50499465307,134197901
50499465307,134197912
50499465307,134197931
50499465307,134197932
50499465307,134197933
50499465307,134197934
50499465307,134197948
50499465307,134197949
50499465307,134197953
50499465307,134197959
50499465307,134197967
50499465307,134197979
50499465307,134197983
50499465307,134197995
50499465307,134197999
50499465307,134198010
50499465307,134198013
50499465307,134198026
50499465307,134198036
50499465307,134198047
50499465307,134198050
50499465307,134198053
50499465307,134198055
50499465307,134198057
50499465307,134198062
50499465307,134198072
50499465307,134198074
50499465307,134198075
50499465307,134198079
50499465307,134198086
50499465307,134198094
50499465307,134198095
50499465307,134198101
50499465307,134198104
50499465307,134198105
50499465307,134198106
50499465307,134198123
50499465307,134198126
50499465307,134198127
50499465307,134198134
50499465307,134198136
50499465307,134198153
50499465307,134198165
50499465307,134198167
50499465307,134198168
50499465307,134198180
50499465307,134198183
50499465307,134198188
50499465307,134198191
50499465307,134198195
50499465307,134198196
50499465307,134198197
50499465307,134198199
50499465307,134198200
50499465307,134198201
50499465307,134198222
50499465307,134198223
50499465307,134198225
50499465307,134198226
50499465307,134198228
50499465307,134198230
50499465307,134198235
50499465307,134198241
50499465307,134198243
50499465307,134198244
50499465307,134198245
50499465307,134198246
50499465307,134198253
50499465307,134198254
50499465307,134198257
50499465307,134198260
50499465307,134198262
50499465307,134198264
50499465307,134198267
50499465307,134198268
50499465307,134198269
50499465307,134198272
50499465307,134198274
50499465307,134198275
50499465307,134198278
50499465307,134198279
50499465307,134198283
50499465307,134198284
50499465307,134198286
50499465307,134198296
50499465307,134198298
50499465307,134198309
50499465307,134198310
50499465307,134198311
50499465307,134198317
50499465307,134198319
50499465307,134198325
50499465307,134198327
50499465307,134198333
50499465307,134198334
50499465307,134198356
50499465307,134198369
50499465307,134198372
50499465307,134198373
50499465307,134198377
50499465307,134198378
50499465307,134198379
50499465307,134198380
50499465307,134198389
50499465307,134198390
50499465307,134198392
50499465307,134198393
50499465307,134198394
50499465307,134198399
50499465307,134198400
50499465307,134198401
50499465307,134198410
50499465307,134198411
50499465307,134198412
50499465307,134198413
50499465307,134198414
50499465307,134198420
50499465307,134198425
50499465307,134198427
50499465307,134198428
50499465307,134198429
50499465307,134198430
50499465307,134198431
50499465307,134198433
50499465307,134198436
50499465307,134198438
50499465307,134198439
50499465307,134198440
50499465307,134198443
50499465307,134198444
50499465307,134198445
50499465307,134198446
50499465307,134198448
50499465307,134202036
50499465307,134202235
50499465307,134202237
50499465307,134202245
50499465307,134203168
50499465307,134203435
50499465307,134203463
50499465307,134203465
50499465307,134204575
50499465307,134204645
50499465307,134204648
50499465307,134204650
50499465307,134204662
50499465307,134204698
50499465307,134204733
50499465307,134204772
50499465307,134204787
50499465307,134204789
50499465307,134204805
50499465307,134204809
50499465307,134204810
50499465307,134204851
50499465307,134204863
50499465307,134204871
50499465307,134204877
50499465307,134204907
50499465307,134204920
50499465307,134204962
50499465307,134205018
50499465307,134205030
50499465307,134205053
50499465307,134205078
50499465307,134205080
50499465307,134205097
50499465307,134205104
50499465307,134205114
50499465307,134205115
50499465307,134205122
50499465307,134205123
50499465307,134205140
50499465307,134205150
50499465307,134205153
50499465307,134205173
50499465307,134205179
50499465307,134205180
50499465307,134205199
50499465307,134205213
50499465307,134205220
50499465307,134205221
50499465307,134205226
50499465307,134205246
50499465307,134205247
50499465307,134205248
50499465307,134205250
50499465307,134205267
50499465307,134205282
50499465307,134205284
50499465307,134205285
50499465307,134205288
50499465307,134205289
50499465307,134205292
50499465307,134205303
50499465307,134205322
50499465307,134205323
50499465307,134205324
50499465307,134205325
50499465307,134205339
50499465307,134205340
50499465307,134205344
50499465307,134205350
50499465307,134205358
50499465307,134205370
50499465307,134205374
50499465307,134205383
50499465307,134205386
50499465307,134205390
50499465307,134205401
50499465307,134205404
50499465307,134205417
50499465307,134205427
50499465307,134205438
50499465307,134205441
50499465307,134205446
50499465307,134205448
50499465307,134205453
50499465307,134205465
50499465307,134205466
50499465307,134205470
50499465307,134205477
50499465307,134205485
50499465307,134205486
50499465307,134205492
50499465307,134205495
50499465307,134205496
50499465307,134205497
50499465307,134205514
50499465307,134205517
50499465307,134205518
50499465307,134205525
50499465307,134205527
50499465307,134205532
50499465307,134205534
50499465307,134205544
50499465307,134205545
50499465307,134205556
50499465307,134205559
50499465307,134205570
50499465307,134205571
50499465307,134205579
50499465307,134205582
50499465307,134205586
50499465307,134205587
50499465307,134205588
50499465307,134205590
50499465307,134205591
50499465307,134205592
50499465307,134205613
50499465307,134205614
50499465307,134205616
50499465307,134205617
50499465307,134205619
50499465307,134205621
50499465307,134205626
50499465307,134205632
50499465307,134205634
50499465307,134205635
50499465307,134205636
50499465307,134205637
50499465307,134205644
50499465307,134205645
50499465307,134205647
50499465307,134205651
50499465307,134205653
50499465307,134205655
50499465307,134205658
50499465307,134205659
50499465307,134205660
50499465307,134205663
50499465307,134205665
50499465307,134205666
50499465307,134205669
50499465307,134205670
50499465307,134205674
50499465307,134205675
50499465307,134205677
50499465307,134205684
50499465307,134205687
50499465307,134205689
50499465307,134205700
50499465307,134205701
50499465307,134205702
50499465307,134205708
50499465307,134205716
50499465307,134205718
50499465307,134205724
50499465307,134205725
50499465307,134205731
50499465307,134205747
50499465307,134205748
50499465307,134205760
50499465307,134205763
50499465307,134205764
50499465307,134205768
50499465307,134205769
50499465307,134205770
50499465307,134205771
50499465307,134205776
50499465307,134205780
50499465307,134205781
50499465307,134205783
50499465307,134205784
50499465307,134205785
50499465307,134205790
50499465307,134205791
50499465307,134205792
50499465307,134205794
50499465307,134205799
50499465307,134205801
50499465307,134205802
50499465307,134205803
50499465307,134205804
50499465307,134205805
50499465307,134205811
50499465307,134205816
50499465307,134205818
50499465307,134205819
50499465307,134205820
50499465307,134205821
50499465307,134205822
50499465307,134205824
50499465307,134205826
50499465307,134205827
50499465307,134205829
50499465307,134205830
50499465307,134205831
50499465307,134205834
50499465307,134205835
50499465307,134205836
50499465307,134205837
50499465307,134205839
50499465307,134208645
50499465307,134208648
50499465307,134208650
50499465307,134208653
50499465307,134208665
50499465307,134208674
50499465307,134208681
50499465307,134208682
50499465307,134208683
50499465307,134208684
50499465307,134208688
50499465307,134208689
50499465307,134208694
50499465307,134208698
50499465307,134208701
50499465307,134208706
50499465307,134208730
50499465307,134208732
50499465307,134208738
50499465307,134208739
50499465307,134208756
50499465307,134208774
50499465307,134208780
50499465307,134208782
50499465307,134208788
50499465307,134208789
50499465307,134208793
50499465307,134208796
50499465307,134208811
50499465307,134208812
50499465307,134208815
50499465307,134208817
50499465307,134208818
50499465307,134208819
50499465307,134208820
50499465307,134208821
50499465307,134208824
50499465307,134208834
50499465307,134208838
50499465307,134208841
50499465307,134208849
