1,191
1,192
1,67104028
1,67104029
1,67104030
1,67104031
1,67104157
1,67104158
1,67104159
1,67104160
1,67104286
1,67104287
1,67104288
1,67104289
1,67104415
1,67104416
1,67104417
1,67104418
1,67104543
1,67104544
1,67104545
1,67104546
1,67104547
1,67104548
1,67104549
1,67104550
1,67104551
1,67104552
1,67104553
1,67104554
1,67104555
1,67104556
1,67104557
1,67104558
1,67104559
1,67104560
1,67104561
1,67104562
1,67104563
1,67104564
1,67104565
1,67104566
1,67104567
1,67104568
1,67104569
1,67104570
1,67104571
1,67104572
1,67104573
1,67104574
1,67104575
1,67104576
1,67104577
1,67104578
1,67104579
1,67104580
1,67104581
1,67104582
1,67104583
1,67104584
1,67104585
1,67104586
1,67104587
1,67104588
1,67104589
1,67104590
1,67104591
1,67104592
1,67104593
1,67104594
1,67104595
1,67104596
1,67104597
1,67104598
1,67104599
1,67104600
1,67104601
1,67104602
1,67104603
1,67104604
1,67104605
1,67104606
1,67104607
1,67104608
1,67104609
1,67104610
1,67104611
1,67104612
1,67104613
1,67104614
1,67104615
1,67104616
1,67104617
1,67104618
1,67104619
1,67104620
1,67104621
1,67104622
1,67104623
1,67104624
1,67104625
1,67104626
1,67104627
1,67104628
1,67104629
1,67104630
1,67104631
1,67104632
1,67104633
1,67104634
1,67104635
1,67104636
1,67104637
1,67104638
1,67104639
1,67104640
1,67104641
1,67104642
1,67104643
1,67104644
1,67104645
1,67104646
1,67104647
1,67104648
1,67104649
1,67104650
1,67104651
1,67104652
1,67104653
1,67104654
1,67104655
1,67104656
1,67104657
1,67104658
1,67104659
1,67104660
1,67104661
1,67104662
1,67104663
1,67104664
1,67104665
1,67104666
1,67104667
1,67104668
1,67104669
1,67104670
1,67104671
1,67104672
1,67104673
1,67104674
1,67104675
1,67104676
1,67104677
1,67104678
1,67104679
1,67104680
1,67104681
1,67104682
1,67104683
1,67104684
1,67104685
1,67104686
1,67104687
1,67104688
1,67104689
1,67104690
1,67104691
1,67104692
1,67104693
1,67104694
1,67104695
1,67104696
1,67104697
1,67104698
1,67104699
1,67104700
1,67104701
1,67104702
1,67104703
1,67104704
1,67104705
1,67104706
1,67104707
1,67104708
1,67104709
1,67104710
1,67104711
1,67104712
1,67104713
1,67104714
1,67104715
1,67104716
1,67104717
1,67104718
1,67104719
1,67104720
1,67104721
1,67104722
1,67104723
1,67104724
1,67104725
1,67104726
1,67104727
1,67104728
1,67104729
1,67104730
1,67104731
1,67104732
1,67104733
1,67104734
1,67104735
1,67104736
1,67104737
1,67104738
1,67104739
1,67104740
1,67104741
1,67104742
1,67104743
1,67104744
1,67104745
1,67104746
1,67104747
1,67104748
1,67104749
1,67104750
1,67104751
1,67104752
1,67104753
1,67104754
1,67104755
1,67104756
1,67104757
1,67104758
1,67104759
1,67104760
1,67104761
1,67104762
1,67104763
1,67104764
1,67104765
1,67104766
1,67104767
1,67104768
1,67104769
1,67104770
1,67104771
1,67104772
1,67104773
1,67104774
1,67104775
1,67104776
1,67104777
1,67104778
1,67104779
1,67104780
1,67104781
1,67104782
1,67104783
1,67104784
1,67104785
1,67104786
1,67104787
1,67108665
1,67108666
1,67108667
1,67108668
1,67108669
1,67108827
1,67108829
1,67108831
1,67108832
1,67108988
1,67109052
3,67108228
3,67108229
4,67104127
4,67104128
4,67104129
4,67104130
4,67104131
4,67104132
4,67104133
4,67104134
4,67104135
4,67104136
4,67104137
4,67104138
4,67104139
4,67104140
4,67104141
4,67104142
4,67104256
4,67104257
4,67104258
4,67104259
4,67104260
4,67104261
4,67104262
4,67104263
4,67104264
4,67104265
4,67104266
4,67104267
4,67104268
4,67104269
4,67104270
4,67104271
4,67104314
4,67104315
4,67104514
4,67104515
4,67104516
4,67104517
4,67104518
4,67104519
4,67104520
4,67104521
4,67104522
4,67104523
4,67104524
4,67104525
4,67104526
4,67104527
4,67104528
4,67104529
4,67107783
4,67107784
4,67107785
4,67107786
4,67107787
4,67107788
4,67107789
4,67107790
4,67107791
4,67107792
4,67107793
4,67107794
4,67107795
4,67107796
4,67107797
4,67107798
4,67107799
4,67107800
4,67107801
4,67107802
4,67107803
4,67107804
4,67107805
4,67107806
4,67107807
4,67107808
4,67107809
4,67107810
4,67107811
4,67107812
4,67107813
4,67107814
4,67107815
4,67107816
4,67107817
4,67107818
4,67107819
4,67107820
4,67107821
4,67107822
4,67107823
4,67107824
4,67107825
4,67107826
4,67107827
4,67107828
4,67107829
4,67107830
4,67107831
4,67107832
4,67107833
4,67107834
4,67107835
4,67107836
4,67107837
4,67107838
4,67107839
4,67107840
4,67107841
4,67107842
4,67107843
4,67107844
4,67107845
4,67107846
4,67107847
4,67107848
4,67107849
4,67107850
4,67107851
4,67107852
4,67107853
4,67107854
4,67107855
4,67107856
4,67107857
4,67107858
4,67107859
4,67107860
4,67107861
4,67107862
4,67107863
4,67107864
4,67107865
4,67107866
4,67107867
4,67107868
4,67107869
4,67107870
4,67107871
4,67107872
4,67107873
4,67107874
4,67107875
4,67107876
4,67107877
4,67107878
4,67107879
4,67107880
4,67107881
4,67107882
4,67107883
4,67107884
4,67107885
4,67107886
4,67107887
4,67107888
4,67107889
4,67107890
4,67107891
4,67107892
4,67107893
4,67107894
4,67107895
4,67107896
4,67107897
4,67107898
4,67107899
4,67107900
4,67107901
4,67107902
4,67107903
4,67107904
4,67107905
4,67107906
4,67107907
4,67107908
4,67107909
4,67107910
4,67107911
4,67107912
4,67107913
4,67107914
4,67107915
4,67107916
4,67107917
4,67107918
4,67107919
4,67107920
4,67107921
4,67107922
4,67107923
4,67107924
4,67107925
4,67107926
4,67107927
4,67107928
4,67107929
4,67107930
4,67107931
4,67107932
4,67107933
4,67107934
4,67107935
4,67107936
4,67107937
4,67107938
4,67107939
4,67107940
4,67107941
4,67107942
4,67107943
4,67107944
4,67107945
4,67107946
4,67107947
4,67107948
4,67107949
4,67107950
4,67107951
4,67107952
4,67107953
4,67107954
4,67107955
4,67107956
4,67107957
4,67107958
4,67107959
4,67107960
4,67107961
4,67107962
4,67107963
4,67107964
4,67107965
4,67107966
4,67107967
4,67107968
4,67107969
4,67107970
4,67107971
4,67107972
4,67107973
4,67107974
4,67107975
4,67107976
4,67107977
4,67107978
4,67107979
4,67107980
4,67107981
4,67107982
4,67107983
4,67107984
4,67107985
4,67107986
4,67107987
4,67107988
4,67107989
4,67107990
4,67107991
4,67107992
4,67107993
4,67107994
4,67107995
4,67107996
4,67107997
4,67107998
4,67107999
4,67108000
4,67108001
4,67108002
4,67108003
4,67108004
4,67108005
4,67108006
4,67108007
4,67108008
4,67108009
4,67108010
4,67108011
4,67108012
4,67108013
4,67108014
4,67108015
4,67108016
4,67108017
4,67108018
4,67108019
4,67108020
4,67108021
4,67108022
4,67108023
4,67108024
4,67108025
4,67108026
4,67108027
4,67108028
4,67108029
4,67108030
4,67108031
4,67108032
4,67108033
4,67108034
4,67108035
4,67108036
4,67108037
4,67108038
4,67108039
4,67108040
4,67108041
4,67108042
4,67108043
4,67108044
4,67108045
4,67108046
4,67108047
4,67108048
4,67108049
4,67108050
4,67108051
4,67108052
4,67108053
4,67108054
4,67108055
4,67108056
4,67108057
4,67108058
4,67108059
4,67108060
4,67108061
4,67108062
4,67108063
4,67108064
4,67108065
4,67108066
4,67108067
4,67108068
4,67108069
4,67108070
4,67108071
4,67108072
4,67108073
4,67108074
4,67108075
4,67108076
4,67108077
4,67108078
4,67108079
4,67108080
4,67108081
4,67108082
4,67108083
4,67108084
4,67108085
4,67108086
4,67108087
4,67108088
4,67108089
4,67108090
4,67108091
4,67108092
4,67108093
4,67108094
4,67108095
4,67108096
4,67108097
4,67108098
4,67108099
4,67108100
4,67108101
4,67108102
4,67108103
4,67108104
4,67108105
4,67108106
4,67108107
4,67108108
4,67108109
4,67108110
4,67108111
4,67108112
4,67108113
4,67108114
4,67108115
4,67108116
4,67108117
4,67108118
4,67108119
4,67108120
4,67108121
4,67108122
4,67108123
4,67108124
4,67108125
4,67108126
4,67108127
4,67108128
4,67108129
4,67108130
4,67108131
4,67108132
4,67108133
4,67108134
4,67108135
4,67108136
4,67108137
4,67108138
4,67108139
4,67108140
4,67108141
4,67108142
4,67108143
4,67108144
4,67108145
4,67108146
4,67108147
4,67108148
4,67108149
4,67108150
4,67108151
4,67108152
4,67108153
4,67108154
4,67108155
4,67108156
4,67108157
4,67108158
4,67108159
4,67108160
4,67108161
4,67108162
4,67108163
4,67108164
4,67108165
4,67108166
4,67108167
4,67108168
4,67108169
4,67108170
4,67108171
4,67108172
4,67108173
4,67108174
4,67108175
4,67108176
4,67108177
4,67108178
4,67108179
4,67108180
4,67108181
4,67108182
4,67108183
4,67108184
4,67108185
4,67108186
4,67108187
4,67108188
4,67108189
4,67108190
4,67108191
4,67108192
4,67108193
4,67108194
4,67108195
4,67108196
4,67108197
4,67108198
4,67108199
4,67108200
4,67108201
4,67108202
4,67108203
4,67108204
4,67108205
4,67108206
4,67108207
4,67108208
4,67108209
4,67108210
4,67108211
4,67108212
4,67108213
4,67108214
4,67108215
4,67108216
4,67108217
4,67108218
4,67108219
4,67108220
4,67108221
4,67108222
4,67108223
4,67108224
4,67108225
4,67108226
4,67108227
4,67108765
4,67108766
4,67108767
4,67108768
4,67108769
4,67108770
4,67108771
4,67108772
4,67108773
4,67108774
4,67108775
4,67108776
4,67108777
4,67108778
4,67108779
5,131251
5,131252
5,67104032
5,67104033
5,67104034
5,67104035
5,67104036
5,67104037
5,67104038
5,67104039
5,67104040
5,67104041
5,67104042
5,67104043
5,67104044
5,67104045
5,67104046
5,67104047
5,67104048
5,67104049
5,67104050
5,67104051
5,67104052
5,67104053
5,67104054
5,67104055
5,67104056
5,67104057
5,67104058
5,67104059
5,67104060
5,67104061
5,67104062
5,67104063
5,67104064
5,67104065
5,67104066
5,67104067
5,67104068
5,67104069
5,67104070
5,67104071
5,67104072
5,67104073
5,67104074
5,67104075
5,67104076
5,67104077
5,67104078
5,67104079
5,67104080
5,67104081
5,67104082
5,67104083
5,67104084
5,67104085
5,67104086
5,67104087
5,67104088
5,67104089
5,67104090
5,67104091
5,67104092
5,67104093
5,67104094
5,67104095
5,67104096
5,67104097
5,67104098
5,67104099
5,67104100
5,67104101
5,67104102
5,67104103
5,67104104
5,67104105
5,67104106
5,67104107
5,67104108
5,67104109
5,67104110
5,67104111
5,67104112
5,67104113
5,67104114
5,67104115
5,67104116
5,67104117
5,67104118
5,67104119
5,67104120
5,67104121
5,67104122
5,67104123
5,67104124
5,67104125
5,67104126
5,67104143
5,67104144
5,67104145
5,67104146
5,67104147
5,67104148
5,67104149
5,67104150
5,67104151
5,67104152
5,67104153
5,67104154
5,67104155
