902036450,67100679
902036450,67100680
902036450,67100681
902036450,67100682
902036450,67100683
902036450,67100684
902036450,67100685
902036450,67100686
902036450,67100687
902036450,67100688
902036450,67100689
902036450,67100690
902036450,67100691
902036450,67100692
902036450,67100693
902036450,67100694
902036450,67100695
902036450,67100696
902036450,67100697
902036450,67100698
902036450,67100699
902036450,67100700
902036450,67100701
902036450,67100702
902036450,67100703
902036450,67100704
902036450,67100705
902036450,67100706
902036450,67100707
902036450,67100708
902036450,67100709
902036450,67100710
902036450,67100711
902036450,67100712
902036450,67100713
902036450,67100714
902036450,67100715
902036450,67100716
902036450,67100717
902036450,67100718
902036450,67100719
902036450,67100720
902036450,67100721
902036450,67100722
902036450,67100723
902036450,67100724
902036450,67100725
902036450,67100726
902036450,67100727
902036450,67100728
902036450,67100729
902036450,67100730
902036450,67100731
902036450,67100732
902036450,67100733
902036450,67100734
902036450,67100735
902036450,67100736
902036450,67100737
902036450,67100738
902036450,67100739
902036450,67100740
902036450,67100741
902036450,67100742
902036450,67100743
902036450,67100744
902036450,67100745
902036450,67100746
902036450,67100747
902036450,67100748
902036450,67100766
902036450,67100770
902036450,67100772
902036450,67100780
902036450,67100782
902036450,67100792
902036450,67100797
902036450,67100798
902036450,67100800
902036450,67100804
902036450,67100810
902036450,67100811
902036450,67100822
902036450,67100823
902036450,67100825
902036450,67100833
902036450,67100834
902036450,67100845
902036450,67100847
902036450,67100848
902036450,67100853
902036450,67100857
902036450,67100871
902036450,67100872
902036450,67100878
902036450,67100880
902036450,67100881
902036450,67100885
902036450,67100886
902036450,67100887
902036450,67100888
902036450,67100890
902036450,67100892
902036450,67100893
902036450,67100895
902036450,67100896
902036450,67100897
902036450,67100904
902036450,67100907
902036450,67100909
902036450,67100911
902036450,67100912
902036450,67100924
902036450,67100925
902036450,67100932
902036450,67100942
902036450,67100961
902036450,67100962
902036450,67100981
902036450,67100983
902036450,67100996
902036450,67101004
902036450,67101005
902036450,67101006
902036450,67101007
902036450,67101016
902036450,67101028
902036450,67101038
27963129950,131245
27963129950,131246
27963129950,67101094
27963129950,67101100
27963129950,67101153
27963129950,67101172
27963129950,67101176
27963129950,67101188
27963129950,67101189
27963129950,67101191
27963129950,67101192
27963129950,67101193
27963129950,67101196
27963129950,67101200
27963129950,67101203
27963129950,67101215
27963129950,67101240
27963129950,67101259
27963129950,67101521
27963129950,67103013
27963129950,67103107
27963129950,67103598
27963129950,67103630
27963129950,67103860
27963129950,67104100
27963129950,67104153
27963129950,67104394
27963129950,67105559
27963129950,67105566
27963129950,67105568
27963129950,67105569
27963129950,67105572
27963129950,67105578
27963129950,67105579
27963129950,67105580
27963129950,67105582
27963129950,67105583
27963129950,67108490
