732856447,67104550
732856447,67104551
732856447,67104552
732856447,67104553
732856447,67104554
732856447,67104555
732856447,67104556
732856447,67104557
732856447,67104558
732856447,67104559
732856447,67104560
732856447,67104561
732856447,67104562
732856447,67104563
732856447,67104565
732856447,67104566
732856447,67104567
732856447,67104568
732856447,67104569
732856447,67104570
732856447,67104571
732856447,67104572
732856447,67104574
732856447,67104575
732856447,67104576
732856447,67104577
732856447,67104578
732856447,67104579
732856447,67104580
732856447,67104581
732856447,67104582
732856447,67104583
732856447,67104584
732856447,67104585
732856447,67104586
732856447,67104587
732856447,67104588
732856447,67104589
732856447,67104590
732856447,67104591
732856447,67104592
732856447,67104593
732856447,67104594
732856447,67104595
732856447,67104596
732856447,67104597
732856447,67104598
732856447,67104599
732856447,67104600
732856447,67104601
732856447,67104602
732856447,67104603
732856447,67104604
732856447,67104605
732856447,67104606
732856447,67104607
732856447,67104608
732856447,67104609
732856447,67104610
732856447,67104611
732856447,67104612
732856447,67104613
732856447,67104614
732856447,67104615
732856447,67104616
732856447,67104617
732856447,67104618
732856447,67104619
732856447,67104620
732856447,67104621
732856447,67104622
732856447,67104623
732856447,67104624
732856447,67104625
732856447,67104626
732856447,67104627
732856447,67104628
732856447,67104629
732856447,67104630
732856447,67104631
732856447,67104632
732856447,67104633
732856447,67104634
732856447,67104635
732856447,67104636
732856447,67104637
