827860087,67100693
827860087,67100694
827860087,67100698
827860087,67100700
827860087,67100709
827860087,67100710
827860087,67100711
827860087,67100713
827860087,67100715
827860087,67100716
827860087,67100735
827860087,67100736
827860087,67100737
827860087,67100751
827860087,67100752
827860087,67100753
827860087,67100755
827860087,67100756
827860087,67100757
827860087,67100758
827860087,67100759
827860087,67100760
827860087,67100761
827860087,67100762
827860087,67100763
827860087,67100764
827860087,67100765
827860087,67100766
827860087,67100767
827860087,67100768
827860087,67100770
827860087,67100771
827860087,67100772
827860087,67100773
827860087,67100774
827860087,67100775
827860087,67100776
827860087,67100777
827860087,67100779
827860087,67100780
827860087,67100782
827860087,67100783
827860087,67100784
827860087,67100785
827860087,67100786
827860087,67100787
827860087,67100788
827860087,67100789
827860087,67100790
827860087,67100791
827860087,67100793
827860087,67100794
827860087,67100795
827860087,67100797
827860087,67100798
827860087,67100799
827860087,67100800
827860087,67100801
827860087,67100802
827860087,67100803
827860087,67100804
827860087,67100805
827860087,67100806
827860087,67100807
827860087,67100808
827860087,67100809
827860087,67100810
827860087,67100811
827860087,67100812
827860087,67100813
827860087,67100814
827860087,67100815
827860087,67100816
827860087,67100817
827860087,67100818
827860087,67100819
827860087,67100820
827860087,67100821
827860087,67100822
827860087,67100823
827860087,67100824
827860087,67100825
827860087,67100826
827860087,67100827
827860087,67100830
827860087,67100831
827860087,67100832
827860087,67100833
827860087,67100834
827860087,67100835
827860087,67100837
827860087,67100839
827860087,67100840
827860087,67100841
827860087,67100842
827860087,67100843
827860087,67100844
827860087,67100846
827860087,67100847
827860087,67100848
827860087,67100849
827860087,67100850
827860087,67100851
827860087,67100852
827860087,67100853
827860087,67100854
827860087,67100855
827860087,67100856
827860087,67100857
827860087,67100858
827860087,67100859
827860087,67100860
827860087,67100861
827860087,67100862
827860087,67100863
827860087,67100864
827860087,67100865
827860087,67100866
827860087,67100867
827860087,67100868
827860087,67100869
827860087,67100870
827860087,67100871
827860087,67100872
827860087,67100873
827860087,67100874
827860087,67100921
827860087,67101026
25663662697,131245
25663662697,131246
25663662697,67100692
25663662697,67100695
25663662697,67100696
25663662697,67100697
25663662697,67100699
25663662697,67100701
25663662697,67100702
25663662697,67100703
25663662697,67100704
25663662697,67100705
25663662697,67100706
25663662697,67100707
25663662697,67100708
25663662697,67100712
25663662697,67100714
25663662697,67100717
25663662697,67100718
25663662697,67100719
25663662697,67100721
25663662697,67100722
25663662697,67100723
25663662697,67100724
25663662697,67100725
25663662697,67100726
25663662697,67100727
25663662697,67100728
25663662697,67100729
25663662697,67100730
25663662697,67100731
25663662697,67100732
25663662697,67100733
25663662697,67100734
25663662697,67100738
25663662697,67100739
25663662697,67100740
25663662697,67100741
25663662697,67100742
25663662697,67100743
25663662697,67100744
25663662697,67100745
25663662697,67100747
25663662697,67100778
25663662697,67100829
25663662697,67100884
25663662697,67100917
25663662697,67100922
25663662697,67100924
25663662697,67100925
25663662697,67100933
25663662697,67100934
25663662697,67100942
25663662697,67100945
25663662697,67100949
25663662697,67100951
25663662697,67100960
25663662697,67100971
25663662697,67100978
25663662697,67100984
25663662697,67100992
25663662697,67101011
25663662697,67101019
25663662697,67101032
25663662697,67101033
25663662697,67101034
25663662697,67101035
25663662697,67101038
25663662697,67101039
25663662697,67101040
25663662697,67101041
25663662697,67101758
25663662697,67101781
25663662697,67101792
25663662697,67101800
25663662697,67101819
25663662697,67101824
25663662697,67101863
25663662697,67101888
25663662697,67101896
25663662697,67101909
25663662697,67101924
25663662697,67101927
25663662697,67101947
25663662697,67101952
25663662697,67101956
25663662697,67101965
25663662697,67101984
25663662697,67101994
25663662697,67101995
25663662697,67102048
25663662697,67102056
25663662697,67102071
25663662697,67102101
25663662697,67102102
25663662697,67102125
25663662697,67102139
25663662697,67102145
25663662697,67102157
25663662697,67102158
25663662697,67102162
25663662697,67102185
25663662697,67102190
25663662697,67102195
25663662697,67102197
25663662697,67102218
25663662697,67108275
25663662697,67108474
25663662697,67108475
25663662697,67108476
25663662697,67108477
25663662697,67108479
25663662697,67108480
25663662697,67108481
25663662697,67108482
25663662697,67108483
25663662697,67108485
25663662697,67108486
25663662697,67108488
25663662697,67108489
25663662697,67108490
25663662697,67108491
25663662697,67108492
25663662697,67108494
25663662697,67108495
25663662697,67108496
25663662697,67108497
25663662697,67108787
